  0.1713   0.1857   0.1062   0.3336   0.0559  -0.1508
  0.1914   0.2060   0.1439   0.4173   0.0792  -0.1922
  0.1725   0.1960   0.1273   0.3688   0.0699  -0.1674
  0.1726   0.1918   0.1247   0.3810   0.0881  -0.1748
  0.1906   0.1804   0.1263   0.3134  -0.0136  -0.1569
  0.1779   0.1924   0.1239   0.3039  -0.0123  -0.1695
  0.1615   0.2025   0.1194   0.3310   0.0353  -0.1792
  0.1644   0.1874   0.1215   0.3112   0.0210  -0.1660
  0.1538   0.1904   0.1176   0.3103   0.0173  -0.1637
  0.1395   0.1768   0.0956   0.2954   0.0532  -0.1545
  0.1362   0.1683   0.0906   0.2920   0.0636  -0.1558
  0.1268   0.2201   0.0708   0.2846   0.0531  -0.1555
  0.1055   0.1976   0.0742   0.2440   0.0648  -0.1458
  0.1183   0.2163   0.0664   0.2402   0.0439  -0.1376
  0.1260   0.3076   0.0615   0.1467   0.0112  -0.0714
  0.1266   0.2269   0.0851   0.1918   0.0129  -0.1140
  0.1394   0.1706   0.0878   0.3006   0.0322  -0.1754
  0.1279   0.1632   0.0833   0.2457   0.0203  -0.1409
  0.1157   0.1730   0.0667   0.2371   0.0270  -0.1240
  0.1115   0.1723   0.0633   0.2350   0.0347  -0.1098
  0.1074   0.1770   0.0696   0.2266   0.0346  -0.0893
  0.1158   0.2060   0.0460   0.2595   0.0126  -0.1041
  0.1189   0.2221   0.0340   0.2574   0.0015  -0.1093
  0.0927   0.2297   0.0359   0.2264   0.0145  -0.1006
  0.0986   0.2300   0.0322   0.1720   0.0142  -0.0599
  0.0990   0.1728   0.0331   0.1397   0.0103  -0.0446
  0.0933   0.1532   0.0329   0.1885  -0.0029  -0.0660
  0.1004   0.1684   0.0507   0.2117   0.0136  -0.0573
  0.1164   0.1622   0.0788   0.1928   0.0382  -0.0371
  0.1146   0.1504   0.0714   0.2025   0.0375  -0.0436
  0.1036   0.1099   0.0609   0.1502   0.0266  -0.0236
  0.1027   0.1096   0.0470   0.1601   0.0311  -0.0292
  0.0988   0.1088   0.0559   0.1884   0.0269  -0.0261
  0.0827   0.0984   0.0398   0.1475   0.0309  -0.0140
  0.0878   0.1124   0.0324   0.1541   0.0345  -0.0242
  0.0930   0.1089   0.0497   0.2754   0.0043  -0.0864
  0.0700   0.0834   0.0478   0.2258   0.0268  -0.0583
  0.0775   0.0833   0.0443   0.1913   0.0041  -0.0536
  0.0779   0.0792   0.0507   0.1618   0.0222  -0.0380
  0.0733   0.0889   0.0439   0.1801   0.0093  -0.0535
  0.0689   0.0901   0.0541   0.1974   0.0148  -0.0461
  0.0667   0.0977   0.0553   0.1935   0.0182  -0.0492
  0.0653   0.0655   0.0532   0.2035   0.0148  -0.0447
  0.0527   0.0650   0.0402   0.2029   0.0138  -0.0512
  0.0647   0.0512   0.0464   0.2187   0.0011  -0.0604
  0.0632   0.0271   0.0504   0.2158  -0.0164  -0.0677
  0.0576   0.0421   0.0402   0.1566  -0.0004  -0.0471
  0.0553   0.0323   0.0474   0.1492  -0.0060  -0.0374
  0.0484   0.0218   0.0505   0.1182   0.0049  -0.0145
  0.0447   0.0132   0.0425   0.1647   0.0119  -0.0373
  0.0387   0.0053   0.0401   0.1493   0.0146  -0.0267
  0.0322  -0.0111   0.0420   0.1165   0.0048  -0.0133
  0.0307   0.0019   0.0418   0.1474   0.0064  -0.0206
  0.0207  -0.0033   0.0315   0.1540   0.0067  -0.0245
  0.0301  -0.0136   0.0319   0.1620   0.0114  -0.0212
  0.0218  -0.0161   0.0369   0.1628   0.0042  -0.0115
  0.0134  -0.0418   0.0443   0.1584  -0.0000   0.0002
  0.0097  -0.0462   0.0186   0.1567  -0.0139  -0.0094
  0.0056  -0.0230   0.0205   0.0941  -0.0093   0.0224
  0.0294  -0.0477   0.0203   0.1095  -0.0074   0.0045
  0.0148  -0.0497   0.0072   0.0895   0.0125   0.0236
  0.0143  -0.0424   0.0009   0.0725   0.0080   0.0074
  0.0084  -0.0370   0.0113   0.0699   0.0209   0.0284
  0.0031  -0.0188   0.0037   0.0698  -0.0032   0.0116
 -0.0076  -0.0144   0.0026   0.0694   0.0503   0.0444
  0.0214   0.0469  -0.0492   0.0266   0.0144  -0.0187
  0.0169   0.0389  -0.0355  -0.0098   0.0338  -0.0042
  0.0098   0.1465  -0.0487  -0.0210  -0.0101  -0.1148
  0.1004   0.5037  -0.0960  -0.1139  -0.0360  -0.2039
  0.0747   0.2898  -0.0351  -0.0942   0.0296  -0.0816
  0.0423   0.2438  -0.0453  -0.0769  -0.0280  -0.1231
  0.0389   0.1004  -0.0241   0.0268  -0.0148  -0.0929
  0.0105   0.2484  -0.0200   0.0029  -0.0409  -0.1993
  0.0405   0.4011  -0.0474  -0.1034  -0.0282  -0.1707
  0.0742   0.4794  -0.0946  -0.5249   0.0533   0.0323
  0.0759   0.3827  -0.0619  -0.3985   0.0028   0.0073
  0.0513   0.3316  -0.0723  -0.3584   0.0174  -0.0086
  0.0407   0.2827  -0.0746  -0.4132  -0.0069   0.0158
  0.0452   0.2285  -0.0423  -0.1578  -0.0416  -0.0623
  0.0323   0.2075  -0.0513  -0.1917  -0.0289  -0.0460
  0.0138   0.2006  -0.0564  -0.1765  -0.0264  -0.0518
  0.0083   0.2038  -0.0528  -0.1816  -0.0177  -0.0357
  0.0109   0.1863  -0.0449  -0.1615  -0.0189  -0.0332
  0.0033   0.1818  -0.0483  -0.1847  -0.0192  -0.0093
  0.0045   0.1685  -0.0529  -0.1877  -0.0154  -0.0035
  0.0067   0.1701  -0.0449  -0.1810  -0.0160  -0.0089
  0.0144   0.1587  -0.0448  -0.1788  -0.0002  -0.0156
  0.0083   0.1490  -0.0404  -0.1905  -0.0069  -0.0003
  0.0022   0.1505  -0.0445  -0.1704  -0.0098  -0.0130
  0.0021   0.1393  -0.0382  -0.1614  -0.0048  -0.0102
 -0.0030   0.1318  -0.0356  -0.1411  -0.0031  -0.0143
 -0.0091   0.1527  -0.0485  -0.1792  -0.0017  -0.0097
 -0.0015   0.1393  -0.0492  -0.1886  -0.0013   0.0101
 -0.0060   0.1299  -0.0504  -0.1959   0.0000   0.0034
  0.0305  -0.0073   0.0047  -0.0978   0.0150   0.0043
  0.0206  -0.0262  -0.0020  -0.0930   0.0205   0.0097
  0.0275  -0.0385   0.0082  -0.0921   0.0110   0.0198
  0.0274  -0.0377  -0.0013  -0.1056   0.0137   0.0332
  0.0188  -0.0161   0.0006  -0.1423   0.0124   0.0172
  0.0176  -0.0370  -0.0018  -0.1214   0.0309   0.0516
 -0.0114  -0.0395  -0.0150  -0.1214   0.0013   0.0446
 -0.0048  -0.0302  -0.0025  -0.1089   0.0122   0.0506
 -0.0225  -0.0567  -0.0024  -0.0952   0.0082   0.0501
 -0.0222  -0.0922  -0.0109  -0.1038  -0.0067   0.0683
 -0.0201  -0.0618  -0.0024  -0.0960   0.0012   0.0567
 -0.0231  -0.0644   0.0002  -0.0840  -0.0128   0.0563
 -0.0309  -0.0830   0.0030  -0.0585   0.0137   0.0436
 -0.0209  -0.1195   0.0043  -0.0588  -0.0088   0.0499
 -0.0298  -0.1223  -0.0010  -0.0380   0.0034   0.0401
 -0.0232  -0.1218   0.0074  -0.0377   0.0020   0.0343
 -0.0469  -0.1329   0.0107  -0.0160  -0.0110   0.0294
 -0.0484  -0.1273   0.0045  -0.0506  -0.0062   0.0548
 -0.0445  -0.1277  -0.0095  -0.0489  -0.0210   0.0549
 -0.0531  -0.1227   0.0005  -0.0511  -0.0063   0.0605
 -0.0556  -0.1265  -0.0225  -0.0674  -0.0165   0.0595
 -0.0652  -0.1162  -0.0208  -0.0717  -0.0159   0.0723
 -0.0642  -0.1222  -0.0075  -0.0598  -0.0106   0.0697
 -0.0712  -0.1333  -0.0167  -0.0889   0.0027   0.0748
 -0.0687  -0.1235  -0.0135  -0.0842  -0.0210   0.0602
 -0.0755  -0.1282  -0.0318  -0.1095   0.0329   0.0759
 -0.0694  -0.1227  -0.0301  -0.0894   0.0243   0.0755
 -0.0758  -0.1110  -0.0397  -0.0806   0.0145   0.0840
 -0.0702  -0.1007  -0.0475  -0.0827   0.0222   0.0748
 -0.0775  -0.1359  -0.0320  -0.0784   0.0130   0.0786
 -0.0827  -0.1442  -0.0386  -0.0862   0.0173   0.0935
 -0.0845  -0.1576  -0.0371  -0.0717   0.0172   0.0945
 -0.0867  -0.1595  -0.0315  -0.0791   0.0171   0.1004
 -0.0874  -0.1661  -0.0335  -0.1018   0.0021   0.0996
 -0.0813  -0.1745  -0.0449  -0.1159   0.0042   0.1015
 -0.0802  -0.1781  -0.0356  -0.1176  -0.0066   0.1065
 -0.0796  -0.1819  -0.0377  -0.1383   0.0006   0.1085
 -0.0746  -0.1936  -0.0329  -0.1391  -0.0016   0.1146
 -0.0859  -0.2029  -0.0269  -0.1231  -0.0107   0.1090
 -0.0860  -0.2306  -0.0048  -0.1229  -0.0127   0.1199
 -0.0922  -0.2321  -0.0150  -0.1288  -0.0168   0.1156
 -0.0935  -0.2234  -0.0315  -0.1268  -0.0108   0.1169
 -0.0927  -0.2227  -0.0265  -0.1161  -0.0042   0.1203
 -0.0996  -0.2170  -0.0278  -0.1185  -0.0000   0.1318
 -0.0904  -0.2413  -0.0139  -0.0870  -0.0272   0.1161
 -0.0947  -0.2453  -0.0121  -0.0667  -0.0246   0.0950
 -0.0936  -0.2436  -0.0091  -0.0690  -0.0303   0.0989
 -0.0953  -0.2373  -0.0156  -0.0843  -0.0220   0.1073
 -0.1033  -0.2375  -0.0130  -0.1041  -0.0051   0.1199
 -0.1067  -0.2324  -0.0107  -0.0979  -0.0160   0.1179
 -0.1050  -0.2326  -0.0205  -0.1046  -0.0096   0.1093
 -0.1152  -0.2428  -0.0172  -0.0976  -0.0104   0.1091
 -0.1118  -0.2356  -0.0146  -0.1203  -0.0070   0.1158
 -0.1187  -0.2275  -0.0086  -0.1135  -0.0025   0.1243
 -0.1197  -0.2346  -0.0170  -0.1140  -0.0175   0.1113
 -0.1266  -0.2479  -0.0243  -0.0890  -0.0095   0.0954
 -0.1227  -0.2456  -0.0149  -0.1079  -0.0072   0.1100
 -0.1263  -0.2578  -0.0202  -0.1129  -0.0030   0.1157
 -0.1263  -0.2562  -0.0160  -0.0956   0.0043   0.1071
 -0.1034  -0.2782  -0.0021  -0.0588  -0.0076   0.0823
 -0.1222  -0.2602  -0.0112  -0.0783  -0.0016   0.0955
 -0.1189  -0.2623  -0.0140  -0.0934  -0.0049   0.1004
 -0.1022  -0.2611  -0.0168  -0.0716  -0.0057   0.1254
 -0.0637  -0.2744   0.0132  -0.0614  -0.0784   0.1327
 -0.0900  -0.2122  -0.0001  -0.1089  -0.0602   0.1003
 -0.0993  -0.2530  -0.0237  -0.1200  -0.0509   0.1164
 -0.0897  -0.2376  -0.0294  -0.0981  -0.0350   0.1052
 -0.0963  -0.2482  -0.0474  -0.0841   0.0427   0.1465
 -0.1256  -0.1972  -0.0405  -0.1121  -0.0120   0.0513
 -0.0925   0.0017  -0.0871  -0.1234  -0.0678  -0.1408
 -0.0689   0.1045  -0.1244  -0.1809  -0.0706  -0.1325
 -0.0703   0.0170  -0.1093  -0.1657  -0.0891  -0.1064
 -0.1079  -0.0340  -0.0985  -0.1429  -0.0825  -0.0638
 -0.1072  -0.0646  -0.0967  -0.1666  -0.0871  -0.0396
 -0.1142  -0.0817  -0.0919  -0.1479  -0.0778  -0.0214
 -0.1231  -0.0982  -0.0939  -0.1469  -0.0781  -0.0138
 -0.1175  -0.0873  -0.0910  -0.1514  -0.0518   0.0104
 -0.1044  -0.1436  -0.0749  -0.1395  -0.0348   0.0763
 -0.1261  -0.1745  -0.0806  -0.1531  -0.0411   0.0840
 -0.1355  -0.1617  -0.0951  -0.1612  -0.0366   0.0722
 -0.1393  -0.2017  -0.0790  -0.1494  -0.0508   0.0783
 -0.1293  -0.1899  -0.0708  -0.1407  -0.0287   0.0699
