  0.1294  -0.0325   0.0082   0.1594  -0.0436   0.0004
  0.1475  -0.0524  -0.0030   0.1872  -0.0732   0.0058
  0.1233  -0.0498   0.0110   0.1655  -0.0541   0.0094
  0.1060   0.0228  -0.0022   0.1611  -0.0340   0.0037
  0.1286   0.0344   0.0148   0.1248  -0.0582   0.0171
  0.1337   0.0111   0.0112   0.1270  -0.0423   0.0093
  0.1304   0.0158   0.0038   0.1284  -0.0478   0.0131
  0.1246   0.0195   0.0049   0.1467  -0.0391  -0.0075
  0.1236  -0.0049   0.0020   0.1560  -0.0515  -0.0000
  0.1255  -0.0037   0.0038   0.1502  -0.0513  -0.0037
  0.1301  -0.0175  -0.0036   0.1399  -0.0630   0.0066
  0.1324  -0.0020  -0.0037   0.1353  -0.0546   0.0074
  0.1072  -0.0164  -0.0144   0.1370  -0.0294   0.0053
  0.1170  -0.0187  -0.0003   0.1165  -0.0358   0.0154
  0.1051  -0.0191  -0.0114   0.1135  -0.0285   0.0033
  0.1108  -0.0161  -0.0090   0.1088  -0.0321   0.0039
  0.1099  -0.0138  -0.0193   0.1159  -0.0351  -0.0025
  0.0952  -0.0114  -0.0119   0.1171  -0.0333   0.0017
  0.0970  -0.0048  -0.0086   0.1182  -0.0331  -0.0032
  0.1015  -0.0132  -0.0057   0.1017  -0.0318  -0.0061
  0.1127  -0.0056   0.0043   0.1225  -0.0422  -0.0047
  0.1112  -0.0081   0.0128   0.1165  -0.0410   0.0044
  0.0975  -0.0100   0.0076   0.1233  -0.0318   0.0004
  0.0979  -0.0078   0.0047   0.1274  -0.0318   0.0016
  0.0966  -0.0014   0.0025   0.1416  -0.0373  -0.0013
  0.1008  -0.0094   0.0013   0.1394  -0.0353  -0.0024
  0.0951  -0.0033   0.0058   0.1294  -0.0290   0.0013
  0.0901  -0.0197   0.0093   0.1133  -0.0309   0.0058
  0.0898  -0.0128   0.0107   0.0979  -0.0261   0.0040
  0.0858  -0.0205   0.0046   0.0937  -0.0223   0.0109
  0.0852  -0.0080   0.0176   0.0815  -0.0205   0.0095
  0.0818  -0.0053   0.0159   0.1068  -0.0171   0.0047
  0.0783  -0.0107   0.0035   0.0900  -0.0078   0.0116
  0.0767  -0.0004  -0.0005   0.1057  -0.0167   0.0014
  0.0811  -0.0018   0.0026   0.1053  -0.0149  -0.0053
  0.0817   0.0038   0.0086   0.1044  -0.0113  -0.0007
  0.0877  -0.0001   0.0022   0.1167  -0.0138  -0.0103
  0.0883  -0.0073   0.0078   0.1117  -0.0159  -0.0058
  0.0864  -0.0047   0.0057   0.1092  -0.0125  -0.0118
  0.0847  -0.0106   0.0089   0.1077  -0.0084   0.0053
  0.0851  -0.0059   0.0029   0.0923  -0.0037   0.0010
  0.0848  -0.0202   0.0079   0.0798  -0.0188   0.0182
  0.0815  -0.0137   0.0090   0.0729  -0.0163   0.0149
  0.0830  -0.0056  -0.0010   0.0817  -0.0158   0.0091
  0.0720  -0.0103  -0.0010   0.0798   0.0178   0.0103
  0.0688  -0.0064   0.0033   0.0822   0.0150   0.0110
  0.0746  -0.0028   0.0100   0.0773   0.0009   0.0090
  0.0718  -0.0034   0.0117   0.0776  -0.0062  -0.0004
  0.0741  -0.0023   0.0105   0.0765  -0.0152   0.0120
  0.0685  -0.0101   0.0074   0.0778  -0.0094   0.0172
  0.0769   0.0108  -0.0215   0.0773  -0.0039  -0.0072
  0.0661   0.0110  -0.0048   0.0278   0.0019   0.0132
  0.0558   0.0262  -0.0068   0.0491   0.0223   0.0087
  0.0540   0.0077   0.0114   0.0740   0.0027   0.0014
  0.0501   0.0259   0.0022   0.0331   0.0092   0.0035
  0.0480   0.0209   0.0027   0.0411   0.0050   0.0027
  0.0409   0.0144  -0.0064   0.0509   0.0053  -0.0018
  0.0334   0.0144  -0.0012   0.0399  -0.0024   0.0084
  0.0300   0.0168   0.0018   0.0317  -0.0077  -0.0118
  0.0289   0.0105   0.0029   0.0386   0.0036  -0.0009
  0.0346   0.0084   0.0022   0.0334  -0.0014  -0.0073
  0.0294   0.0106  -0.0129   0.0444  -0.0074  -0.0005
  0.0243  -0.0079  -0.0079   0.0394   0.0016  -0.0034
  0.0287  -0.0044  -0.0060   0.0468  -0.0088   0.0036
  0.0184  -0.0043  -0.0203   0.0476  -0.0050  -0.0019
  0.0142  -0.0057  -0.0201   0.0444   0.0031   0.0031
  0.0114  -0.0112  -0.0131   0.0486  -0.0088   0.0029
  0.0066  -0.0057  -0.0215   0.0392  -0.0012  -0.0085
  0.0033  -0.0081  -0.0128   0.0310  -0.0102  -0.0097
  0.0041  -0.0086  -0.0080   0.0299  -0.0041  -0.0061
 -0.0070  -0.0190  -0.0029   0.0347  -0.0184  -0.0126
 -0.0084  -0.0319   0.0036   0.0160  -0.0096  -0.0001
 -0.0044  -0.0108  -0.0056   0.0168  -0.0092   0.0025
 -0.0019  -0.0229  -0.0034   0.0196  -0.0129  -0.0030
 -0.0001  -0.0126   0.0015   0.0214  -0.0122   0.0029
 -0.0029  -0.0188   0.0030   0.0269  -0.0136   0.0030
 -0.0051  -0.0085   0.0108   0.0267  -0.0126   0.0013
 -0.0057  -0.0174   0.0005   0.0245  -0.0108  -0.0006
 -0.0095  -0.0104   0.0033   0.0114   0.0036  -0.0005
 -0.0078  -0.0178   0.0050   0.0274  -0.0060  -0.0033
 -0.0101  -0.0039   0.0036   0.0188  -0.0027  -0.0038
 -0.0162  -0.0105  -0.0062   0.0221   0.0020  -0.0086
 -0.0107  -0.0029  -0.0033   0.0176  -0.0160  -0.0101
 -0.0173  -0.0099  -0.0043   0.0082  -0.0118  -0.0065
 -0.0190  -0.0087   0.0001   0.0066  -0.0114  -0.0045
 -0.0327  -0.0145  -0.0005   0.0052   0.0037   0.0054
 -0.0133  -0.0077   0.0114  -0.0075  -0.0141   0.0072
 -0.0240   0.0043   0.0063  -0.0213   0.0198   0.0132
 -0.0225  -0.0079   0.0060  -0.0040   0.0015   0.0099
 -0.0178  -0.0063  -0.0075  -0.0024  -0.0158   0.0145
 -0.0223  -0.0058   0.0040  -0.0081   0.0002   0.0077
 -0.0209  -0.0056  -0.0026   0.0106  -0.0060   0.0090
 -0.0166  -0.0045  -0.0024   0.0097  -0.0113  -0.0050
 -0.0250  -0.0067  -0.0015   0.0165  -0.0008  -0.0073
 -0.0214  -0.0042  -0.0039   0.0232   0.0011  -0.0158
 -0.0243  -0.0200  -0.0054   0.0047  -0.0013  -0.0062
 -0.0227  -0.0041  -0.0073  -0.0060  -0.0061  -0.0056
 -0.0197  -0.0206  -0.0040  -0.0068  -0.0128  -0.0113
 -0.0196  -0.0092  -0.0061  -0.0235  -0.0060   0.0033
 -0.0352  -0.0117  -0.0033  -0.0181   0.0063  -0.0116
 -0.0112   0.0166  -0.0040   0.0091  -0.0029  -0.0021
 -0.0029   0.0835  -0.0027  -0.0717   0.0128  -0.0022
 -0.0278   0.0290   0.0027  -0.0568   0.0225   0.0032
 -0.0218   0.0058  -0.0054  -0.0409   0.0247   0.0037
 -0.0218   0.0056   0.0017  -0.0296   0.0178  -0.0040
 -0.0271   0.0009   0.0010  -0.0196   0.0333  -0.0086
 -0.0405   0.0076  -0.0003  -0.0270   0.0256   0.0028
 -0.0379   0.0099  -0.0115  -0.0171   0.0221  -0.0091
 -0.0416   0.0047  -0.0025  -0.0209   0.0153   0.0026
 -0.0380  -0.0014  -0.0060  -0.0316   0.0135  -0.0099
 -0.0401  -0.0081   0.0105  -0.0376   0.0103   0.0093
 -0.0449  -0.0017   0.0052  -0.0489   0.0138  -0.0022
 -0.0489  -0.0030   0.0086  -0.0458   0.0191   0.0055
 -0.0580  -0.0085   0.0048  -0.0496   0.0347  -0.0089
 -0.0530  -0.0053   0.0223  -0.0642   0.0217   0.0134
 -0.0339  -0.0083   0.0250  -0.0530   0.0063   0.0012
 -0.0437  -0.0092   0.0164  -0.0400   0.0006   0.0063
 -0.0409  -0.0081   0.0081  -0.0522   0.0217  -0.0060
 -0.0452   0.0015   0.0136  -0.0459   0.0289   0.0089
 -0.0433  -0.0014   0.0113  -0.0524   0.0314  -0.0065
 -0.0344  -0.0028   0.0147  -0.0496   0.0155   0.0023
 -0.0459  -0.0067   0.0091  -0.0564   0.0245  -0.0052
 -0.0459  -0.0069   0.0140  -0.0422   0.0196  -0.0059
 -0.0540  -0.0139   0.0086  -0.0664   0.0332  -0.0124
 -0.0493  -0.0155   0.0127  -0.0562   0.0239  -0.0093
 -0.0514  -0.0176   0.0093  -0.0713   0.0243  -0.0120
 -0.0523  -0.0183   0.0077  -0.0590   0.0190  -0.0079
 -0.0573  -0.0280   0.0093  -0.0706   0.0255  -0.0043
 -0.0515  -0.0162   0.0079  -0.0757   0.0151  -0.0031
 -0.0630  -0.0191   0.0062  -0.0920   0.0189  -0.0076
 -0.0571  -0.0106  -0.0058  -0.0775   0.0232  -0.0141
 -0.0612  -0.0148   0.0006  -0.0862   0.0172  -0.0098
 -0.0642  -0.0136  -0.0026  -0.0792   0.0220  -0.0132
 -0.0646  -0.0106   0.0026  -0.0909   0.0195  -0.0179
 -0.0664  -0.0165   0.0026  -0.0872   0.0208  -0.0135
 -0.0718  -0.0117   0.0173  -0.0994   0.0280   0.0008
 -0.0802  -0.0008   0.0074  -0.0860   0.0289  -0.0080
 -0.0722  -0.0079   0.0201  -0.0984   0.0195   0.0040
 -0.0699  -0.0037   0.0140  -0.0832   0.0262  -0.0110
 -0.0677  -0.0154   0.0281  -0.0905   0.0243   0.0086
 -0.0683   0.0041   0.0063  -0.0835   0.0273  -0.0022
 -0.0705  -0.0001   0.0142  -0.0978   0.0208   0.0079
 -0.0798  -0.0027   0.0049  -0.0991   0.0256  -0.0029
 -0.0774  -0.0024   0.0120  -0.1024   0.0251   0.0086
 -0.0711   0.0171   0.0038  -0.0975  -0.0020  -0.0094
 -0.0561  -0.0097   0.0219  -0.1076  -0.0191   0.0105
 -0.0670   0.0079  -0.0082  -0.0909   0.0117  -0.0069
 -0.0865  -0.0068   0.0046  -0.0798   0.0199   0.0000
 -0.0883   0.0102  -0.0035  -0.1096   0.0295  -0.0031
 -0.0908   0.0279   0.0059  -0.0804   0.0185  -0.0091
 -0.0977   0.0024   0.0028  -0.0785   0.0413  -0.0113
 -0.0919   0.0166  -0.0036  -0.0827   0.0191   0.0039
 -0.0870   0.0042   0.0018  -0.0961   0.0307  -0.0042
 -0.0826   0.0022   0.0012  -0.1008   0.0266   0.0072
 -0.0794  -0.0037   0.0040  -0.0970   0.0294  -0.0064
 -0.0731   0.0058   0.0011  -0.1059   0.0094  -0.0058
 -0.0912  -0.0082  -0.0099  -0.1357   0.0326   0.0145
 -0.0888   0.0064  -0.0046  -0.1385   0.0311   0.0003
 -0.0730   0.0002  -0.0152  -0.1288   0.0089   0.0074
 -0.0823  -0.0085   0.0080  -0.1272   0.0234   0.0146
 -0.0933  -0.0094   0.0028  -0.1313   0.0408   0.0018
 -0.0875  -0.0013   0.0110  -0.1417   0.0057   0.0093
 -0.0824  -0.0050   0.0063  -0.1380   0.0137   0.0132
 -0.1077   0.0280   0.0005  -0.1379   0.0192   0.0038
 -0.0946   0.1018  -0.0117  -0.1526   0.0200  -0.0166
 -0.0722   0.1251  -0.0452  -0.1346   0.0391  -0.0268
 -0.0831   0.0924  -0.0273  -0.1668   0.0188   0.0019
 -0.0820   0.0785  -0.0450  -0.1292   0.0299  -0.0115
 -0.0979   0.0485  -0.0173  -0.1432   0.0274   0.0032
 -0.0994   0.0553  -0.0359  -0.1345   0.0388  -0.0074
 -0.1080   0.0428  -0.0325  -0.1252   0.0264  -0.0099
 -0.1068   0.0382  -0.0266  -0.1488   0.0097  -0.0021
 -0.1153   0.0185  -0.0257  -0.1529   0.0155  -0.0061
 -0.1068   0.0376  -0.0307  -0.1864   0.0100  -0.0086
 -0.1175   0.0256  -0.0200  -0.2020   0.0064  -0.0007
 -0.1120   0.0268  -0.0347  -0.1913   0.0009   0.0118
