  0.1268   0.6064   0.1647  -0.3217   0.0958  -0.0257
  0.1528   0.7030   0.1451  -0.2977   0.1022  -0.0723
  0.1299   0.6446   0.1592  -0.2752   0.0887  -0.0682
  0.1323   0.6543   0.1478  -0.2768   0.0903  -0.0684
  0.1161   0.6107   0.1567  -0.2684   0.0795  -0.0585
  0.1219   0.5848   0.1698  -0.2537   0.0767  -0.0531
  0.1200   0.4990   0.1915  -0.2393   0.0600  -0.0234
  0.1190   0.4822   0.1860  -0.2340   0.0797  -0.0265
  0.1280   0.5223   0.1804  -0.2545   0.0831  -0.0273
  0.1143   0.5032   0.1624  -0.2266   0.0863  -0.0460
  0.1116   0.4921   0.1712  -0.2348   0.0753  -0.0529
  0.1007   0.4839   0.1656  -0.1920   0.0798  -0.0638
  0.0992   0.4883   0.1609  -0.2044   0.0621  -0.0472
  0.1081   0.4572   0.1604  -0.2014   0.0745  -0.0479
  0.1035   0.4404   0.1609  -0.1953   0.0708  -0.0515
  0.0935   0.4262   0.1666  -0.1759   0.0689  -0.0421
  0.0743   0.4251   0.1883  -0.1900   0.0693  -0.0224
  0.0786   0.3968   0.1930  -0.1922   0.0506  -0.0194
  0.0834   0.3964   0.2012  -0.1989   0.0323  -0.0035
  0.0913   0.4174   0.1870  -0.1972   0.0634  -0.0096
  0.0882   0.4154   0.1765  -0.1905   0.0465  -0.0170
  0.0757   0.4141   0.1805  -0.1946   0.0404  -0.0341
  0.0800   0.4171   0.1743  -0.1817   0.0354  -0.0211
  0.0861   0.4097   0.1744  -0.1961   0.0446  -0.0134
  0.0725   0.3948   0.1762  -0.1897   0.0284  -0.0160
  0.0552   0.3675   0.1681  -0.1817   0.0320  -0.0347
  0.0579   0.3619   0.1744  -0.1783   0.0247  -0.0135
  0.0546   0.3666   0.1746  -0.1899   0.0287   0.0010
  0.0513   0.3516   0.1742  -0.2088   0.0117   0.0003
  0.1257   0.2954   0.1000  -0.2307   0.1006   0.0235
  0.1422   0.3758   0.1443  -0.2674   0.0738   0.0429
  0.1145   0.3468   0.1280  -0.2691   0.0563   0.0300
  0.1221   0.3628   0.1185  -0.2466   0.0524   0.0263
  0.1027   0.2983   0.1226  -0.2145   0.0494   0.0254
  0.0977   0.2797   0.1169  -0.1887   0.0557   0.0189
  0.0980   0.2909   0.1254  -0.1934   0.0359   0.0271
  0.0855   0.2822   0.0993  -0.2052   0.0338   0.0182
  0.0852   0.2940   0.1138  -0.2283   0.0326   0.0413
  0.0923   0.3076   0.0995  -0.2314   0.0484   0.0526
  0.0825   0.2944   0.1039  -0.2351   0.0263   0.0385
  0.0688   0.2749   0.1080  -0.2256   0.0296   0.0374
  0.0769   0.2730   0.1059  -0.2082   0.0401   0.0358
  0.0709   0.2760   0.0982  -0.2290   0.0414   0.0362
  0.0751   0.2691   0.0932  -0.2237   0.0376   0.0204
  0.0768   0.2726   0.1094  -0.2202   0.0279   0.0359
  0.0676   0.2761   0.0989  -0.2054   0.0268   0.0340
  0.0608   0.2616   0.1029  -0.2034   0.0218   0.0263
  0.0530   0.2513   0.0950  -0.2129   0.0241   0.0323
  0.0585   0.2558   0.1036  -0.2002   0.0124   0.0397
  0.0486   0.2242   0.0904  -0.1935   0.0201   0.0396
  0.0483   0.2029   0.0876  -0.1907   0.0211   0.0335
  0.0454   0.1789   0.0911  -0.1790   0.0211   0.0565
  0.0304   0.1827   0.0913  -0.2208   0.0034   0.0530
  0.0299   0.2027   0.0898  -0.2283   0.0039   0.0489
  0.0412   0.2179   0.0874  -0.2189   0.0191   0.0657
  0.0385   0.1999   0.0742  -0.1909   0.0170   0.0494
  0.0379   0.1595   0.0773  -0.1621   0.0188   0.0462
  0.0345   0.1544   0.0647  -0.1463   0.0190   0.0538
  0.0219   0.1661   0.0582  -0.1662   0.0205   0.0426
  0.0189   0.1415   0.0506  -0.1645   0.0212   0.0345
  0.0025   0.1422   0.0455  -0.1707   0.0192   0.0351
  0.0047   0.1508   0.0423  -0.1612   0.0185   0.0376
  0.0125   0.1416   0.0449  -0.1670   0.0120   0.0082
  0.0065   0.1309   0.0523  -0.1494   0.0113   0.0210
  0.0039   0.1314   0.0504  -0.1351   0.0011   0.0394
  0.0050   0.1280   0.0486  -0.1395   0.0007   0.0196
 -0.0051   0.1243   0.0504  -0.1305  -0.0068   0.0307
  0.0020   0.1289   0.0413  -0.1131   0.0060   0.0311
  0.0058   0.1201   0.0434  -0.1122   0.0005   0.0138
  0.0067   0.1176   0.0573  -0.0999  -0.0055   0.0165
  0.0113   0.1278   0.0532  -0.1117   0.0037   0.0187
  0.0098   0.1168   0.0516  -0.1254  -0.0046   0.0114
  0.0150   0.1311   0.0622  -0.1245  -0.0049   0.0229
  0.0110   0.1205   0.0627  -0.1123  -0.0078   0.0147
  0.0112   0.1123   0.0617  -0.1071  -0.0104   0.0104
  0.0124   0.1207   0.0521  -0.0760  -0.0056   0.0085
  0.0098   0.1103   0.0545  -0.0949  -0.0022  -0.0103
  0.0022   0.1097   0.0739  -0.0959  -0.0050  -0.0034
  0.0037   0.1112   0.0743  -0.0914  -0.0106   0.0099
 -0.0023   0.1061   0.0591  -0.1130  -0.0144   0.0035
  0.0053   0.1049   0.0678  -0.1065  -0.0259   0.0147
  0.0055   0.1056   0.0608  -0.0866  -0.0028   0.0241
  0.0045   0.0861   0.0681  -0.1000  -0.0198   0.0039
 -0.0095   0.0919   0.0680  -0.0890   0.0060   0.0124
 -0.0008   0.0813   0.0678  -0.0839  -0.0032   0.0212
 -0.0072   0.0869   0.0650  -0.1005   0.0045   0.0089
 -0.0084   0.0682   0.0648  -0.0647  -0.0090   0.0240
 -0.0102   0.0841   0.0540  -0.0616  -0.0020   0.0363
 -0.0249   0.0757   0.0426  -0.0586  -0.0177   0.0184
 -0.0276   0.0616   0.0458  -0.0569  -0.0156   0.0363
 -0.0205   0.0666   0.0355  -0.0468  -0.0066   0.0237
 -0.0069   0.0208   0.0313  -0.0425  -0.0059   0.0116
 -0.0085   0.0192   0.0329  -0.0336  -0.0013   0.0201
 -0.0040   0.0257   0.0361  -0.0382  -0.0022   0.0227
 -0.0090  -0.0429   0.0087  -0.0222   0.0107   0.0041
 -0.0272  -0.0707   0.0200  -0.0201   0.0075   0.0176
 -0.0237  -0.0736   0.0047   0.0011   0.0139   0.0275
 -0.0353  -0.1219   0.0004  -0.0008  -0.0156   0.0199
 -0.0570  -0.1860  -0.0228   0.0279  -0.0079   0.0276
 -0.0759  -0.1942  -0.0111   0.0306  -0.0248   0.0487
 -0.0751  -0.1914  -0.0044   0.0203  -0.0290   0.0536
 -0.0741  -0.1998  -0.0104  -0.0007  -0.0377   0.0484
 -0.0666  -0.1778  -0.0128   0.0174  -0.0222   0.0674
 -0.0746  -0.1914  -0.0173   0.0299  -0.0376   0.0659
 -0.0762  -0.1838  -0.0241   0.0505  -0.0317   0.0649
 -0.0779  -0.1885  -0.0387   0.0751  -0.0372   0.0672
 -0.0852  -0.1993  -0.0476   0.0749  -0.0259   0.0299
 -0.0861  -0.2330  -0.0612   0.0857  -0.0375   0.0344
 -0.0928  -0.2544  -0.0713   0.0914  -0.0313   0.0556
 -0.1105  -0.2768  -0.0719   0.0912  -0.0644   0.0314
 -0.1220  -0.2785  -0.0618   0.0828  -0.0555   0.0574
 -0.1130  -0.2468  -0.0914   0.0866  -0.0558   0.0369
 -0.1150  -0.2741  -0.0845   0.0822  -0.0536   0.0316
 -0.1105  -0.2599  -0.0845   0.1056  -0.0565   0.0375
 -0.1072  -0.2638  -0.0916   0.1097  -0.0527   0.0322
 -0.1228  -0.2783  -0.0807   0.0866  -0.0785   0.0383
 -0.0968  -0.2588  -0.0897   0.1123  -0.0481   0.0290
 -0.0953  -0.2752  -0.0995   0.1614  -0.0532   0.0218
 -0.1031  -0.3050  -0.0907   0.1337  -0.0374   0.0279
 -0.1168  -0.3157  -0.0693   0.1578  -0.0997   0.0385
 -0.0332  -0.1594  -0.1002   0.0545   0.0134   0.0137
 -0.0057  -0.1178  -0.0785   0.0488  -0.0013   0.0013
 -0.0267  -0.1828  -0.0774   0.0661  -0.0067   0.0317
 -0.0043  -0.1751  -0.1072   0.1008   0.0109   0.0038
  0.0149  -0.2002  -0.0974   0.1388   0.0087   0.0060
 -0.0009  -0.2222  -0.1386   0.1954   0.0306  -0.0160
 -0.0224  -0.2986  -0.1213   0.1781   0.0054   0.0088
 -0.0154  -0.2887  -0.1123   0.1736  -0.0050   0.0225
 -0.0332  -0.2909  -0.1203   0.1489  -0.0141   0.0217
 -0.0337  -0.3083  -0.1320   0.1620  -0.0154   0.0049
 -0.0268  -0.2916  -0.1301   0.1609  -0.0017   0.0130
 -0.0461  -0.3080  -0.1395   0.1840   0.0004   0.0215
 -0.0665  -0.3103  -0.1325   0.1715  -0.0155   0.0360
 -0.0475  -0.3111  -0.1374   0.1527  -0.0136   0.0175
 -0.0601  -0.3365  -0.1374   0.1617  -0.0233   0.0100
 -0.0521  -0.3372  -0.1288   0.1609  -0.0172   0.0229
 -0.0542  -0.3310  -0.1304   0.1753  -0.0188   0.0260
 -0.0420  -0.2998  -0.1441   0.1978  -0.0176   0.0141
 -0.0462  -0.2846  -0.1522   0.2223  -0.0055   0.0002
 -0.0520  -0.3228  -0.1417   0.2187  -0.0310   0.0002
 -0.0602  -0.3253  -0.1447   0.2104  -0.0345  -0.0090
 -0.0478  -0.3226  -0.1351   0.2207  -0.0260   0.0092
 -0.0521  -0.3148  -0.1404   0.2207  -0.0339   0.0089
 -0.0492  -0.3134  -0.1417   0.2299  -0.0368  -0.0007
 -0.0499  -0.3006  -0.1600   0.2498  -0.0399  -0.0272
 -0.0583  -0.2965  -0.1621   0.2374  -0.0540  -0.0410
 -0.0618  -0.3086  -0.1526   0.2401  -0.0571  -0.0344
 -0.0747  -0.3124  -0.1631   0.2577  -0.0523  -0.0428
 -0.0571  -0.3121  -0.1703   0.2755  -0.0470  -0.0376
 -0.0649  -0.3261  -0.1726   0.2749  -0.0404  -0.0312
 -0.0700  -0.3448  -0.1653   0.2515  -0.0495  -0.0194
 -0.0634  -0.3672  -0.1730   0.2787  -0.0444  -0.0577
 -0.0564  -0.3701  -0.1763   0.2859  -0.0330  -0.0630
 -0.0679  -0.3813  -0.1777   0.2694  -0.0278  -0.0539
 -0.0663  -0.3703  -0.1632   0.2771  -0.0376  -0.0530
 -0.0496  -0.3583  -0.1698   0.3043  -0.0064  -0.0695
 -0.0493  -0.3840  -0.1723   0.3217  -0.0309  -0.0540
 -0.0405  -0.3754  -0.1834   0.2982  -0.0159  -0.0539
 -0.0569  -0.4220  -0.1748   0.3474  -0.0425  -0.0898
 -0.0646  -0.4150  -0.1799   0.3509  -0.0442  -0.0746
 -0.0591  -0.4027  -0.1668   0.3372  -0.0578  -0.0575
 -0.0458  -0.4110  -0.1617   0.3453  -0.0425  -0.0477
 -0.0574  -0.4085  -0.1684   0.3459  -0.0571  -0.0540
 -0.0539  -0.3962  -0.1641   0.3586  -0.0475  -0.0444
 -0.0491  -0.4101  -0.1798   0.3707  -0.0440  -0.0605
 -0.0534  -0.4314  -0.1742   0.3761  -0.0434  -0.0748
 -0.0500  -0.4242  -0.1729   0.3928  -0.0506  -0.0684
 -0.0589  -0.4451  -0.1705   0.3754  -0.0486  -0.0883
 -0.0695  -0.4334  -0.1692   0.3754  -0.0610  -0.0847
 -0.0601  -0.4407  -0.1750   0.3850  -0.0544  -0.0788
 -0.0555  -0.4487  -0.1728   0.3829  -0.0631  -0.0949
 -0.0565  -0.4508  -0.1805   0.3857  -0.0399  -0.0975
 -0.0558  -0.4635  -0.1732   0.3930  -0.0612  -0.0819
 -0.0619  -0.4736  -0.1759   0.3731  -0.0622  -0.0961
 -0.0700  -0.4706  -0.1684   0.3831  -0.0625  -0.0819
 -0.0552  -0.4653  -0.1883   0.3924  -0.0399  -0.0941
