 -0.0061  -0.1065  -0.0089  -0.0698   0.0300   0.0116
 -0.0112  -0.1104  -0.0015  -0.0643   0.0379   0.0628
 -0.0131  -0.1023  -0.0071  -0.0808   0.0368   0.0232
 -0.0201  -0.0704   0.0045  -0.0870   0.0284  -0.0085
 -0.0258  -0.0740   0.0007  -0.0610   0.0311   0.0353
 -0.0243  -0.0605  -0.0038  -0.0622   0.0332   0.0158
 -0.0216  -0.0470  -0.0128  -0.0757   0.0308   0.0310
 -0.0208  -0.0341  -0.0121  -0.0835   0.0293   0.0013
 -0.0205  -0.0409  -0.0029  -0.0763   0.0259   0.0217
 -0.0170  -0.0488  -0.0038  -0.0556   0.0243  -0.0144
 -0.0126  -0.0445  -0.0084  -0.0510   0.0322   0.0121
 -0.0170  -0.0480  -0.0047  -0.0568   0.0274   0.0217
 -0.0097  -0.0798  -0.0101  -0.0529   0.0341   0.0167
 -0.0024  -0.1119  -0.0162  -0.0487   0.0352   0.0024
 -0.0155  -0.0875  -0.0301  -0.0680   0.0413   0.0543
 -0.0120  -0.0708  -0.0391  -0.0612   0.0358   0.0097
  0.0042  -0.0791  -0.0396  -0.0508   0.0201   0.0084
  0.0089  -0.0970  -0.0473  -0.0244   0.0153   0.0126
 -0.0006  -0.0653  -0.0477  -0.0232   0.0180   0.0046
 -0.0064  -0.0503  -0.0328  -0.0348   0.0242   0.0785
  0.0001  -0.0490  -0.0199  -0.0317   0.0212   0.0218
  0.0037  -0.0478  -0.0232  -0.0108   0.0181  -0.0110
  0.0054  -0.0454  -0.0194  -0.0043   0.0208   0.0156
  0.0071  -0.0436  -0.0091  -0.0076   0.0127   0.0146
  0.0139  -0.0356  -0.0050   0.0012   0.0160   0.0242
  0.0144  -0.0319  -0.0034   0.0122   0.0101   0.0207
  0.0118  -0.0358   0.0014   0.0231   0.0109   0.0111
  0.0178  -0.0319  -0.0058   0.0161   0.0065   0.0229
  0.0123  -0.0276  -0.0052  -0.0043   0.0046   0.0018
  0.0170  -0.0366  -0.0061  -0.0155  -0.0012   0.0152
  0.0179  -0.0398  -0.0118  -0.0207  -0.0013  -0.0195
  0.0114  -0.0278  -0.0126  -0.0309  -0.0057   0.0320
  0.0086  -0.0375  -0.0099  -0.0310   0.0027   0.0216
  0.0099  -0.0171  -0.0037  -0.0305  -0.0041   0.0021
  0.0049  -0.0196   0.0040  -0.0439  -0.0108   0.0190
  0.0117  -0.0255   0.0169  -0.0069  -0.0123   0.0018
  0.0148  -0.0156   0.0189   0.0007  -0.0194  -0.0015
  0.0164  -0.0151   0.0312  -0.0032  -0.0118   0.0044
  0.0086  -0.0058   0.0434  -0.0094  -0.0053  -0.0028
  0.0019  -0.0057   0.0470  -0.0156  -0.0111  -0.0031
  0.0068  -0.0059   0.0246  -0.0130  -0.0068  -0.0341
  0.0142   0.0260   0.0045  -0.0513   0.0037   0.0273
  0.0246   0.0473   0.0049  -0.0527  -0.0063  -0.0288
  0.0170   0.0424   0.0140  -0.0260  -0.0156  -0.0284
  0.0186   0.0325   0.0110  -0.0007  -0.0209  -0.0118
  0.0144   0.0270   0.0081   0.0008  -0.0109  -0.0153
  0.0082   0.0371   0.0065  -0.0190  -0.0161   0.0129
  0.0072   0.0383   0.0124  -0.0214  -0.0160   0.0038
  0.0131   0.0320   0.0090   0.0081  -0.0148  -0.0210
  0.0114   0.0358   0.0072   0.0032  -0.0176  -0.0077
  0.0091   0.0049   0.0121   0.0193  -0.0147   0.0107
 -0.0014   0.0003   0.0069   0.0296  -0.0103  -0.0184
  0.0028   0.0084   0.0042   0.0557  -0.0046  -0.0084
  0.0020   0.0226   0.0070   0.0613  -0.0088   0.0235
  0.0011   0.0225   0.0144   0.0631  -0.0144  -0.0161
  0.0042   0.0170   0.0122   0.0969  -0.0173  -0.0179
 -0.0010   0.0187   0.0081   0.0952  -0.0143  -0.0052
 -0.0001   0.0067   0.0033   0.1017  -0.0069  -0.0101
  0.0026   0.0381  -0.0039   0.0647  -0.0062  -0.0032
  0.0016   0.0360  -0.0017   0.0580  -0.0054  -0.0010
  0.0021   0.0404   0.0038   0.0593  -0.0086  -0.0115
 -0.0003   0.0624   0.0077   0.0393  -0.0099  -0.0306
  0.0008   0.0602   0.0272   0.0420  -0.0105   0.0003
 -0.0083   0.0733   0.0370   0.0384  -0.0054  -0.0213
 -0.0043   0.0826   0.0286   0.0530  -0.0114  -0.0173
 -0.0024   0.0949   0.0374   0.0392  -0.0181  -0.0295
 -0.0013   0.0873   0.0308   0.0505  -0.0095  -0.0231
 -0.0040   0.0771   0.0219   0.0516  -0.0131  -0.0463
 -0.0027   0.0587   0.0076   0.0379  -0.0094  -0.0284
 -0.0039   0.0813  -0.0003   0.0353  -0.0066  -0.0127
 -0.0131   0.0981  -0.0076   0.0428  -0.0093  -0.0440
 -0.0171   0.0935  -0.0035   0.0501  -0.0240  -0.0212
 -0.0138   0.0954  -0.0057   0.0681  -0.0405  -0.0527
 -0.0097   0.0983  -0.0094   0.0724  -0.0433   0.0041
 -0.0108   0.1004  -0.0072   0.0683  -0.0475  -0.0127
 -0.0149   0.1053  -0.0097   0.0730  -0.0414  -0.0289
 -0.0110   0.1025  -0.0109   0.0774  -0.0442  -0.0404
 -0.0114   0.1285  -0.0172   0.0655  -0.0443  -0.0321
