  0.0430   0.1147   0.0409  -0.1177   0.0362  -0.0110
  0.0717   0.1486   0.0519  -0.1505   0.0381   0.0405
  0.0411   0.0888   0.0519  -0.1105   0.0202   0.0414
  0.0340   0.0462   0.0429  -0.0476  -0.0033  -0.0101
  0.0217   0.0573   0.0369  -0.0585  -0.0036   0.0212
  0.0303   0.0866   0.0447  -0.0811   0.0106   0.0553
  0.0310   0.0634   0.0404  -0.0711   0.0005  -0.0019
  0.0246   0.0890   0.0375  -0.1010   0.0044   0.0542
  0.0350   0.1053   0.0605  -0.1281   0.0246   0.0599
  0.0148   0.0676   0.0553  -0.0916   0.0212   0.0055
  0.0116   0.0360   0.0515  -0.0662   0.0032   0.0046
  0.0161   0.0132   0.0417  -0.0520   0.0163  -0.0062
  0.0144   0.0553   0.0489  -0.0517   0.0251   0.0268
  0.0281   0.1270   0.0521  -0.1075   0.0404   0.0333
  0.0154   0.0881   0.0343  -0.0559   0.0450   0.0147
  0.0104   0.0602   0.0331  -0.0246   0.0370   0.0064
  0.0034   0.0355   0.0328   0.0017   0.0388   0.0104
  0.0017   0.0304   0.0177  -0.0077   0.0364   0.0038
  0.0048   0.0108   0.0103   0.0061   0.0342   0.0282
 -0.0063   0.0027   0.0071   0.0056   0.0247  -0.0274
 -0.0039   0.0376   0.0062  -0.0257   0.0268   0.0240
  0.0084   0.0291   0.0047  -0.0174   0.0322   0.0284
  0.0062   0.0063   0.0113  -0.0298   0.0318  -0.0021
  0.0064   0.0066   0.0129  -0.0523   0.0307  -0.0521
  0.0003   0.0356   0.0046  -0.0540   0.0119  -0.0136
  0.0165  -0.0162   0.0119  -0.0432   0.0330  -0.0237
  0.0265   0.0538   0.0060  -0.0999   0.0450  -0.0012
  0.0220   0.1484   0.0011  -0.1648   0.0480   0.0080
  0.0279   0.1385  -0.0174  -0.1247   0.0233  -0.0420
  0.0143   0.1689  -0.0364  -0.1545   0.0194   0.0318
  0.0171   0.1247  -0.0526  -0.1536   0.0451  -0.0205
  0.0182   0.0828  -0.0350  -0.0807   0.0390  -0.0218
  0.0198   0.1440  -0.0485  -0.0956   0.0362   0.0140
  0.0155   0.1631  -0.0567  -0.0733   0.0369   0.0376
  0.0014   0.1231  -0.0535  -0.0569   0.0316   0.0195
  0.0139   0.0748  -0.0355  -0.0398   0.0251  -0.0301
  0.0306   0.0803  -0.0253  -0.0682   0.0262  -0.0050
  0.0151   0.0671  -0.0208  -0.0390   0.0210   0.0418
  0.0077   0.0608  -0.0275  -0.0326   0.0117  -0.0055
  0.0086   0.0517  -0.0335  -0.0503   0.0030  -0.0122
 -0.0029   0.0632  -0.0346  -0.0604   0.0006  -0.0497
 -0.0168  -0.0112  -0.0273  -0.0075  -0.0131  -0.0527
 -0.0081  -0.0760  -0.0181   0.0438  -0.0072  -0.0179
 -0.0103  -0.1153  -0.0225   0.0721  -0.0152  -0.0226
 -0.0207  -0.1469  -0.0233   0.0885  -0.0189  -0.0130
 -0.0129  -0.1451  -0.0158   0.0721  -0.0254  -0.0245
 -0.0133  -0.1526  -0.0077   0.0864  -0.0196   0.0265
 -0.0196  -0.1574   0.0016   0.0761  -0.0208  -0.0130
 -0.0217  -0.1523   0.0011   0.0794  -0.0244  -0.0125
 -0.0168  -0.1337  -0.0044   0.0557  -0.0199  -0.0285
 -0.0198  -0.1319  -0.0007   0.0986  -0.0167   0.0190
 -0.0323  -0.1647   0.0007   0.1092  -0.0228  -0.0068
 -0.0305  -0.2043   0.0132   0.1028  -0.0283  -0.0471
 -0.0186  -0.1976   0.0098   0.1042  -0.0153  -0.0007
 -0.0297  -0.1605   0.0047   0.1080  -0.0278  -0.0218
 -0.0379  -0.1814   0.0051   0.1245  -0.0315  -0.0603
 -0.0363  -0.1535   0.0007   0.1018  -0.0289  -0.0057
 -0.0325  -0.1763  -0.0110   0.1569  -0.0312   0.0073
 -0.0389  -0.1589  -0.0218   0.1638  -0.0378  -0.0048
 -0.0318  -0.1692  -0.0178   0.1794  -0.0325   0.0432
 -0.0260  -0.0866  -0.0336   0.1136  -0.0149   0.0423
 -0.0082   0.0007  -0.0107   0.0342  -0.0210  -0.0213
 -0.0151   0.0465   0.0148   0.0595  -0.0103   0.0485
 -0.0199   0.0336  -0.0090   0.0486  -0.0167  -0.0210
 -0.0233   0.0154  -0.0222   0.0755  -0.0337  -0.0420
 -0.0252   0.0391  -0.0104   0.0546  -0.0358   0.0455
 -0.0270  -0.0069  -0.0083   0.0707  -0.0412  -0.0249
 -0.0255   0.0131  -0.0192   0.0307  -0.0356   0.0039
 -0.0215  -0.0182  -0.0184   0.0757  -0.0382   0.0219
 -0.0062  -0.0137  -0.0153   0.0625  -0.0250   0.0155
  0.0143  -0.0306  -0.0097   0.0621  -0.0239  -0.0232
  0.0033  -0.0224   0.0037   0.0382  -0.0280  -0.0342
  0.0092  -0.0178  -0.0099   0.0418  -0.0328  -0.0198
 -0.0037  -0.0182  -0.0174   0.0410  -0.0325   0.0070
 -0.0038  -0.0368  -0.0251   0.0698  -0.0482  -0.0039
 -0.0103  -0.0472  -0.0272   0.0634  -0.0558  -0.0381
 -0.0253  -0.0373  -0.0212   0.0665  -0.0426  -0.0064
 -0.0483   0.0019  -0.0020   0.0060  -0.0546   0.0213
