  0.1791  -0.4533   0.0150   0.3530  -0.0562  -0.0478
  0.1940  -0.3267   0.0153   0.3539  -0.0478  -0.0435
  0.1971  -0.4020   0.0465   0.2769  -0.0482  -0.0132
  0.1693  -0.5047   0.0121   0.1088  -0.0475   0.0225
  0.1232  -0.4627  -0.0171   0.1623  -0.0712   0.0049
  0.1432  -0.4274  -0.0415   0.1278  -0.0742   0.0404
  0.1574  -0.5023  -0.0332   0.1552  -0.0462   0.0177
  0.1582  -0.4776  -0.0090   0.1609  -0.0635   0.0352
  0.1584  -0.4389   0.0081   0.1594  -0.0744   0.0232
  0.1577  -0.4790  -0.0125   0.1846  -0.0674   0.0064
  0.1512  -0.3538   0.0137   0.2380  -0.0801  -0.0234
  0.1649  -0.4112   0.0317   0.3034  -0.0862  -0.0454
  0.1561  -0.5165   0.0656   0.1839  -0.0735   0.0182
  0.1002  -0.4738  -0.0266   0.1971  -0.0513  -0.0311
  0.1377  -0.5077   0.0120   0.2867  -0.0591  -0.0690
  0.1771  -0.4935   0.0415   0.2619  -0.0591  -0.0370
  0.1130  -0.4914   0.0147   0.3836  -0.0353  -0.0988
  0.1437  -0.5695   0.0103   0.2651  -0.0698  -0.0537
  0.1314  -0.4094  -0.0025   0.2431  -0.0774  -0.0221
  0.0642  -0.4106  -0.0254   0.2220  -0.0725  -0.0347
  0.1807  -0.4040   0.0692   0.3117  -0.0723  -0.0892
  0.1392  -0.3492   0.0507   0.2732  -0.0592  -0.0297
  0.1316  -0.4723   0.0236   0.3547  -0.0771  -0.1020
  0.1111  -0.3390   0.0270   0.3825  -0.0827  -0.0956
  0.0604  -0.3257  -0.0214   0.2158  -0.0780  -0.0064
  0.0412  -0.2605  -0.0076   0.2349  -0.0621  -0.0519
  0.0409  -0.3205  -0.0341   0.3069  -0.0644  -0.0849
  0.0709  -0.4160   0.0067   0.2727  -0.0574  -0.0461
  0.0712  -0.4375  -0.0079   0.2650  -0.0680  -0.0511
  0.1280  -0.3125   0.0277   0.3577  -0.0646  -0.0807
  0.0634  -0.3714  -0.0033   0.4110  -0.0496  -0.1045
  0.0786  -0.4244   0.0150   0.2919  -0.0564  -0.0613
  0.0598  -0.4852  -0.0027   0.2494  -0.0492  -0.0503
  0.0765  -0.4451   0.0088   0.2404  -0.0523  -0.0329
  0.0724  -0.4828  -0.0179   0.2184  -0.0421  -0.0447
  0.0757  -0.4447   0.0090   0.2479  -0.0346  -0.0261
  0.0433  -0.4677  -0.0196   0.2301  -0.0468  -0.0512
  0.0434  -0.4862  -0.0135   0.1816  -0.0165  -0.0019
  0.0390  -0.4859  -0.0118   0.2014  -0.0190  -0.0288
  0.0439  -0.4717  -0.0049   0.2655  -0.0393  -0.0517
  0.0546  -0.4369   0.0085   0.2521  -0.0529  -0.0632
  0.0629  -0.3844   0.0117   0.2295  -0.0613  -0.0528
  0.0309  -0.4560  -0.0102   0.2031  -0.0478  -0.0315
  0.0413  -0.4538   0.0104   0.2254  -0.0435  -0.0385
  0.0224  -0.4277  -0.0118   0.3441  -0.0612  -0.0962
  0.0436  -0.4836   0.0015   0.2436  -0.0481  -0.0412
 -0.0056  -0.4917  -0.0154   0.2408  -0.0323  -0.0443
 -0.0066  -0.4510  -0.0452   0.3400  -0.0220  -0.0881
  0.0364  -0.4541  -0.0220   0.3146  -0.0231  -0.0820
  0.0165  -0.4861  -0.0221   0.2258  -0.0187  -0.0549
  0.0204  -0.4840  -0.0070   0.2978  -0.0122  -0.0561
  0.0608  -0.4725   0.0380   0.3293  -0.0446  -0.0886
  0.0469  -0.5125   0.0136   0.2911  -0.0249  -0.0732
  0.0247  -0.5270   0.0053   0.1904  -0.0164  -0.0273
  0.0161  -0.5251  -0.0150   0.2265   0.0034  -0.0374
  0.0152  -0.5090   0.0001   0.1886  -0.0090  -0.0335
  0.0462  -0.5005   0.0047   0.2338  -0.0290  -0.0521
 -0.0074  -0.5198  -0.0000   0.2693  -0.0375  -0.0617
  0.0295  -0.4847  -0.0060   0.3204  -0.0200  -0.0938
 -0.0294  -0.4865   0.0300   0.1710  -0.0462  -0.0517
  0.0244  -0.5831  -0.0442   0.1473   0.0036  -0.0143
 -0.0235  -0.4466  -0.0300   0.1698  -0.0514  -0.0312
 -0.0095  -0.4858   0.0328   0.2532  -0.0516  -0.0609
  0.0130  -0.3749  -0.0368   0.2127  -0.0041  -0.0366
  0.0199  -0.4117   0.0074   0.1492  -0.0218  -0.0148
  0.0315  -0.5076   0.0037   0.1758   0.0082  -0.0304
  0.0078  -0.4728  -0.0057   0.1836   0.0032  -0.0448
  0.0009  -0.5564  -0.0148   0.1601   0.0257  -0.0266
 -0.0004  -0.3839   0.0081   0.3015  -0.0337  -0.0910
  0.0033  -0.4592   0.0060   0.1523  -0.0364  -0.0377
 -0.0195  -0.5422  -0.0372   0.0842   0.0266  -0.0161
 -0.0256  -0.4782  -0.0315   0.1516   0.0165  -0.0390
 -0.0405  -0.5488  -0.0363   0.1161   0.0225  -0.0304
 -0.0088  -0.5431  -0.0205   0.1429   0.0067  -0.0167
  0.0088  -0.4614   0.0099   0.1489  -0.0303  -0.0420
 -0.0078  -0.5184  -0.0050   0.1833   0.0194  -0.0562
 -0.0206  -0.5414  -0.0347   0.1410   0.0211  -0.0346
 -0.0189  -0.5064  -0.0101   0.1859   0.0037  -0.0458
 -0.0193  -0.5016   0.0048   0.1706   0.0078  -0.0455
 -0.0238  -0.5266  -0.0011   0.1662   0.0193  -0.0490
 -0.0291  -0.5426  -0.0157   0.1030   0.0104  -0.0283
 -0.0370  -0.5121  -0.0038   0.1582  -0.0105  -0.0342
 -0.0821  -0.6020  -0.0958   0.1859   0.0379  -0.0566
 -0.1219  -0.6276  -0.0903   0.0260   0.0450   0.0070
  0.0810  -0.3639   0.0220   0.3465  -0.0711  -0.1160
  0.1283   0.5436   0.0454   0.8023  -0.0598  -0.3138
  0.0130   0.2952  -0.0287   0.7114  -0.0504  -0.2711
  0.1176   0.4055   0.0325   0.6924  -0.0456  -0.2590
  0.1233   0.2222   0.0549   0.6458  -0.0329  -0.2457
  0.0852   0.3467   0.0691   0.3586  -0.0408  -0.1726
  0.0730   0.3109   0.0959   0.4685  -0.0665  -0.2042
  0.0944   0.1470   0.0849   0.6012  -0.0103  -0.2427
  0.0283  -0.1868   0.0543   0.2639  -0.0084  -0.1004
 -0.0094  -0.4898   0.0111   0.1995   0.0061  -0.0835
 -0.0246  -0.4030   0.0029   0.2022   0.0006  -0.0856
 -0.0076  -0.4306   0.0242   0.3207  -0.0156  -0.1298
 -0.0027  -0.3617   0.0120   0.2047  -0.0155  -0.1046
 -0.0268  -0.2826   0.0431   0.3063  -0.0248  -0.1052
 -0.0616  -0.2234   0.0475   0.1804  -0.0311  -0.0666
  0.0241  -0.3131   0.0324   0.4152  -0.0117  -0.1799
 -0.0051  -0.2292   0.0466   0.1806  -0.0253  -0.1221
 -0.0286  -0.0351   0.0380   0.2656  -0.0141  -0.1120
  0.0567  -0.1208   0.0314   0.1672   0.0108  -0.0977
  0.0521  -0.6671   0.1814   1.0882   0.0270  -0.5423
 -0.0707  -0.6015   0.1529   0.9344  -0.0560  -0.3497
  0.0502   1.1306   0.0285   0.3132  -0.0697  -0.1829
  0.3346   1.9612  -0.0511   0.4960   0.1857  -0.2177
  0.0362   1.3695  -0.1092   0.3154   0.0780  -0.1904
  0.0121   1.3439  -0.0999   0.3716   0.0535  -0.2097
  0.0085   1.2367  -0.0915   0.3005   0.0250  -0.1973
  0.0218   1.1112  -0.0010   0.3428   0.0459  -0.1930
  0.0317   0.8550   0.0040   0.3154   0.0738  -0.1855
  0.0438   0.8609   0.0301   0.3439   0.0506  -0.1868
  0.0072   0.8417   0.0400   0.3108   0.0583  -0.1728
 -0.0270   1.8492   0.3263   0.1721   0.0718  -0.1104
  0.0502   0.7612   0.0880   0.1815   0.0445  -0.0845
 -0.0775   1.7392   0.0271  -0.3225  -0.0126   0.0398
 -0.0132   1.8389   0.0813  -0.3702  -0.0195   0.0542
 -0.0939   1.9671   0.1477  -0.2250  -0.0072   0.0168
 -0.0946   2.2756   0.1562  -0.4360   0.0011   0.0892
 -0.0479   1.7946   0.0996  -0.3593   0.0503   0.0656
 -0.0640   1.7576   0.1303  -0.3949   0.0227   0.0697
 -0.0591   1.6917   0.0762  -0.3816   0.0362   0.0588
 -0.0596   1.6448   0.1074  -0.3443   0.0230   0.0633
 -0.0593   1.5105   0.0682  -0.3138   0.0433   0.0364
 -0.0616   1.3630   0.0967  -0.3012   0.0475   0.0601
 -0.0352   1.2276   0.0796  -0.3849   0.0581   0.0764
 -0.0356   1.1985   0.1158  -0.3393   0.0591   0.0956
 -0.0251   1.1705   0.0955  -0.3924   0.0516   0.0801
 -0.0228   1.1403   0.1394  -0.3086   0.0233   0.0761
  0.0400   1.6908   0.1426  -0.5640   0.0668   0.1456
  0.1283   2.2828   0.3492  -0.0148   0.0350   0.1892
  0.4097   2.2691   0.0430  -1.3701   0.0916   0.5182
  0.4612   2.6625  -0.0050  -1.6330   0.1667   0.5267
  0.3491   2.2810  -0.1440  -1.2279   0.2486   0.4368
  0.3496   2.3799   0.0299  -1.4112   0.1966   0.4499
  0.1553   1.6164  -0.1896  -1.4632   0.2237   0.3254
  0.0499   1.0342  -0.2840  -1.2696   0.2221   0.3192
  0.0635   1.5395  -0.1126  -1.0597   0.1706   0.3134
  0.0686   1.1778  -0.0901  -1.0523   0.1815   0.3174
  0.0631   1.2519  -0.0370  -0.9575   0.1702   0.2787
  0.0422   1.1203  -0.0654  -1.0038   0.1709   0.2907
  0.0284   1.1558  -0.0615  -0.8901   0.1634   0.2590
 -0.0146   0.9296  -0.0851  -0.8986   0.1724   0.2540
 -0.0423   0.9371  -0.0960  -0.8393   0.1758   0.2539
 -0.0245   0.8708  -0.0711  -0.9129   0.1645   0.2589
 -0.0569   0.8789  -0.0499  -0.8273   0.1232   0.2328
 -0.0602   0.7208  -0.0053  -0.8024   0.1148   0.2163
 -0.1014   0.7186   0.0045  -0.6535   0.0770   0.1624
 -0.1039   0.2801   0.0727  -0.5761   0.0647   0.1445
 -0.2356   1.4715  -0.3896  -1.0059  -0.0845   0.2294
 -0.2598   1.3673  -0.2615  -1.1464  -0.0109   0.3264
 -0.1276   0.7638  -0.0016  -0.3301   0.0414   0.0534
 -0.2235   0.1485  -0.0644  -0.2271  -0.0100   0.0206
 -0.2083  -0.1818  -0.0331  -0.3655   0.0119   0.0829
 -0.2061  -0.1756  -0.0521  -0.2623   0.0169   0.0511
 -0.2067  -0.2103  -0.0276  -0.2995   0.0438   0.0447
 -0.2139  -0.2241  -0.0569  -0.2616   0.0169   0.0384
 -0.1995  -0.2403  -0.0310  -0.2783   0.0299   0.0516
 -0.2074  -0.2569  -0.0423  -0.3030   0.0268   0.0307
 -0.1935  -0.2580  -0.0362  -0.2939   0.0368   0.0589
 -0.2143  -0.2741  -0.0431  -0.2812   0.0291   0.0327
 -0.2206  -0.2799  -0.0347  -0.3023   0.0175   0.0450
 -0.2215  -0.2888  -0.0410  -0.2864   0.0176   0.0431
 -0.2236  -0.2966  -0.0355  -0.2911   0.0236   0.0458
 -0.2268  -0.2997  -0.0262  -0.3187  -0.0025   0.0557
 -0.2201  -0.2966  -0.0250  -0.3258   0.0146   0.0526
 -0.2308  -0.2979  -0.0336  -0.2936   0.0181   0.0468
 -0.2384  -0.2948  -0.0238  -0.3058   0.0118   0.0468
 -0.2536  -0.3232  -0.0322  -0.2810   0.0090   0.0432
 -0.2299  -0.3022  -0.0216  -0.3020   0.0121   0.0553
 -0.2347  -0.3211  -0.0191  -0.3037   0.0042   0.0467
 -0.2253  -0.2947  -0.0174  -0.3205   0.0126   0.0476
 -0.2341  -0.3475  -0.0254  -0.3075   0.0110   0.0418
 -0.2390  -0.2770  -0.0252  -0.3281   0.0138   0.0585
 -0.2501  -0.4044  -0.0209  -0.2786   0.0092   0.0321
