  0.0001  -0.4842   0.1190  -0.0144  -0.5991   0.1066
 -0.0267  -0.2096   0.1912  -0.0165  -0.5843   0.0563
 -0.0625  -0.3100   0.1772   0.0023  -0.6123   0.0663
 -0.0700  -0.2021   0.1724  -0.0802  -0.6253   0.0455
 -0.0668  -0.3518   0.1717  -0.0336  -0.6281   0.0547
 -0.0340  -0.1465   0.1327  -0.1667  -0.6135   0.0409
 -0.0444   0.0726  -0.0493  -0.2911  -0.6082   0.0431
 -0.1054   0.1445  -0.1081  -0.1624  -0.6195   0.0221
 -0.0947   0.0942  -0.1109  -0.1292  -0.5662   0.0434
 -0.0610  -0.2434   0.0002  -0.0797  -0.5464   0.0608
 -0.0304  -0.4290   0.0508  -0.0927  -0.5443   0.0600
 -0.0074  -0.4872   0.0450  -0.0500  -0.5262   0.0697
  0.0116  -0.5171   0.0434  -0.0748  -0.5113   0.0715
  0.0093  -0.5286   0.0297  -0.0761  -0.5043   0.0698
  0.0225  -0.5723   0.0232  -0.0854  -0.4855   0.0776
  0.0303  -0.5815   0.0318  -0.0721  -0.4663   0.0857
  0.0488  -0.5975   0.0273  -0.0711  -0.4543   0.0947
  0.0470  -0.6151   0.0350  -0.0493  -0.4383   0.1054
  0.0487  -0.6244   0.0352  -0.0285  -0.4258   0.1094
  0.0381  -0.6355   0.0536   0.0062  -0.4160   0.1251
  0.0414  -0.6559   0.0578  -0.0125  -0.4018   0.1200
  0.0373  -0.6395   0.0657  -0.0053  -0.3970   0.1236
  0.0487  -0.6549   0.0716   0.0227  -0.3713   0.1345
  0.0391  -0.6556   0.0565  -0.0282  -0.3740   0.1168
  0.0513  -0.6684   0.0487   0.0144  -0.3482   0.1265
  0.0551  -0.7052   0.0608   0.0404  -0.3422   0.1271
  0.0581  -0.7338   0.0685   0.0512  -0.3322   0.1328
  0.0505  -0.7106   0.0652  -0.0352  -0.3348   0.1094
  0.0805  -0.7608   0.0589   0.0796  -0.2883   0.1279
  0.0747  -0.7730   0.0704   0.1652  -0.2834   0.1466
  0.0724  -0.7316   0.0745   0.0244  -0.3013   0.1191
  0.0732  -0.7504   0.0762   0.0400  -0.3036   0.1367
  0.0704  -0.7473   0.0753   0.0631  -0.2863   0.1394
  0.0748  -0.7595   0.0809   0.1406  -0.2582   0.1269
  0.0703  -0.7478   0.0638   0.0957  -0.2583   0.1269
  0.0691  -0.7876   0.0779   0.1228  -0.2430   0.1374
  0.0684  -0.7474   0.0580   0.0922  -0.2196   0.1229
  0.0708  -0.7816   0.0763   0.1209  -0.2086   0.1389
  0.0711  -0.8061   0.0890   0.1446  -0.2064   0.1471
  0.0826  -0.8433   0.0998   0.1890  -0.1962   0.1581
  0.0805  -0.8099   0.0850   0.1260  -0.1886   0.1414
  0.0781  -0.8084   0.0925   0.1069  -0.1909   0.1414
  0.0568  -0.7300   0.0879   0.0539  -0.1936   0.1231
  0.0654  -0.7789   0.0975   0.0807  -0.1860   0.1272
  0.0692  -0.7523   0.0889   0.0458  -0.1704   0.1266
  0.0900  -0.7956   0.0975   0.0988  -0.1309   0.1520
  0.0902  -0.7691   0.0924   0.0711  -0.1266   0.1348
  0.0940  -0.8310   0.1035   0.1075  -0.1362   0.1397
  0.0982  -0.7988   0.0956   0.0845  -0.1117   0.1436
  0.1082  -0.8332   0.0956   0.0779  -0.1033   0.1490
  0.0990  -0.7846   0.0649  -0.0028  -0.0989   0.1243
  0.0775  -0.7061   0.1040  -0.0145  -0.0888   0.1286
  0.0094  -0.4487   0.1564  -0.1131  -0.1032   0.0939
  0.0298  -0.6361   0.2024   0.0170  -0.0770   0.1220
  0.0333  -0.5764   0.1862  -0.0410  -0.0765   0.1082
  0.0804  -0.8429   0.1749   0.0731  -0.0573   0.1442
 -0.0612   0.5997   0.0153  -0.4945  -0.0465  -0.0709
 -0.2977   3.7290  -0.6118  -1.5659  -0.1573  -0.3619
 -0.2452   2.7208  -0.5790  -0.6279  -0.1599  -0.2938
 -0.1594   1.9902  -0.4368  -0.3392  -0.0729  -0.2346
 -0.1264   1.4569  -0.3441  -0.2557  -0.0660  -0.1560
 -0.1095   0.9757  -0.1355  -0.2442  -0.0192  -0.1207
 -0.0897   0.6268  -0.0464  -0.1892  -0.0104  -0.0534
 -0.0196   0.4529  -0.0030  -0.0642   0.0524  -0.0468
 -0.0475   0.5194  -0.0699  -0.0474   0.0946  -0.0370
 -0.0188   0.1883  -0.0887  -0.0093   0.0472   0.0124
  0.0594  -0.1143  -0.0634  -0.0413   0.0320   0.0109
  0.0788  -0.2739  -0.0451  -0.0482   0.0650   0.0131
  0.1002  -0.4013  -0.0411   0.0103   0.1091   0.0255
  0.1184  -0.5105  -0.0253   0.3039   0.1670   0.0961
 -0.0731   0.3368  -0.1327  -0.0716   0.1173  -0.1163
 -0.4217   3.2361  -0.6158  -0.6160   0.0639  -0.5207
 -0.3195   2.7773  -0.6304  -0.1950   0.0914  -0.3674
 -0.2609   2.3312  -0.6125  -0.3157   0.0889  -0.3343
 -0.1945   1.8950  -0.4724  -0.1292   0.0947  -0.2378
 -0.2408   1.8778  -0.4598  -0.1408   0.0889  -0.2771
 -0.1708   1.6363  -0.4329  -0.2197   0.0756  -0.2540
 -0.1602   1.3798  -0.3552  -0.2439   0.0975  -0.1959
 -0.0837   1.2795  -0.3217  -0.1940   0.1384  -0.1623
 -0.1265   1.1250  -0.3477  -0.1266   0.1251  -0.1752
 -0.1745   0.9918  -0.4169   0.1290   0.1704  -0.1705
 -0.0770   0.9797  -0.4020  -0.0041   0.1948  -0.1693
 -0.0817   1.0290  -0.2902   0.0624   0.1929  -0.1251
 -0.1021   0.9951  -0.2931   0.0193   0.2112  -0.1381
 -0.1109   0.7813  -0.2284   0.0824   0.2417  -0.1075
 -0.0714   0.8108  -0.2244   0.0727   0.2290  -0.1246
 -0.1056   0.6761  -0.1900   0.1099   0.2550  -0.1452
 -0.1046   0.6471  -0.1762   0.0487   0.2547  -0.1818
 -0.0929   0.9034  -0.1471   0.2706   0.3415  -0.1026
 -0.1311   0.8539  -0.0557   0.2707   0.3511  -0.0938
 -0.0842   0.7583  -0.0076   0.1421   0.2958  -0.1057
 -0.0758   0.5958  -0.0530   0.1065   0.3376  -0.0946
 -0.0537   0.4899  -0.0215   0.1010   0.3404  -0.1117
 -0.1018   0.7620  -0.0922   0.1884   0.3671  -0.1269
 -0.0489   1.0287  -0.0351   0.0474   0.3637  -0.1377
 -0.0183   1.0975   0.0293   0.1736   0.4058  -0.1385
 -0.0636   1.0818  -0.0225   0.2550   0.3848  -0.1391
 -0.0681   1.1131  -0.0654   0.2138   0.4114  -0.1438
 -0.0616   0.9581  -0.0422   0.2382   0.4192  -0.1070
  0.0146   0.6573  -0.0833   0.0755   0.4243  -0.1015
  0.0028   0.4438  -0.0759  -0.0200   0.4437  -0.1091
  0.0344   0.2326  -0.0292  -0.0133   0.4677  -0.0799
  0.0057   0.1135   0.0019   0.0238   0.4651  -0.0823
  0.0062   0.1643   0.0378   0.0863   0.4768  -0.0475
 -0.0149   0.2585   0.0474   0.1401   0.4693  -0.0651
  0.0475  -0.0058   0.0812   0.1010   0.4569  -0.0283
  0.0251   0.0451   0.1051   0.0227   0.4190  -0.0734
 -0.0149   0.3620   0.0996  -0.0140   0.3942  -0.0913
  0.0157   0.2078   0.0993   0.0790   0.4076  -0.0451
  0.0545   0.0229   0.1172   0.0894   0.4200  -0.0450
  0.0172   0.1862   0.1346   0.0611   0.4389  -0.0595
 -0.0140   0.3783   0.1328  -0.0264   0.4485  -0.0777
 -0.0039   0.2560   0.1198   0.0352   0.4721  -0.0864
  0.0215   0.1644   0.1206  -0.0055   0.4672  -0.0728
  0.0543  -0.0689   0.1120  -0.0091   0.4827  -0.0564
  0.0628  -0.0566   0.1141  -0.0125   0.5021  -0.0607
  0.0639  -0.0584   0.1066   0.0188   0.5060  -0.0426
  0.0634  -0.0785   0.1272   0.0181   0.5074  -0.0486
  0.0749  -0.0807   0.1303   0.0736   0.5344  -0.0445
  0.0886  -0.1949   0.1387   0.0308   0.5520  -0.0294
  0.0956  -0.2531   0.1581   0.0689   0.5460  -0.0276
  0.1129  -0.3133   0.1553   0.0505   0.5514  -0.0318
  0.0885  -0.2808   0.1533   0.0848   0.5651  -0.0405
  0.1348  -0.4917   0.1500   0.0299   0.5724  -0.0158
