  0.0969  -0.0171  -0.1520  -0.2129  -0.0332  -0.0711
  0.0733   0.0248  -0.1303  -0.2647  -0.0339  -0.0703
  0.0828  -0.0191  -0.1282  -0.2473  -0.0338  -0.0508
  0.0755   0.0013  -0.1300  -0.2388  -0.0376  -0.0767
  0.0807   0.0003  -0.1363  -0.2474  -0.0368  -0.0452
  0.0782   0.0033  -0.1267  -0.2249  -0.0311  -0.0845
  0.0777   0.0175  -0.1297  -0.2303  -0.0397  -0.0644
  0.0794   0.0067  -0.1361  -0.2218  -0.0370  -0.0567
  0.0788   0.0105  -0.1223  -0.2197  -0.0335  -0.0780
  0.0756   0.0201  -0.1339  -0.2397  -0.0415  -0.0514
  0.0836   0.0193  -0.1305  -0.2356  -0.0301  -0.0800
  0.0677   0.0351  -0.1095  -0.2258  -0.0292  -0.0749
  0.0702   0.0289  -0.1004  -0.2276  -0.0230  -0.0487
  0.0651   0.0299  -0.1131  -0.2261  -0.0215  -0.0843
  0.0712   0.0351  -0.1051  -0.2428  -0.0207  -0.0530
  0.0671   0.0239  -0.1127  -0.2213  -0.0218  -0.0640
  0.0739   0.0259  -0.1095  -0.2286  -0.0231  -0.0725
  0.0701   0.0194  -0.1173  -0.2517  -0.0281  -0.0639
  0.0689   0.0250  -0.1158  -0.2286  -0.0183  -0.0853
  0.0713   0.0280  -0.1102  -0.2292  -0.0281  -0.0784
  0.0712   0.0237  -0.1088  -0.2214  -0.0204  -0.0709
  0.0677   0.0253  -0.1123  -0.2271  -0.0260  -0.0972
  0.0758   0.0211  -0.1068  -0.2263  -0.0216  -0.0575
  0.0660   0.0232  -0.1189  -0.2153  -0.0198  -0.0898
  0.0680   0.0324  -0.1086  -0.2114  -0.0182  -0.0612
  0.0616   0.0289  -0.1179  -0.2178  -0.0276  -0.0739
  0.0659   0.0296  -0.1054  -0.2053  -0.0162  -0.0776
  0.0507   0.0499  -0.1235  -0.2506  -0.0376  -0.0697
  0.0502   0.1092  -0.1374  -0.3075  -0.0392  -0.1197
  0.0607   0.1043  -0.1374  -0.2715  -0.0355  -0.1069
  0.0600   0.0927  -0.1308  -0.2810  -0.0283  -0.0823
  0.0523   0.1083  -0.1423  -0.2599  -0.0287  -0.1189
  0.0552   0.1069  -0.1303  -0.2638  -0.0188  -0.0698
  0.0475   0.1014  -0.1301  -0.2406  -0.0273  -0.1066
  0.0582   0.1147  -0.1234  -0.2624  -0.0283  -0.0760
  0.0571   0.1038  -0.1377  -0.2546  -0.0255  -0.0934
  0.0574   0.1195  -0.1194  -0.2537  -0.0224  -0.0917
  0.0616   0.1082  -0.1327  -0.2592  -0.0238  -0.0951
  0.0566   0.0988  -0.1072  -0.2683  -0.0159  -0.1084
  0.0626   0.0781  -0.1315  -0.2590  -0.0266  -0.0824
  0.0540   0.0704  -0.1238  -0.2480  -0.0221  -0.1095
  0.0663   0.0447  -0.1147  -0.2453  -0.0174  -0.0843
  0.0718   0.0178  -0.1084  -0.2383  -0.0150  -0.0561
  0.0533   0.0719  -0.1553  -0.3005  -0.0528  -0.1114
  0.0556   0.0761  -0.1233  -0.3217  -0.0444  -0.1310
  0.0621   0.0941  -0.1548  -0.3333  -0.0449  -0.1461
  0.0334  -0.1077  -0.1966  -0.1896  -0.1050  -0.0475
  0.0132  -0.1560  -0.1958  -0.1619  -0.1292   0.0171
  0.0639   0.0004  -0.1028  -0.2752  -0.0417  -0.0726
  0.0580  -0.0521  -0.1552  -0.2034  -0.0650  -0.0424
  0.0578   0.0070  -0.0978  -0.2707  -0.0467  -0.0789
  0.1439  -0.0809  -0.1782  -0.2289  -0.0043  -0.0822
  0.1588   0.0107  -0.1051  -0.3147   0.0323  -0.0865
  0.0115   0.1036  -0.1224  -0.4304  -0.0889  -0.1809
  0.2150  -0.3048  -0.0257  -0.5164   0.0830  -0.0952
  0.1795  -0.4018  -0.0630  -0.5585   0.0291  -0.0802
  0.2038  -0.2179   0.0184  -0.5358   0.0838  -0.1436
 -0.0151  -0.2456  -0.1514  -0.2254  -0.0584  -0.0498
  0.0188  -0.0985  -0.3031   0.0661  -0.0983   0.1001
  0.1714  -0.2085  -0.1298   0.4435   0.0871   0.2256
  0.1079  -0.1616  -0.1722   0.3540   0.0311   0.1687
  0.1246  -0.1914  -0.1336   0.4090   0.0548   0.1122
  0.0907  -0.0836  -0.1691   0.2558   0.0341   0.1576
  0.1213  -0.0489  -0.1795  -0.3115   0.0180  -0.0282
  0.0968   0.0166  -0.1570  -0.3327  -0.0272  -0.1134
  0.1323  -0.1118  -0.1406  -0.2143   0.0196  -0.0425
  0.1433  -0.0820  -0.1200  -0.2363   0.0249  -0.0386
  0.1259  -0.0493  -0.1450  -0.2377   0.0077  -0.0142
  0.1181  -0.0268  -0.1191  -0.2474   0.0109  -0.0927
  0.1180  -0.0449  -0.1482  -0.2255   0.0039  -0.0294
  0.1159  -0.0134  -0.1146  -0.2537   0.0042  -0.0796
  0.1146  -0.0409  -0.1666  -0.2066  -0.0007  -0.0291
  0.1250  -0.0066  -0.0782  -0.2583   0.0176  -0.0603
  0.1661  -0.0813  -0.2100  -0.1571   0.1212  -0.0496
 -0.0067   0.0410  -0.1510  -0.2732  -0.0392  -0.0971
  0.0119   0.0193  -0.0304  -0.2344  -0.0688  -0.0974
  0.0854   0.0621  -0.1456  -0.3226  -0.0349  -0.1156
  0.0508  -0.2013  -0.0753  -0.1349  -0.0557  -0.0736
  0.0715  -0.0634  -0.0109   0.1256   0.0924   0.0472
  0.0533   0.0245   0.1133   0.2242   0.1390   0.0960
  0.1293   0.1664   0.0537  -0.3802   0.1155  -0.1938
  0.0827   0.2508  -0.0335  -0.8742  -0.0117  -0.1893
  0.1423   0.1021   0.0421  -0.2835   0.0915  -0.0209
  0.1297  -0.0415   0.0328  -0.0109   0.1068   0.0285
  0.2087  -0.2401   0.0560   0.0474   0.1503   0.1137
  0.1256  -0.2250  -0.0055   0.1101   0.0624   0.0949
  0.1991  -0.0991   0.0367   0.0311   0.1356   0.0549
  0.1009  -0.0787  -0.0248  -0.1775   0.0137  -0.0367
  0.2386  -0.0136   0.1025  -0.1963   0.1909  -0.0592
 -0.0633  -0.1788  -0.1551  -0.0687  -0.1450  -0.0361
  0.0919  -0.1961  -0.0883  -0.1054  -0.0186   0.0178
 -0.0286  -0.2445  -0.1824  -0.0886  -0.0792   0.0282
 -0.1123  -0.3494  -0.3248  -0.0254  -0.2844   0.0978
  0.1486  -0.6623  -0.0688   0.2016   0.0403   0.2186
  0.0748  -1.1889  -0.0898   0.8755   0.0414   0.6167
  0.1853  -1.2694  -0.0344   1.1357   0.1604   0.6921
  0.1671  -1.2013  -0.0252   1.0943   0.1127   0.6383
  0.2432  -1.1768   0.0230   1.0849   0.1943   0.6198
  0.1536  -0.8773  -0.0240   0.8349   0.1188   0.4380
  0.1854  -0.6804  -0.0041   0.6418   0.1431   0.3423
  0.1625  -0.6731  -0.0132   0.6082   0.1155   0.3058
  0.1689  -0.6330  -0.0085   0.5295   0.1098   0.3088
  0.1484  -0.6259   0.0094   0.5257   0.1023   0.2574
  0.1514  -0.5405  -0.0076   0.3657   0.0785   0.2635
  0.1437  -0.5218  -0.0164   0.1831   0.0586   0.1618
  0.1428  -0.4842  -0.0172   0.1671   0.0347   0.2011
  0.0794  -0.5175   0.0302   0.2231  -0.0073   0.1949
 -0.6695  -0.3873  -0.3317   0.1463  -0.7997   0.1123
 -0.7902  -0.2764  -0.7159   0.3568  -0.9323   0.1612
 -0.1203  -0.2952  -0.1577   0.6505  -0.1277   0.2951
 -0.2001  -0.3054  -0.1324   0.6601  -0.2252   0.2687
 -0.0924  -0.2877  -0.0730   0.5657  -0.1188   0.2087
 -0.1472  -0.2477  -0.0568   0.5492  -0.1478   0.2119
 -0.0553  -0.3316  -0.0004   0.6281  -0.0386   0.2464
 -0.1523  -0.2188  -0.0136   0.6084  -0.1101   0.1914
 -0.0389  -0.3696  -0.0087   0.6261  -0.0411   0.2489
 -0.4471   0.7222   0.0408   0.1954  -0.2234  -0.0445
 -0.4239   0.9780   0.0259  -0.0278  -0.2075  -0.1610
 -0.1600   0.2540  -0.0161   0.2769  -0.1128   0.0102
 -0.2094   0.3579   0.0363   0.2759  -0.0400  -0.0118
 -0.1533   0.1441   0.1528   0.7105   0.0275   0.1547
 -0.1293   0.0021   0.3205   1.1128   0.1561   0.3338
 -0.0670  -0.1192   0.1694   0.6408   0.1015   0.1597
  0.0193   0.0101   0.1761   0.2044   0.1395   0.1622
  0.0060   0.0572   0.1599   0.2516   0.1155   0.1656
  0.0633  -0.0457   0.1975   0.4795   0.2034   0.0381
 -0.0208   0.0103   0.2449   0.4303   0.1656   0.1460
 -0.0475  -0.0893   0.3114   0.5139   0.1509   0.1820
 -0.1685   0.3890   0.2316   0.1453   0.0327   0.0077
 -0.3319   1.0204   0.1968  -0.1790  -0.0670  -0.2430
 -0.2512   0.9011   0.1711  -0.1243  -0.0300  -0.3032
 -0.2687   0.9831   0.1824  -0.3636  -0.0735  -0.3004
 -0.2122   0.7763   0.1758  -0.2353  -0.0717  -0.2726
 -0.1996   0.6868   0.2059  -0.0366  -0.0216  -0.1021
 -0.1630   0.6205   0.1980  -0.1432  -0.0306  -0.1812
 -0.1776   0.5843   0.2474   0.0938   0.0118  -0.0956
 -0.1470   0.4447   0.2472   0.3294   0.0549   0.0318
 -0.1677   0.4918   0.2561   0.3030   0.0457  -0.0309
 -0.1464   0.4292   0.2277   0.3827   0.0457  -0.0052
 -0.1609   0.4449   0.2374   0.4056   0.0486   0.0339
 -0.1222   0.3749   0.2090   0.2608   0.0506  -0.0073
 -0.1224   0.4073   0.2115   0.1249   0.0540  -0.0579
 -0.0598   0.2353   0.1930   0.0208   0.0727  -0.0438
 -0.0549   0.2043   0.2028  -0.0832   0.0791  -0.0668
 -0.0143   0.1676   0.2053   0.0366   0.0785  -0.0510
  0.0015   0.1528   0.2116  -0.0141   0.0549  -0.0285
 -0.0056   0.1144   0.1941  -0.0091   0.0401  -0.0557
 -0.0328   0.1167   0.2388  -0.0487   0.0435  -0.0650
 -0.0232   0.0741   0.2005   0.0096   0.0228  -0.0155
 -0.0422   0.0859   0.2125   0.0188   0.0242  -0.0273
 -0.0241   0.0830   0.1967   0.0302   0.0163  -0.0052
 -0.0481   0.1052   0.2199   0.0131   0.0256  -0.0127
 -0.0281   0.1205   0.1910   0.0076   0.0306  -0.0519
 -0.0441   0.1467   0.2184   0.0001   0.0388  -0.0401
 -0.0210   0.1007   0.1924   0.0391   0.0396  -0.0348
 -0.0507   0.1385   0.2208   0.0423   0.0462  -0.0378
 -0.0112   0.1432   0.1785   0.0189   0.0402  -0.0259
 -0.0654   0.1366   0.2278   0.0892   0.0449  -0.0031
 -0.0303   0.1584   0.1653   0.0044   0.0089  -0.0511
 -0.0839   0.1641   0.2374   0.0769   0.0511   0.0285
 -0.0261   0.0730   0.1561   0.3472   0.0491   0.0891
 -0.1027   0.0736   0.1986   0.2566   0.0268   0.0604
 -0.0992  -0.2109  -0.0745   0.4507  -0.0769   0.1710
 -1.1773  -0.2324   0.0693   0.5641  -0.3848   0.3005
 -0.6575  -0.0905   0.1603   0.3211  -0.1600   0.1524
  0.0391  -0.0407  -0.0701   0.0554   0.0176   0.0082
 -0.1411  -0.0362   0.0867   0.1154   0.0333   0.0265
 -0.0258   0.0541   0.0446  -0.0125   0.0221  -0.0260
 -0.1197   0.0759   0.1128   0.0096   0.0260  -0.0395
 -0.0558   0.0931   0.0984  -0.0169   0.0271  -0.0837
 -0.0900   0.0856   0.1209   0.0102   0.0459  -0.0374
 -0.0036   0.0561   0.0877   0.0217   0.0805  -0.0228
 -0.0488   0.0390   0.1236   0.0531   0.0743  -0.0113
 -0.0268   0.0640   0.1069   0.0172   0.0629  -0.0174
 -0.0697   0.0499   0.1277   0.0383   0.0505  -0.0120
 -0.0357   0.0419   0.1174   0.0203   0.0506  -0.0429
 -0.0577   0.0403   0.1317   0.0530   0.0575  -0.0142
 -0.0322   0.0416   0.1098   0.0462   0.0582  -0.0293
 -0.0672   0.0561   0.1398   0.0600   0.0551  -0.0298
 -0.0390   0.0611   0.1216   0.0426   0.0440  -0.0194
 -0.0619   0.0523   0.1217   0.0567   0.0376  -0.0240
 -0.0447   0.0566   0.1155   0.0327   0.0366  -0.0235
 -0.0660   0.0508   0.1308   0.0572   0.0313   0.0031
 -0.0471   0.0513   0.0976   0.0342   0.0314  -0.0239
 -0.0769   0.0625   0.1394   0.0615   0.0267  -0.0067
 -0.0505   0.0526   0.1232   0.0422   0.0404  -0.0018
 -0.1025   0.0905   0.1482  -0.0063   0.0229  -0.0757
 -0.1006   0.1197   0.0833  -0.1384   0.0045  -0.0506
 -0.0985   0.2376   0.0992  -0.5542  -0.0216  -0.1816
 -0.0905   0.2172   0.1241  -0.5671  -0.0233  -0.2255
 -0.0556   0.1240   0.1089  -0.4145  -0.0012  -0.1278
 -0.0216   0.0783   0.0958  -0.2631   0.0227  -0.0998
 -0.0368   0.1015   0.1319  -0.1389   0.0505  -0.0449
 -0.0218   0.0403   0.0744  -0.1230   0.0165  -0.0528
 -0.0407  -0.1018   0.0563   0.0540   0.0141   0.0157
  0.0126  -0.0777   0.0715  -0.0028   0.0546   0.0043
