 -0.0283   0.0379   0.3386   0.1365   0.0426   0.0552
 -0.0064   0.0613   0.2481   0.1623   0.0481  -0.0161
 -0.0191   0.0890   0.2605   0.1745   0.0633   0.0783
  0.0074   0.0476   0.2993   0.1846   0.0448   0.0975
  0.0296  -0.0090   0.2855   0.2370   0.0410  -0.0082
  0.0101   0.0112   0.2825   0.1867   0.0280   0.1281
  0.0022  -0.0147   0.2819   0.1945   0.0360   0.0299
 -0.0185  -0.0156   0.2664   0.1831   0.0264   0.0620
 -0.0002  -0.0216   0.2592   0.1826   0.0363   0.0263
  0.0098  -0.0359   0.2855   0.1949   0.0496   0.0696
  0.0149  -0.0943   0.2937   0.2093   0.0670  -0.0539
 -0.0322   0.0025   0.3512   0.0678   0.0784   0.0924
 -0.0650   0.0377   0.3378   0.0790   0.0495   0.0676
 -0.0808   0.0634   0.3208   0.1181   0.0518  -0.0182
 -0.0702   0.0653   0.3656   0.1042   0.0683   0.1098
 -0.0771   0.0182   0.3463   0.1642   0.0680   0.0273
 -0.0533  -0.0137   0.3626   0.1883   0.0745   0.0771
 -0.0684   0.0066   0.3773   0.1652   0.0746   0.0745
 -0.0275   0.0080   0.3900   0.1965   0.0951   0.0447
 -0.0364   0.0757   0.4095   0.1694   0.1091   0.0102
  0.0089   0.0251   0.3949   0.1729   0.1154   0.0435
 -0.0818   0.1416   0.3571   0.0769   0.0870  -0.0136
  0.0220   0.0496   0.3254   0.1242   0.1099  -0.0226
  0.0030   0.3396   0.3384  -0.1174   0.0606  -0.0440
 -0.0801   0.3823   0.3649  -0.1396   0.0221  -0.0397
  0.0466   0.2372   0.3151  -0.2610   0.0772   0.0501
  0.0284   0.2414   0.1381  -0.1907   0.0119  -0.0628
 -0.0402   0.2972   0.0470  -0.1053  -0.0650  -0.0915
 -0.0458   0.1631   0.0973  -0.0779  -0.0334   0.0008
 -0.0491   0.1049   0.0845   0.0071  -0.0233  -0.0464
 -0.0581   0.0572   0.0920  -0.0159  -0.0192   0.0141
 -0.0471   0.0291   0.0752   0.0237  -0.0012   0.0064
 -0.0446   0.0241   0.0588  -0.0389   0.0137   0.0426
 -0.0458  -0.0797   0.0083   0.0330   0.0101  -0.0537
 -0.0428  -0.0736   0.0013   0.0101   0.0098   0.0123
 -0.0580  -0.0622   0.0136  -0.0276   0.0113   0.0091
 -0.0546  -0.1424  -0.0607   0.0032   0.0003  -0.0199
 -0.0138  -0.1614  -0.0818   0.0535  -0.0067  -0.0491
  0.0105  -0.1854  -0.0980   0.0579   0.0105   0.0089
  0.0073  -0.1474  -0.0537   0.0537  -0.0005   0.0215
  0.0258  -0.1662  -0.0870   0.0421   0.0053  -0.0585
  0.0288   0.0336  -0.1395  -0.1663   0.0127  -0.0003
 -0.0060   0.2063  -0.2133  -0.3931  -0.0084  -0.0210
  0.0491  -0.0520  -0.2388  -0.0452  -0.0413  -0.0780
  0.0685  -0.0486  -0.2121  -0.0556  -0.0432   0.0456
  0.0592  -0.1305  -0.2167   0.0160  -0.0413  -0.0255
  0.0694  -0.1225  -0.2106  -0.0025  -0.0284  -0.0148
  0.0726  -0.1667  -0.2343   0.0293  -0.0359  -0.0347
  0.0794  -0.1157  -0.2045  -0.0450  -0.0202   0.0308
  0.0586  -0.1337  -0.2074  -0.0022  -0.0297  -0.0158
  0.0421  -0.1368  -0.2273   0.0548  -0.0387  -0.0248
  0.0408  -0.1694  -0.2436   0.0612  -0.0460  -0.0032
  0.0088  -0.1500  -0.2283   0.0091  -0.0677   0.0356
  0.0242  -0.1370  -0.2362  -0.0073  -0.0636  -0.0103
  0.0010  -0.1016  -0.2355  -0.0092  -0.0639   0.0020
  0.0347  -0.1533  -0.2460  -0.0010  -0.0361  -0.0427
  0.0099  -0.1085  -0.2410  -0.0636  -0.0159   0.0243
  0.0333  -0.1791  -0.2313  -0.0056  -0.0346  -0.0193
 -0.0074  -0.1269  -0.2446  -0.0453  -0.0336  -0.0445
 -0.0372  -0.0338  -0.2272  -0.0874  -0.0800  -0.0370
  0.0118  -0.1005  -0.2249  -0.0361  -0.0439   0.0201
 -0.0127  -0.0822  -0.2556  -0.0310  -0.0850  -0.0306
 -0.0086  -0.1122  -0.2351   0.0037  -0.0470   0.0080
 -0.0178  -0.0532  -0.3713   0.0088  -0.1444   0.0059
  0.0263  -0.2315  -0.2450   0.1291  -0.0880  -0.0043
  0.0289  -0.2494  -0.1376   0.0990  -0.0694   0.0484
  0.0325  -0.2074  -0.2715   0.0799  -0.0790   0.0387
  0.0257  -0.1259  -0.1252  -0.0753  -0.1001   0.0583
  0.1069   0.0870  -0.2599  -0.2117   0.0889  -0.0220
  0.0777   0.0828  -0.3984  -0.0487   0.1080  -0.0536
  0.0045   0.1536  -0.2150  -0.2922  -0.0712  -0.0472
  0.0029   0.3102  -0.2405  -0.3892  -0.0407  -0.0991
 -0.0413   0.2696  -0.2277  -0.4051  -0.0921  -0.1567
  0.0422   0.1518  -0.2712  -0.3205  -0.0097  -0.0384
  0.0179   0.1425  -0.2505  -0.2219  -0.0399  -0.0744
  0.0093   0.2670  -0.2112  -0.2143  -0.0309  -0.0750
 -0.0157   0.1057  -0.2349  -0.1015  -0.0729  -0.0504
  0.1358   0.1456  -0.3015  -0.2388   0.0029   0.0459
