  0.1942   0.5177   0.2350  -0.2023   0.0531   0.0914
  0.1865   0.4671   0.2130  -0.2438   0.0532   0.1274
  0.1965   0.4651   0.2197  -0.2095   0.0303   0.1120
  0.2018   0.4464   0.2080  -0.2237   0.0724   0.1241
  0.1971   0.4416   0.2234  -0.1160   0.0034   0.0795
  0.1903   0.4471   0.2320  -0.1550  -0.0038   0.0872
  0.1857   0.4201   0.2103  -0.1177   0.0290   0.0831
  0.1758   0.4172   0.1944  -0.1090   0.0204   0.0895
  0.1694   0.4136   0.1727  -0.1225   0.0546   0.0914
  0.1733   0.4048   0.1858  -0.1061   0.0444   0.0709
  0.1722   0.3972   0.1693  -0.1209   0.0499   0.0740
  0.1657   0.3979   0.1780  -0.1148   0.0423   0.0805
  0.1606   0.3743   0.1614  -0.1221   0.0627   0.0780
  0.1553   0.3710   0.1611  -0.1202   0.0610   0.0783
  0.1593   0.3650   0.1636  -0.1397   0.0629   0.0766
  0.1501   0.3698   0.1548  -0.1487   0.0550   0.0775
  0.1494   0.3625   0.1711  -0.1423   0.0462   0.0814
  0.1541   0.3753   0.1643  -0.1424   0.0542   0.0735
  0.1517   0.3767   0.1608  -0.1435   0.0544   0.0754
  0.1489   0.3621   0.1508  -0.1348   0.0526   0.0735
  0.1448   0.3667   0.1675  -0.1318   0.0474   0.0716
  0.1433   0.3599   0.1487  -0.1184   0.0450   0.0588
  0.1429   0.3618   0.1509  -0.1388   0.0616   0.0692
  0.1417   0.3654   0.1522  -0.1140   0.0518   0.0616
  0.1348   0.3430   0.1345  -0.0880   0.0521   0.0534
  0.1348   0.3407   0.1409  -0.1104   0.0523   0.0541
  0.1318   0.3487   0.1358  -0.1153   0.0610   0.0502
  0.1295   0.3306   0.1344  -0.0983   0.0548   0.0445
  0.1315   0.3249   0.1273  -0.1017   0.0643   0.0511
  0.1302   0.3202   0.1333  -0.0932   0.0467   0.0442
  0.1242   0.3213   0.1248  -0.1052   0.0526   0.0600
  0.1190   0.3000   0.1169  -0.0568   0.0445   0.0349
  0.1043   0.3389   0.1282  -0.1300   0.0556   0.0515
  0.1077   0.3518   0.1292  -0.1567   0.0648   0.0561
  0.1146   0.3549   0.1397  -0.0952   0.0443   0.0354
  0.1134   0.3488   0.1306  -0.1067   0.0570   0.0348
  0.1082   0.3610   0.1392  -0.0848   0.0428   0.0262
  0.1102   0.3387   0.1384  -0.0607   0.0466   0.0281
  0.1016   0.3368   0.1188  -0.0620   0.0424   0.0282
  0.0920   0.3102   0.1057  -0.0854   0.0630   0.0365
  0.0850   0.3149   0.1068  -0.1138   0.0536   0.0407
  0.1063   0.3275   0.1060  -0.1793   0.0981   0.0658
  0.1276   0.3169   0.1187  -0.1387   0.0591   0.0533
  0.1171   0.3182   0.1141  -0.1173   0.0146   0.0314
  0.1088   0.2904   0.1188  -0.1005   0.0369   0.0334
  0.1149   0.3005   0.1128  -0.1084   0.0414   0.0276
  0.1099   0.3048   0.1268  -0.0991   0.0470   0.0238
  0.1065   0.2969   0.1107  -0.0952   0.0433   0.0169
  0.1006   0.3072   0.1159  -0.1106   0.0576   0.0178
  0.0951   0.2951   0.1119  -0.1233   0.0546   0.0141
  0.0926   0.2878   0.1155  -0.1167   0.0628   0.0216
  0.0920   0.2892   0.1298  -0.1170   0.0431   0.0172
  0.0963   0.3011   0.1290  -0.0957   0.0249   0.0093
  0.0865   0.2864   0.1213  -0.0959   0.0295   0.0115
  0.0824   0.2787   0.1285  -0.0962   0.0230   0.0112
  0.0751   0.2762   0.1297  -0.0915   0.0060   0.0166
  0.0748   0.2729   0.1319  -0.0854  -0.0015   0.0143
  0.0729   0.2646   0.1183  -0.0929   0.0135   0.0237
  0.0762   0.2617   0.1271  -0.0941   0.0109   0.0270
  0.0664   0.2519   0.1103  -0.0971   0.0194   0.0178
  0.0699   0.2466   0.1161  -0.0978   0.0237   0.0144
  0.0709   0.2369   0.1181  -0.0768   0.0247   0.0101
  0.0709   0.2374   0.1122  -0.0970   0.0238   0.0043
  0.0739   0.2230   0.1179  -0.0819   0.0062   0.0012
  0.0608   0.2273   0.0990  -0.0829   0.0190   0.0182
  0.0610   0.2152   0.1045  -0.0707   0.0035   0.0091
  0.0636   0.2387   0.1063  -0.0896   0.0050   0.0020
  0.0628   0.2273   0.1157  -0.0909   0.0069   0.0015
  0.0572   0.2376   0.1084  -0.0890   0.0144   0.0045
  0.0599   0.2267   0.1195  -0.0742   0.0103   0.0093
  0.0526   0.2231   0.0996  -0.0744   0.0142   0.0117
  0.0469   0.1774   0.0861  -0.0583   0.0156   0.0147
  0.0438   0.1570   0.0714  -0.0499   0.0281   0.0124
  0.0512   0.1531   0.0816  -0.0386   0.0119   0.0031
  0.0433   0.1501   0.0734  -0.0454   0.0120   0.0112
  0.0368   0.1399   0.0848  -0.0233   0.0065   0.0011
  0.0282   0.1075   0.0655  -0.0349   0.0120   0.0006
  0.0306   0.0831   0.0581  -0.0272   0.0099   0.0023
  0.0246   0.0794   0.0548  -0.0256   0.0112  -0.0084
  0.0259   0.0937   0.0535  -0.0471   0.0215   0.0036
  0.0285   0.0926   0.0674  -0.0364   0.0086  -0.0092
  0.0239   0.0738   0.0534  -0.0224   0.0183  -0.0066
  0.0256   0.0814   0.0560  -0.0308   0.0038  -0.0104
  0.0256   0.0925   0.0518  -0.0328   0.0034  -0.0044
  0.0176   0.0657   0.0425  -0.0124   0.0024  -0.0013
  0.0241   0.0644   0.0478  -0.0138   0.0063   0.0034
  0.0123   0.0770   0.0468  -0.0356   0.0070   0.0076
  0.0095   0.0726   0.0400  -0.0375   0.0098  -0.0030
  0.0023   0.0687   0.0413  -0.0358   0.0103  -0.0010
  0.0079   0.0689   0.0405  -0.0399   0.0053  -0.0000
 -0.0003   0.0590   0.0341  -0.0370   0.0007  -0.0044
 -0.0077   0.0781   0.0435  -0.0488   0.0040  -0.0061
 -0.0073   0.0624   0.0312  -0.0410   0.0061  -0.0040
 -0.0100   0.0996   0.0391  -0.0434   0.0104  -0.0114
 -0.0157   0.0756   0.0421  -0.0444   0.0035  -0.0115
 -0.0157   0.0587   0.0272  -0.0293   0.0062  -0.0094
 -0.0184   0.0612   0.0312  -0.0188   0.0012  -0.0134
 -0.0201   0.0510   0.0153  -0.0293   0.0109  -0.0122
 -0.0200   0.0437   0.0082  -0.0218   0.0122  -0.0139
 -0.0268   0.0066  -0.0136  -0.0133   0.0168  -0.0223
 -0.0309  -0.0166  -0.0130   0.0054   0.0207  -0.0202
 -0.0252  -0.0131   0.0004   0.0051  -0.0048  -0.0213
 -0.0233  -0.0000  -0.0075  -0.0240   0.0065  -0.0215
 -0.0249  -0.0130  -0.0175  -0.0178   0.0102  -0.0264
 -0.0305  -0.0418  -0.0378  -0.0234   0.0288  -0.0197
 -0.0301  -0.0349  -0.0304  -0.0042   0.0138  -0.0345
 -0.0406  -0.0642  -0.0485   0.0044   0.0158  -0.0274
 -0.0473  -0.0629  -0.0380  -0.0041   0.0182  -0.0334
 -0.0399  -0.0575  -0.0282   0.0208  -0.0069  -0.0413
 -0.0482  -0.0760  -0.0457   0.0175   0.0077  -0.0359
 -0.0493  -0.0948  -0.0531   0.0334   0.0012  -0.0463
 -0.0521  -0.1164  -0.0686   0.0394   0.0139  -0.0525
 -0.0548  -0.0812  -0.0539   0.0307   0.0115  -0.0601
 -0.0678  -0.0758  -0.0589   0.0133   0.0139  -0.0500
 -0.0698  -0.0684  -0.0417   0.0446   0.0078  -0.0559
 -0.0693  -0.0831  -0.0466   0.0604  -0.0021  -0.0585
 -0.0715  -0.0774  -0.0554   0.0539   0.0121  -0.0570
 -0.0769  -0.0872  -0.0545   0.0682  -0.0013  -0.0625
 -0.0750  -0.0987  -0.0611   0.0672   0.0023  -0.0647
 -0.0710  -0.1092  -0.0640   0.0834  -0.0029  -0.0613
 -0.0785  -0.1186  -0.0801   0.0801  -0.0017  -0.0537
 -0.0817  -0.0969  -0.0711   0.0353   0.0157  -0.0405
 -0.0749  -0.1118  -0.0758   0.0655   0.0015  -0.0655
 -0.0836  -0.1475  -0.0913   0.0763   0.0116  -0.0565
 -0.0821  -0.1412  -0.0903   0.0567   0.0082  -0.0505
 -0.0794  -0.1575  -0.0984   0.0799  -0.0041  -0.0626
 -0.0956  -0.2240  -0.1191   0.1060  -0.0127  -0.0437
 -0.0903  -0.3999  -0.1563   0.1486  -0.0543  -0.0373
 -0.0887  -0.2630  -0.1181   0.0471  -0.0224  -0.0432
 -0.0900  -0.2078  -0.1012   0.0147  -0.0098  -0.0533
 -0.0943  -0.2261  -0.1021   0.0467  -0.0195  -0.0593
 -0.0932  -0.2035  -0.1087   0.0705  -0.0225  -0.0610
 -0.0969  -0.2006  -0.1143   0.0667  -0.0001  -0.0541
 -0.0946  -0.2154  -0.1119   0.1006  -0.0087  -0.0512
 -0.1018  -0.2179  -0.1173   0.0983  -0.0080  -0.0499
 -0.1011  -0.2299  -0.1303   0.0866  -0.0119  -0.0538
 -0.0978  -0.3080  -0.1594   0.1214  -0.0104  -0.0360
 -0.0995  -0.2824  -0.1422   0.1243  -0.0196  -0.0495
 -0.1068  -0.3029  -0.1561   0.0908   0.0022  -0.0344
 -0.1074  -0.2840  -0.1421   0.1184  -0.0321  -0.0645
 -0.1141  -0.2920  -0.1532   0.0318   0.0062  -0.0268
 -0.1138  -0.2975  -0.1295   0.0653  -0.0431  -0.0460
 -0.1151  -0.3269  -0.1424   0.0725  -0.0460  -0.0323
 -0.1184  -0.3509  -0.1551   0.1152  -0.0455  -0.0328
 -0.1264  -0.3507  -0.1747   0.0762  -0.0349  -0.0167
 -0.1249  -0.3403  -0.1634   0.0924  -0.0402  -0.0293
 -0.1254  -0.3671  -0.1741   0.0827  -0.0425  -0.0284
 -0.1229  -0.3518  -0.1680   0.1065  -0.0382  -0.0502
 -0.1266  -0.4546  -0.2094   0.1174  -0.0360  -0.0249
 -0.1369  -0.5123  -0.2249   0.1313  -0.0426  -0.0269
 -0.1310  -0.4737  -0.1954   0.1412  -0.0513  -0.0392
 -0.1457  -0.5792  -0.2455   0.2012  -0.0758  -0.0352
 -0.1578  -0.5702  -0.2337   0.1829  -0.0706  -0.0276
 -0.1637  -0.6788  -0.2677   0.2268  -0.0847  -0.0085
 -0.1749  -0.6232  -0.2595   0.1404  -0.0627   0.0018
 -0.1657  -0.6008  -0.2424   0.1644  -0.0772  -0.0172
 -0.1631  -0.5578  -0.2341   0.1568  -0.0726  -0.0320
 -0.1703  -0.6073  -0.2547   0.2010  -0.0751  -0.0240
 -0.1680  -0.6380  -0.2468   0.2443  -0.0849  -0.0228
 -0.1822  -0.6916  -0.2708   0.2506  -0.0864  -0.0102
 -0.1943  -0.7996  -0.2997   0.2927  -0.1082   0.0026
 -0.1835  -0.7251  -0.2819   0.2525  -0.1022  -0.0165
 -0.1871  -0.7146  -0.2851   0.2481  -0.0972  -0.0191
 -0.1947  -0.8537  -0.3216   0.3502  -0.1427  -0.0098
 -0.1987  -0.8874  -0.3012   0.4155  -0.1808  -0.0158
 -0.2045  -0.7771  -0.2830   0.2886  -0.1417  -0.0068
 -0.1982  -0.8042  -0.2794   0.3467  -0.1657  -0.0264
 -0.2201  -0.8504  -0.3337   0.3028  -0.1397   0.0046
 -0.2226  -0.8274  -0.3216   0.2946  -0.1525  -0.0063
 -0.2101  -0.7481  -0.2779   0.2640  -0.1420  -0.0221
 -0.2176  -0.7534  -0.2963   0.2351  -0.1378  -0.0175
 -0.2092  -0.7316  -0.2839   0.2241  -0.1346  -0.0038
 -0.2107  -0.7260  -0.2753   0.2263  -0.1247  -0.0015
 -0.2035  -0.6681  -0.2683   0.2326  -0.1186  -0.0173
 -0.2072  -0.6905  -0.2706   0.2669  -0.1078  -0.0103
 -0.2103  -0.6946  -0.2790   0.2409  -0.0983   0.0014
