  0.4175   0.0218   0.5194   0.3013   0.5226   1.0039
  0.4142   0.0416   0.5244   0.2766   0.5439   1.0082
  0.4154   0.0489   0.5190   0.2311   0.5659   0.9806
  0.3919   0.0218   0.4953   0.2788   0.5337   0.9751
  0.3873   0.0428   0.5008   0.2665   0.5245   1.0029
  0.3785   0.0426   0.4855   0.1907   0.5112   0.9255
  0.3682   0.0482   0.4642   0.2664   0.4894   0.9324
  0.3516   0.0716   0.4560   0.2383   0.4724   0.9421
  0.3256   0.0498   0.4200   0.2913   0.4417   0.8637
  0.3142   0.0693   0.4318   0.2662   0.4451   0.9176
  0.3450   0.0224   0.4283   0.2266   0.4601   0.8721
  0.3771   0.0471   0.4279   0.1859   0.5059   0.8616
  0.3575   0.0347   0.4307   0.2403   0.4901   0.8308
  0.3417   0.0382   0.4297   0.2647   0.4664   0.8357
  0.3174   0.0596   0.3918   0.2926   0.4253   0.8188
  0.2944   0.0743   0.3901   0.2692   0.3831   0.7830
  0.2954   0.0317   0.3967   0.3117   0.3866   0.8115
  0.3073   0.0292   0.3926   0.2794   0.4005   0.8337
  0.2784   0.0243   0.3830   0.2455   0.3762   0.7764
  0.2671   0.0719   0.3711   0.2375   0.3621   0.7311
  0.2803   0.1107   0.3769   0.1803   0.3613   0.7919
  0.2501   0.1441   0.3990   0.1847   0.3639   0.6757
  0.2291   0.1053   0.3562   0.2282   0.3401   0.6836
  0.2364   0.1043   0.3497   0.1998   0.3564   0.7053
  0.2129   0.1001   0.3168   0.1976   0.3287   0.6579
  0.2045   0.0938   0.3175   0.2010   0.3439   0.6661
  0.1850   0.1226   0.3430   0.1905   0.3383   0.6503
  0.1656   0.1207   0.3175   0.1714   0.3176   0.6196
  0.1591   0.1002   0.2997   0.2168   0.2931   0.6007
  0.1560   0.1024   0.2903   0.2194   0.2642   0.6290
  0.1575   0.0993   0.2939   0.1922   0.2595   0.5909
  0.1443   0.0961   0.2800   0.1787   0.2497   0.5422
  0.1299   0.0978   0.2695   0.2125   0.2184   0.5590
  0.1324   0.1127   0.2446   0.2087   0.2200   0.5725
  0.1227   0.1168   0.2395   0.1921   0.2226   0.5307
  0.1271   0.1014   0.2353   0.2025   0.2352   0.5304
  0.1399   0.1150   0.2513   0.1794   0.2526   0.5281
  0.1319   0.1119   0.2568   0.1642   0.2442   0.4954
  0.1425   0.0995   0.2432   0.1869   0.2488   0.4805
  0.1485   0.1005   0.2450   0.1576   0.2969   0.4964
  0.1365   0.0509   0.2264   0.1249   0.2847   0.4703
  0.1298   0.0890   0.2396   0.0256   0.2547   0.4763
  0.1339   0.0787   0.2363   0.0737   0.2581   0.4428
  0.1140   0.1125   0.2272   0.0391   0.2569   0.4410
  0.1267   0.0848   0.2207   0.1201   0.2520   0.4101
  0.1138   0.1146   0.2259   0.0447   0.2136   0.4295
  0.1138   0.0673   0.2091   0.0983   0.2036   0.3823
  0.0909   0.1032   0.1995   0.0251   0.1945   0.3994
  0.1123   0.0977   0.2193   0.0901   0.2029   0.3469
  0.1309   0.0946   0.2179   0.1270   0.2431   0.3813
  0.1371   0.0827   0.2513   0.0481   0.2796   0.4283
  0.1434   0.0740   0.2443   0.0773   0.2869   0.3665
  0.1363   0.0676   0.2350   0.0754   0.2682   0.3744
  0.1441   0.0584   0.2390   0.1266   0.2767   0.3328
  0.1383   0.0943   0.2285   0.0811   0.2719   0.3688
  0.1333   0.0169   0.2234   0.1363   0.2917   0.3230
  0.1330   0.0581   0.2125   0.1210   0.2849   0.3666
  0.1252   0.0339   0.1959   0.0521   0.2693   0.2991
  0.1188   0.0141   0.1671   0.0894   0.2478   0.3134
  0.1076   0.0363   0.1736   0.0268   0.2328   0.2702
  0.1233   0.0103   0.1577   0.1154   0.2331   0.2693
  0.0952   0.0277   0.1322   0.0319   0.1733   0.2800
  0.0785   0.0080   0.1087   0.0409   0.1414   0.2466
  0.0672   0.0440   0.1266  -0.0050   0.1189   0.2695
  0.0698   0.0564   0.1252   0.0490   0.1276   0.2359
  0.0743   0.0911   0.1430   0.0188   0.1266   0.2246
  0.0779   0.0091   0.1403   0.1005   0.1334   0.1889
  0.0657   0.0726   0.1331   0.0524   0.1210   0.2394
  0.0774   0.0806   0.1093   0.0308   0.1340   0.1674
  0.0790   0.0982   0.1141   0.0156   0.1511   0.2091
  0.0844   0.0613   0.1055   0.0412   0.1490   0.1806
  0.0836   0.0760   0.1070   0.0007   0.1696   0.2012
  0.0750   0.0153   0.0826   0.0565   0.1442   0.1288
  0.0762   0.0433   0.0934   0.0300   0.1339   0.2217
  0.0698   0.0152   0.0852   0.0552   0.1353   0.1428
  0.0549   0.0493   0.0825  -0.0173   0.1173   0.1830
  0.0640   0.0199   0.0841   0.0436   0.1289   0.1224
  0.0657   0.0510   0.0963   0.0248   0.1224   0.1706
  0.0661   0.0127   0.0903   0.0547   0.1255   0.1145
  0.0587   0.0422   0.0865   0.0024   0.1198   0.1510
  0.0608   0.0155   0.0762   0.0349   0.1233   0.1075
  0.0587   0.0554   0.0986   0.0343   0.1185   0.1311
  0.0604   0.0302   0.0866   0.0687   0.1016   0.0800
  0.0596   0.0538   0.0920   0.0579   0.1000   0.1215
  0.0510   0.0301   0.0766   0.0467   0.0963   0.0825
  0.0415   0.0625   0.0724   0.0030   0.0902   0.0884
  0.0573   0.0193   0.0784   0.0736   0.1131   0.0404
  0.0528   0.0566   0.0938   0.0443   0.1041   0.1257
  0.0484   0.0377   0.0859   0.0528   0.0974   0.0703
  0.0561   0.0400   0.0840   0.0514   0.0983   0.0627
  0.0548   0.0112   0.0861   0.0291   0.0991   0.0065
  0.0407   0.0450   0.0913   0.0183   0.0578   0.0908
  0.0375   0.0280   0.0803   0.0363   0.0664   0.0449
  0.0299   0.0680   0.0812  -0.0401   0.0748   0.0582
  0.0335   0.0123   0.0624   0.0083   0.0655  -0.0236
  0.0277   0.0432   0.0714  -0.0482   0.0479   0.0359
  0.0259   0.0386   0.0581  -0.0264   0.0634   0.0158
  0.0305   0.0622   0.0564  -0.0415   0.0766   0.0250
  0.0218   0.0077   0.0364  -0.0109   0.0534  -0.0169
  0.0105   0.0344   0.0384  -0.0781   0.0204   0.0254
  0.0026   0.0631   0.0258  -0.0822   0.0050  -0.0063
  0.0023   0.0525   0.0244  -0.0298  -0.0017  -0.0240
 -0.0146   0.0518   0.0045  -0.0444  -0.0295  -0.0141
 -0.0243   0.0642  -0.0069  -0.0739  -0.0420  -0.0113
 -0.0243   0.0528  -0.0188  -0.0723  -0.0466  -0.0244
 -0.0288   0.0478  -0.0205  -0.0863  -0.0411  -0.0172
 -0.0183   0.0381  -0.0143  -0.0826  -0.0214  -0.0282
 -0.0104   0.0159  -0.0049  -0.0766  -0.0019  -0.0480
  0.0451   0.0279   0.0268  -0.1013   0.0638   0.0148
  0.0475   0.0029   0.0567  -0.0926   0.1036  -0.0527
  0.0158   0.0365   0.0283  -0.0757   0.0702  -0.0467
  0.0147   0.0345   0.0324  -0.0877   0.0773  -0.0520
  0.0103   0.0437   0.0269  -0.0684   0.0677  -0.0901
  0.0174   0.0460   0.0484  -0.0634   0.0849  -0.0566
  0.0022   0.0084   0.0501  -0.0247   0.0691  -0.0652
  0.0062   0.0424   0.0306  -0.0389   0.0746  -0.0681
  0.0018   0.0325   0.0203  -0.0473   0.0535  -0.0864
  0.0004   0.0358   0.0046  -0.0348   0.0514  -0.1107
 -0.0017   0.0634   0.0237  -0.0539   0.0413  -0.0917
 -0.0072   0.0162   0.0255  -0.0230   0.0588  -0.1213
 -0.0167   0.0188  -0.0071  -0.0209   0.0369  -0.0852
 -0.0180   0.0305  -0.0095  -0.0440   0.0373  -0.0906
 -0.0234   0.0284  -0.0172  -0.0160   0.0182  -0.1023
 -0.0242   0.0491  -0.0060  -0.0500   0.0304  -0.0950
 -0.0242   0.0497  -0.0105  -0.0213   0.0536  -0.1114
 -0.0288   0.0462  -0.0136  -0.0613   0.0448  -0.0955
 -0.0367  -0.0217  -0.0334  -0.0327   0.0097  -0.1469
 -0.0472   0.0292  -0.0214  -0.1033  -0.0153  -0.0775
 -0.0408  -0.0052  -0.0396  -0.0315  -0.0044  -0.1213
 -0.0501   0.0339  -0.0367  -0.0702  -0.0115  -0.0845
 -0.0438   0.0157  -0.0406  -0.0442  -0.0018  -0.1269
 -0.0408   0.0190  -0.0449  -0.0311  -0.0039  -0.1132
 -0.0380  -0.0181  -0.0502  -0.0403  -0.0097  -0.1169
 -0.0438   0.0152  -0.0359  -0.1168   0.0208  -0.0967
 -0.0472  -0.0029  -0.0624  -0.0428  -0.0104  -0.1504
 -0.0591   0.0331  -0.0665  -0.1083  -0.0440  -0.1050
 -0.0529  -0.0156  -0.0700  -0.0418  -0.0208  -0.1573
 -0.0677   0.0191  -0.0603  -0.1176  -0.0364  -0.1158
 -0.0622  -0.0499  -0.0818  -0.0472  -0.0431  -0.2021
 -0.0838   0.0165  -0.0802  -0.0977  -0.0863  -0.1188
 -0.0776  -0.0546  -0.0946  -0.0368  -0.0865  -0.2079
 -0.0731  -0.0028  -0.0731  -0.0721  -0.1006  -0.1341
 -0.0692   0.0079  -0.0705  -0.0465  -0.0988  -0.1704
 -0.0666  -0.0097  -0.0728  -0.0315  -0.0999  -0.1780
 -0.0747  -0.0140  -0.0752  -0.0471  -0.1033  -0.1949
 -0.0808   0.0205  -0.0792  -0.0880  -0.1262  -0.1671
 -0.0791  -0.0336  -0.0842  -0.0408  -0.1198  -0.2200
 -0.0931   0.0150  -0.0836  -0.1150  -0.1418  -0.1551
 -0.0556  -0.0329  -0.1105  -0.0429  -0.0945  -0.2737
 -0.0245  -0.0699  -0.0861  -0.0389  -0.0670  -0.1972
 -0.0275   0.0269  -0.0839  -0.3024  -0.0079  -0.0823
 -0.0468  -0.0334  -0.0837  -0.1911  -0.0322  -0.2466
 -0.0490  -0.0352  -0.0915  -0.1856  -0.0295  -0.2134
 -0.0411  -0.0326  -0.0864  -0.0806  -0.0445  -0.2453
 -0.0353  -0.0304  -0.0934  -0.0605  -0.0469  -0.2403
 -0.0390  -0.0116  -0.0876  -0.0815  -0.0142  -0.2055
 -0.0425  -0.0220  -0.0997  -0.0610  -0.0408  -0.2481
 -0.0325  -0.0200  -0.0958  -0.0763  -0.0386  -0.2042
 -0.0267  -0.0290  -0.0952  -0.1034  -0.0289  -0.2151
 -0.0363  -0.0195  -0.1027  -0.1117  -0.0399  -0.2347
 -0.0433  -0.0112  -0.1074  -0.1214  -0.0440  -0.2544
 -0.0432  -0.0104  -0.1058  -0.1488  -0.0443  -0.2665
 -0.0407  -0.0095  -0.1072  -0.1804  -0.0411  -0.2519
 -0.0430  -0.0402  -0.1200  -0.1451  -0.0489  -0.2515
 -0.0588  -0.0482  -0.1352  -0.1370  -0.0940  -0.2475
 -0.0575  -0.0563  -0.1362  -0.1460  -0.0810  -0.2547
 -0.0679  -0.0751  -0.1210  -0.1095  -0.0596  -0.2609
 -0.0703  -0.0347  -0.0951  -0.1847  -0.0495  -0.2363
 -0.0632  -0.0542  -0.1097  -0.1255  -0.0539  -0.2840
 -0.0731  -0.0358  -0.1168  -0.1711  -0.0638  -0.2651
 -0.0778  -0.0626  -0.1256  -0.1377  -0.0820  -0.2870
 -0.0690  -0.0349  -0.1108  -0.1834  -0.0636  -0.2636
 -0.0738  -0.0563  -0.1302  -0.1367  -0.0728  -0.2889
 -0.0830  -0.0478  -0.1495  -0.1224  -0.0908  -0.2755
 -0.0914  -0.0569  -0.1471  -0.1299  -0.1085  -0.2806
 -0.0907  -0.0952  -0.1508  -0.0962  -0.1256  -0.3095
 -0.0936  -0.0961  -0.1294  -0.0999  -0.1366  -0.2618
 -0.0839  -0.1485  -0.1504  -0.0283  -0.1737  -0.3094
 -0.0886  -0.0844  -0.1324  -0.1346  -0.1606  -0.2515
 -0.0862  -0.1031  -0.1458  -0.0611  -0.1455  -0.2820
 -0.0793  -0.0938  -0.1347  -0.0495  -0.1434  -0.2811
 -0.0995  -0.0808  -0.1655  -0.0400  -0.1969  -0.3091
 -0.1052  -0.0563  -0.1683  -0.0644  -0.1974  -0.2814
 -0.0832  -0.1140  -0.1546  -0.0180  -0.1663  -0.3236
 -0.0730  -0.0745  -0.1393  -0.0175  -0.1459  -0.2600
 -0.0784  -0.0912  -0.1482  -0.0161  -0.1451  -0.2910
 -0.0744  -0.1124  -0.1474  -0.0377  -0.1590  -0.3336
 -0.0814  -0.0973  -0.1592  -0.0169  -0.1810  -0.2865
 -0.0824  -0.0148  -0.1576  -0.1032  -0.1812  -0.3515
 -0.0830  -0.0127  -0.1780  -0.0835  -0.1781  -0.2931
 -0.0960  -0.0483  -0.1686  -0.0485  -0.1958  -0.3459
 -0.0836  -0.0743  -0.1652   0.0034  -0.2004  -0.3578
 -0.0786  -0.0394  -0.1596  -0.0224  -0.1990  -0.2999
 -0.0782  -0.0871  -0.1665   0.0448  -0.1969  -0.3216
 -0.0859  -0.0689  -0.1650  -0.0216  -0.1959  -0.3148
 -0.0899  -0.0648  -0.1714  -0.0242  -0.2094  -0.3792
 -0.0838  -0.0834  -0.1629  -0.0316  -0.1864  -0.2849
 -0.0867  -0.0659  -0.1915  -0.0485  -0.1947  -0.3504
 -0.1002  -0.0768  -0.2002  -0.0734  -0.2053  -0.3766
 -0.1032  -0.0763  -0.1918  -0.0539  -0.2095  -0.3427
 -0.1025  -0.1036  -0.2009  -0.0107  -0.2337  -0.3708
 -0.1121  -0.0981  -0.2071   0.0015  -0.2507  -0.3562
 -0.1227  -0.0725  -0.1995  -0.0217  -0.2667  -0.3131
 -0.1249  -0.0641  -0.1928  -0.0161  -0.2589  -0.3415
 -0.1241  -0.0608  -0.1943  -0.0275  -0.2561  -0.3386
 -0.1334  -0.0672  -0.1935  -0.0781  -0.2817  -0.3590
 -0.1361  -0.0668  -0.1886  -0.1144  -0.2896  -0.3849
 -0.1221  -0.1069  -0.2062  -0.0706  -0.2886  -0.4025
 -0.1477  -0.0810  -0.2367  -0.1456  -0.3178  -0.4003
 -0.1447  -0.0781  -0.2177  -0.0911  -0.3184  -0.3572
 -0.1384  -0.1173  -0.2192  -0.0571  -0.3229  -0.4028
 -0.1415  -0.0902  -0.2128  -0.0771  -0.3206  -0.3578
 -0.1377  -0.1483  -0.2364  -0.0533  -0.3158  -0.4140
 -0.1528  -0.1032  -0.2278  -0.0656  -0.3144  -0.3360
 -0.1438  -0.1522  -0.2360  -0.0534  -0.2993  -0.4170
 -0.1448  -0.0714  -0.2209  -0.0686  -0.3004  -0.3469
 -0.1578  -0.0786  -0.2278  -0.0485  -0.3108  -0.3954
 -0.1483  -0.1250  -0.2452  -0.0154  -0.3306  -0.4229
 -0.1505  -0.1529  -0.2658   0.0076  -0.3672  -0.4061
 -0.1657  -0.0668  -0.2377  -0.0695  -0.3676  -0.3393
 -0.1599  -0.0747  -0.2488  -0.0117  -0.3477  -0.3760
 -0.1651  -0.0156  -0.2598  -0.0857  -0.3603  -0.4615
 -0.1668  -0.1133  -0.2612  -0.0709  -0.3707  -0.4452
 -0.1813  -0.0471  -0.2471  -0.0967  -0.3750  -0.3542
 -0.1760  -0.0710  -0.2440  -0.0369  -0.3814  -0.4235
 -0.1895  -0.0084  -0.2493  -0.1204  -0.3472  -0.3879
 -0.1822  -0.0467  -0.2583  -0.0692  -0.3316  -0.4353
 -0.1774  -0.1040  -0.2771  -0.0393  -0.3496  -0.4654
 -0.1824  -0.0679  -0.2683  -0.0612  -0.3721  -0.3697
 -0.1770  -0.0481  -0.2609  -0.0208  -0.3726  -0.4037
 -0.1860  -0.0535  -0.2685  -0.0505  -0.3842  -0.4212
 -0.1871  -0.1043  -0.2784  -0.0622  -0.3813  -0.4303
 -0.1977  -0.0507  -0.2634  -0.1279  -0.3691  -0.4008
 -0.1856  -0.0920  -0.2764  -0.0703  -0.3671  -0.4410
 -0.2022  -0.0654  -0.2852  -0.0950  -0.3611  -0.3853
 -0.2016  -0.0669  -0.2798  -0.1001  -0.3538  -0.4365
 -0.1994  -0.0392  -0.2786  -0.1136  -0.3396  -0.4243
 -0.1972  -0.0750  -0.2853  -0.0655  -0.3547  -0.4390
 -0.2032  -0.0695  -0.2884  -0.0675  -0.3536  -0.4282
 -0.1976  -0.0656  -0.2944  -0.0775  -0.3586  -0.4381
 -0.1984  -0.1087  -0.3015  -0.0846  -0.3482  -0.4180
 -0.2048  -0.1049  -0.2984  -0.0921  -0.3298  -0.4307
 -0.2075  -0.1401  -0.3217  -0.0774  -0.3624  -0.4590
 -0.2118  -0.0864  -0.3034  -0.1448  -0.3693  -0.4269
 -0.2115  -0.0891  -0.3072  -0.1067  -0.3703  -0.4544
 -0.2067  -0.1321  -0.3213  -0.0690  -0.3865  -0.4774
 -0.2169  -0.0946  -0.2901  -0.1485  -0.4392  -0.4093
 -0.2143  -0.1039  -0.3015  -0.1184  -0.4224  -0.4702
 -0.2204  -0.1017  -0.3063  -0.1598  -0.4296  -0.4547
 -0.2138  -0.0952  -0.2979  -0.1252  -0.4067  -0.4544
 -0.2118  -0.0734  -0.3037  -0.1457  -0.4010  -0.4587
