  0.1717  -0.1764   0.0323   0.2665  -0.0100   0.0161
  0.1723  -0.1653   0.0314   0.2533  -0.0275   0.0319
  0.1737  -0.1823   0.0259   0.2606  -0.0189   0.0232
  0.1758  -0.2020   0.0392   0.2772  -0.0086   0.0190
  0.1774  -0.2071   0.0459   0.2882  -0.0195   0.0122
  0.1727  -0.2008   0.0370   0.3043  -0.0222  -0.0141
  0.1690  -0.1837   0.0434   0.2951  -0.0411   0.0033
  0.1652  -0.1632   0.0492   0.2596  -0.0370   0.0179
  0.1587  -0.1669   0.0312   0.2518  -0.0219   0.0269
  0.1559  -0.1656   0.0350   0.2572  -0.0189   0.0181
  0.1585  -0.1711   0.0368   0.2574  -0.0158   0.0255
  0.1583  -0.1745   0.0380   0.2620  -0.0165   0.0127
  0.1566  -0.1704   0.0387   0.2708  -0.0147   0.0106
  0.1567  -0.1672   0.0520   0.2665  -0.0259  -0.0020
  0.1552  -0.1593   0.0505   0.2447  -0.0234   0.0196
  0.1501  -0.1389   0.0332   0.2413  -0.0187   0.0093
  0.1471  -0.1416   0.0427   0.2572  -0.0285   0.0068
  0.1449  -0.1479   0.0364   0.2561  -0.0271  -0.0038
  0.1425  -0.1412   0.0431   0.2382  -0.0192   0.0022
  0.1404  -0.1450   0.0424   0.2229  -0.0181   0.0003
  0.1352  -0.1260   0.0398   0.2247   0.0015   0.0000
  0.1372  -0.1386   0.0351   0.2390  -0.0073  -0.0154
  0.1377  -0.1289   0.0277   0.2552  -0.0015  -0.0112
  0.1405  -0.1332   0.0348   0.2421  -0.0069  -0.0110
  0.1309  -0.1394   0.0366   0.2223  -0.0018  -0.0045
  0.1344  -0.1402   0.0381   0.2218  -0.0099  -0.0015
  0.1323  -0.1259   0.0495   0.2124  -0.0102  -0.0011
  0.1271  -0.1295   0.0451   0.2350  -0.0094  -0.0097
  0.1316  -0.1321   0.0496   0.2304  -0.0130  -0.0130
  0.1238  -0.1286   0.0483   0.2161  -0.0052  -0.0074
  0.1245  -0.1329   0.0454   0.1889  -0.0006  -0.0042
  0.1206  -0.1365   0.0389   0.1919  -0.0023  -0.0191
  0.1202  -0.1291   0.0410   0.2051  -0.0055  -0.0185
  0.1153  -0.1347   0.0379   0.2065  -0.0022  -0.0263
  0.1139  -0.1202   0.0442   0.2083  -0.0039  -0.0256
  0.1167  -0.1302   0.0391   0.2190  -0.0047  -0.0163
  0.1183  -0.1264   0.0404   0.2103  -0.0046  -0.0209
  0.1112  -0.1342   0.0392   0.1891  -0.0103  -0.0085
  0.1087  -0.1199   0.0520   0.1846  -0.0014  -0.0026
  0.1067  -0.1176   0.0413   0.1746   0.0071   0.0077
  0.1134  -0.1045   0.0420   0.1791   0.0083  -0.0112
  0.1108  -0.1168   0.0395   0.1715  -0.0015  -0.0136
  0.0919  -0.1254   0.0369   0.1619   0.0144  -0.0145
  0.0990  -0.1339   0.0418   0.1469   0.0008  -0.0151
  0.1033  -0.1144   0.0455   0.1349   0.0065  -0.0192
  0.1061  -0.1125   0.0464   0.1517   0.0203  -0.0234
  0.1049  -0.1129   0.0455   0.1575   0.0126  -0.0280
  0.0958  -0.1185   0.0359   0.1701   0.0170  -0.0190
  0.0987  -0.1069   0.0378   0.1580   0.0035  -0.0091
  0.0977  -0.1025   0.0394   0.1436   0.0076  -0.0058
  0.1012  -0.0931   0.0303   0.1650   0.0038  -0.0240
  0.0872  -0.1103   0.0310   0.1587  -0.0010  -0.0070
  0.0869  -0.0923   0.0241   0.1541   0.0069  -0.0173
  0.0569  -0.0858   0.0063   0.1281  -0.0153   0.0033
  0.0683  -0.0854  -0.0049   0.1340  -0.0000  -0.0003
  0.0847  -0.0931  -0.0060   0.1137   0.0193  -0.0062
  0.0646  -0.0759   0.0083   0.1371   0.0001  -0.0127
  0.0693  -0.1114  -0.0029   0.0290   0.0184   0.0559
  0.0625  -0.1108  -0.0124  -0.0516   0.0262   0.0678
  0.0656  -0.0764   0.0144   0.0080   0.0051   0.0403
  0.0830  -0.1010   0.0137  -0.0387   0.0137   0.0484
  0.0888  -0.0871   0.0130   0.0066   0.0335   0.0406
  0.0635  -0.0933   0.0045  -0.0289   0.0137   0.0814
  0.0692  -0.0947  -0.0038   0.0135   0.0342   0.0582
  0.0609  -0.0639  -0.0091  -0.0055  -0.0033   0.0358
  0.0598  -0.0671  -0.0107   0.0362   0.0242   0.0207
  0.0690  -0.0654  -0.0050  -0.0425  -0.0461   0.0501
  0.0457  -0.0238  -0.0087  -0.0203  -0.0143   0.0340
  0.0581  -0.0198   0.0113  -0.1432  -0.0759   0.0996
  0.0441   0.0005   0.0130  -0.1726  -0.0578   0.0971
  0.0273   0.0065  -0.0129  -0.0467   0.0155   0.0449
  0.0213   0.0101  -0.0164  -0.0415  -0.0050   0.0207
  0.0182   0.0161  -0.0240   0.0104  -0.0060  -0.0111
  0.0161   0.0116  -0.0175   0.0180  -0.0204  -0.0161
  0.0146   0.0094  -0.0208   0.0179  -0.0054  -0.0260
  0.0103   0.0047  -0.0217   0.0063  -0.0200  -0.0111
  0.0115  -0.0028  -0.0279   0.0151  -0.0142  -0.0097
  0.0082   0.0037  -0.0228   0.0062  -0.0158  -0.0007
  0.0043  -0.0011  -0.0316   0.0021  -0.0034   0.0082
  0.0008  -0.0004  -0.0305  -0.0255  -0.0130   0.0159
  0.0010  -0.0008  -0.0311  -0.0287  -0.0055   0.0163
 -0.0048  -0.0009  -0.0276  -0.0386  -0.0099   0.0123
 -0.0067   0.0062  -0.0329  -0.0400  -0.0063   0.0149
 -0.0211   0.0144  -0.0193  -0.0615  -0.0135   0.0224
 -0.0298   0.0420  -0.0157  -0.0766  -0.0192   0.0245
 -0.0255   0.0432  -0.0176  -0.0812  -0.0035   0.0282
 -0.0281   0.0424  -0.0247  -0.0655   0.0047   0.0180
 -0.0322   0.0390  -0.0262  -0.0473   0.0032   0.0265
 -0.0344   0.0367  -0.0253  -0.0552   0.0023   0.0189
 -0.0311   0.0363  -0.0224  -0.0538  -0.0035   0.0124
 -0.0316   0.0422  -0.0284  -0.0460  -0.0097   0.0081
 -0.0479   0.0461  -0.0237  -0.0566   0.0056   0.0206
 -0.0572   0.0489  -0.0216  -0.0667  -0.0050   0.0142
 -0.0433   0.0511  -0.0280  -0.0381   0.0050   0.0015
 -0.0513   0.0511  -0.0240  -0.1011   0.0076   0.0228
 -0.0510   0.0530  -0.0235  -0.0957   0.0138   0.0178
 -0.0554   0.0635  -0.0320  -0.0931  -0.0008   0.0133
 -0.0667   0.0658  -0.0204  -0.1184   0.0096   0.0259
 -0.0555   0.0628  -0.0231  -0.1168   0.0217   0.0174
 -0.0486   0.0664  -0.0261  -0.1071   0.0099   0.0176
 -0.0542   0.0834  -0.0230  -0.0904   0.0164   0.0199
 -0.0531   0.0951  -0.0255  -0.1016   0.0083   0.0222
 -0.0554   0.0786  -0.0228  -0.1014   0.0076   0.0162
 -0.0528   0.0726  -0.0320  -0.1032   0.0130   0.0180
 -0.0547   0.0803  -0.0279  -0.1042   0.0192   0.0268
 -0.0538   0.0797  -0.0353  -0.0974   0.0091   0.0265
 -0.0522   0.0994  -0.0350  -0.0720   0.0123   0.0002
 -0.0635   0.0765  -0.0290  -0.0413   0.0028  -0.0097
 -0.1043   0.0256  -0.0387  -0.0709  -0.0069  -0.0026
 -0.0826   0.0690  -0.0227  -0.1047   0.0039  -0.0052
 -0.0841   0.0437  -0.0273  -0.1010   0.0035  -0.0064
 -0.0818   0.0586  -0.0252  -0.1205  -0.0004  -0.0002
 -0.0824   0.0545  -0.0386  -0.1052   0.0038  -0.0025
 -0.0789   0.0615  -0.0340  -0.1007   0.0081   0.0012
 -0.0902   0.0520  -0.0346  -0.1182   0.0031   0.0048
 -0.0854   0.0610  -0.0329  -0.1274   0.0056   0.0080
 -0.0832   0.0644  -0.0373  -0.1028   0.0028  -0.0007
 -0.0894   0.0684  -0.0313  -0.0969   0.0015  -0.0048
 -0.0859   0.0645  -0.0296  -0.0944  -0.0036   0.0008
 -0.0872   0.0718  -0.0354  -0.0958  -0.0012   0.0048
 -0.0930   0.0615  -0.0363  -0.0825   0.0018  -0.0098
 -0.0878   0.0739  -0.0363  -0.0762  -0.0133  -0.0111
 -0.0926   0.0667  -0.0296  -0.0968  -0.0196  -0.0064
 -0.0959   0.0712  -0.0330  -0.0900   0.0010  -0.0131
 -0.0961   0.0702  -0.0353  -0.1200  -0.0047  -0.0199
 -0.0933   0.0749  -0.0317  -0.1282   0.0019  -0.0243
 -0.0916   0.0796  -0.0129  -0.1148  -0.0030  -0.0138
 -0.0935   0.0784  -0.0079  -0.0948  -0.0080  -0.0207
 -0.0945   0.0767  -0.0125  -0.0768  -0.0071  -0.0275
 -0.0936   0.1043  -0.0095  -0.0913  -0.0207  -0.0237
 -0.0953   0.1015  -0.0063  -0.1196  -0.0334  -0.0125
 -0.0920   0.1005  -0.0015  -0.1138  -0.0068  -0.0151
 -0.0861   0.0952  -0.0072  -0.1262  -0.0014  -0.0078
 -0.0931   0.1130  -0.0062  -0.1267   0.0158  -0.0032
 -0.0920   0.0996  -0.0083  -0.1234   0.0159  -0.0024
 -0.0855   0.1007  -0.0043  -0.1280   0.0267  -0.0010
 -0.0877   0.0995  -0.0135  -0.1148   0.0235  -0.0047
 -0.0911   0.1025  -0.0083  -0.1143   0.0237  -0.0084
 -0.0850   0.0913  -0.0011  -0.1197   0.0136  -0.0128
 -0.0951   0.0973  -0.0045  -0.1321   0.0264  -0.0181
 -0.1001   0.1038  -0.0117  -0.1321   0.0194  -0.0210
 -0.0974   0.1089  -0.0074  -0.1262   0.0151  -0.0225
 -0.0997   0.1079  -0.0092  -0.1272   0.0136  -0.0188
 -0.0973   0.1047  -0.0017  -0.1263   0.0033  -0.0286
 -0.0997   0.1039   0.0042  -0.1274  -0.0005  -0.0104
 -0.1042   0.1074  -0.0004  -0.1252   0.0073  -0.0116
 -0.1034   0.1207  -0.0036  -0.1309   0.0171  -0.0178
 -0.1002   0.1151  -0.0001  -0.1378   0.0087  -0.0222
 -0.1036   0.1153  -0.0041  -0.1429   0.0159  -0.0368
 -0.1047   0.1222  -0.0029  -0.1522   0.0165  -0.0158
 -0.1089   0.1150  -0.0088  -0.1559   0.0199  -0.0197
 -0.1099   0.1179  -0.0027  -0.1593   0.0213  -0.0180
 -0.1087   0.1175  -0.0095  -0.1596   0.0184  -0.0300
 -0.1136   0.1130  -0.0121  -0.1583   0.0176  -0.0270
 -0.1089   0.1125  -0.0094  -0.1569   0.0172  -0.0276
 -0.1140   0.1170  -0.0100  -0.1523   0.0073  -0.0213
 -0.1142   0.1181  -0.0102  -0.1502   0.0169  -0.0201
 -0.1139   0.1236  -0.0108  -0.1506   0.0071  -0.0229
 -0.1137   0.1300  -0.0102  -0.1587   0.0058  -0.0144
 -0.1116   0.1203  -0.0071  -0.1695   0.0062  -0.0074
 -0.1123   0.1354  -0.0138  -0.1746   0.0117  -0.0055
 -0.1114   0.1241  -0.0145  -0.1694   0.0109  -0.0229
 -0.1141   0.1384  -0.0134  -0.1607   0.0141  -0.0281
 -0.1143   0.1233  -0.0110  -0.1599   0.0091  -0.0227
 -0.1137   0.1327  -0.0139  -0.1776   0.0057  -0.0134
 -0.1158   0.1353  -0.0169  -0.1820   0.0141  -0.0175
 -0.1188   0.1398  -0.0157  -0.1820   0.0199  -0.0129
 -0.1162   0.1351  -0.0184  -0.1730   0.0124  -0.0154
 -0.1167   0.1343  -0.0162  -0.1868   0.0127  -0.0174
 -0.1217   0.1319  -0.0137  -0.1988   0.0085  -0.0122
 -0.1245   0.1363  -0.0190  -0.2006   0.0107  -0.0097
 -0.1241   0.1520  -0.0192  -0.1931   0.0046  -0.0094
 -0.1318   0.1440  -0.0210  -0.2099  -0.0025  -0.0164
 -0.1335   0.1538  -0.0090  -0.1976  -0.0073  -0.0286
 -0.1456   0.1518  -0.0174  -0.2237   0.0059  -0.0148
 -0.1258   0.1490  -0.0109  -0.2126   0.0041  -0.0242
