  0.0746  -0.0322   0.0049   0.0840  -0.0098   0.1647
  0.1135   0.4100  -0.0024  -0.2545  -0.0271   0.2064
  0.0953   0.2679  -0.0025  -0.1556  -0.0144   0.2013
  0.1148   0.3113   0.0117  -0.1572   0.0009   0.1847
  0.0952   0.2469   0.0053  -0.1294  -0.0040   0.1849
  0.0898   0.2497   0.0099  -0.1278   0.0019   0.1666
  0.0904   0.2263   0.0172  -0.1416   0.0050   0.1879
  0.1012   0.2563   0.0221  -0.1446  -0.0029   0.1828
  0.0862   0.2335   0.0114  -0.1455   0.0043   0.1791
  0.0971   0.2159   0.0378  -0.1286   0.0162   0.1759
  0.0879   0.1854   0.0301  -0.1156   0.0148   0.1792
  0.0813   0.2264   0.0201  -0.0747  -0.0016   0.1491
  0.0746   0.2099   0.0036  -0.0705  -0.0033   0.1515
  0.0713   0.1561   0.0247  -0.0308   0.0152   0.1341
  0.0819   0.1229   0.0226  -0.0607   0.0084   0.1588
  0.0854   0.1196   0.0143  -0.0516   0.0098   0.1468
  0.0768   0.1301  -0.0054  -0.0588   0.0061   0.1553
  0.0796   0.1455   0.0063  -0.0564   0.0121   0.1520
  0.0681   0.1000   0.0153  -0.0202   0.0133   0.1329
  0.0625   0.0819   0.0195  -0.0326   0.0150   0.1450
  0.0406   0.0470   0.0121  -0.0540   0.0121   0.1622
  0.0463   0.0472   0.0219  -0.0434   0.0067   0.1507
  0.0408   0.0032   0.0043  -0.0369   0.0116   0.1602
  0.0447  -0.0097   0.0029  -0.0470   0.0045   0.1566
  0.0481  -0.0086  -0.0114  -0.0623  -0.0063   0.1761
  0.0574  -0.0074  -0.0083  -0.0542   0.0043   0.1599
  0.0365   0.0224   0.0065  -0.0443   0.0133   0.1463
  0.0354   0.0150   0.0020  -0.0480   0.0142   0.1411
  0.0236  -0.0008   0.0082  -0.0949   0.0109   0.1733
  0.0400   0.0002   0.0086  -0.0975   0.0043   0.1791
  0.0278   0.0167  -0.0075  -0.1036   0.0136   0.1914
  0.0341   0.0265  -0.0046  -0.1168  -0.0003   0.2002
  0.0335   0.0077   0.0048  -0.0651   0.0074   0.1902
  0.0356   0.0140  -0.0008  -0.0768  -0.0012   0.1924
  0.0344   0.0067  -0.0075  -0.0717   0.0020   0.2012
  0.0405   0.0277  -0.0028  -0.0993  -0.0024   0.2064
  0.0204   0.0283  -0.0298  -0.0824  -0.0105   0.2064
  0.0575  -0.0311  -0.0310  -0.0825  -0.0231   0.2369
  0.0320  -0.0517   0.0119  -0.1052  -0.0621   0.2418
  0.1046   0.0317   0.0359  -0.1972  -0.1684   0.2399
  0.1357  -0.0160   0.0527  -0.1050  -0.1586   0.2792
  0.0489   0.0046  -0.0358  -0.0995  -0.0773   0.2558
  0.0953  -0.1787  -0.0033   0.1181   0.0017   0.1137
  0.0893  -0.4311   0.0038   0.2747   0.0285   0.0515
  0.1449  -0.3575   0.0419   0.3150   0.0463  -0.0049
  0.1022  -0.2996   0.0131   0.3914   0.0524  -0.0361
  0.1013  -0.4071   0.0611   0.5734   0.0580  -0.1207
  0.0769  -0.4182   0.0432   0.5993   0.0608  -0.1408
  0.0519  -0.4441   0.0507   0.5699   0.0543  -0.1303
  0.0413  -0.5258   0.0673   0.5714   0.0758  -0.1097
  0.0231  -0.5109   0.0511   0.5431   0.0593  -0.0993
  0.0273  -0.4927   0.0363   0.5344   0.0633  -0.0934
  0.0193  -0.4424  -0.0152   0.4670   0.0181  -0.0807
  0.0066  -0.4327  -0.0174   0.4094   0.0191  -0.0543
  0.0116  -0.4196  -0.0245   0.4257   0.0127  -0.0769
  0.0004  -0.4401  -0.0098   0.4459   0.0172  -0.0630
  0.0032  -0.4409   0.0078   0.4036   0.0147  -0.0481
  0.0206  -0.3942   0.0069   0.3938   0.0257  -0.0647
  0.0096  -0.4103   0.0163   0.3966   0.0289  -0.0583
  0.0300  -0.3809   0.0250   0.2977   0.0155  -0.0226
  0.0256  -0.4168   0.0296   0.3060   0.0041  -0.0153
  0.0218  -0.4372   0.0007   0.3354   0.0126  -0.0217
  0.0113  -0.4667   0.0055   0.3738   0.0140  -0.0302
 -0.0079  -0.4722  -0.0060   0.3631   0.0098  -0.0322
 -0.0045  -0.4924  -0.0003   0.3311   0.0100  -0.0170
  0.0036  -0.4650   0.0115   0.3284   0.0230  -0.0248
  0.0123  -0.4421   0.0198   0.3786   0.0315  -0.0541
  0.0058  -0.4680   0.0163   0.3633   0.0255  -0.0513
  0.0122  -0.4675   0.0221   0.3538   0.0175  -0.0465
  0.0053  -0.4721   0.0134   0.3709   0.0311  -0.0462
  0.0075  -0.4902   0.0155   0.3810   0.0362  -0.0415
 -0.0118  -0.5183  -0.0054   0.4046   0.0331  -0.0441
  0.0007  -0.5245  -0.0049   0.4007   0.0155  -0.0476
 -0.0094  -0.5189  -0.0075   0.3973   0.0165  -0.0411
 -0.0079  -0.5022  -0.0044   0.3655   0.0119  -0.0198
 -0.0255  -0.5032  -0.0220   0.3569   0.0028  -0.0082
 -0.0368  -0.5130  -0.0326   0.3133   0.0048   0.0100
 -0.0436  -0.5227  -0.0502   0.2837   0.0025   0.0322
 -0.0460  -0.5350  -0.0442   0.2604  -0.0173   0.0441
 -0.0521  -0.5404  -0.0523   0.2660  -0.0107   0.0407
 -0.0618  -0.5648  -0.0409   0.2776  -0.0069   0.0265
 -0.0496  -0.5909  -0.0462   0.3128  -0.0279   0.0146
 -0.0428  -0.6104  -0.0121   0.4043  -0.0047  -0.0278
 -0.0480  -0.6033  -0.0394   0.3930  -0.0199  -0.0136
 -0.0506  -0.5957  -0.0413   0.3997  -0.0196  -0.0062
 -0.0700  -0.6352  -0.0285   0.3850  -0.0173  -0.0125
 -0.0645  -0.6401  -0.0405   0.3746  -0.0144  -0.0015
 -0.0736  -0.6369  -0.0359   0.3589  -0.0180   0.0140
 -0.0701  -0.6641  -0.0285   0.3665  -0.0184   0.0116
 -0.0809  -0.6732  -0.0293   0.3590  -0.0231   0.0128
 -0.0858  -0.6794  -0.0279   0.3353  -0.0232   0.0212
 -0.0783  -0.6918  -0.0316   0.3689  -0.0293   0.0132
 -0.0772  -0.6988  -0.0443   0.3618  -0.0358   0.0173
 -0.0760  -0.6960  -0.0353   0.3365  -0.0320   0.0402
 -0.0766  -0.6952  -0.0313   0.3583  -0.0273   0.0306
 -0.0897  -0.7036  -0.0179   0.3411  -0.0093   0.0318
 -0.0864  -0.6895  -0.0216   0.3466  -0.0086   0.0302
 -0.0814  -0.6907  -0.0279   0.3732  -0.0236   0.0081
 -0.0827  -0.7063  -0.0163   0.3821  -0.0165   0.0114
 -0.0757  -0.6883  -0.0397   0.3519  -0.0192   0.0342
 -0.0758  -0.7169  -0.0308   0.3855  -0.0282   0.0169
 -0.0839  -0.7091  -0.0485   0.3683  -0.0297   0.0235
 -0.0906  -0.7230  -0.0385   0.3427  -0.0276   0.0334
 -0.0796  -0.7185  -0.0321   0.3404  -0.0083   0.0408
 -0.0832  -0.7395  -0.0277   0.3681  -0.0120   0.0365
 -0.0943  -0.7513  -0.0305   0.3245  -0.0224   0.0430
 -0.0938  -0.7783  -0.0243   0.3181  -0.0365   0.0503
 -0.0837  -0.7790  -0.0291   0.3667  -0.0342   0.0356
 -0.0899  -0.7766  -0.0324   0.3596  -0.0251   0.0298
 -0.0866  -0.7995  -0.0176   0.3951  -0.0101   0.0192
 -0.0966  -0.7789  -0.0392   0.3645  -0.0219   0.0428
 -0.1049  -0.7969  -0.0250   0.3664  -0.0220   0.0332
 -0.1185  -0.7989  -0.0164   0.3307  -0.0268   0.0443
 -0.1160  -0.8141  -0.0242   0.3405  -0.0294   0.0371
 -0.1175  -0.8165  -0.0239   0.3353  -0.0330   0.0447
 -0.1252  -0.8092  -0.0298   0.3445  -0.0273   0.0400
 -0.1406  -0.8179  -0.0286   0.3534  -0.0328   0.0355
 -0.1538  -0.8353  -0.0448   0.4267  -0.0009   0.0012
 -0.1314  -0.8544  -0.0405   0.4035  -0.0103   0.0081
 -0.1331  -0.8404  -0.0432   0.4116  -0.0127  -0.0025
 -0.1458  -0.8674  -0.0487   0.4383  -0.0081  -0.0036
 -0.1544  -0.8494  -0.0427   0.4381  -0.0048   0.0015
 -0.1562  -0.8752  -0.0629   0.4183  -0.0332   0.0026
 -0.1529  -0.8720  -0.0662   0.4904  -0.0145  -0.0081
 -0.1622  -0.9132  -0.0289   0.4856  -0.0455   0.0063
 -0.1273  -0.7012  -0.0021   0.4294  -0.0938  -0.0054
 -0.1105  -0.6566   0.0063   0.4264  -0.0703  -0.0143
 -0.0610  -0.2697   0.0532   0.2952  -0.1352   0.0138
 -0.0842  -0.3835  -0.0782   0.1657  -0.0519   0.0389
 -0.0993  -0.5559  -0.0304   0.5790   0.0272  -0.1947
 -0.0789  -0.5364   0.0295   0.5500   0.0461  -0.1861
 -0.0942  -0.5950   0.0053   0.4370   0.0566  -0.1122
 -0.1040  -0.3809  -0.0636   0.4074   0.0108  -0.1296
 -0.1117  -0.3089  -0.0312   0.3541  -0.0239  -0.1603
 -0.0948  -0.2615  -0.0006   0.3537  -0.0349  -0.1762
 -0.1252  -0.3633  -0.0057   0.3608   0.0363  -0.1587
 -0.1076  -0.3853  -0.0218   0.3664   0.0420  -0.1176
 -0.1103  -0.5239  -0.0044   0.4283   0.0533  -0.1061
 -0.0937  -0.5144  -0.0080   0.3845   0.0418  -0.0994
 -0.1306  -0.6092   0.0058   0.4252  -0.0230  -0.1016
  0.0200   0.0463   0.0749   0.0792  -0.0213  -0.0307
  0.0793   0.9946   0.0597  -0.6559  -0.1294   0.1268
 -0.0231  -0.1784   0.0399  -0.0325  -0.0529   0.1152
  0.0523   1.5989  -0.0509  -0.5560  -0.0033  -0.3266
  0.1359   2.3405  -0.0392  -0.8943   0.0256  -0.3831
  0.1303   2.2768  -0.0351  -0.9269   0.0287  -0.3888
  0.1529   2.6638  -0.0593  -1.0367   0.0178  -0.4141
  0.1353   2.5706  -0.0692  -1.0941   0.0396  -0.3707
  0.1345   2.6991  -0.0701  -1.1580  -0.0172  -0.3671
  0.1232   2.8497  -0.0577  -1.3722  -0.0700  -0.3125
  0.1651   2.7486  -0.0170  -1.2521  -0.0266  -0.3440
  0.1681   2.6855   0.0082  -1.2428   0.0020  -0.3327
  0.1531   2.7120   0.0172  -1.2384   0.0131  -0.3779
  0.1384   2.7045   0.0035  -1.2631   0.0137  -0.3695
  0.1421   2.6390   0.0197  -1.0772   0.0469  -0.4567
  0.0918   2.2883   0.0419  -0.7866   0.0579  -0.5208
  0.0768   2.1435   0.0667  -0.6795   0.0342  -0.5605
  0.0508   1.9635   0.0358  -0.6655   0.0552  -0.4938
  0.0214   2.0440   0.0015  -0.7540   0.0368  -0.4641
  0.0586   2.0538   0.0383  -0.7751   0.0359  -0.4510
  0.0540   2.2388   0.0426  -0.8102   0.0370  -0.5154
  0.0720   2.3923   0.0226  -0.9599   0.0512  -0.4743
  0.0770   2.5420   0.0037  -1.2460   0.0422  -0.3715
  0.0669   2.5487   0.0310  -1.1394   0.0239  -0.4285
  0.1543   2.6702   0.0107  -1.5474   0.0746  -0.2374
  0.2893   3.1090   0.0490  -2.0784   0.0515  -0.0494
  0.2153   3.1198   0.0533  -1.9748   0.0678  -0.1204
  0.2151   3.1467   0.0711  -1.9455   0.0589  -0.1403
  0.1990   3.0131   0.0619  -1.8086   0.0823  -0.1811
  0.1872   2.9974   0.0924  -1.7760   0.0670  -0.2024
  0.1664   2.8288   0.0860  -1.6698   0.0618  -0.2224
  0.1482   2.8285   0.0441  -1.6993   0.0608  -0.2079
  0.0937   2.6781   0.0226  -1.5992   0.0471  -0.2074
  0.0908   2.5863   0.0214  -1.6179   0.0427  -0.1814
  0.0772   2.5553   0.0266  -1.5388   0.0440  -0.2088
  0.0787   2.6555   0.0133  -1.6531   0.0363  -0.1760
