  0.0212   0.0583   0.0808  -0.3548  -0.0082   0.0666
  0.0298   0.0545   0.0642  -0.3885  -0.0031   0.0775
  0.0320   0.0895   0.0718  -0.3416  -0.0028   0.0739
  0.0345   0.0476   0.0796  -0.3661  -0.0000   0.0661
  0.0273   0.0617   0.0779  -0.3399  -0.0020   0.0591
  0.0253   0.0106   0.0986  -0.3702  -0.0045   0.0454
  0.0191   0.0248   0.0819  -0.3319   0.0017   0.0498
  0.0230  -0.0215   0.0963  -0.4200  -0.0078   0.0507
  0.0266   0.0044   0.0907  -0.3986   0.0067   0.0575
  0.0233  -0.0156   0.0816  -0.4247   0.0091   0.0541
  0.0168  -0.0067   0.0879  -0.4328   0.0052   0.0598
  0.0373   0.0272   0.0641  -0.4394   0.0329   0.0727
  0.0308   0.0402   0.0787  -0.4396   0.0151   0.0772
  0.0197   0.0893   0.0622  -0.4281   0.0208   0.0838
  0.0304   0.0504   0.0801  -0.5074   0.0217   0.0828
  0.0201   0.1027   0.0635  -0.4110   0.0133   0.0970
  0.0266   0.0184   0.0983  -0.4733   0.0120   0.0837
  0.0185   0.1157   0.0850  -0.4524   0.0291   0.1046
  0.0175   0.0959   0.1006  -0.4734   0.0203   0.0981
  0.0172   0.0775   0.0960  -0.4488   0.0225   0.0939
  0.0283   0.0967   0.0796  -0.4179   0.0369   0.0806
  0.0229   0.0976   0.0665  -0.4310   0.0394   0.0860
  0.0105   0.1144   0.0791  -0.4152   0.0276   0.0664
  0.0005   0.0424   0.0741  -0.4139   0.0182   0.0779
  0.0086  -0.0188   0.0755  -0.4077   0.0211   0.0706
  0.0086   0.0331   0.0791  -0.4099   0.0099   0.0728
  0.0057   0.0408   0.0708  -0.3879   0.0032   0.0701
  0.0177   0.0184   0.0729  -0.4004   0.0098   0.0689
  0.0060   0.0659   0.0637  -0.3770   0.0108   0.0707
  0.0206   0.0289   0.0825  -0.3778  -0.0016   0.0647
  0.0122   0.0295   0.0765  -0.3740   0.0005   0.0637
  0.0102   0.0550   0.0735  -0.3564   0.0003   0.0676
 -0.0096  -0.0205   0.0882  -0.3480   0.0078   0.0435
 -0.0158   0.0155   0.0639  -0.3916   0.0098   0.0562
  0.0088   0.0234   0.0715  -0.3521   0.0169   0.0626
 -0.0068  -0.0366   0.0797  -0.3938  -0.0169   0.0497
  0.0011   0.0266   0.0754  -0.3730  -0.0028   0.0591
 -0.0045   0.0091   0.0748  -0.4038   0.0080   0.0634
 -0.0002   0.0180   0.0710  -0.4060  -0.0063   0.0674
 -0.0086   0.0583   0.0592  -0.3879   0.0203   0.0721
 -0.0099  -0.0123   0.0850  -0.3904   0.0094   0.0568
 -0.0061   0.0251   0.0521  -0.4169   0.0336   0.0775
  0.0022   0.0216   0.0676  -0.3835   0.0062   0.0741
 -0.0038   0.0308   0.0599  -0.3934   0.0154   0.0831
  0.0074   0.0154   0.1036  -0.4559  -0.0060   0.0754
 -0.0016   0.0872   0.1410  -0.5109  -0.0211   0.0955
 -0.0070   0.1118   0.1361  -0.5198  -0.0175   0.0748
  0.0027   0.1181   0.0985  -0.4825  -0.0055   0.0789
  0.0067   0.1156   0.0816  -0.4628   0.0020   0.0613
  0.0145   0.0916   0.0951  -0.4569   0.0048   0.0514
  0.0063   0.0982   0.0774  -0.4346   0.0036   0.0524
  0.0073   0.0658   0.0868  -0.4311   0.0099   0.0419
  0.0104   0.1153   0.0680  -0.4045   0.0109   0.0357
  0.0217   0.0470   0.0871  -0.4420   0.0064   0.0484
  0.0052   0.0707   0.0855  -0.4167  -0.0034   0.0571
  0.0086   0.0180   0.0741  -0.3999   0.0051   0.0432
  0.0163   0.0214   0.0766  -0.4164  -0.0048   0.0384
  0.0072   0.0658   0.0754  -0.4096   0.0022   0.0648
  0.0014   0.0278   0.0686  -0.4176   0.0085   0.0554
  0.0132   0.0525   0.0692  -0.4311   0.0176   0.0620
 -0.0027   0.0515   0.0625  -0.4242   0.0053   0.0725
  0.0100   0.0135   0.0528  -0.4363   0.0107   0.0854
  0.0111   0.0332   0.0518  -0.4082  -0.0017   0.0941
  0.0142   0.0480   0.0655  -0.4118   0.0019   0.0822
  0.0431   0.0359   0.0787  -0.4173  -0.0062   0.0692
  0.0144   0.0337   0.0618  -0.4035  -0.0029   0.0675
  0.0246   0.0114   0.0756  -0.4143  -0.0047   0.0686
  0.0180   0.0027   0.0791  -0.3838  -0.0007   0.0625
  0.0063  -0.0252   0.0538  -0.3990   0.0025   0.0491
  0.0150   0.0375   0.0643  -0.4088   0.0004   0.0686
  0.0071   0.0485   0.0495  -0.3991  -0.0026   0.0628
  0.0131   0.0284   0.0667  -0.3846  -0.0056   0.0601
  0.0100   0.0076   0.0875  -0.3566  -0.0276   0.0406
  0.0016   0.0234   0.0874  -0.3763  -0.0424   0.0506
  0.0021   0.0030   0.0728  -0.3721  -0.0173   0.0505
 -0.0099   0.0363   0.0618  -0.3648  -0.0025   0.0653
 -0.0058   0.0201   0.0627  -0.4070   0.0007   0.0502
  0.0014   0.0502   0.0494  -0.4060   0.0168   0.0671
 -0.0046   0.0145   0.0490  -0.4023   0.0040   0.0592
  0.0015   0.0619   0.0530  -0.4038   0.0104   0.0732
 -0.0016   0.0099   0.0501  -0.3631   0.0061   0.0661
  0.0127  -0.0044   0.0575  -0.3966  -0.0012   0.0689
  0.0136   0.0258   0.0605  -0.3784   0.0083   0.0757
  0.0147   0.0126   0.0709  -0.3907   0.0042   0.0830
  0.0093  -0.0251   0.0841  -0.4021   0.0001   0.0694
  0.0020   0.0036   0.0622  -0.4190   0.0006   0.0986
  0.0077   0.0180   0.0472  -0.3703  -0.0058   0.0744
  0.0027   0.0254   0.0606  -0.4104  -0.0221   0.0877
  0.0059   0.0379   0.0601  -0.3618  -0.0127   0.0674
  0.0037   0.0286   0.0712  -0.4032  -0.0135   0.0808
  0.0007   0.0293   0.0604  -0.3442   0.0050   0.0679
  0.0064  -0.0002   0.0638  -0.4092  -0.0126   0.0697
  0.0060  -0.0067   0.0740  -0.3914  -0.0243   0.0678
  0.0028   0.0261   0.0643  -0.4306  -0.0083   0.0885
  0.0018   0.0167   0.0749  -0.3811  -0.0021   0.0828
  0.0095  -0.0174   0.1061  -0.6073   0.0074   0.1221
  0.0080  -0.0070   0.1189  -0.6949  -0.0036   0.1261
  0.0003   0.0200   0.0960  -0.6666   0.0143   0.1294
 -0.0024   0.0378   0.0933  -0.6443   0.0099   0.1229
  0.0010   0.0148   0.0895  -0.6434   0.0312   0.1313
  0.0035  -0.0215   0.0930  -0.6179   0.0198   0.1208
 -0.0049   0.0049   0.0761  -0.6390   0.0186   0.1355
  0.0024   0.0577   0.0678  -0.5997   0.0332   0.1203
 -0.0074   0.0254   0.0789  -0.6308   0.0321   0.1314
 -0.0027   0.0310   0.0713  -0.6124   0.0243   0.0988
 -0.0065   0.0107   0.0814  -0.6529   0.0332   0.1274
 -0.0049   0.0274   0.0695  -0.5523   0.0238   0.0718
  0.0046   0.0108   0.0669  -0.5642   0.0332   0.0992
 -0.0393  -0.0001   0.1088  -0.4358   0.0157   0.0377
 -0.0371   0.0779   0.1089  -0.5606   0.0169   0.0950
  0.0502  -0.0208   0.0324  -0.0812  -0.0368  -0.0564
  0.0347  -0.0470  -0.0054  -0.1981  -0.0338  -0.0503
  0.0264   0.0132  -0.0083  -0.3151   0.0147   0.0545
  0.0225  -0.0165  -0.0136  -0.3047  -0.0078  -0.0296
  0.0227   0.0530  -0.0157  -0.2487   0.0043   0.0155
  0.0064   0.0494   0.0190  -0.2622  -0.0202  -0.0113
 -0.0116   0.0804   0.0224  -0.2666  -0.0264  -0.0111
  0.0432   0.1362   0.0196  -0.3361   0.0111   0.0472
 -0.0098  -0.0172  -0.0031   0.0773  -0.0347  -0.0807
 -0.0140   0.1082  -0.1249   0.6654  -0.0381  -0.2778
 -0.0233   0.0176  -0.0652   0.4827  -0.0341  -0.1534
  0.0081  -0.0140  -0.0715   0.6120  -0.0403  -0.1590
  0.0530   0.0463  -0.0636   0.4943  -0.0123  -0.1221
  0.0505   0.0574  -0.0703   0.6424  -0.0364  -0.1799
  0.0548   0.0747  -0.0783   0.5824  -0.0175  -0.1434
  0.0436   0.1108  -0.0717   0.7069  -0.0360  -0.1705
  0.0431   0.0891  -0.0820   0.6262  -0.0251  -0.1475
  0.0317   0.1110  -0.0814   0.7111  -0.0318  -0.1646
  0.0333   0.0673  -0.0864   0.6621  -0.0239  -0.1452
  0.0300   0.0537  -0.1042   0.7270  -0.0324  -0.1540
  0.0274  -0.0011  -0.0951   0.7214  -0.0327  -0.1350
  0.0061   0.0334  -0.0961   0.7612  -0.0367  -0.1349
  0.0010  -0.0640  -0.0732   0.5964  -0.0423  -0.1138
 -0.0200  -0.0233  -0.0800   0.6780  -0.0418  -0.1069
 -0.0148   0.0079  -0.0644   0.6627  -0.0393  -0.0950
 -0.0172  -0.0254  -0.0824   0.6720  -0.0303  -0.1089
 -0.0292  -0.0472  -0.0850   0.6562  -0.0283  -0.0940
 -0.0284  -0.0633  -0.0868   0.7063  -0.0386  -0.1060
  0.0267  -0.0161  -0.0827   0.6712  -0.0328  -0.0794
  0.0647  -0.0952  -0.0558   0.6363  -0.0430  -0.0899
  0.0339   0.0005  -0.0793   0.6537  -0.0339  -0.0674
  0.0416  -0.0537  -0.0645   0.6318  -0.0151  -0.0831
  0.0278  -0.0613  -0.0687   0.5448  -0.0138  -0.0623
 -0.0053  -0.1056  -0.0801   0.6623  -0.0334  -0.0859
  0.0060  -0.0259  -0.0869   0.7153  -0.0340  -0.0941
  0.0146  -0.0677  -0.0902   0.6629  -0.0257  -0.0970
  0.0319  -0.0848  -0.1023   0.6302  -0.0022  -0.0798
  0.0439  -0.0501  -0.1112   0.7300  -0.0113  -0.0918
  0.0217   0.0065  -0.0988   0.7007  -0.0175  -0.0804
  0.0119  -0.0597  -0.1141   0.7176  -0.0151  -0.0943
  0.0103  -0.0676  -0.1070   0.6575  -0.0157  -0.0798
 -0.0220   0.0027  -0.0942   0.7452  -0.0458  -0.0902
  0.0024  -0.0679  -0.1063   0.6662  -0.0257  -0.0797
 -0.0060   0.0054  -0.0895   0.7027  -0.0394  -0.0889
 -0.0053  -0.0304  -0.0964   0.7111  -0.0293  -0.0775
 -0.0033   0.0003  -0.0989   0.7243  -0.0350  -0.0981
  0.0067  -0.0021  -0.0857   0.7356  -0.0170  -0.0804
  0.0158  -0.0546  -0.1018   0.7366  -0.0197  -0.1070
 -0.0098  -0.0111  -0.1078   0.7045  -0.0239  -0.0870
 -0.0165   0.0131  -0.1031   0.7487  -0.0388  -0.0936
 -0.0163   0.0088  -0.0973   0.7125  -0.0306  -0.0870
 -0.0156   0.0036  -0.1068   0.7638  -0.0449  -0.1007
 -0.0143  -0.0136  -0.0918   0.7419  -0.0445  -0.1004
 -0.0306   0.0303  -0.1135   0.7816  -0.0571  -0.1017
 -0.0129   0.0154  -0.0756   0.7588  -0.0377  -0.1089
 -0.0380   0.0319  -0.1970   0.8326  -0.0548  -0.1203
  0.0084  -0.1206  -0.1767   0.8282  -0.0324  -0.0945
  0.0368  -0.2303   0.0052   0.7091  -0.0329  -0.0573
 -0.0343  -0.1500   0.0139   0.6317  -0.0740  -0.0754
 -0.0019  -0.0611   0.0215   0.6437  -0.0405  -0.0379
 -0.0258   0.2301   0.0226   0.4651  -0.0283  -0.0692
 -0.0050   0.2662  -0.0029   0.4200  -0.0129  -0.1103
  0.0176   0.1762  -0.0372   0.4473  -0.0170  -0.0657
  0.0034   0.2577  -0.0144   0.5269  -0.0262  -0.0891
 -0.0046   0.1747  -0.0111   0.5212  -0.0366  -0.0795
 -0.0202   0.2118  -0.0159   0.5510  -0.0375  -0.0790
 -0.0027   0.1550  -0.0185   0.5880  -0.0472  -0.0890
  0.0045   0.1241  -0.0160   0.5819  -0.0455  -0.0917
  0.0048   0.1253  -0.0156   0.5597  -0.0451  -0.0718
 -0.0027   0.0989  -0.0138   0.5915  -0.0504  -0.1026
 -0.0074   0.0459  -0.0140   0.6657  -0.0519  -0.0963
 -0.0033  -0.0010  -0.0264   0.5917  -0.0537  -0.1026
 -0.0104   0.0028  -0.0212   0.6275  -0.0613  -0.0882
 -0.0150   0.0340  -0.0249   0.7255  -0.0539  -0.1114
 -0.0057  -0.0332  -0.0238   0.6503  -0.0603  -0.0970
 -0.0084  -0.0595  -0.0203   0.6594  -0.0722  -0.1136
 -0.0189  -0.0245  -0.0040   0.6726  -0.0715  -0.0864
 -0.0177   0.0858  -0.1105   0.8076  -0.0320  -0.1353
 -0.0346  -0.0023  -0.1594   0.8765  -0.0188  -0.1034
 -0.0451  -0.0684  -0.0662   0.7911  -0.0558  -0.0862
 -0.0305  -0.0134  -0.0919   0.7233  -0.0355  -0.0770
 -0.0409   0.0018  -0.0868   0.8640  -0.0419  -0.0865
 -0.0273  -0.0470  -0.0877   0.7933  -0.0333  -0.0986
 -0.0420  -0.0551  -0.0795   0.8370  -0.0463  -0.1089
 -0.0144  -0.0332  -0.1051   0.7229   0.0020  -0.0746
 -0.0273  -0.0123  -0.0806   0.9966  -0.0025  -0.1276
 -0.0112  -0.0634  -0.0853   0.9302  -0.0217  -0.1423
 -0.0200  -0.0200  -0.0934   0.8021  -0.0182  -0.0786
 -0.0437  -0.0069  -0.1039   0.9346  -0.0387  -0.1158
 -0.0353   0.0419  -0.0987   0.9180  -0.0294  -0.1157
 -0.0527   0.0517  -0.0896   0.9549  -0.0342  -0.1652
 -0.0849   0.1484  -0.0452   0.7730  -0.0167  -0.1617
 -0.0541   0.1253  -0.0535   0.7789  -0.0205  -0.0984
 -0.0452   0.0835  -0.0769   0.9566  -0.0208  -0.1172
 -0.0277   0.0000  -0.0675   0.7810  -0.0343  -0.1222
 -0.0172   0.0172  -0.0702   0.8136  -0.0359  -0.1170
 -0.0325   0.0468  -0.0952   0.9120  -0.0206  -0.1259
 -0.0398  -0.0091  -0.0782   0.8030  -0.0446  -0.1167
 -0.0363   0.0659  -0.0773   0.8295  -0.0384  -0.1107
 -0.0524  -0.0157  -0.0818   0.8083  -0.0671  -0.1156
 -0.0464   0.0104  -0.0614   0.8413  -0.0898  -0.1168
 -0.0263  -0.0303  -0.0408   0.8877  -0.0852  -0.1277
 -0.0440  -0.0446  -0.0397   0.8578  -0.0947  -0.1238
 -0.0576  -0.0349  -0.0469   0.9161  -0.1101  -0.1496
 -0.0598  -0.0695  -0.0494   0.8799  -0.1018  -0.1318
 -0.0484   0.0041  -0.0519   0.9530  -0.0788  -0.1481
 -0.0322  -0.0379  -0.0471   0.8451  -0.0552  -0.1330
 -0.0345  -0.0220  -0.0575   0.8120  -0.0615  -0.1345
 -0.0456   0.0434  -0.0729   0.8525  -0.0558  -0.1164
 -0.0484  -0.0502  -0.0630   0.8129  -0.0724  -0.1361
 -0.0661   0.0466  -0.0805   0.9397  -0.0634  -0.1107
 -0.0411   0.0257  -0.0721   0.9115  -0.0629  -0.1392
 -0.0835  -0.0456  -0.0859   0.6022  -0.0454  -0.0763
 -0.0643  -0.0917  -0.0507   0.7692  -0.0573  -0.1085
  0.0576  -0.0527  -0.0475   0.4679   0.0143  -0.0467
  0.1553  -0.0589  -0.0304  -0.2380   0.1244   0.0841
  0.1392  -0.1358  -0.0550  -0.0281   0.1434   0.0486
  0.0865  -0.0370  -0.0905   0.4746   0.0584  -0.1999
  0.1376  -0.0547  -0.0789  -0.0592   0.0799  -0.0591
  0.0682  -0.1507  -0.0281  -0.2814   0.0855  -0.0264
  0.0076  -0.1973  -0.0786   0.0361   0.0589  -0.1169
  0.0323  -0.2791  -0.1107  -0.2612   0.1425  -0.0987
  0.0526  -0.2948  -0.0747  -0.5009   0.1429  -0.0066
  0.0743  -0.3466   0.0010  -0.7190   0.1512   0.1446
  0.0527  -0.3724  -0.0010  -0.6554   0.1429   0.0846
  0.0627  -0.3998   0.0173  -0.7271   0.1456   0.1170
  0.0396  -0.3746   0.0127  -0.6939   0.1312   0.0726
  0.0144  -0.3375   0.0266  -0.7777   0.1147   0.1191
 -0.0095  -0.1883   0.0453  -0.8417   0.0966   0.1193
 -0.0360  -0.1564  -0.0230  -0.8073   0.1084   0.1161
 -0.0534  -0.2620  -0.0096  -0.9218   0.0864   0.1237
 -0.0271  -0.1493   0.0050  -0.9374   0.1067   0.1561
 -0.0288  -0.2505  -0.0019  -0.9457   0.0898   0.1325
 -0.0302  -0.1065  -0.0234  -0.9386   0.0906   0.1617
 -0.0368  -0.2424  -0.0493  -0.9653   0.0974   0.1609
 -0.0272  -0.2161  -0.0764  -1.0144   0.1077   0.1774
 -0.0484  -0.1712  -0.0563  -0.9844   0.0965   0.1766
 -0.0482  -0.1536  -0.0623  -0.9896   0.0971   0.1668
 -0.0589  -0.1448  -0.0606  -0.9702   0.0922   0.1637
 -0.0387  -0.1170  -0.0527  -0.9910   0.0933   0.1621
 -0.0683  -0.1086  -0.0507  -0.9952   0.0846   0.1392
 -0.0673  -0.0820  -0.0336  -1.0040   0.0798   0.1455
 -0.0767   0.0114  -0.0551  -0.9874   0.0818   0.1288
 -0.0784  -0.0739  -0.0300  -0.9891   0.0608   0.1420
 -0.0604   0.0060  -0.0533  -1.0011   0.0953   0.1425
 -0.0742  -0.0759  -0.0166  -1.0066   0.0521   0.1458
 -0.0491  -0.0276  -0.0313  -0.9046   0.0891   0.1583
 -0.0411  -0.1213  -0.0687  -0.8535   0.0971   0.1251
 -0.0559  -0.0341  -0.0543  -0.9580   0.0858   0.1490
 -0.0500  -0.0311  -0.0694  -0.8807   0.0773   0.1326
 -0.0545  -0.0288  -0.0655  -1.0463   0.0882   0.1440
