  0.1034   0.1733  -0.1412   0.1597   0.1069   0.0346
  0.3610   0.8686   0.0545   0.5984   0.0429  -0.3861
  0.1901   0.4052  -0.0030   0.6151   0.0199   0.1684
  0.0708  -0.1254   0.0897  -0.6033  -0.1660   0.2190
 -0.1635  -0.0288  -0.0614  -0.6630   0.0072   0.2808
 -0.0411  -0.0977   0.0368  -0.8198  -0.1636   0.0078
  0.0216  -0.1078   0.1768  -0.9437  -0.2167   0.1040
  0.0403  -0.1241   0.1157  -0.9110  -0.2201   0.1757
  0.0778  -0.1076   0.1442  -0.4742  -0.1779   0.0508
  0.0725  -0.0637   0.1772  -0.4913  -0.1618   0.1264
  0.0748  -0.1043   0.1822  -0.4689  -0.1485   0.0278
  0.0694  -0.0807   0.1827  -0.3947  -0.1470   0.0908
  0.0935  -0.7816   0.2046   0.3671  -0.0370  -0.0020
  0.1061  -0.8661   0.2438   0.3754  -0.0380   0.0348
  0.0925  -0.7484   0.2314   0.2668  -0.0501   0.0776
  0.1063  -0.5713   0.2307   0.1582  -0.0429   0.0831
  0.1080  -0.5091   0.1901   0.1423  -0.0300   0.0608
  0.0863  -0.3532   0.1461   0.1069  -0.0209   0.0073
 -0.0258   0.2914  -0.0595   0.0132  -0.0204   0.0115
 -0.0039   0.0544  -0.0097   0.0419  -0.0061  -0.0106
  0.0036   0.0519  -0.0166   0.0004  -0.0073  -0.0060
  0.0315   0.0844   0.0033  -0.0116  -0.0030   0.0271
  0.0415   0.0719  -0.0048  -0.0217  -0.0036   0.0462
  0.0292   0.0951  -0.0355  -0.0314  -0.0122   0.0470
  0.0179   0.0960  -0.0359  -0.0370  -0.0098   0.0040
  0.0237   0.1379  -0.0069  -0.0516  -0.0004   0.0032
  0.0509   0.1543   0.0105  -0.0647   0.0116   0.0148
  0.0489   0.1734   0.0128  -0.0520   0.0082   0.0151
 -0.0048   0.1182   0.0304  -0.1164   0.0302   0.0217
  0.0183   0.1198   0.0048  -0.1024   0.0182  -0.0052
  0.0162   0.1111   0.0096  -0.1171   0.0101  -0.0251
  0.0058   0.1253   0.0031  -0.1338  -0.0012  -0.0011
 -0.0084   0.1220  -0.0206  -0.1570  -0.0344  -0.0072
  0.0079   0.1625   0.0179  -0.2087  -0.0383   0.0121
  0.0342   0.1109   0.1107  -0.2642  -0.1225  -0.0807
 -0.0213   0.2666   0.0513  -0.2644  -0.0943   0.0837
 -0.0981   0.8579   0.0760  -0.2429   0.0415  -0.0471
 -0.0602   0.7158  -0.0396  -0.1715  -0.0047  -0.1437
 -0.0483   0.7519  -0.0258  -0.2436  -0.0155  -0.0540
 -0.0406   0.7415  -0.0006  -0.2495  -0.0169  -0.0397
 -0.0331   0.7063   0.0090  -0.2507  -0.0201  -0.0469
 -0.0517   0.6057  -0.0091  -0.1923  -0.0264  -0.0569
 -0.0624   0.5803  -0.0159  -0.1873  -0.0328  -0.0363
 -0.0536   0.5489  -0.0039  -0.2161  -0.0368  -0.0891
 -0.0400   0.5332  -0.0046  -0.1802  -0.0376   0.0002
 -0.0382   0.5555  -0.0106  -0.1917  -0.0262  -0.0308
 -0.0532   0.3620  -0.0555  -0.2564  -0.0587  -0.0049
 -0.2427   0.1146  -0.3201  -1.1150  -0.0581   0.1994
 -0.2008  -0.4302  -0.3245  -0.2723   0.0259  -0.0113
 -0.2447  -0.2051  -0.2275  -0.2723   0.0457   0.0249
 -0.2294  -0.1280  -0.2352  -0.4176   0.0396   0.0401
 -0.1255   0.1016  -0.2178  -0.4171   0.0456  -0.0451
 -0.0226  -0.3313  -0.2317   0.0316   0.0741  -0.0767
  0.0177  -1.3361  -0.1433   0.7228   0.0917  -0.0336
 -0.0565  -1.0843  -0.1411   0.6715   0.0928   0.0773
 -0.0684  -1.0103  -0.1143   0.6038   0.0743   0.0330
 -0.0566  -1.1712  -0.1534   0.4882   0.0542   0.0975
 -0.0372  -0.2279  -0.0843   0.2277   0.0392   0.1130
  0.0422   0.2060  -0.0355   0.3139   0.0698  -0.1186
  0.0074   0.1510  -0.0416   0.3179   0.0716  -0.0225
  0.0024   0.0956  -0.0206   0.3357   0.0645  -0.0664
 -0.0185   0.0863  -0.0339   0.3480   0.0667  -0.0563
  0.0098  -0.2365  -0.0323   0.5695   0.0697   0.0113
  0.0214  -0.4469  -0.0257   0.7128   0.0896  -0.0673
 -0.0022  -0.5282  -0.0128   0.7258   0.0831  -0.0430
  0.0180  -0.4483  -0.0083   0.6777   0.1086  -0.0727
  0.0204  -0.2533   0.0010   0.5448   0.1224  -0.0293
  0.0267  -0.2839   0.0145   0.5984   0.1199  -0.0431
  0.0242  -0.3139  -0.0014   0.5802   0.1130  -0.0425
  0.0241  -0.3403  -0.0043   0.5288   0.1096  -0.0339
  0.0072  -0.2513  -0.0011   0.4132   0.0904  -0.0176
 -0.0252   0.2878   0.1585  -0.1230   0.0477  -0.0225
 -0.0451   0.1685   0.0457  -0.0336   0.0181  -0.0819
 -0.0200   0.2191   0.0068   0.0404   0.0360  -0.0314
 -0.0074   0.1239   0.0094   0.1462   0.0457  -0.0674
 -0.0000   0.1633   0.0044   0.0884   0.0325  -0.0718
  0.0045   0.1740   0.0074   0.0370   0.0298  -0.0716
