 -0.8238   2.2878  -0.8390  -1.1493  -0.9009  -0.5855
 -0.6056   1.0424  -0.6195  -0.2703  -0.7195  -0.3708
 -0.7515   1.1781  -0.7680  -0.6333  -0.8177  -0.2726
 -0.7447   0.9330  -0.7837  -0.4733  -0.8099  -0.3728
 -0.8215   0.9296  -0.8258  -0.5457  -0.8625  -0.2449
 -0.7925   0.8970  -0.8205  -0.5243  -0.8389  -0.2854
 -0.8519   0.7995  -0.8371  -0.4539  -0.8775  -0.2825
 -0.8445   0.9488  -0.8658  -0.6058  -0.8707  -0.3058
 -0.9477   0.7555  -0.8521  -0.4175  -0.9396  -0.2821
 -0.7498   3.1864  -0.8911  -1.6326  -0.8182  -0.6027
 -0.2040   7.9956  -0.6007  -6.0298  -0.2972   0.0238
 -0.7434   7.6674  -0.5959  -6.5344  -0.8017  -0.2219
 -0.7878   6.2550  -0.7684  -4.3974  -0.8720  -0.8216
 -1.0847   4.8167  -1.0776  -3.8787  -1.0551  -0.2670
 -1.0885   4.7309  -1.1411  -3.8250  -1.0977  -0.3156
 -1.1950   4.2397  -1.0779  -3.2541  -1.1815  -0.4588
 -1.1306   4.2281  -1.0786  -2.3242  -1.1588  -0.6866
 -1.2190   3.9314  -1.1427  -2.3812  -1.2080  -0.4780
 -1.1435   3.7427  -1.0820  -2.0482  -1.1315  -0.5363
 -1.1778   3.3841  -1.1566  -1.9937  -1.1913  -0.4026
 -1.1203   3.2951  -1.1955  -1.7324  -1.1283  -0.4468
 -1.1887   3.0307  -1.2253  -1.8347  -1.2145  -0.3667
 -1.1095   3.1447  -1.1985  -1.6496  -1.1207  -0.4663
 -1.2402   2.8620  -1.2310  -1.7717  -1.2637  -0.2515
 -0.8582   3.2818  -0.8208  -0.6114  -0.7198  -0.8501
 -0.4988   3.3370  -0.3042   0.4582  -0.3054  -0.8620
 -0.5541   4.2537  -0.4038   0.5128  -0.3341  -1.0737
 -0.4255   3.0614  -0.3243  -0.1474  -0.1869  -0.4569
 -0.5115   1.8317  -0.2976  -0.8238  -0.5966  -0.1989
 -0.1516   1.5632  -0.0836  -0.6828  -0.2863  -0.3955
 -0.3635   1.5327  -0.2101  -0.4530  -0.5340  -0.3342
 -0.4196   1.7043  -0.3034  -1.2575  -0.4991  -0.3654
 -0.6935   2.5928  -0.4312  -2.5228  -0.6683  -0.2919
 -0.3430   0.5158  -0.3025  -1.1449  -0.0835  -0.1137
  0.1207  -5.6570  -0.5490   2.6311   0.8401   1.9117
  0.1287  -4.7839   1.0150   5.3301   1.3948   2.6332
  0.4397  -2.2114   0.5625   1.7742   1.1294   1.7278
 -0.3089  -0.6677  -0.5416   0.3378  -0.1803   0.5579
  0.4065  -0.8075   0.7191   0.4830   0.8189   0.5509
  2.6191   0.4674   1.3425   0.5677   3.1096   0.3284
  1.1045  -1.2208   0.7910   0.5859   1.0266   0.3569
  0.9846  -0.8406   0.4688   0.1534   0.7597   0.2073
  0.9205  -0.8959   0.3676  -0.1900   0.6800   0.2887
  0.8228  -1.1362   0.4589  -0.1366   0.6475   0.2791
  0.6624  -1.4625   0.3148   0.0620   0.5175   0.2713
  0.6758  -1.2099   0.3477  -0.0498   0.5063   0.2823
  0.6185  -1.4166   0.2723   0.0069   0.4748   0.2997
  0.5305  -1.2482   0.2585   0.0077   0.3943   0.2325
  0.3710  -1.5490   0.0810  -0.1070   0.2810   0.3124
  0.3041  -1.1799   0.0008  -0.0453   0.1613   0.1219
  0.2671  -1.0626   0.0568   0.3270   0.1822   0.0730
  0.1415  -1.1932  -0.0305  -0.1932   0.0711   0.3059
  0.2152  -1.3981  -0.0102   0.0395   0.1200   0.1886
  0.1358  -1.3186  -0.0512  -0.1375   0.0329   0.2651
  0.1925  -1.4925  -0.0436   0.1129   0.1150   0.2197
  0.1058  -1.3238  -0.0762  -0.1914  -0.0170   0.2598
  0.2967  -1.7087   0.1880   0.9402   0.3863   0.1728
  0.4702  -1.4653   0.4561   1.1641   0.5987   0.1677
  0.5613  -1.1501   0.4315   0.7315   0.5216   0.2514
  0.9366  -1.0514   0.7979   0.7302   0.6681   0.0459
  0.4998  -0.4981   1.0731   0.9964   0.2063   0.0833
 -1.2910  -1.3655   2.1122   2.2393  -1.3127   0.1904
  0.6646  -0.0385   0.6282   2.3952   1.2049   0.0400
  3.9403  -0.7516  -0.1784   1.6501   4.6723   0.7855
  1.8209  -1.2015   0.0684   1.9421   2.7970   0.3135
 -0.7094  -1.4104   1.0682   1.7854  -0.2221   0.4130
  0.6893  -2.0430   0.9602   0.9130   0.8949   0.4154
  0.6249  -2.4943   1.0761   1.8208   0.7897   0.1269
  0.6605  -2.4829   1.0375   1.7767   0.8083   0.2486
  0.5050  -2.4450   0.9571   1.9863   0.6492   0.3322
  0.4097  -2.5621   0.8445   1.8981   0.5006   0.3767
  0.4407  -2.8942   0.8833   2.2940   0.5566   0.3584
  0.3710  -2.7760   0.7859   1.8869   0.4360   0.4382
  0.2284  -2.4209   0.6513   1.7332   0.3064   0.2720
  0.1906  -2.2243   0.5724   1.5754   0.2380   0.2377
  0.1884  -2.5319   0.5554   1.9969   0.2896   0.3185
  0.2411  -2.5354   0.5825   1.8016   0.3381   0.3723
  0.1142  -2.4646   0.4733   1.4921   0.2505   0.3427
