  0.0916   0.3674  -0.1810  -0.6362   0.2404   0.1293
  0.0736   0.3680  -0.2060  -0.6322   0.2140   0.1493
  0.0736   0.3185  -0.2070  -0.6078   0.2323   0.1321
  0.0739   0.3719  -0.2145  -0.6554   0.2258   0.1504
  0.0747   0.3448  -0.2019  -0.6136   0.2204   0.1202
  0.0758   0.3727  -0.2128  -0.6364   0.2185   0.1354
  0.0780   0.3468  -0.2039  -0.6177   0.2271   0.1216
  0.0742   0.3487  -0.2097  -0.6367   0.2183   0.1267
  0.0743   0.3376  -0.2046  -0.6361   0.2231   0.1130
  0.0748   0.3336  -0.2049  -0.6339   0.2135   0.1172
  0.0794   0.3525  -0.1827  -0.6327   0.2133   0.1214
  0.0782   0.3210  -0.1955  -0.6092   0.2148   0.1083
  0.0783   0.3545  -0.1867  -0.6367   0.2057   0.1330
  0.0793   0.2997  -0.1952  -0.5961   0.2096   0.1168
  0.0843   0.3313  -0.1835  -0.6188   0.2119   0.1433
  0.0839   0.2871  -0.1821  -0.5731   0.2211   0.1177
  0.0796   0.3302  -0.1923  -0.6160   0.2081   0.1482
  0.0732   0.2825  -0.1805  -0.5900   0.2129   0.1103
  0.0828   0.2980  -0.1825  -0.6071   0.2116   0.1322
  0.0823   0.3172  -0.1773  -0.6148   0.2198   0.1333
  0.0827   0.2841  -0.1839  -0.5758   0.2231   0.1254
  0.0852   0.3051  -0.1949  -0.5997   0.2213   0.1292
  0.0860   0.2778  -0.1879  -0.5936   0.2210   0.1259
  0.0876   0.2832  -0.1853  -0.6068   0.2234   0.1144
  0.0846   0.2885  -0.1792  -0.6007   0.2300   0.1265
  0.0852   0.3137  -0.1875  -0.6143   0.2179   0.1363
  0.0922   0.2679  -0.1727  -0.5799   0.2346   0.1113
  0.0882   0.2971  -0.1900  -0.6126   0.2162   0.1434
  0.0868   0.2706  -0.1733  -0.6048   0.2371   0.1142
  0.0910   0.2695  -0.1813  -0.6070   0.2367   0.1277
  0.0898   0.3088  -0.1660  -0.6181   0.2268   0.1403
  0.0864   0.2665  -0.1797  -0.5991   0.2327   0.1162
  0.0862   0.3240  -0.1785  -0.6263   0.2105   0.1488
  0.0848   0.2808  -0.1823  -0.5889   0.2230   0.1158
  0.0985   0.3199  -0.1434  -0.6171   0.2012   0.1542
  0.0937   0.2241  -0.1019  -0.5501   0.2057   0.1116
  0.0808   0.2542  -0.1134  -0.5878   0.2009   0.1417
  0.0843   0.2360  -0.1030  -0.5805   0.2051   0.1287
  0.0837   0.2476  -0.1117  -0.5782   0.1935   0.1201
  0.0808   0.2593  -0.1006  -0.5914   0.1920   0.1322
  0.0824   0.2300  -0.1004  -0.5691   0.2052   0.1131
  0.0834   0.2868  -0.1097  -0.6158   0.1906   0.1511
  0.0745   0.2202  -0.1059  -0.5545   0.1964   0.1035
  0.0766   0.2635  -0.1150  -0.5990   0.1828   0.1498
  0.0702   0.2257  -0.1176  -0.5530   0.1988   0.1013
  0.0761   0.2363  -0.1222  -0.5692   0.1970   0.1331
  0.0694   0.2429  -0.1042  -0.5675   0.1898   0.1271
  0.0733   0.2162  -0.1027  -0.5513   0.1894   0.1161
  0.0805   0.2765  -0.1016  -0.5866   0.1762   0.1356
  0.0824   0.2011  -0.1065  -0.5378   0.1853   0.1055
  0.0793   0.2757  -0.0935  -0.5812   0.1692   0.1506
  0.0859   0.2179  -0.0898  -0.5406   0.1808   0.1039
  0.0797   0.2732  -0.0930  -0.5631   0.1560   0.1406
  0.0786   0.1991  -0.0802  -0.5266   0.1661   0.1051
  0.0821   0.2603  -0.0894  -0.5594   0.1620   0.1361
  0.0801   0.2070  -0.0890  -0.5309   0.1689   0.1105
  0.0748   0.2475  -0.0957  -0.5571   0.1630   0.1348
  0.0812   0.2245  -0.0900  -0.5356   0.1690   0.1189
  0.0789   0.2568  -0.0936  -0.5618   0.1629   0.1167
  0.0837   0.2339  -0.0882  -0.5456   0.1678   0.1172
  0.0844   0.2407  -0.1126  -0.5620   0.1772   0.1206
  0.0932   0.2179  -0.1034  -0.5573   0.1878   0.1260
  0.0861   0.2363  -0.0973  -0.5586   0.1705   0.1124
  0.0810   0.2217  -0.0938  -0.5519   0.1679   0.1261
  0.0799   0.2356  -0.0927  -0.5423   0.1609   0.1067
  0.0816   0.2433  -0.0896  -0.5567   0.1563   0.1302
  0.0821   0.2234  -0.0917  -0.5397   0.1615   0.0931
  0.0773   0.2684  -0.0909  -0.5725   0.1511   0.1457
  0.0856   0.2261  -0.0990  -0.5457   0.1687   0.0977
  0.0906   0.2417  -0.0731  -0.5570   0.1555   0.1338
  0.0898   0.2249  -0.0736  -0.5387   0.1570   0.1106
  0.0799   0.2448  -0.0824  -0.5706   0.1570   0.1255
  0.0875   0.2485  -0.0781  -0.5358   0.1519   0.1237
  0.0830   0.2419  -0.0704  -0.5384   0.1506   0.1095
  0.0933   0.2578  -0.0704  -0.5202   0.1499   0.1190
  0.0844   0.2399  -0.0547  -0.5477   0.1550   0.0982
  0.0924   0.2765  -0.0757  -0.5650   0.1428   0.1473
  0.1071   0.2108  -0.0646  -0.5089   0.1562   0.0978
  0.0945   0.2454  -0.0437  -0.5392   0.1324   0.1207
  0.1004   0.2254  -0.0187  -0.5430   0.1508   0.0868
  0.1096   0.2365  -0.0242  -0.5318   0.1516   0.0973
  0.1152   0.2616  -0.0346  -0.5620   0.1637   0.1064
  0.1085   0.2277  -0.0193  -0.5147   0.1514   0.1143
  0.0791   0.2321   0.0234  -0.5406   0.1087   0.1533
  0.1016   0.1944   0.0074  -0.4346   0.1421   0.0640
  0.1042   0.2038  -0.0039  -0.4855   0.1306   0.1255
  0.0958   0.2024   0.0471  -0.4515   0.1304   0.0990
  0.1142   0.2173  -0.0064  -0.5173   0.1956   0.1098
  0.1179   0.3138  -0.0190  -0.6176   0.1938   0.1658
  0.1105   0.2211   0.0176  -0.3375   0.1534   0.0404
  0.0971   0.2889   0.0338  -0.4666   0.1156   0.1198
  0.1059   0.2214   0.0397  -0.3884   0.1247   0.0250
  0.0957   0.2595   0.0076  -0.4225   0.1229   0.0733
  0.0837   0.2490   0.0461  -0.4505   0.0830   0.1107
  0.0605   0.1531  -0.0223  -0.2128   0.0992   0.0084
  0.0299   0.0862  -0.0751  -0.0644   0.1094  -0.0123
  0.0224   0.2308  -0.0387  -0.2280   0.0774   0.0671
  0.0491   0.3898  -0.0552  -0.2783   0.0797   0.0271
  0.0487   0.2912  -0.0278  -0.2013   0.0639  -0.0340
  0.0871   0.2409  -0.0793  -0.0125   0.1212  -0.0950
  0.0776   0.2181  -0.1131   0.0440   0.1392  -0.0867
  0.0379   0.2490  -0.0835   0.0645   0.0959  -0.0811
  0.0721   0.2420  -0.0714   0.0369   0.1063  -0.0899
  0.0228   0.2719  -0.0333   0.0141   0.0136  -0.0779
  0.0296   0.2608   0.0057  -0.0372   0.0010  -0.0584
  0.0554   0.2190  -0.0211   0.0292   0.0404  -0.0856
  0.0592   0.1791  -0.0043  -0.0119   0.0341  -0.0330
  0.0673   0.0262  -0.1399   0.3914   0.0789  -0.2103
  0.0910   0.0660  -0.2060   0.4136   0.1351  -0.1682
  0.0814   0.1358  -0.1323   0.1542   0.0908  -0.0216
  0.0634   0.0383  -0.1346   0.3390   0.1143  -0.1442
  0.0415   0.0679  -0.1374   0.2833   0.1226  -0.1112
  0.0522   0.0992  -0.1153   0.3235   0.1442  -0.1453
  0.0538   0.0636  -0.0953   0.3650   0.1318  -0.1607
  0.0733   0.0216  -0.1027   0.4952   0.1454  -0.1868
  0.0649   0.0229  -0.0848   0.4763   0.1248  -0.1935
  0.0558  -0.0056  -0.0847   0.5135   0.1114  -0.1947
  0.0616  -0.0083  -0.0841   0.4866   0.1098  -0.1540
  0.0607  -0.0409  -0.0952   0.5696   0.1159  -0.2037
  0.0378  -0.0132  -0.0807   0.4680   0.0573  -0.1467
 -0.0144   0.0050  -0.0222   0.3503  -0.0436  -0.0904
 -0.0293  -0.0146   0.0013   0.3747  -0.0709  -0.1136
 -0.0423  -0.0282  -0.0075   0.3697  -0.0732  -0.1160
 -0.0537   0.0041   0.0139   0.3777  -0.0866  -0.1127
 -0.0497   0.0084   0.0256   0.3991  -0.0906  -0.1247
 -0.0478  -0.0523   0.0346   0.4138  -0.0889  -0.1360
 -0.0446  -0.0462   0.0349   0.4143  -0.0890  -0.1209
 -0.0494  -0.0722   0.0414   0.4324  -0.1081  -0.1071
 -0.0424  -0.0867   0.0090   0.3470  -0.0780  -0.1135
 -0.0745  -0.0073   0.0291   0.2980  -0.1238  -0.0272
 -0.0851  -0.0655   0.0536   0.3900  -0.1254  -0.1243
 -0.0664  -0.0871   0.0343   0.3652  -0.1002  -0.0990
 -0.0813  -0.0793   0.0482   0.4405  -0.1156  -0.1147
 -0.0745  -0.0475   0.0647   0.4454  -0.1246  -0.1182
 -0.0657  -0.0883   0.0525   0.4681  -0.1160  -0.1411
 -0.0769  -0.0755   0.0495   0.4638  -0.1364  -0.1203
 -0.0891  -0.0735   0.0583   0.4438  -0.1626  -0.1196
 -0.0827  -0.1166   0.0575   0.4177  -0.1536  -0.1340
 -0.0825  -0.1021   0.0622   0.3988  -0.1521  -0.0985
 -0.0971  -0.0912   0.0727   0.4234  -0.1721  -0.1022
 -0.0793  -0.0776   0.0797   0.3724  -0.1364  -0.0823
 -0.0411  -0.0603   0.1177   0.2331  -0.0941  -0.0436
 -0.0445  -0.1129   0.0995   0.3177  -0.0964  -0.0747
 -0.0585  -0.0889   0.1155   0.3014  -0.1303  -0.0551
 -0.0706  -0.1049   0.1206   0.3650  -0.1316  -0.0941
 -0.0838  -0.1197   0.1259   0.2575  -0.1390  -0.0550
 -0.0184  -0.1733   0.1197  -0.1189  -0.0206   0.0526
  0.0327  -0.1636   0.1197  -0.2433   0.0693   0.1721
  0.0361  -0.1700   0.1433  -0.1536   0.0599   0.0866
  0.0653  -0.1243   0.1437  -0.1780   0.0779   0.1034
  0.0545  -0.1839   0.1594  -0.0341   0.0620   0.0815
  0.0586  -0.0818   0.1453  -0.0091   0.0447   0.0428
  0.0297   0.0408   0.1653  -0.2289  -0.0003   0.1193
  0.0195  -0.0554   0.1655  -0.0196  -0.0197  -0.0115
 -0.0449  -0.0348   0.1582   0.1701  -0.1049  -0.0198
 -0.0454  -0.0436   0.1237   0.2106  -0.1109  -0.0243
 -0.0376  -0.0813   0.1226   0.2035  -0.1287  -0.0569
 -0.0607  -0.0757   0.1273   0.1996  -0.1564  -0.0463
 -0.0646  -0.0857   0.1394   0.2031  -0.1657  -0.0364
 -0.0809  -0.1353   0.1384   0.2705  -0.1699  -0.0676
 -0.0806  -0.0820   0.1456   0.2370  -0.1813  -0.0245
 -0.0841  -0.1301   0.1405   0.2783  -0.1852  -0.0716
 -0.0944  -0.0851   0.1572   0.2549  -0.2118  -0.0306
 -0.0925  -0.1500   0.1470   0.2991  -0.2042  -0.0836
 -0.1060  -0.1232   0.1664   0.2803  -0.2330  -0.0369
 -0.0997  -0.1867   0.1543   0.3211  -0.2182  -0.0695
 -0.1080  -0.1298   0.1596   0.3167  -0.2350  -0.0343
 -0.1204  -0.1806   0.1535   0.3449  -0.2319  -0.0724
 -0.1187  -0.1189   0.1629   0.3207  -0.2373  -0.0403
 -0.1110  -0.1259   0.1418   0.2853  -0.2311  -0.0315
 -0.1152  -0.1091   0.1682   0.2818  -0.2321  -0.0252
 -0.1256  -0.2129   0.0961   0.3220  -0.1997  -0.0972
 -0.1304  -0.1675   0.0837   0.2965  -0.1678  -0.0314
 -0.1170  -0.0526   0.1249   0.2599  -0.1935   0.0023
 -0.1398  -0.1442   0.1322   0.4482  -0.2040  -0.1095
 -0.1058  -0.1134   0.1346   0.5980  -0.1801  -0.0978
 -0.1047  -0.1108   0.1020   0.6163  -0.1661  -0.1473
 -0.1499  -0.0719   0.1512   0.6137  -0.2303  -0.1508
 -0.1191  -0.1824   0.0928   0.7496  -0.1788  -0.1957
 -0.1147  -0.1613   0.1044   0.7857  -0.1849  -0.1718
 -0.0968  -0.2082   0.1171   0.7719  -0.1473  -0.1785
 -0.0873  -0.2324   0.0642   0.8498  -0.0963  -0.2311
 -0.1452  -0.1273   0.1126   0.8134  -0.1925  -0.1656
 -0.1118  -0.2085   0.1009   0.8595  -0.1451  -0.2341
 -0.1095  -0.1507   0.1286   0.8690  -0.1563  -0.2021
 -0.0825  -0.1955   0.1480   0.8556  -0.1185  -0.2186
 -0.0815  -0.1754   0.1389   0.8610  -0.1202  -0.2185
 -0.0884  -0.1879   0.1634   0.8530  -0.1357  -0.2225
 -0.0697  -0.2128   0.1507   0.8392  -0.1159  -0.2217
 -0.0573  -0.1300   0.1848   0.8221  -0.1198  -0.1954
 -0.0349  -0.2366   0.1352   0.8627  -0.0801  -0.2282
 -0.0485  -0.1898   0.1295   0.8457  -0.1094  -0.1784
 -0.0522  -0.1261   0.1492   0.7812  -0.1301  -0.1617
 -0.0468  -0.2086   0.1185   0.8324  -0.1135  -0.2108
 -0.0585  -0.1612   0.1207   0.8073  -0.1435  -0.1980
 -0.0859  -0.1992   0.1259   0.8449  -0.1642  -0.1947
 -0.0771  -0.2202   0.1178   0.9123  -0.1599  -0.2191
 -0.0799  -0.2065   0.1155   0.8888  -0.1750  -0.2008
 -0.0865  -0.2411   0.0956   0.9056  -0.1798  -0.2066
 -0.0940  -0.2501   0.1135   0.9196  -0.1825  -0.1913
 -0.0870  -0.2453   0.1148   0.9329  -0.1596  -0.2105
 -0.1067  -0.2492   0.1320   0.9232  -0.1826  -0.1818
 -0.0768  -0.3402   0.0692   1.0007  -0.1289  -0.2665
 -0.0899  -0.2217   0.1298   0.9991  -0.1608  -0.1693
 -0.0998  -0.2803   0.1085   0.9048  -0.1607  -0.2282
 -0.0542  -0.2793   0.0247   0.1559  -0.0351   0.0245
 -0.0163  -0.2985   0.0221  -0.1828   0.0247   0.1602
 -0.0063  -0.2731   0.0442  -0.1119   0.0205   0.0862
  0.0152  -0.3024   0.0605  -0.1285   0.0384   0.1002
  0.0188  -0.2804   0.0605  -0.1057   0.0416   0.0929
  0.0293  -0.3435   0.0439  -0.0691   0.0513   0.0960
  0.0107  -0.3127   0.0419  -0.0987   0.0180   0.1200
  0.0177  -0.3029   0.0538  -0.1428   0.0268   0.1237
  0.0235  -0.2908   0.0580  -0.1482   0.0377   0.1213
  0.0335  -0.3302   0.0629  -0.1413   0.0506   0.1006
  0.0424  -0.3142   0.0599  -0.1500   0.0581   0.1108
  0.0426  -0.2885   0.0654  -0.1888   0.0631   0.1405
  0.0438  -0.3350   0.0707  -0.1378   0.0572   0.1107
  0.0508  -0.3258   0.0598  -0.1701   0.0617   0.1479
  0.0488  -0.3482   0.0736  -0.1417   0.0551   0.1219
  0.0466  -0.3401   0.0813  -0.1590   0.0468   0.1254
  0.0413  -0.3075   0.1010  -0.1809   0.0265   0.1402
  0.0344  -0.3667   0.0999  -0.1232   0.0255   0.0892
  0.0364  -0.3469   0.0936  -0.1256   0.0143   0.1128
  0.0263  -0.2744   0.0885  -0.2133  -0.0229   0.1521
  0.0296  -0.3037   0.1040  -0.1938  -0.0047   0.1078
  0.0347  -0.2828   0.0982  -0.2053  -0.0177   0.1305
  0.0259  -0.2898   0.1172  -0.1827  -0.0175   0.1159
  0.0313  -0.2870   0.1190  -0.1492  -0.0342   0.1116
  0.0413  -0.2599   0.1572  -0.1606  -0.0452   0.1238
  0.0437  -0.2745   0.1435  -0.1491  -0.0350   0.0911
  0.0311  -0.2206   0.1609  -0.2156  -0.0638   0.1579
  0.0433  -0.3782   0.1170   0.1020  -0.0236  -0.0128
  0.0476  -0.3169   0.1151   0.3162  -0.0270  -0.0460
  0.0276  -0.2170   0.1306   0.2583  -0.0764  -0.0017
 -0.0842  -0.2604   0.1368   0.3076  -0.2238  -0.0734
 -0.1359  -0.2737   0.1357   0.2785  -0.2703  -0.0370
 -0.1256  -0.2837   0.0748   0.3319  -0.2761  -0.0853
 -0.1233  -0.2639  -0.0053   0.4254  -0.2529  -0.1353
 -0.1626  -0.2679   0.0163   0.5258  -0.2882  -0.1179
 -0.2036  -0.3126   0.0435   0.5076  -0.3742  -0.0820
 -0.1907  -0.3030   0.0295   0.5112  -0.3448  -0.1189
 -0.1931  -0.3052   0.0404   0.5108  -0.3527  -0.1237
 -0.1852  -0.2338   0.0575   0.4490  -0.3531  -0.0935
 -0.1951  -0.3008   0.0467   0.5103  -0.3632  -0.1393
 -0.1924  -0.2881   0.0501   0.5281  -0.3671  -0.1144
 -0.1977  -0.2686   0.0531   0.4884  -0.3797  -0.0870
 -0.1903  -0.2681   0.0574   0.4983  -0.3694  -0.1107
 -0.1788  -0.3236   0.0545   0.5136  -0.3389  -0.1247
 -0.1846  -0.2770   0.0501   0.4777  -0.3487  -0.0743
 -0.1911  -0.2577   0.0457   0.4558  -0.3627  -0.0645
 -0.1673  -0.2569   0.0562   0.4545  -0.3398  -0.0849
 -0.1711  -0.2357   0.0672   0.4357  -0.3589  -0.0982
 -0.1748  -0.2867   0.0560   0.4620  -0.3515  -0.1064
 -0.1844  -0.3245   0.0439   0.4897  -0.3676  -0.0893
 -0.1739  -0.2974   0.0465   0.4714  -0.3568  -0.0629
 -0.1642  -0.3858   0.0235   0.5557  -0.3502  -0.0942
 -0.1519  -0.3445   0.0229   0.5280  -0.3362  -0.0645
 -0.1488  -0.3652   0.0414   0.5199  -0.3374  -0.0784
 -0.1462  -0.3740   0.0490   0.5429  -0.3369  -0.0770
 -0.1611  -0.3789   0.0499   0.5249  -0.3502  -0.0724
