  0.2436  -0.1569   0.0131  -0.1913   0.3032   0.1061
  0.2448  -0.2773  -0.0322  -0.0634   0.2675   0.1717
  0.2538  -0.2734  -0.0419  -0.0723   0.2894   0.1406
  0.2599  -0.3028  -0.0578  -0.0855   0.2672   0.1149
  0.2614  -0.2639  -0.0691  -0.0396   0.2781   0.1338
  0.2575  -0.2676  -0.0068  -0.2033   0.2594   0.0589
  0.2689  -0.2851  -0.0433  -0.0128   0.2763   0.1460
  0.2714  -0.2720  -0.0374  -0.0449   0.2671   0.1058
  0.2749  -0.2812  -0.0133  -0.0843   0.2616   0.0815
  0.2555  -0.2675  -0.0338  -0.0258   0.2546   0.1246
  0.2531  -0.2664  -0.0201  -0.0517   0.2634   0.0868
  0.2675  -0.2690   0.0035  -0.1095   0.2599   0.0581
  0.2615  -0.2660  -0.0532  -0.0073   0.2454   0.1169
  0.2613  -0.2605  -0.0755   0.0586   0.2347   0.1065
  0.2532  -0.2213  -0.0749  -0.0243   0.2180   0.0635
  0.2458  -0.2269  -0.0829   0.0718   0.2103   0.1095
  0.2313  -0.2204  -0.0818   0.0137   0.2107   0.0732
  0.2328  -0.2322  -0.0552  -0.0201   0.2080   0.0654
  0.2373  -0.2509  -0.0861   0.1023   0.2175   0.1166
  0.2205  -0.2139  -0.0279  -0.0809   0.2056   0.0169
  0.2285  -0.2614  -0.0590   0.0132   0.2064   0.0901
  0.2259  -0.2382  -0.0626   0.0255   0.1889   0.0541
  0.2451  -0.2567  -0.0400  -0.1051   0.2049   0.0584
  0.2368  -0.1443   0.0058  -0.3297   0.2012   0.0625
  0.2095  -0.0510  -0.0621  -0.1428   0.2014   0.0459
  0.2196  -0.1003  -0.0396  -0.0967   0.2230   0.1446
  0.2466  -0.1045  -0.0136  -0.0104   0.2836   0.1593
  0.2719  -0.0733   0.0051   0.0533   0.3258   0.1632
  0.1963  -0.0605   0.0470  -0.0191   0.2457   0.2727
  0.1361  -0.0859   0.0664  -0.1075   0.2222   0.2522
  0.1269  -0.0367   0.0378  -0.1228   0.2410   0.1961
  0.1265  -0.0496   0.0219  -0.0072   0.2444   0.1296
  0.0855   0.0130   0.0502  -0.0665   0.2248   0.1120
  0.0719  -0.0109   0.0110  -0.0394   0.2022   0.1165
  0.0831   0.0116  -0.0295  -0.0025   0.1626   0.0925
  0.1073   0.0265  -0.0040  -0.0666   0.1673   0.0696
  0.0930   0.0141  -0.0366   0.0335   0.1532   0.1003
  0.0878   0.0326  -0.0461  -0.0033   0.1479   0.0555
  0.0780   0.0196  -0.0129  -0.0482   0.1464   0.0374
  0.0686   0.0335  -0.0185   0.0778   0.1562   0.0797
  0.0569   0.0330  -0.0001  -0.0057   0.1475   0.0172
  0.1193   0.0405   0.0034   0.0671   0.2461   0.0927
  0.1240   0.1060  -0.0010  -0.1300   0.2582   0.0669
  0.0871   0.0920  -0.0088  -0.0440   0.2196   0.0218
  0.1477   0.0142  -0.0045  -0.0355   0.2602   0.1665
  0.1255   0.0043   0.0497  -0.2382   0.2148   0.1738
  0.0860   0.0700   0.0594  -0.2306   0.1918   0.0939
  0.0872   0.0332   0.0406  -0.1910   0.1963   0.0934
  0.0839   0.0715   0.0151  -0.1084   0.1791   0.0601
  0.1011   0.0750   0.0141  -0.1619   0.1736   0.0153
  0.1074   0.0617   0.0266  -0.1178   0.1837   0.0207
  0.0902   0.0580   0.0006  -0.0427   0.1507   0.0517
  0.0930   0.0698   0.0198  -0.1262   0.1574   0.0304
  0.0787   0.0711  -0.0207  -0.0609   0.1489   0.0706
  0.0873   0.0991  -0.0060  -0.1420   0.1508   0.0275
  0.0789   0.1002  -0.0170  -0.1452   0.1362   0.0351
  0.0706   0.1173  -0.0099  -0.1745   0.1411   0.0232
  0.0761   0.0936  -0.0094  -0.1502   0.1401   0.0216
  0.0655   0.1063  -0.0285  -0.1057   0.1304   0.0356
  0.0542   0.1115  -0.0128  -0.1781   0.1281  -0.0116
  0.0385   0.1177  -0.0397  -0.0985   0.1304   0.0460
  0.0575   0.1134  -0.0016  -0.2104   0.1442  -0.0136
  0.0537   0.1115  -0.0275  -0.0898   0.1359   0.0369
  0.0572   0.1114  -0.0073  -0.1871   0.1312  -0.0196
  0.0460   0.1035  -0.0338  -0.0300   0.1247   0.0389
  0.0531   0.1059  -0.0155  -0.1421   0.1252  -0.0040
  0.0462   0.1044  -0.0256  -0.0266   0.1154   0.0252
  0.0533   0.1266   0.0006  -0.1221   0.1249  -0.0125
  0.0531   0.1137  -0.0055  -0.0541   0.1219   0.0032
  0.0561   0.1173   0.0048  -0.1150   0.1271  -0.0149
  0.0623   0.1079   0.0126  -0.1058   0.1216  -0.0113
  0.0521   0.0941   0.0138  -0.0853   0.1136   0.0038
  0.0528   0.1269   0.0280  -0.1122   0.1303  -0.0229
  0.0486   0.1273   0.0010  -0.0518   0.1232  -0.0105
  0.0504   0.1339   0.0279  -0.1741   0.1180  -0.0586
  0.0262   0.1151  -0.0049  -0.0612   0.1159   0.0095
  0.0503   0.1516   0.0580  -0.2618   0.1333  -0.0879
  0.0526   0.1243   0.0322  -0.1111   0.1310  -0.0247
  0.0409   0.1449   0.0440  -0.1849   0.1174  -0.0564
  0.0400   0.1251   0.0420  -0.1195   0.1116  -0.0340
  0.0461   0.1425   0.0427  -0.0972   0.1102  -0.0223
  0.0404   0.1259   0.0570  -0.1860   0.0919  -0.0520
  0.0335   0.1357   0.0169  -0.0583   0.0838  -0.0209
  0.0415   0.1597   0.0689  -0.2059   0.0947  -0.0759
  0.0462   0.1283   0.0400  -0.0781   0.1052  -0.0306
  0.0428   0.1490   0.0439  -0.1246   0.1131  -0.0415
  0.0437   0.1335   0.0480  -0.1597   0.1046  -0.0623
  0.0336   0.1421  -0.0015  -0.0490   0.0823  -0.0149
  0.0361   0.1522   0.0393  -0.1589   0.0836  -0.0812
  0.0280   0.1416   0.0033  -0.0420   0.0870  -0.0190
  0.0350   0.1655   0.0324  -0.1235   0.0831  -0.0694
  0.0307   0.1317   0.0098  -0.0822   0.0757  -0.0206
  0.0202   0.1537   0.0156  -0.1093   0.0737  -0.0284
  0.0260   0.1478   0.0299  -0.1561   0.0693  -0.0687
  0.0201   0.1640   0.0057  -0.0896   0.0744  -0.0260
  0.0254   0.1688   0.0365  -0.1985   0.0938  -0.0865
  0.0385   0.1648   0.0156  -0.0955   0.1005  -0.0581
  0.0368   0.1737   0.0664  -0.1725   0.1227  -0.0871
  0.0333   0.1544   0.0823  -0.1769   0.1137  -0.1100
  0.0253   0.1740   0.0362  -0.1348   0.0876  -0.0593
  0.0376   0.1580   0.0995  -0.2125   0.1288  -0.0944
  0.0467   0.1573   0.0510  -0.1113   0.1126  -0.0346
  0.0288   0.1633   0.0355  -0.1800   0.0619  -0.0684
  0.0265   0.1382   0.0061  -0.0885   0.0483  -0.0250
  0.0156   0.1553   0.0268  -0.1659   0.0619  -0.0517
  0.0240   0.1561   0.0408  -0.1552   0.0695  -0.0666
  0.0315   0.1673   0.0344  -0.1850   0.0758  -0.0658
  0.0259   0.1512   0.0482  -0.1933   0.0714  -0.0881
  0.0115   0.1658   0.0158  -0.1210   0.0772  -0.0456
  0.0279   0.1736   0.0553  -0.2448   0.0698  -0.1095
  0.0323   0.1539   0.0198  -0.1064   0.0858  -0.0312
  0.0334   0.1640   0.0311  -0.1651   0.0663  -0.0644
  0.0213   0.1719   0.0202  -0.1010   0.0586  -0.0296
  0.0182   0.1532   0.0162  -0.1363   0.0549  -0.0403
  0.0258   0.1690   0.0009  -0.0963   0.0583  -0.0287
  0.0284   0.1595   0.0212  -0.1304   0.0644  -0.0483
  0.0351   0.1603   0.0177  -0.1382   0.0740  -0.0547
  0.0376   0.1540   0.0244  -0.1455   0.0654  -0.0443
  0.0439   0.1735   0.0266  -0.1376   0.0882  -0.0580
  0.0383   0.1627   0.0139  -0.1173   0.0790  -0.0275
  0.0340   0.1806   0.0304  -0.1884   0.0723  -0.0827
  0.0388   0.1594  -0.0033  -0.0453   0.0631  -0.0140
  0.0321   0.1933   0.0452  -0.2212   0.0647  -0.1192
  0.0366   0.1491  -0.0076  -0.0145   0.0641   0.0026
  0.0264   0.2040   0.0396  -0.1956   0.0631  -0.0974
  0.0346   0.1540   0.0436  -0.1423   0.0622  -0.0465
  0.0186   0.2018   0.0418  -0.0542   0.0724  -0.0658
  0.0239   0.1455   0.0598  -0.1249   0.0548  -0.0566
  0.0189   0.2416   0.0453  -0.0666   0.1117  -0.0401
  0.0461  -0.2408  -0.0379   0.6316   0.1485   0.7036
 -0.0306  -0.8096   0.0057   0.7952   0.0194   0.7401
 -0.1224  -0.3196   0.0304   0.4924  -0.0726   0.2990
 -0.1327  -0.3484  -0.0123   0.7427  -0.1452   0.3768
 -0.1296  -0.2354   0.0169   0.5276  -0.1233   0.2748
 -0.1101  -0.1569   0.0401   0.2150  -0.1351   0.2222
 -0.0867  -0.0459  -0.0084   0.2641  -0.0995   0.1441
 -0.1282  -0.1344  -0.0190   0.2818  -0.1750   0.1252
 -0.1498  -0.1144  -0.0098   0.1000  -0.2287   0.0568
 -0.1501  -0.1299  -0.0274   0.2081  -0.2331   0.1295
 -0.1692  -0.1115  -0.0437   0.2253  -0.2538   0.1030
 -0.1511  -0.1280   0.0125   0.1267  -0.2321   0.0481
 -0.1614  -0.0754  -0.0293   0.1132  -0.2400   0.0325
 -0.1864  -0.1026  -0.0213   0.0610  -0.2664   0.0053
 -0.1781  -0.0931  -0.0271   0.0546  -0.2622  -0.0159
 -0.1733  -0.1149  -0.0354   0.0987  -0.2709  -0.0054
 -0.1894  -0.0940  -0.0146  -0.0361  -0.3052  -0.0398
 -0.1938  -0.1281  -0.0322   0.0989  -0.3058   0.0300
 -0.2083  -0.1047  -0.0249   0.0559  -0.3224  -0.0042
 -0.2003  -0.1286  -0.0317   0.1338  -0.3123   0.0234
 -0.1904  -0.1058  -0.0509   0.1645  -0.3083  -0.0001
 -0.1863  -0.1155  -0.0270   0.0545  -0.3019  -0.0564
 -0.1847  -0.0944  -0.0480   0.2153  -0.2631  -0.0174
 -0.2150  -0.0824  -0.0171   0.1059  -0.3267  -0.0549
 -0.1970  -0.0881  -0.0254   0.1283  -0.3383  -0.0389
 -0.1881  -0.1238  -0.0101   0.1752  -0.2991  -0.0480
 -0.1723  -0.0632  -0.0051  -0.0283  -0.2868  -0.0915
 -0.1838  -0.0241  -0.0301   0.0522  -0.3181  -0.0011
 -0.2089  -0.0699  -0.0412   0.1364  -0.3568  -0.0426
 -0.2115  -0.0649  -0.0207   0.0711  -0.3547  -0.0614
 -0.2202  -0.0775  -0.0544   0.3324  -0.3195  -0.0304
 -0.2373  -0.0603  -0.0236   0.2029  -0.3611  -0.1095
 -0.2350  -0.0546  -0.0315   0.1876  -0.3794  -0.0929
 -0.2559  -0.0664  -0.0575   0.2893  -0.3944  -0.0756
 -0.2815  -0.0347  -0.0392   0.1553  -0.4101  -0.1146
 -0.2776  -0.0739  -0.0333   0.1907  -0.4123  -0.0895
 -0.2689  -0.0360  -0.0471   0.2185  -0.4027  -0.0915
 -0.2566  -0.0372  -0.0254   0.1343  -0.3938  -0.1274
 -0.2402  -0.0416  -0.0313   0.2519  -0.3736  -0.0929
 -0.2332  -0.0558   0.0092   0.2262  -0.3662  -0.1039
 -0.2220  -0.0583   0.0381   0.1389  -0.3423  -0.1408
 -0.2141  -0.0504   0.0008   0.2389  -0.3245  -0.0940
 -0.2239  -0.0281   0.0110   0.1385  -0.3435  -0.1358
 -0.2212  -0.0536  -0.0165   0.2219  -0.3483  -0.0935
 -0.2321  -0.0430  -0.0126   0.1816  -0.3532  -0.1222
 -0.2075  -0.0559  -0.0056   0.1996  -0.3232  -0.1196
 -0.1912  -0.0465  -0.0133   0.2390  -0.2960  -0.1146
 -0.1999  -0.0471   0.0136   0.1569  -0.3071  -0.1624
 -0.1950  -0.0245  -0.0035   0.2071  -0.2911  -0.1226
 -0.1972  -0.0307   0.0262   0.1098  -0.2951  -0.1757
 -0.1954  -0.0335  -0.0147   0.2143  -0.3109  -0.1380
 -0.1960  -0.0403  -0.0074   0.1306  -0.3302  -0.1760
 -0.1911  -0.0426   0.0014   0.2421  -0.2961  -0.1311
 -0.2042  -0.0443  -0.0023   0.1690  -0.3258  -0.1533
 -0.2078  -0.0382  -0.0183   0.2349  -0.3244  -0.1330
 -0.2136  -0.0322  -0.0016   0.1699  -0.3312  -0.1511
 -0.2137  -0.0430  -0.0103   0.2194  -0.3209  -0.1457
 -0.2143  -0.0252   0.0170   0.1458  -0.3246  -0.1634
 -0.1928  -0.0302   0.0001   0.2371  -0.3153  -0.1599
 -0.2196  -0.0163   0.0167   0.1460  -0.3383  -0.1880
 -0.2082  -0.0271   0.0105   0.1795  -0.3256  -0.1782
 -0.2112  -0.0246   0.0220   0.0910  -0.3203  -0.2047
 -0.1850  -0.0535   0.0080   0.1356  -0.2979  -0.2004
 -0.2391  -0.0364   0.0454   0.1900  -0.3171  -0.1551
 -0.2378  -0.0680   0.0165   0.2457  -0.3078  -0.1337
 -0.1676  -0.0430   0.0327   0.1822  -0.2586  -0.1128
 -0.1874  -0.0087   0.0288   0.1636  -0.2644  -0.1120
