 -0.1222  -0.2167  -0.0612   0.1729  -0.1994   0.4620
 -0.1245  -0.2579  -0.0202   0.1484  -0.1789   0.4708
 -0.1116  -0.2702  -0.0165   0.2127  -0.1652   0.4377
 -0.1138  -0.2387  -0.0145   0.1765  -0.1636   0.4828
 -0.1171  -0.2754  -0.0378   0.2390  -0.1501   0.4583
 -0.1220  -0.2422  -0.0318   0.2594  -0.1477   0.4648
 -0.1286  -0.2806  -0.0456   0.2583  -0.1363   0.4575
 -0.1191  -0.2841  -0.0318   0.2551  -0.1143   0.4353
 -0.1134  -0.2832  -0.0388   0.2843  -0.1227   0.4226
 -0.1139  -0.2399  -0.0294   0.2152  -0.1147   0.4535
 -0.0950  -0.2549  -0.0218   0.2344  -0.0987   0.4408
 -0.0856  -0.3004  -0.0075   0.2308  -0.0840   0.3957
 -0.0746  -0.2407   0.0048   0.2272  -0.0832   0.4382
 -0.0719  -0.2631   0.0123   0.1960  -0.0757   0.4350
 -0.0723  -0.2807   0.0085   0.2270  -0.0721   0.3812
 -0.0645  -0.2813   0.0083   0.2153  -0.0857   0.3641
 -0.0664  -0.2236  -0.0003   0.1839  -0.0932   0.4061
 -0.0713  -0.2570  -0.0074   0.1706  -0.0943   0.3776
 -0.0688  -0.2579  -0.0169   0.2022  -0.1054   0.3454
 -0.0676  -0.2259  -0.0081   0.1672  -0.0996   0.3957
 -0.0641  -0.2411  -0.0152   0.1928  -0.0851   0.3864
 -0.0603  -0.2927   0.0032   0.2149  -0.0841   0.3491
 -0.0541  -0.2514   0.0084   0.2050  -0.0767   0.3695
 -0.0544  -0.2262   0.0193   0.1640  -0.0796   0.3888
 -0.0504  -0.2896   0.0143   0.1846  -0.0616   0.3481
 -0.0482  -0.2958   0.0373   0.1915  -0.0573   0.3172
 -0.0434  -0.2637   0.0455   0.1630  -0.0558   0.3417
 -0.0485  -0.2958   0.0186   0.1446  -0.0640   0.3188
 -0.0567  -0.2846   0.0028   0.1661  -0.0726   0.3094
 -0.0507  -0.2843   0.0222   0.1853  -0.0753   0.2931
 -0.0456  -0.3126   0.0212   0.1701  -0.0808   0.3074
 -0.0779  -0.2805  -0.0121   0.2961  -0.0479   0.3032
 -0.1026  -0.2774  -0.0578   0.3758  -0.0430   0.3082
 -0.1016  -0.2486  -0.0696   0.2669  -0.0187   0.3145
 -0.0949  -0.2978  -0.0567   0.2773  -0.0521   0.2540
 -0.0901  -0.2430  -0.0565   0.2238  -0.0475   0.2957
 -0.0914  -0.2511  -0.0399   0.2274  -0.0512   0.3101
 -0.0788  -0.3177  -0.0346   0.2324  -0.0509   0.2420
 -0.0753  -0.2398  -0.0387   0.2090  -0.0589   0.2925
 -0.0938  -0.2656  -0.0383   0.2231  -0.0737   0.2803
 -0.0903  -0.2855  -0.0439   0.2434  -0.0839   0.2892
 -0.0768  -0.2203  -0.0472   0.1647  -0.0657   0.2887
 -0.0801  -0.2604  -0.0566   0.2071  -0.0843   0.2864
 -0.0809  -0.2210  -0.0589   0.2227  -0.0911   0.2770
 -0.0729  -0.1799  -0.0673   0.2059  -0.0994   0.2967
 -0.0721  -0.2049  -0.0732   0.1770  -0.1042   0.2755
 -0.0803  -0.2218  -0.0831   0.2077  -0.1176   0.2409
 -0.0755  -0.1467  -0.0720   0.1674  -0.1206   0.2729
 -0.0877  -0.2379  -0.0871   0.1993  -0.1328   0.2766
 -0.0741  -0.1958  -0.0846   0.1936  -0.1237   0.2559
 -0.0823  -0.1718  -0.0955   0.1680  -0.1319   0.2646
 -0.0816  -0.1838  -0.1036   0.1722  -0.1316   0.2128
 -0.0808  -0.1484  -0.0935   0.1488  -0.1436   0.2617
 -0.0777  -0.1646  -0.1210   0.2664  -0.1341   0.1543
 -0.1087  -0.0655  -0.1596   0.3301  -0.1971   0.2048
 -0.1254   0.0206  -0.1937   0.1709  -0.2282   0.2991
 -0.1068   0.0018  -0.1668   0.1190  -0.2419   0.2412
 -0.1007   0.0247  -0.1564   0.0788  -0.2365   0.2701
 -0.0984  -0.0125  -0.1479   0.1237  -0.2413   0.2335
 -0.0928   0.0187  -0.1308   0.0402  -0.2429   0.2739
 -0.0833  -0.0095  -0.1302   0.0650  -0.2274   0.2424
 -0.0753  -0.0190  -0.1165   0.1222  -0.2220   0.2584
 -0.0654  -0.0602  -0.1030   0.0996  -0.2138   0.2162
 -0.0655  -0.0349  -0.0969   0.0744  -0.2022   0.2386
 -0.0634  -0.0554  -0.1045   0.0935  -0.1997   0.2044
 -0.0547  -0.0067  -0.0958   0.0972  -0.1888   0.2277
 -0.0659  -0.0780  -0.1083   0.0882  -0.2007   0.1903
 -0.0665  -0.0371  -0.0987   0.0961  -0.2162   0.1785
 -0.0551  -0.0248  -0.0782   0.0372  -0.1989   0.2186
 -0.0508  -0.0817  -0.0758   0.0547  -0.1717   0.1672
 -0.0452  -0.0548  -0.0573   0.0537  -0.1666   0.1893
 -0.0407  -0.0622  -0.0715   0.0387  -0.1797   0.1947
 -0.0398  -0.0963  -0.0668   0.0631  -0.1796   0.1724
 -0.0487  -0.1279  -0.0785   0.0835  -0.1757   0.1280
 -0.0473  -0.0650  -0.0708   0.0521  -0.1627   0.1824
 -0.0403  -0.0934  -0.0691   0.0270  -0.1572   0.1607
 -0.0411  -0.0948  -0.0683   0.0465  -0.1513   0.1427
 -0.0436  -0.0989  -0.0681   0.0548  -0.1603   0.1353
 -0.0458  -0.0823  -0.0633   0.0063  -0.1535   0.1547
 -0.0398  -0.1138  -0.0618   0.0259  -0.1456   0.1249
 -0.0324  -0.1537  -0.0474   0.0374  -0.1327   0.0781
 -0.0164  -0.0755  -0.0194   0.0204  -0.1221   0.1382
 -0.0057  -0.1215  -0.0272  -0.0024  -0.1095   0.1203
 -0.0373  -0.1285  -0.0473   0.0374  -0.1348   0.1007
 -0.0462  -0.1247  -0.0595   0.0545  -0.1447   0.0837
 -0.0298  -0.0831  -0.0561   0.0385  -0.1075   0.1089
 -0.0313  -0.0838  -0.0349   0.0272  -0.0823   0.1090
 -0.0313  -0.1328  -0.0497   0.0338  -0.0740   0.0654
 -0.0331  -0.1295  -0.0316   0.1696  -0.0642   0.0628
 -0.0433  -0.0363  -0.0798   0.2065  -0.0759   0.1201
 -0.0602  -0.0010  -0.1025   0.2421  -0.0986   0.1077
 -0.0441   0.0229  -0.0888   0.0736  -0.1099   0.1462
 -0.0407  -0.0603  -0.0666   0.0907  -0.0872   0.0876
 -0.0296  -0.0380  -0.0535   0.0666  -0.0852   0.0903
 -0.0295  -0.0505  -0.0366   0.0296  -0.0594   0.0901
 -0.0379  -0.0989  -0.0438   0.0684  -0.0685   0.0473
 -0.0690  -0.1408  -0.0589   0.0955  -0.0861   0.0686
 -0.0675  -0.0476  -0.0702   0.0710  -0.0978   0.0965
 -0.0653   0.0429  -0.0707   0.0685  -0.0992   0.0960
 -0.0549   0.0088  -0.0832   0.0553  -0.1014   0.0652
 -0.0531   0.0228  -0.0787   0.0508  -0.0887   0.0908
 -0.0388  -0.0357  -0.0820   0.1073  -0.0941  -0.0746
 -0.0394   0.0997  -0.0966   0.1106  -0.0806  -0.0123
 -0.0357   0.1694  -0.0980  -0.0282  -0.0885   0.0912
 -0.0185   0.1657  -0.0776  -0.0722  -0.0807   0.0927
 -0.0062   0.1456  -0.0546  -0.1067  -0.0554   0.0920
  0.0049   0.0866  -0.0340  -0.0365  -0.0318   0.0389
 -0.0037   0.1130  -0.0470  -0.0290  -0.0386   0.0693
 -0.0097   0.1010  -0.0484  -0.0100  -0.0519   0.0609
 -0.0182   0.1200  -0.0752  -0.0595  -0.0444   0.0362
 -0.0047   0.1160  -0.0464  -0.1996  -0.0606   0.0476
  0.0102   0.0860  -0.0337  -0.2821  -0.0639   0.0450
  0.0045   0.0697  -0.0365  -0.2199  -0.0461   0.0161
  0.0075   0.1127  -0.0298  -0.2778  -0.0476   0.0444
 -0.0056   0.1210  -0.0508  -0.2426  -0.0227   0.0355
 -0.0070   0.1108  -0.0504  -0.2402  -0.0234  -0.0051
 -0.0070   0.1526  -0.0481  -0.2537  -0.0187   0.0514
 -0.0151   0.1453  -0.0724  -0.2719  -0.0287   0.0197
 -0.0152   0.1932  -0.0788  -0.1978  -0.0314  -0.0007
 -0.0235   0.2193  -0.0910  -0.3332  -0.0571   0.0370
 -0.0246   0.2446  -0.0960  -0.2915  -0.0638   0.0511
 -0.0159   0.2029  -0.1063  -0.2152  -0.0672   0.0240
 -0.0212   0.1937  -0.1053  -0.1709  -0.0665  -0.0198
 -0.0163   0.2174  -0.0964  -0.2018  -0.0667   0.0399
 -0.0152   0.1955  -0.0930  -0.1902  -0.0643   0.0230
 -0.0155   0.2108  -0.0933  -0.1858  -0.0560   0.0076
 -0.0190   0.2287  -0.0978  -0.2100  -0.0404   0.0226
 -0.0176   0.1599  -0.0951  -0.1816  -0.0446  -0.0517
 -0.0162   0.2328  -0.0756  -0.2209  -0.0357   0.0073
 -0.0193   0.1875  -0.0874  -0.2327  -0.0448  -0.0172
 -0.0178   0.1752  -0.0822  -0.1888  -0.0414  -0.0578
 -0.0174   0.2048  -0.0759  -0.2356  -0.0390  -0.0125
 -0.0146   0.1609  -0.0718  -0.1872  -0.0280  -0.0426
 -0.0000   0.1969  -0.0506  -0.2144   0.0071  -0.0242
  0.0057   0.2063  -0.0406  -0.2300   0.0274  -0.0226
  0.0162   0.1814  -0.0402  -0.2074   0.0182  -0.0723
  0.0241   0.2607  -0.0531  -0.2557   0.0136  -0.0315
  0.0275   0.2281  -0.0477  -0.2433   0.0299  -0.0371
  0.0419   0.1948  -0.0396  -0.1390   0.0170  -0.0994
  0.0345   0.2894  -0.0331  -0.1610   0.0364  -0.0146
  0.0357   0.2675  -0.0322  -0.1697   0.0494  -0.0353
  0.0300   0.2201  -0.0297  -0.1980   0.0450  -0.0901
  0.0317   0.2686  -0.0204  -0.2490   0.0546  -0.0503
  0.0368   0.2149  -0.0172  -0.2363   0.0498  -0.0923
  0.0426   0.2149  -0.0188  -0.2309   0.0673  -0.1094
  0.0441   0.2295  -0.0137  -0.2233   0.0667  -0.0821
  0.0438   0.2447  -0.0083  -0.2693   0.0690  -0.0870
  0.0415   0.2239  -0.0074  -0.2294   0.0722  -0.0968
  0.0426   0.1907  -0.0106  -0.2331   0.0800  -0.0960
  0.0332   0.1597  -0.0057  -0.1905   0.0836  -0.1014
  0.0352   0.2028   0.0005  -0.1902   0.0874  -0.1161
  0.0340   0.2161  -0.0089  -0.2189   0.0837  -0.0859
  0.0360   0.2058  -0.0121  -0.1995   0.0848  -0.1256
  0.0405   0.2244  -0.0059  -0.1951   0.0792  -0.0705
  0.0445   0.2203  -0.0110  -0.1868   0.0844  -0.0818
  0.0452   0.2114  -0.0086  -0.1650   0.0889  -0.0993
  0.0474   0.2285  -0.0051  -0.2127   0.0849  -0.0796
  0.0411   0.1847  -0.0145  -0.1793   0.0850  -0.1167
  0.0542   0.2359  -0.0049  -0.2034   0.0930  -0.0779
  0.0466   0.2311  -0.0078  -0.2119   0.0846  -0.0613
  0.0509   0.2045  -0.0021  -0.1849   0.0826  -0.1438
  0.0527   0.2409  -0.0064  -0.1872   0.0876  -0.1300
  0.0367   0.2356  -0.0126  -0.2339   0.0820  -0.1212
  0.0435   0.1858   0.0028  -0.1832   0.0670  -0.1308
  0.0537   0.1936   0.0005  -0.2117   0.0811  -0.1375
  0.0453   0.1970   0.0026  -0.2064   0.0965  -0.1582
  0.0470   0.1973   0.0039  -0.2211   0.0794  -0.1786
  0.0466   0.2371   0.0132  -0.2386   0.0893  -0.1304
  0.0528   0.2159   0.0121  -0.2138   0.0963  -0.1321
  0.0549   0.1912   0.0136  -0.1943   0.0943  -0.1776
  0.0547   0.2339   0.0248  -0.2248   0.0878  -0.1220
  0.0624   0.1957   0.0312  -0.2569   0.0805  -0.1536
  0.0588   0.1758   0.0276  -0.1467   0.0911  -0.1874
  0.0561   0.2010   0.0180  -0.0408   0.1209  -0.1992
  0.0483   0.2849   0.0089  -0.0046   0.1202  -0.1618
  0.0529   0.3296   0.0043  -0.1866   0.0954  -0.1262
  0.0577   0.2879   0.0019  -0.1811   0.0897  -0.1924
  0.0598   0.3050   0.0262  -0.2345   0.0991  -0.1294
  0.0639   0.2303   0.0369  -0.1698   0.1292  -0.1858
  0.0605   0.2684   0.0413  -0.2077   0.1434  -0.1317
  0.0512   0.2345   0.0330  -0.1789   0.1503  -0.1684
  0.0629   0.2669   0.0476  -0.2088   0.1316  -0.1502
  0.0592   0.2227   0.0447  -0.2305   0.1392  -0.1727
  0.0635   0.2213   0.0549  -0.1943   0.1369  -0.1969
  0.0575   0.2464   0.0483  -0.2173   0.1428  -0.1839
  0.0642   0.2601   0.0580  -0.2472   0.1359  -0.1789
  0.0555   0.2177   0.0578  -0.2323   0.1309  -0.2203
  0.0863   0.2212   0.1189  -0.3289   0.1241  -0.2170
  0.1046   0.1560   0.1306  -0.4227   0.1303  -0.2809
  0.0848   0.1201   0.1143  -0.4067   0.1520  -0.3225
  0.1017   0.0741   0.1452  -0.4096   0.1726  -0.3428
  0.0952   0.0966   0.1495  -0.4283   0.1649  -0.3061
  0.0977   0.0603   0.1481  -0.4414   0.1733  -0.3361
  0.1016   0.0485   0.1527  -0.3731   0.1935  -0.3681
  0.1063   0.0763   0.1726  -0.4481   0.1924  -0.3171
  0.1048   0.0323   0.1619  -0.3910   0.2068  -0.3422
  0.1009   0.0067   0.1761  -0.3618   0.2105  -0.3590
  0.1063   0.0129   0.1890  -0.4042   0.1997  -0.3393
  0.1081  -0.0205   0.1810  -0.4211   0.2044  -0.3371
  0.1029  -0.0582   0.1757  -0.3580   0.2099  -0.3810
  0.1025  -0.0040   0.1954  -0.4320   0.2052  -0.3247
  0.1034  -0.0694   0.1771  -0.3794   0.2133  -0.3586
  0.1043  -0.0532   0.1949  -0.3615   0.2228  -0.3713
  0.1074  -0.0435   0.2009  -0.4172   0.2028  -0.3452
  0.1026  -0.0838   0.1989  -0.4070   0.2116  -0.3618
  0.1049  -0.0943   0.2045  -0.3657   0.2164  -0.4101
  0.1040  -0.0667   0.2072  -0.4274   0.2182  -0.3831
  0.0980  -0.0501   0.1911  -0.4021   0.2244  -0.3789
  0.0979  -0.0718   0.1997  -0.4158   0.2270  -0.3999
  0.1017  -0.0636   0.1886  -0.3898   0.2274  -0.4177
  0.1004  -0.0272   0.2034  -0.4468   0.2244  -0.3548
  0.1072  -0.0766   0.1940  -0.3946   0.2315  -0.4081
  0.1029  -0.0537   0.1867  -0.2722   0.2307  -0.3807
  0.0938   0.0216   0.1557  -0.1596   0.2098  -0.3550
  0.0841   0.1021   0.1300   0.0461   0.1905  -0.3043
  0.0719   0.0803   0.1287   0.2775   0.1960  -0.3124
  0.0741  -0.0185   0.1344   0.6849   0.2135  -0.4130
  0.0770  -0.0604   0.1344   0.6346   0.2169  -0.4627
  0.0769  -0.0185   0.1370   0.6244   0.2186  -0.4213
  0.0917  -0.0716   0.1357   0.6022   0.2175  -0.4517
  0.0869  -0.0675   0.1439   0.6409   0.1962  -0.4920
  0.0966  -0.1073   0.1385   0.6270   0.2061  -0.5137
  0.0916  -0.0733   0.1433   0.6438   0.2003  -0.5133
  0.0995  -0.0427   0.1379   0.5728   0.2077  -0.4783
  0.1080  -0.0648   0.1447   0.5734   0.1945  -0.5073
  0.1184  -0.0620   0.1487   0.5656   0.1977  -0.4890
  0.1209  -0.0655   0.1663   0.5861   0.1907  -0.5105
  0.1298  -0.0681   0.1679   0.5732   0.1902  -0.4867
  0.1277  -0.1251   0.1669   0.6108   0.1946  -0.5434
  0.1288  -0.0970   0.1769   0.5601   0.1941  -0.5068
  0.1241  -0.1635   0.1764   0.5950   0.1911  -0.5661
  0.1499  -0.1251   0.2018   0.5267   0.1568  -0.5369
  0.1436  -0.1636   0.1781   0.5208   0.1524  -0.5559
  0.1554  -0.2221   0.1934   0.5843   0.1557  -0.6076
  0.1642  -0.1474   0.2063   0.4671   0.1495  -0.5548
  0.1625  -0.2394   0.1978   0.5821   0.1588  -0.6127
