 -0.1289  -0.4178   0.1033   0.3416   0.1456  -0.1581
 -0.0570   0.1246   0.1689   0.3713   0.2184  -0.0429
 -0.0202  -0.1875   0.1004   0.3795   0.1082   0.2747
  0.0180  -0.1272   0.0778   0.2539   0.0730  -0.0918
  0.0294  -0.2769   0.0700   0.2770   0.0542   0.0827
  0.0182  -0.3073   0.0521   0.3292   0.0687  -0.1123
  0.0015  -0.3928   0.0626   0.3440   0.0598   0.0195
 -0.0129  -0.4207   0.0505   0.2173   0.0316   0.0029
 -0.0035  -0.4908   0.0294   0.0816   0.0180   0.0527
 -0.0424  -0.4877   0.0305  -0.0254  -0.0134   0.0157
 -0.0247  -0.5840   0.0524  -0.0140   0.0102   0.0134
 -0.0191  -0.4963   0.0702  -0.0327  -0.0171   0.0213
  0.0020  -0.7620   0.1665   0.2353   0.0681   0.0358
  0.0087  -0.7702   0.1919   0.2907   0.1115  -0.0043
  0.0266  -0.7803   0.1711   0.2860   0.1208   0.1290
  0.0191  -0.7357   0.2029   0.2465   0.1044   0.0471
  0.0235  -0.7596   0.1777   0.2050   0.0878   0.1211
 -0.0014  -0.7905   0.1865   0.1713   0.0311  -0.0068
  0.0060  -0.8015   0.2248   0.1673   0.0306   0.1143
 -0.0037  -0.8279   0.2331   0.2191   0.0554   0.0193
 -0.0005  -0.7612   0.2118   0.1989   0.0657   0.0288
  0.0082  -0.8046   0.2156   0.1821   0.0702   0.0895
 -0.0164  -0.7640   0.2023   0.2008   0.0590   0.1614
 -0.0189  -0.8394   0.2713   0.2852   0.0855   0.0259
  0.0068  -0.8078   0.1802   0.1989   0.0711   0.0493
  0.0288  -0.8240   0.2353   0.2021   0.0767   0.0828
  0.0184  -0.8262   0.1931   0.1695   0.0768   0.0800
  0.0189  -0.9156   0.2368   0.2662   0.0821  -0.0156
 -0.0440  -0.9196   0.2096   0.1998   0.0162   0.0953
 -0.0450  -0.9792   0.1661   0.3302   0.0415  -0.1491
 -0.1384  -0.2755   0.0436   0.2270   0.1517  -0.0190
 -0.2170   0.7510  -0.1494   0.0590   0.1806  -0.0696
 -0.2686   2.1014  -0.4474  -0.5732   0.0547   0.3701
 -0.2434   0.8654  -0.5382  -0.3791  -0.1009   0.4229
 -0.0488  -0.2491  -0.2976   0.0891  -0.0439   0.0879
 -0.1079  -0.2557  -0.2454   0.1626  -0.0943   0.1715
  0.0146  -0.4618  -0.2302   0.2600  -0.0035   0.1821
  0.0359  -0.7663  -0.2057   0.3477  -0.0075   0.1425
  0.0610  -1.0259  -0.1574   0.3837  -0.0194   0.0126
 -0.0259  -0.9064  -0.1987   0.3196  -0.0840   0.1279
 -0.0193  -0.8512  -0.1968   0.3123  -0.0780   0.0921
 -0.0358  -0.8960  -0.2105   0.3366  -0.0787   0.1379
 -0.0158  -0.8973  -0.2152   0.3000  -0.0636   0.1380
 -0.0321  -0.9024  -0.2204   0.2981  -0.0855   0.1807
  0.0058  -0.9204  -0.2215   0.3620  -0.0363  -0.0481
 -0.0258  -0.9061  -0.2351   0.3535  -0.0620   0.1278
 -0.0139  -0.9066  -0.2189   0.4006  -0.0513   0.1107
 -0.0242  -0.8919  -0.2235   0.3516  -0.0702   0.2059
 -0.0062  -0.8951  -0.2001   0.3508  -0.0512   0.1229
 -0.0193  -0.9222  -0.2083   0.3593  -0.0636   0.0845
 -0.0252  -0.9299  -0.2101   0.4042  -0.0456   0.0511
 -0.0239  -0.9497  -0.1913   0.3779  -0.0691   0.1415
 -0.0091  -0.8083  -0.2050   0.2422  -0.0598   0.2197
 -0.0289  -0.8312  -0.2187   0.2386  -0.1017   0.0837
  0.0005  -0.7899  -0.1870   0.2641  -0.0620  -0.0114
 -0.0335  -0.8827  -0.1724   0.2504  -0.1426   0.1666
  0.1616   0.4690  -0.0666  -0.2274   0.1304   0.1044
  0.1218   4.0787   0.3598  -1.2790   0.1587  -0.5866
  0.1034   3.3636   0.1297  -1.0304  -0.0225  -0.3861
  0.1403   3.3234   0.0669  -1.1584   0.0334  -0.3345
  0.1155   2.9827   0.0531  -1.0345  -0.0395  -0.2851
  0.1180   2.9433   0.0687  -1.0281  -0.0213  -0.3056
  0.1040   2.6505   0.0806  -0.9381  -0.0664  -0.3841
  0.1371   2.5968   0.0736  -0.9454  -0.0510  -0.3317
  0.1132   2.4410   0.0653  -0.9122  -0.0810  -0.2309
  0.0971   2.4000   0.0496  -0.9211  -0.0661  -0.2675
  0.0842   2.2441   0.0316  -0.8597  -0.0711  -0.3506
  0.0726   2.1598   0.0491  -0.8392  -0.0833  -0.1922
  0.0440   2.0277   0.0490  -0.7181  -0.1112  -0.3604
  0.0879   2.1013   0.0727  -0.7403  -0.0680  -0.3083
  0.0709   2.0178   0.0695  -0.7076  -0.0848  -0.1638
  0.0855   1.9610   0.0642  -0.7075  -0.0756  -0.2477
  0.0746   1.8573   0.0511  -0.6847  -0.0828  -0.2706
  0.0963   1.8423   0.0445  -0.6417  -0.0488  -0.2785
  0.0755   1.8033   0.0328  -0.6337  -0.0653  -0.2435
  0.0771   1.7700   0.0272  -0.6463  -0.0562  -0.1892
  0.0637   1.7285   0.0246  -0.6491  -0.0791  -0.2468
  0.0696   1.6795   0.0205  -0.6120  -0.0630  -0.2791
