  0.0339   0.2614   0.0384  -0.2377  -0.0002   0.0049
  0.0256   0.1210   0.0156  -0.1140  -0.0162   0.1883
  0.0289   0.2073   0.0622  -0.1330   0.0177   0.1391
  0.0435   0.2760   0.1163  -0.1279   0.0351   0.2108
  0.0805   0.4360   0.1040  -0.2750   0.2000   0.1876
  0.0845   0.3983   0.0596  -0.2916   0.1595   0.0696
  0.0324   0.3964   0.0454  -0.3762   0.0124  -0.0556
  0.0473   0.3897   0.0386  -0.3772   0.0212  -0.0930
  0.0338   0.3799   0.0412  -0.4000  -0.0063  -0.1507
  0.0352   0.3942   0.0484  -0.3871   0.0182  -0.1513
  0.0291   0.3257   0.0440  -0.2775  -0.0087  -0.1337
  0.0489   0.2362   0.0344  -0.2194   0.0114  -0.0413
  0.0497   0.2783   0.0327  -0.2407  -0.0107  -0.0496
  0.0479   0.3031   0.0370  -0.2698  -0.0012  -0.0896
  0.0525   0.3549   0.0221  -0.3443  -0.0162  -0.1036
  0.0405   0.3426   0.0297  -0.3075  -0.0348  -0.0904
  0.0468   0.3282   0.0450  -0.2879  -0.0248  -0.1267
  0.0433   0.3638   0.0274  -0.3059  -0.0247  -0.1189
  0.0468   0.3286   0.0351  -0.2485  -0.0471  -0.1181
  0.0399   0.3338   0.0481  -0.2785  -0.0302  -0.0995
  0.0421   0.3463   0.0554  -0.2479  -0.0323  -0.0866
  0.0499   0.3263   0.0618  -0.2520  -0.0458  -0.0972
  0.0463   0.4005   0.0631  -0.3036  -0.0462  -0.0967
  0.0494   0.3548   0.0400  -0.2651  -0.0851  -0.0988
  0.0390   0.3983   0.0477  -0.3332  -0.0914  -0.1135
  0.0189   0.3914   0.0496  -0.2810  -0.1017  -0.0929
  0.0359   0.3614   0.0488  -0.2461  -0.1035  -0.1156
  0.0182   0.3910   0.0571  -0.2917  -0.0948  -0.0788
  0.0157   0.3570   0.0609  -0.2584  -0.1056  -0.0929
  0.0236   0.3588   0.0601  -0.2682  -0.1019  -0.1265
  0.0059   0.3996   0.0714  -0.2843  -0.0879  -0.1063
  0.0053   0.3602   0.0619  -0.2422  -0.1092  -0.0908
  0.0106   0.3619   0.0796  -0.2837  -0.0946  -0.1063
  0.0088   0.3773   0.0914  -0.2666  -0.0816  -0.1114
  0.0121   0.3558   0.0767  -0.2588  -0.1024  -0.1325
  0.0006   0.4000   0.0763  -0.2937  -0.0929  -0.1278
  0.0121   0.3544   0.0730  -0.2712  -0.1151  -0.1731
  0.0130   0.3744   0.0771  -0.3478  -0.0972  -0.1779
  0.0061   0.3516   0.0890  -0.3292  -0.0917  -0.1759
  0.0099   0.3223   0.0926  -0.3409  -0.0876  -0.2047
 -0.0048   0.3888   0.0991  -0.3783  -0.0734  -0.2008
 -0.0038   0.3408   0.0992  -0.3331  -0.0896  -0.2073
 -0.0062   0.4015   0.0844  -0.3949  -0.0750  -0.2109
 -0.0052   0.3850   0.0785  -0.3450  -0.0911  -0.2027
  0.0084   0.3839   0.0717  -0.3474  -0.0925  -0.2104
  0.0066   0.4100   0.0796  -0.3417  -0.0589  -0.2191
  0.0155   0.3594   0.1027  -0.2811  -0.0173  -0.1732
  0.0299   0.3583   0.1336  -0.2858   0.0209  -0.1546
  0.0422   0.3170   0.1222  -0.2667   0.0183  -0.1398
  0.0306   0.2799   0.1262  -0.2922   0.0196  -0.1522
  0.0634   0.2868   0.0676  -0.0847   0.0485   0.0534
  0.0669   0.3103   0.0166  -0.0177   0.0158   0.0854
  0.0372   0.3357   0.0304  -0.1066  -0.0093   0.0204
  0.0332   0.3629   0.0194  -0.0988  -0.0167   0.0250
  0.0436   0.3428   0.0467  -0.1195  -0.0039  -0.0298
  0.0305   0.3705   0.0395  -0.1561   0.0095  -0.0029
  0.0689   0.2960   0.0889  -0.0743  -0.0223   0.0018
  0.0723   0.3190   0.0755  -0.1136  -0.0303  -0.0036
  0.0612   0.3040   0.0436  -0.1601  -0.0125  -0.0974
  0.0635   0.2914   0.0562  -0.1641  -0.0242  -0.0498
  0.0463   0.2747   0.0557  -0.1810   0.0091  -0.0719
  0.0556   0.3248   0.0562  -0.2386  -0.0334  -0.0961
  0.0781   0.2419   0.0534  -0.1488   0.1297  -0.0503
  0.1280   0.3783   0.0233  -0.2244   0.2583   0.0966
  0.0785   0.4019   0.0184  -0.2444   0.1867   0.0408
  0.0163   0.2624  -0.0007  -0.1092   0.1227  -0.0130
  0.0348   0.2672   0.0168  -0.1716   0.0992  -0.0508
  0.0240   0.2906   0.0141  -0.1437   0.0845  -0.0523
  0.0217   0.2866   0.0221  -0.1793   0.0594  -0.0991
  0.0084   0.2695   0.0488  -0.1550   0.0537  -0.0766
  0.0239   0.2845   0.0319  -0.1953   0.0608  -0.0880
 -0.0051   0.3304   0.0161  -0.1075   0.0181  -0.0190
  0.0124   0.3462   0.0469  -0.0640   0.1048   0.0242
  0.0249   0.3397   0.0398  -0.1005   0.1138  -0.0332
  0.0620   0.3026   0.0619  -0.2556   0.1904  -0.1697
  0.0589   0.2396   0.0499  -0.0727   0.1992  -0.1642
  0.0968   0.0900  -0.0352  -0.0393   0.2476  -0.0870
  0.0836   0.0491  -0.0468  -0.1390   0.2251  -0.1904
  0.0116   0.0888  -0.0679  -0.0564   0.1166  -0.2309
  0.0196   0.0721  -0.0626  -0.0377   0.1641  -0.2503
  0.0313   0.0749  -0.0455   0.0112   0.1711  -0.2827
  0.0246   0.0788  -0.0564   0.0351   0.1852  -0.2722
  0.0221   0.0670  -0.0577   0.0418   0.1326  -0.2582
  0.0238   0.0615  -0.0474   0.0147   0.1435  -0.2613
  0.0064   0.0546  -0.0303   0.0199   0.1281  -0.2442
  0.0003   0.0573  -0.0297   0.0338   0.1334  -0.2683
  0.0083   0.0934  -0.0429   0.0253   0.1356  -0.2483
  0.0019   0.0554  -0.0380   0.0804   0.1294  -0.2400
  0.0205   0.0923  -0.0327   0.0231   0.1462  -0.2525
  0.0103   0.0768  -0.0403   0.0737   0.1197  -0.2662
  0.0270   0.0722  -0.0458   0.0697   0.1158  -0.2648
  0.0131   0.1334  -0.0482   0.0022   0.1310  -0.2910
  0.0662   0.1768  -0.0031  -0.0418   0.1511  -0.1908
  0.0051   0.2218  -0.0257  -0.2141   0.0705  -0.2218
 -0.0628   0.1777  -0.0352  -0.2348  -0.0071  -0.2886
 -0.0428   0.1760  -0.0130  -0.1855  -0.0127  -0.2634
 -0.0646   0.2249  -0.0081  -0.2402  -0.0089  -0.2550
 -0.0529   0.1940  -0.0103  -0.2270  -0.0388  -0.2561
 -0.0416   0.1920   0.0310  -0.2553  -0.0189  -0.2827
 -0.0264   0.2241   0.0466  -0.2267   0.0032  -0.2940
 -0.0254   0.2011   0.0448  -0.2561   0.0039  -0.3425
 -0.0202   0.2435   0.0464  -0.2859   0.0117  -0.3220
 -0.0148   0.2121   0.0361  -0.2755  -0.0041  -0.3551
 -0.0084   0.2388   0.0385  -0.2888  -0.0009  -0.3473
 -0.0132   0.1634   0.0602  -0.2698   0.0383  -0.2841
 -0.0028   0.0778   0.0197  -0.2687   0.0284  -0.2131
  0.0037   0.1587  -0.0069  -0.2329   0.0155  -0.3031
  0.0145   0.1956   0.0274  -0.2569   0.0538  -0.2764
  0.0120   0.2047   0.0094  -0.2606   0.0105  -0.3119
  0.0042   0.2022   0.0272  -0.2360   0.0164  -0.3501
  0.0048   0.2187   0.0031  -0.2588   0.0008  -0.3372
  0.0091   0.2068  -0.0058  -0.1934  -0.0133  -0.3272
  0.0063   0.2692  -0.0148  -0.2789   0.0132  -0.3606
  0.0082   0.1976   0.0050  -0.1811  -0.0028  -0.2916
  0.0161   0.2101   0.0350  -0.2693   0.0413  -0.3581
  0.0054  -0.0255   0.0006   0.1231   0.0602   0.1087
 -0.1638  -1.5044  -0.0624   0.8629  -0.0146   1.2636
 -0.2069  -1.7604  -0.1260   0.7225  -0.1035   1.0809
 -0.1567  -1.3149  -0.1155   0.5845  -0.1408   0.7630
 -0.1501  -1.2941  -0.1296   0.4914  -0.1370   0.6889
 -0.1303  -1.1056  -0.1252   0.4689  -0.1448   0.6009
 -0.1305  -1.0637  -0.1147   0.4147  -0.1498   0.4968
 -0.1317  -0.9439  -0.0963   0.3560  -0.1310   0.4779
 -0.1322  -0.9758  -0.0972   0.3773  -0.1628   0.4284
 -0.1303  -0.8949  -0.0770   0.3260  -0.1601   0.4079
 -0.1231  -0.9348  -0.0717   0.3722  -0.1481   0.4156
 -0.1126  -0.8580  -0.0811   0.3439  -0.1614   0.3859
 -0.1221  -0.8005  -0.0761   0.2746  -0.1460   0.3669
 -0.1181  -0.8005  -0.1022   0.3640  -0.1720   0.3545
 -0.1210  -0.7743  -0.1007   0.3025  -0.1714   0.2816
 -0.1124  -0.7504  -0.0846   0.2855  -0.1553   0.2756
 -0.1061  -0.8877  -0.0987   0.3582  -0.1757   0.3293
 -0.1333  -1.8333  -0.0313   0.4626  -0.1665   0.7592
 -0.1472  -1.8636   0.0189   0.3746  -0.1994   0.6961
 -0.1310  -1.1151  -0.0589   0.2186  -0.2209   0.3203
 -0.1256  -0.7086  -0.0403   0.1060  -0.1989   0.0931
 -0.1177  -0.6558  -0.0409   0.1491  -0.1906   0.0689
 -0.1005  -0.6253  -0.0563   0.1010  -0.1568   0.0612
 -0.1146  -0.6074  -0.0552   0.1038  -0.1507   0.0655
 -0.1407  -0.5678  -0.0425   0.0971  -0.1663   0.0136
 -0.1341  -0.5222  -0.0303   0.0561  -0.1367  -0.0060
 -0.1302  -0.5393  -0.0578   0.0519  -0.1589   0.0033
 -0.1439  -0.4326  -0.0526   0.0154  -0.1430  -0.0305
 -0.1412  -0.4352  -0.0690   0.0243  -0.1714  -0.0663
 -0.1191  -0.1704  -0.1015  -0.1385  -0.0751   0.0663
 -0.0972  -0.0892  -0.0323  -0.1994   0.0107   0.1159
 -0.1239  -0.1795  -0.0428   0.0254  -0.1412   0.0624
 -0.1358  -0.1815  -0.1130   0.1161  -0.2052   0.0837
 -0.1266  -0.1687  -0.1062   0.0554  -0.1771   0.0313
 -0.1554  -0.1575  -0.0527   0.1599  -0.1605   0.0558
 -0.1247  -0.1993   0.0009   0.2250  -0.0807   0.1088
 -0.0864  -0.1780  -0.0189   0.2142  -0.0879  -0.0245
 -0.0657  -0.1073   0.0125   0.2059   0.0401   0.0388
 -0.0532  -0.0918   0.0134   0.1730   0.0760  -0.0668
 -0.0501  -0.1796  -0.0293   0.2337  -0.0131  -0.1856
 -0.0363  -0.1558  -0.0459   0.2441  -0.0300  -0.1968
 -0.0129  -0.1281  -0.0674   0.2479  -0.0281  -0.1213
 -0.0213  -0.1101  -0.0542   0.2452   0.0078  -0.1147
 -0.0060  -0.0939  -0.0580   0.2701   0.0060  -0.0483
  0.0087  -0.1096  -0.0453   0.3038   0.0326  -0.0592
  0.0086  -0.0323  -0.0528   0.2592   0.0337   0.0035
  0.0204   0.0718  -0.0162   0.0654   0.0627   0.1149
  0.0908   0.1876   0.0710  -0.1422   0.2551   0.2199
 -0.0197   0.0697   0.0195  -0.0580   0.1692   0.0069
 -0.0885  -0.0105  -0.0835  -0.1420  -0.0219  -0.1621
 -0.0530   0.0129  -0.0713  -0.1295  -0.0612  -0.2282
 -0.0371  -0.0336  -0.0880   0.0176  -0.0831  -0.1598
 -0.0219  -0.0343  -0.0604  -0.0592  -0.0272  -0.2029
 -0.0156  -0.0288  -0.0410  -0.0030  -0.0153  -0.1673
  0.0046  -0.0214  -0.0453  -0.0506  -0.0187  -0.2646
  0.0103   0.0018  -0.0491  -0.1096   0.0050  -0.2119
  0.0213   0.0042  -0.0359  -0.1258  -0.0042  -0.2901
  0.0462  -0.0114  -0.0499  -0.1394  -0.0075  -0.2691
  0.0315  -0.0172  -0.0470  -0.1906   0.0061  -0.3223
  0.0363   0.0055  -0.0569  -0.1206  -0.0125  -0.2448
  0.0336   0.0668  -0.0923  -0.1788  -0.0073  -0.3734
  0.0370   0.0607  -0.0884  -0.0373   0.0336  -0.1895
 -0.0238  -0.1535  -0.0607   0.1515   0.0012  -0.2057
  0.1466  -0.7306   0.0231   1.1435   0.3123   1.5747
  0.2574  -1.2859   0.1136   1.9359   0.5250   3.4683
  0.1824  -1.1262  -0.0102   1.8758   0.4569   3.5587
  0.1295  -0.9085  -0.0275   1.3399   0.3065   2.2263
  0.0941  -0.6936  -0.0531   0.8861   0.1757   0.8994
  0.0880  -0.6594  -0.0705   0.9541   0.1492   0.9099
  0.0594  -0.5951  -0.0773   0.9011   0.0921   0.7101
  0.0595  -0.4774  -0.0707   0.8333   0.0931   0.6909
 -0.0018  -0.4902  -0.0486   0.7974   0.0284   0.4175
  0.0322  -0.4884  -0.0503   0.7395   0.0508   0.5169
  0.0271  -0.4757  -0.0530   0.7311   0.0235   0.4179
  0.0666  -0.4464  -0.0619   0.6874   0.0423   0.4593
  0.0691  -0.4383  -0.0352   0.5274   0.0540   0.2659
  0.1105  -0.3759   0.0308   0.4596   0.1030   0.1777
  0.0956  -0.4609   0.0040   0.6395   0.1089   0.2166
  0.1329  -0.4252  -0.0151   0.5431   0.1015   0.2196
  0.0872  -0.4245  -0.0116   0.4308   0.0627   0.0821
  0.1049  -0.4653  -0.0633   0.5040   0.0908   0.0384
