 -0.1152  -0.2301  -0.1538   0.0774  -0.1825   0.0514
 -0.1083  -0.1829  -0.1737   0.1059  -0.1414   0.1235
 -0.1129  -0.1858  -0.1520   0.0914  -0.1850   0.1045
 -0.1206  -0.2017  -0.1622   0.0981  -0.1947   0.0570
 -0.1389  -0.1502  -0.1432   0.0731  -0.2078   0.0864
 -0.1244  -0.1870  -0.1313   0.1031  -0.2045  -0.0051
 -0.1350  -0.2092  -0.1250   0.1120  -0.2024   0.0533
 -0.1192  -0.2078  -0.1057   0.0197  -0.1870   0.1611
 -0.1085  -0.2259  -0.0947  -0.0111  -0.1985   0.0314
 -0.0943  -0.1964  -0.0488   0.0035  -0.1962   0.0801
 -0.0773  -0.2292  -0.0345   0.0124  -0.1824   0.0405
 -0.0672  -0.2620   0.0133   0.0479  -0.1647  -0.1077
 -0.0448  -0.2098   0.0272   0.0344  -0.1526   0.0720
 -0.0450  -0.1848   0.0029   0.0235  -0.1312   0.1311
 -0.0636  -0.1650   0.0098   0.0199  -0.1379  -0.0323
 -0.0703  -0.1695  -0.0013   0.0155  -0.1471  -0.0165
 -0.0653  -0.1649  -0.0103   0.0615  -0.1470   0.0351
 -0.0520  -0.1387   0.0074   0.0516  -0.1394   0.0487
 -0.0359  -0.1355   0.0034   0.0306  -0.1241   0.0910
 -0.0203  -0.1530   0.0136   0.0448  -0.1182  -0.0345
 -0.0279  -0.1528   0.0103   0.0181  -0.1301  -0.0349
 -0.0289  -0.1268   0.0085   0.0253  -0.1317   0.0427
 -0.0452  -0.1262  -0.0068   0.0067  -0.1457   0.0182
 -0.0438  -0.1113  -0.0050   0.0192  -0.1348  -0.0071
 -0.0424  -0.1118  -0.0092   0.0079  -0.1362   0.0313
 -0.0330  -0.1124  -0.0111   0.0082  -0.1162  -0.0247
 -0.0338  -0.1308  -0.0309   0.0113  -0.1204   0.0648
 -0.0332  -0.1461  -0.0503   0.0409  -0.0920  -0.0498
 -0.0334  -0.1063  -0.0625   0.0016  -0.0701   0.0487
 -0.0023  -0.1454  -0.0546   0.0249  -0.0446  -0.0889
  0.0099  -0.0962  -0.0479   0.0268  -0.0371   0.0562
  0.0088  -0.0920  -0.0529  -0.0026  -0.0050  -0.2666
 -0.0255  -0.0031  -0.0344  -0.0465  -0.0006  -0.0156
 -0.0314   0.0635  -0.0885  -0.2159  -0.0221   0.2372
 -0.0371  -0.0242  -0.0691  -0.1670  -0.0286  -0.0998
 -0.0411   0.0366  -0.0663  -0.2034  -0.0224   0.0515
 -0.0340  -0.0020  -0.0906  -0.1116  -0.0040   0.0906
  0.0081  -0.0107  -0.0688  -0.0863   0.0053  -0.1445
  0.0423   0.0324  -0.0415  -0.0799   0.0328   0.0193
  0.0051   0.0617  -0.0402  -0.0735   0.0020  -0.0139
  0.0164   0.0677  -0.0501  -0.0403   0.0157   0.0751
  0.0147   0.0771  -0.0305  -0.0634   0.0028  -0.0056
  0.0339   0.0875  -0.0130  -0.0529   0.0214   0.0941
  0.0566   0.0284   0.0133  -0.0938   0.0118  -0.1993
  0.0711   0.0666   0.0452  -0.1376   0.0590   0.0696
  0.0430   0.0449   0.0763  -0.1112   0.0210  -0.1540
 -0.0334   0.1996   0.0509   0.0231   0.0520   0.0685
 -0.0360   0.1598   0.0259   0.1439   0.0957  -0.0080
 -0.0291   0.2016   0.0477   0.1418   0.1237  -0.0286
  0.0094   0.1741   0.0230   0.0894   0.1606   0.2446
  0.0082   0.2001   0.0244   0.0401   0.1243  -0.2135
  0.0176   0.2117   0.0166   0.0792   0.1302   0.0470
  0.0148   0.2000   0.0116   0.1057   0.1198  -0.0313
  0.0190   0.1824   0.0276   0.0971   0.1257  -0.0708
  0.0304   0.1963   0.0405   0.0680   0.1399   0.0085
  0.0441   0.1593   0.0383   0.0585   0.1368   0.0986
  0.0683   0.1228   0.0458   0.0180   0.1163  -0.1048
  0.0802   0.1290   0.0646  -0.0144   0.1240   0.0005
  0.0991   0.1388   0.0885  -0.0368   0.1500   0.0477
  0.1163   0.1017   0.0916  -0.0056   0.1645  -0.0858
  0.0680   0.1513   0.0684  -0.0361   0.1289  -0.1119
  0.0800   0.1266   0.0611  -0.0315   0.1358  -0.0435
  0.0785   0.1036   0.0571  -0.0563   0.1235  -0.0160
  0.0825   0.1159   0.0626  -0.0352   0.1405  -0.0020
  0.0753   0.1320   0.0612  -0.0152   0.1336  -0.0113
  0.0820   0.1111   0.0590   0.0100   0.1284  -0.0883
  0.0879   0.1253   0.0735   0.0063   0.1302  -0.0052
  0.0944   0.1154   0.0787  -0.0039   0.1344  -0.0130
  0.0943   0.1309   0.0765  -0.0225   0.1384  -0.0112
  0.0938   0.1330   0.0808  -0.0451   0.1379  -0.0750
  0.1058   0.1525   0.0873  -0.0597   0.1582  -0.0088
  0.1092   0.0544   0.0949  -0.0070   0.1630  -0.2996
  0.0851   0.1123   0.1130   0.0947   0.1711   0.0496
  0.1015   0.0806   0.0860   0.0080   0.1811   0.0434
  0.1022   0.0826   0.0883  -0.0644   0.1830  -0.1208
  0.0603   0.1421   0.0679  -0.1109   0.1522   0.0574
  0.0332   0.2089   0.0871  -0.0870   0.1484  -0.1568
  0.0150   0.2451   0.0553  -0.0420   0.1395   0.0909
