 -0.0665   0.1657   0.1811   0.2631  -0.0154  -0.2298
 -0.0677  -0.1550   0.2738   0.7049   0.0086  -0.0199
 -0.0673  -0.1352   0.2680   0.6755   0.0077  -0.0373
 -0.0684  -0.1198   0.2718   0.6649   0.0058  -0.0442
 -0.0710  -0.1318   0.2713   0.6728   0.0096  -0.0394
 -0.0716  -0.0812   0.2793   0.6409   0.0089  -0.0310
 -0.0743  -0.1278   0.2706   0.6488   0.0137  -0.0551
 -0.0715  -0.1012   0.2573   0.6413   0.0195  -0.0252
 -0.0709  -0.1834   0.2533   0.7006   0.0276   0.0008
 -0.0699  -0.1273   0.2571   0.6615   0.0177  -0.0094
 -0.0763  -0.1295   0.2545   0.6566   0.0197  -0.0155
 -0.0723  -0.0872   0.2546   0.6009   0.0114  -0.0031
 -0.0614  -0.1525   0.2577   0.6550   0.0304  -0.0125
 -0.0525  -0.1348   0.2459   0.6103   0.0270   0.0203
 -0.0579  -0.0990   0.1938   0.4229   0.0333   0.0466
 -0.0565  -0.0496   0.1821   0.3597   0.0365  -0.0264
 -0.0655  -0.1510   0.1841   0.4408   0.0330  -0.0140
 -0.0647  -0.1013   0.1779   0.3989   0.0227  -0.0446
 -0.0634  -0.2523   0.1852   0.5203   0.0302   0.0118
 -0.0466  -0.1850   0.1954   0.4587   0.0172  -0.0403
 -0.0492  -0.5573   0.2165   0.7566   0.0322   0.0428
 -0.0522   0.5958   0.0570  -0.1536  -0.0620  -0.2837
 -0.0505   2.9262  -0.2165  -2.4433  -0.1160  -0.6764
  0.0175   2.2596  -0.1984  -2.0827  -0.0460  -0.5657
 -0.0152   2.2140  -0.2037  -2.0003  -0.0752  -0.6284
  0.0019   1.9086  -0.2035  -1.8214  -0.0546  -0.5936
 -0.0173   1.7728  -0.1980  -1.7668  -0.0619  -0.6138
 -0.0251   1.4858  -0.1856  -1.5318  -0.0474  -0.5581
 -0.0314   1.4882  -0.2082  -1.4890  -0.0589  -0.5465
 -0.0342   1.3862  -0.2050  -1.3962  -0.0553  -0.5377
 -0.0312   1.2835  -0.2331  -1.2659  -0.0466  -0.5187
 -0.0481   0.8850  -0.1603  -0.9062  -0.0332  -0.4619
 -0.0354   0.8702  -0.1314  -0.7893  -0.0512  -0.4315
 -0.0284   1.1579  -0.1454  -0.8962  -0.0338  -0.4189
 -0.0353   1.0190  -0.1089  -0.7324  -0.0468  -0.4355
 -0.0071   0.8501  -0.0849  -0.5419  -0.0502  -0.4092
 -0.0241   0.5905  -0.0250  -0.2091  -0.0654  -0.3720
 -0.0164   0.6630  -0.0108  -0.2713  -0.0443  -0.3374
  0.0035   1.0009  -0.0342  -0.6501  -0.0255  -0.3587
 -0.0118   0.7600  -0.0378  -0.4328  -0.0294  -0.3814
 -0.0060   0.9978  -0.0527  -0.5827  -0.0329  -0.3779
 -0.0067   0.7961  -0.0379  -0.4271  -0.0341  -0.3600
 -0.0343   0.5255  -0.0464  -0.2919  -0.0276  -0.3387
 -0.0566   0.0520  -0.0161  -0.0568  -0.0219  -0.2869
 -0.0394   0.2823  -0.0281  -0.2150  -0.0184  -0.2697
 -0.0103   0.7673  -0.0699  -0.4773  -0.0075  -0.2580
 -0.0055   0.8369  -0.0814  -0.5170  -0.0012  -0.2831
 -0.0143   0.8575  -0.0875  -0.4755  -0.0042  -0.2833
 -0.0081   0.8381  -0.0807  -0.4465  -0.0150  -0.3073
 -0.0145   0.5231  -0.0646  -0.3361  -0.0218  -0.2987
 -0.0258   0.3298  -0.0570  -0.2646  -0.0223  -0.2756
 -0.0238   0.2406  -0.0727  -0.2025  -0.0224  -0.2651
 -0.0122   0.2797  -0.0741  -0.2182  -0.0214  -0.2314
 -0.0193   0.3447  -0.0875  -0.2707  -0.0164  -0.2297
 -0.0225   0.4284  -0.0923  -0.3050  -0.0168  -0.2281
 -0.0176   0.4703  -0.0957  -0.2957  -0.0155  -0.2295
 -0.0086   0.4118  -0.0852  -0.2332  -0.0153  -0.2431
  0.0017   0.3602  -0.0917  -0.2259  -0.0158  -0.2323
 -0.0176   0.2278  -0.0737  -0.1343  -0.0165  -0.1979
 -0.0148   0.2379  -0.0796  -0.0913  -0.0131  -0.1894
 -0.0156   0.0039  -0.0442   0.0280  -0.0094  -0.1225
 -0.0142  -0.1300  -0.0161   0.0509  -0.0051  -0.0694
 -0.0044   0.1141  -0.0652  -0.0597  -0.0089  -0.1166
 -0.0082   0.1165  -0.0568  -0.0653  -0.0087  -0.1353
 -0.0052   0.0635  -0.0675  -0.1189  -0.0217  -0.1527
 -0.0113  -0.2743  -0.0425   0.0618  -0.0241  -0.0897
 -0.0215  -0.3950  -0.0173   0.1043  -0.0179  -0.0811
 -0.0367  -0.5405  -0.0125   0.1056  -0.0193  -0.0604
 -0.0303  -0.5880  -0.0006   0.1175  -0.0215  -0.0338
 -0.0268  -0.6434  -0.0145   0.1775  -0.0266  -0.0110
 -0.0197  -0.3277  -0.0384   0.0484  -0.0232  -0.0190
 -0.0047  -0.1576  -0.0621   0.0027  -0.0155  -0.0199
 -0.0218  -0.1507  -0.0653  -0.0228  -0.0133  -0.0236
 -0.0150   0.0125  -0.0737  -0.0723  -0.0211  -0.0112
 -0.0094   0.1443  -0.0933  -0.1159  -0.0183  -0.0406
  0.0010   0.1397  -0.0920  -0.1060  -0.0226  -0.0271
  0.0048   0.0967  -0.0894  -0.0149  -0.0316  -0.0300
  0.0116   0.0657  -0.0935  -0.0164  -0.0254  -0.0315
 -0.0058   0.0332  -0.0815  -0.0193  -0.0296  -0.0356
  0.0062  -0.0904  -0.0713   0.1001  -0.0269   0.0072
  0.0045  -0.1499  -0.0669   0.1320  -0.0239   0.0331
  0.0016  -0.1837  -0.0476   0.1552  -0.0221   0.0421
  0.0043  -0.3404   0.0051   0.2573  -0.0128   0.0850
 -0.0033  -0.6767   0.0297   0.3201  -0.0137   0.1298
  0.0181  -0.4216  -0.0263   0.1344   0.0043   0.1699
  0.0460  -0.2212  -0.0552   0.0357   0.0153   0.1875
  0.0336  -0.1646  -0.0744   0.0222   0.0109   0.1662
  0.0423  -0.1255  -0.0882   0.0705   0.0108   0.1457
  0.0334  -0.2240  -0.0835   0.0648   0.0045   0.1497
  0.0377  -0.2660  -0.0805   0.1125  -0.0042   0.1697
  0.0465  -0.4039  -0.0493   0.2232  -0.0021   0.1889
  0.0516  -0.4873  -0.0566   0.2750   0.0020   0.2398
  0.0443  -0.4452  -0.0502   0.2477   0.0095   0.2266
  0.0333  -0.4827  -0.0375   0.2792   0.0072   0.2489
  0.0425  -0.6381   0.0156   0.3669   0.0016   0.2901
  0.0320  -1.0615   0.0603   0.4768   0.0036   0.3313
  0.0302  -1.2048   0.0724   0.4320   0.0168   0.3284
  0.0054  -1.1253   0.0631   0.5862   0.0289   0.4153
  0.0291  -0.5248  -0.0633   0.2840   0.0540   0.3580
  0.0623  -0.3962  -0.0277   0.1147   0.0560   0.3157
  0.0823  -0.3522  -0.0070   0.1598   0.0376   0.3490
  0.0797  -0.4006  -0.0262   0.1810   0.0428   0.3228
  0.0904  -0.3851  -0.0452   0.1818   0.0418   0.3149
  0.0896  -0.5884  -0.0294   0.3464   0.0355   0.3619
  0.0932  -0.5932  -0.0407   0.3807   0.0240   0.3714
  0.0657  -0.8233   0.0068   0.3933   0.0329   0.3821
  0.0532  -1.0484   0.0636   0.4337   0.0238   0.4265
  0.0363  -1.1000   0.0829   0.4783   0.0290   0.4548
  0.0428  -1.1780   0.0989   0.5482   0.0290   0.4955
  0.0542  -1.2895   0.1066   0.7072   0.0380   0.5228
  0.0183  -1.2987   0.1298   0.6977   0.0402   0.5500
 -0.0052  -1.4568   0.1551   0.7070   0.0455   0.5534
 -0.0037  -1.1217   0.1225   0.5401   0.0468   0.5621
  0.0564  -0.8325   0.0669   0.4128   0.0615   0.5843
  0.0685  -0.3454   0.0449   0.0532   0.0728   0.5435
  0.0666   0.2800  -0.0113  -0.4122   0.0774   0.4631
  0.0971   0.1623  -0.0571  -0.3001   0.0968   0.4541
  0.0878   0.2569  -0.0648  -0.3089   0.0872   0.4672
  0.0852   0.2412  -0.0827  -0.3098   0.0770   0.4626
  0.0696   0.1460  -0.0499  -0.1855   0.0720   0.5010
  0.0603  -0.1277  -0.0181   0.0371   0.0658   0.5276
  0.0708  -0.2673  -0.0055   0.1796   0.0606   0.5854
  0.0915  -0.3772  -0.0233   0.3270   0.0581   0.6073
  0.0527  -0.4192   0.0111   0.4085   0.0724   0.6759
