  0.1513  -0.0558   0.0763  -0.1519   0.0576   0.1275
  0.1823  -0.0175   0.0928  -0.1522   0.0486   0.1318
  0.1857  -0.0172   0.0891  -0.1679   0.0465   0.1367
  0.1583  -0.0186   0.1130  -0.1954   0.0759   0.1426
  0.1698  -0.0348   0.0954  -0.1659   0.0657   0.1447
  0.1413  -0.0683   0.0761  -0.1858   0.0721   0.1444
  0.1717  -0.0777   0.0981  -0.1143   0.0572   0.1391
  0.1384  -0.0931   0.1053  -0.1511   0.0470   0.1534
  0.1519  -0.0587   0.0990  -0.0919   0.0554   0.1184
  0.1316  -0.0795   0.0943  -0.1349   0.0496   0.1106
  0.1371  -0.1018   0.0845  -0.0977   0.0464   0.1114
  0.1459  -0.0939   0.0882  -0.0938   0.0299   0.0834
  0.1338  -0.0784   0.0924  -0.1134   0.0350   0.1099
  0.1347  -0.1154   0.0742  -0.1300   0.0389   0.0773
  0.1369  -0.0833   0.0737  -0.1140   0.0640   0.0947
  0.1366  -0.1219   0.0481  -0.0860   0.0492   0.0651
  0.1452  -0.1040   0.0434  -0.0679   0.0522   0.0813
  0.1273  -0.1348   0.0158  -0.0482   0.0502   0.0799
  0.1323  -0.1581  -0.0079  -0.0902   0.0089   0.1199
  0.1142  -0.1983   0.0092  -0.1136   0.0197   0.1316
  0.1062  -0.1873   0.0107  -0.0984   0.0255   0.1162
  0.1074  -0.1644   0.0226  -0.0949   0.0259   0.1423
  0.1002  -0.1733   0.0116  -0.0876   0.0314   0.1130
  0.0927  -0.1687   0.0152  -0.0676   0.0278   0.1283
  0.0963  -0.1640   0.0091  -0.0448   0.0240   0.1183
  0.0709  -0.1674   0.0158  -0.0696   0.0196   0.1312
  0.0940  -0.1386   0.0031  -0.1232   0.0303   0.1181
  0.0870  -0.1472   0.0214  -0.0878   0.0138   0.1198
  0.0708  -0.1525   0.0167  -0.0814   0.0254   0.1445
  0.0813  -0.1454   0.0111  -0.0348   0.0140   0.0933
  0.0742  -0.1513   0.0130   0.0075   0.0204   0.0926
  0.0804  -0.1533   0.0058   0.0197   0.0266   0.0796
  0.0714  -0.1846   0.0082   0.0230   0.0197   0.0559
  0.0600  -0.1826   0.0011   0.0291   0.0358   0.0767
  0.0591  -0.1911  -0.0022   0.0377   0.0235   0.0573
  0.0602  -0.2029   0.0030   0.0214   0.0193   0.0745
  0.0385  -0.1829   0.0002   0.0407   0.0190   0.0618
  0.0426  -0.2295  -0.0182   0.0269   0.0049   0.0406
  0.0411  -0.2109  -0.0023   0.0444   0.0100   0.0699
  0.0375  -0.2103  -0.0081   0.0291   0.0114   0.0487
  0.0262  -0.2229   0.0144   0.0691   0.0116   0.0636
  0.0385  -0.2385   0.0284   0.0685   0.0071   0.0403
  0.0353  -0.2113   0.0194   0.0635   0.0093   0.0647
  0.0269  -0.1462   0.0138  -0.0205   0.0179   0.0772
  0.0265  -0.1223   0.0220  -0.0499   0.0226   0.0589
  0.0399  -0.1147   0.0339  -0.0451   0.0383   0.0693
  0.0458  -0.0752  -0.0088  -0.0680   0.0201   0.0120
  0.0476   0.0573   0.0081  -0.1832   0.0225   0.0717
  0.0402   0.0558   0.0390  -0.2220   0.0451   0.0753
  0.0542   0.0439   0.0335  -0.2054   0.0331   0.0932
  0.0520   0.1400   0.0404  -0.3101   0.0555   0.1486
  0.0468   0.1215   0.0621  -0.3695   0.0429   0.1501
  0.0773   0.1633   0.0493  -0.3805   0.0758   0.1750
  0.0650   0.1628   0.0315  -0.2787   0.0653   0.1038
  0.0543   0.1277   0.0519  -0.2583   0.0693   0.0955
  0.0668   0.1323   0.0548  -0.3087   0.0579   0.1358
  0.0676   0.1154   0.0249  -0.1352   0.0804   0.0656
  0.0466   0.1072   0.0368  -0.1122   0.0412   0.0314
  0.0478   0.0511   0.0507  -0.0914   0.0417   0.0544
  0.0709   0.1107   0.0553  -0.1687   0.0358   0.0719
  0.0444   0.1050   0.0509  -0.1725   0.0414   0.0564
  0.0475   0.1099   0.0594  -0.1092   0.0469   0.0581
  0.0348   0.1033   0.0593  -0.0951   0.0531   0.0660
  0.0243   0.1028   0.0547  -0.1145   0.0479   0.0428
  0.0485   0.0856   0.0518  -0.0719   0.0405   0.0245
  0.0505   0.1050   0.0505  -0.0999   0.0460   0.0684
  0.0454   0.1181   0.0443  -0.0659   0.0519   0.0271
  0.0453   0.1072   0.0296  -0.0570   0.0401   0.0039
  0.0251   0.1159   0.0343  -0.0228   0.0475   0.0046
  0.0353   0.1077   0.0385  -0.0412   0.0417   0.0269
  0.0266   0.0920   0.0215  -0.0576   0.0421   0.0333
  0.0218   0.0765   0.0183  -0.0688   0.0396   0.0195
  0.0272   0.1013   0.0292  -0.0560   0.0290   0.0242
  0.0342   0.1359   0.0100  -0.0903   0.0451   0.0185
  0.0177   0.0469   0.0055  -0.0305   0.0294   0.0015
  0.0319   0.0537   0.0169  -0.0031   0.0084   0.0120
  0.0279   0.0397   0.0167   0.0419   0.0188  -0.0122
  0.0241   0.0230   0.0128   0.0310   0.0089  -0.0333
  0.0315   0.0402   0.0231   0.0364   0.0112  -0.0026
  0.0117   0.0345   0.0013   0.0277  -0.0055  -0.0318
  0.0100   0.0290   0.0074   0.0448  -0.0013  -0.0378
  0.0071   0.0345   0.0026   0.0229  -0.0000  -0.0148
  0.0054   0.0247   0.0096  -0.0114  -0.0067  -0.0083
  0.0105   0.0631   0.0181   0.0069   0.0006   0.0021
  0.0087   0.0591  -0.0089   0.0034   0.0094  -0.0377
 -0.0006   0.0558  -0.0019   0.0035   0.0074  -0.0411
 -0.0039   0.0698   0.0017   0.0924   0.0066  -0.0618
  0.0181   0.0806  -0.0030   0.0412  -0.0013  -0.0685
  0.0022   0.0530  -0.0013   0.0284  -0.0027  -0.0690
 -0.0068   0.0606  -0.0083  -0.0061   0.0055  -0.0321
 -0.0188   0.0274  -0.0050  -0.0126   0.0079  -0.0450
 -0.0095   0.0604   0.0070  -0.0038   0.0021  -0.0084
 -0.0060   0.0523   0.0000   0.0174   0.0074  -0.0251
  0.0021   0.0440  -0.0102   0.0003  -0.0016  -0.0142
 -0.0127   0.0294   0.0005   0.0167   0.0023   0.0071
 -0.0093   0.0492  -0.0204  -0.0340   0.0045  -0.0109
 -0.0214   0.0277  -0.0010   0.0048   0.0010  -0.0241
 -0.0046   0.0578  -0.0199   0.0002   0.0089  -0.0022
 -0.0246   0.0071  -0.0072  -0.0233   0.0020   0.0037
 -0.0058   0.0508   0.0044  -0.0437  -0.0091  -0.0026
 -0.0295   0.0964  -0.0100  -0.0745  -0.0144   0.0076
 -0.0019   0.0788   0.0359  -0.0160  -0.0516  -0.0138
 -0.0014   0.0510  -0.0062   0.0372  -0.0215  -0.0128
  0.0045   0.0564   0.0027   0.0331  -0.0254  -0.0438
 -0.0047   0.0281  -0.0071   0.0728  -0.0333  -0.0704
 -0.0317   0.0277  -0.0063   0.0642  -0.0292  -0.0486
 -0.0505   0.0222  -0.0068   0.0175  -0.0394  -0.0633
 -0.0548   0.0546   0.0052   0.0588  -0.0419  -0.0370
 -0.0536   0.0516  -0.0199   0.0358  -0.0335  -0.0566
 -0.0590   0.0187  -0.0058   0.0487  -0.0367  -0.0287
 -0.0543   0.0334  -0.0226   0.0245  -0.0291  -0.0183
 -0.0561   0.0170  -0.0142   0.0461  -0.0283  -0.0477
 -0.0630   0.0369  -0.0124   0.0373  -0.0238  -0.0284
 -0.0623   0.0361  -0.0076   0.0510  -0.0369  -0.0244
 -0.0597   0.0345  -0.0166   0.0565  -0.0320  -0.0537
 -0.0508   0.0267  -0.0151   0.0710  -0.0367  -0.0653
 -0.0473   0.0207  -0.0167   0.0427  -0.0307  -0.0332
 -0.0439   0.0416  -0.0333   0.0059  -0.0365  -0.0552
 -0.0483   0.0293  -0.0195   0.0250  -0.0331  -0.0527
 -0.0530   0.0455  -0.0181   0.0220  -0.0332  -0.0362
 -0.0574   0.0354  -0.0229   0.0179  -0.0355  -0.0751
 -0.0605   0.0501  -0.0139  -0.0053  -0.0334  -0.0360
 -0.0559   0.0463  -0.0204  -0.0081  -0.0332  -0.0623
 -0.0525   0.0340  -0.0228   0.0078  -0.0412  -0.0785
 -0.0543   0.0502  -0.0319   0.0016  -0.0335  -0.0442
 -0.0693   0.0409  -0.0328   0.0259  -0.0374  -0.0715
 -0.0593   0.0296  -0.0316   0.0218  -0.0368  -0.0581
 -0.0579   0.0425  -0.0262   0.0385  -0.0344  -0.0493
 -0.0560   0.0554  -0.0307   0.0270  -0.0520  -0.0647
 -0.0640   0.0439  -0.0252   0.0672  -0.0494  -0.0350
 -0.0587   0.0208  -0.0401   0.0908  -0.0386  -0.0535
 -0.0779   0.0075  -0.0380   0.0788  -0.0389  -0.0613
 -0.0774   0.0240  -0.0340   0.0114  -0.0407  -0.0212
 -0.0743   0.0560  -0.0408   0.0355  -0.0292  -0.0318
 -0.0678   0.0472  -0.0477   0.0731  -0.0432  -0.0626
 -0.0678   0.0339  -0.0467   0.0621  -0.0458  -0.0682
 -0.0668   0.0384  -0.0418   0.0851  -0.0396  -0.0550
 -0.0722   0.0488  -0.0487   0.0946  -0.0450  -0.0793
 -0.0731   0.0343  -0.0492   0.0793  -0.0492  -0.0838
 -0.0757   0.0422  -0.0331   0.0760  -0.0402  -0.0452
 -0.0674   0.0644  -0.0490   0.0815  -0.0457  -0.0620
 -0.0767   0.0303  -0.0329   0.0623  -0.0465  -0.0665
 -0.0880   0.0579  -0.0408   0.0632  -0.0337  -0.0505
 -0.0900   0.0227  -0.0488   0.0855  -0.0451  -0.0863
 -0.0996   0.0038  -0.0582   0.0805  -0.0366  -0.0938
 -0.0882   0.0262  -0.0415   0.1023  -0.0278  -0.0688
 -0.1099   0.0410  -0.0446   0.0633  -0.0203  -0.0768
 -0.0951   0.0084  -0.0392   0.0805  -0.0317  -0.0876
 -0.0941   0.0212  -0.0452   0.0718  -0.0315  -0.0522
 -0.0966   0.0371  -0.0528   0.0723  -0.0293  -0.0785
 -0.0952   0.0201  -0.0588   0.0436  -0.0395  -0.0758
 -0.0901   0.0318  -0.0532   0.0783  -0.0330  -0.0533
 -0.1071   0.0184  -0.0614   0.0805  -0.0281  -0.0578
 -0.0995   0.0228  -0.0661   0.0921  -0.0246  -0.0813
 -0.0995   0.0061  -0.0497   0.1296  -0.0244  -0.0682
 -0.1089   0.0191  -0.0635   0.1045  -0.0268  -0.0798
 -0.1120  -0.0236  -0.0539   0.1194  -0.0296  -0.0985
 -0.1137  -0.0286  -0.0250   0.1373  -0.0250  -0.0714
 -0.0979  -0.0186  -0.0372   0.1492  -0.0415  -0.1149
 -0.1252  -0.0195  -0.0280   0.0909  -0.0254  -0.0725
 -0.1219  -0.0002  -0.0457   0.1153  -0.0281  -0.0712
 -0.1239  -0.0223  -0.0563   0.1265  -0.0290  -0.0947
 -0.1144   0.0098  -0.0431   0.1500  -0.0396  -0.0913
 -0.1204   0.0288  -0.0583   0.1717  -0.0306  -0.1011
 -0.1202  -0.0062  -0.0509   0.1722  -0.0510  -0.1127
 -0.1238  -0.0003  -0.0432   0.1868  -0.0435  -0.0993
 -0.1282  -0.0262  -0.0521   0.2070  -0.0443  -0.1269
 -0.1228  -0.0077  -0.0487   0.2031  -0.0485  -0.1102
 -0.1151   0.0064  -0.0599   0.2355  -0.0420  -0.1387
 -0.1109   0.0279  -0.0693   0.2870  -0.0506  -0.1712
 -0.1194   0.0325  -0.0606   0.2572  -0.0430  -0.1436
 -0.1115   0.0473  -0.0828   0.2612  -0.0551  -0.1658
 -0.1131   0.0400  -0.0563   0.1915  -0.0519  -0.1312
 -0.0856   0.0557  -0.0791   0.2374  -0.0570  -0.1635
 -0.0926   0.0788  -0.0773   0.2395  -0.0626  -0.1616
 -0.0817   0.1258  -0.0851   0.3740  -0.0808  -0.2443
