 -0.0207   0.4295  -0.0427   0.1869  -0.1231   0.0720
 -0.0538   0.5966  -0.0738   0.1401  -0.1594  -0.0687
 -0.0674   0.4852  -0.0242   0.1195  -0.1426  -0.0173
 -0.0713   0.4511  -0.0395   0.1546  -0.1403  -0.0462
 -0.0473   0.4301  -0.0452   0.1371  -0.1220   0.0214
 -0.0430   0.4754  -0.0856   0.2072  -0.1478   0.0170
 -0.0406   0.4961  -0.0729   0.2121  -0.1670  -0.0148
 -0.0418   0.4871  -0.0734   0.2127  -0.1717   0.0028
 -0.0305   0.4837  -0.0850   0.2117  -0.1683  -0.0285
 -0.0146   0.4938  -0.0803   0.2147  -0.1745   0.0297
 -0.0140   0.4447  -0.0875   0.2458  -0.1619  -0.0610
 -0.0207   0.4598  -0.0675   0.1972  -0.1755   0.0634
 -0.0175   0.4619  -0.0636   0.1872  -0.1589  -0.0584
 -0.0255   0.4946  -0.0249   0.2052  -0.1474   0.0614
 -0.0051   0.4707  -0.0317   0.2053  -0.1377  -0.0888
 -0.0028   0.4749  -0.0205   0.1434  -0.1600   0.0382
 -0.0144   0.4455  -0.0338   0.1902  -0.1315  -0.0656
 -0.0111   0.4832  -0.0271   0.1567  -0.1365   0.0183
 -0.0161   0.3591  -0.0059   0.2313  -0.1189  -0.0843
 -0.0222   0.2799   0.0264   0.1995  -0.1144   0.0191
  0.0023   0.2994  -0.0102   0.2060  -0.1159   0.0319
  0.0061   0.3125  -0.0102   0.1735  -0.1169  -0.0399
  0.0188   0.3438  -0.0336   0.1377  -0.1338   0.0533
  0.0251   0.3378  -0.0461   0.1855  -0.1291  -0.0443
  0.0295   0.3553  -0.0352   0.1762  -0.1491   0.0220
  0.0448   0.3375  -0.0394   0.1662  -0.1518   0.0172
  0.0497   0.3004  -0.0529   0.2330  -0.1283  -0.0355
  0.0281   0.2471  -0.0210   0.2035  -0.1367   0.0854
  0.0395   0.2936  -0.0400   0.2406  -0.1065  -0.1426
  0.0375   0.2978  -0.0285   0.1740  -0.0920   0.0320
  0.0341   0.2757  -0.0439   0.1719  -0.1145  -0.0069
  0.0478   0.2824  -0.0446   0.1844  -0.1206   0.0155
  0.0377   0.2426  -0.0238   0.1840  -0.1267   0.0023
  0.0614   0.2772  -0.0352   0.2299  -0.1391  -0.0233
  0.0712   0.2691  -0.0474   0.1958  -0.1409   0.0001
  0.0456   0.2642  -0.0346   0.1641  -0.1139  -0.0339
  0.0580   0.2250  -0.0348   0.1648  -0.1275   0.0124
  0.0526   0.1982  -0.0383   0.1973  -0.1079  -0.0314
  0.0584   0.2169  -0.0461   0.1957  -0.1134   0.0131
  0.0518   0.2329  -0.0451   0.1647  -0.0987  -0.0424
  0.0519   0.2151  -0.0344   0.1301  -0.1116   0.0362
  0.0366   0.2054  -0.0237   0.1905  -0.0644  -0.0769
 -0.0249   0.1784   0.0658   0.1845   0.0015   0.0374
 -0.0442   0.2256   0.0661   0.1828   0.0358  -0.1208
 -0.0339   0.1699   0.0586   0.1131   0.0457   0.0196
 -0.0243   0.0411   0.0566   0.2154   0.0489  -0.0200
 -0.0207   0.0792   0.0507   0.1925   0.0322   0.0016
 -0.0102   0.0295   0.0639   0.1847   0.0410  -0.0135
  0.0171  -0.0183   0.0867   0.1285   0.0206   0.0397
  0.0060   0.0047   0.0737   0.2112   0.0501  -0.0110
 -0.0026   0.0028   0.0710   0.1620   0.0428   0.0585
  0.0248   0.0179   0.0352   0.2079   0.0314  -0.0172
  0.0151   0.0162   0.0457   0.1498   0.0124   0.0314
  0.0215   0.0578   0.0217   0.1944  -0.0009  -0.0773
 -0.0043   0.0649   0.0417   0.1215  -0.0393   0.0559
  0.0133   0.0692  -0.0036   0.2407  -0.0652  -0.0820
 -0.0351   0.1633   0.0261   0.1913  -0.0547   0.0451
 -0.0442   0.2061   0.0144   0.2400  -0.0495  -0.0748
 -0.0241   0.1881   0.0320   0.1446  -0.0338   0.0050
 -0.0150   0.1520   0.0326   0.2145  -0.0216  -0.0413
 -0.0298   0.1697  -0.0029   0.1720  -0.0265  -0.0365
  0.0015   0.1097  -0.0093   0.2274  -0.0306   0.0157
  0.0363   0.0174  -0.0050   0.1869  -0.0054  -0.0069
  0.0452   0.0531  -0.0208   0.1738  -0.0108   0.0648
  0.0473   0.0507  -0.0170   0.1513  -0.0047  -0.0279
  0.0516   0.0636  -0.0386   0.1526  -0.0169   0.0170
  0.0287   0.0708  -0.0434   0.1742  -0.0110  -0.0567
  0.0459   0.0948  -0.0346   0.1669  -0.0243   0.0293
  0.0481   0.0688  -0.0216   0.1247   0.0032  -0.0489
  0.0568   0.0725  -0.0165   0.1755   0.0048   0.0302
  0.0576   0.0554  -0.0176   0.1651   0.0286  -0.0623
  0.0578   0.1110  -0.0040   0.1986   0.0233   0.0444
  0.0256   0.1078  -0.0376   0.1196   0.0305  -0.0992
 -0.0056   0.0965  -0.0117   0.1621   0.0469   0.0115
 -0.0355   0.0738  -0.0367  -0.0837   0.0020  -0.0584
 -0.0171   0.1352  -0.0421  -0.0924  -0.0157  -0.0693
  0.0133   0.0005  -0.0018   0.0918  -0.0224   0.1054
  0.0082   0.0232  -0.0047   0.0944  -0.0086  -0.0669
  0.0169   0.1070   0.0002   0.0530  -0.0019   0.0490
  0.0138   0.1451  -0.0195   0.1035  -0.0154  -0.0429
  0.0120   0.1394  -0.0077   0.0544  -0.0091   0.0141
  0.0151   0.0879  -0.0067   0.0664  -0.0006  -0.0155
  0.0311   0.0373  -0.0029   0.0723   0.0151  -0.0103
  0.0229   0.0027   0.0107   0.0955   0.0284  -0.0133
  0.0254   0.0269   0.0101   0.0712   0.0187  -0.0020
  0.0390  -0.0514  -0.0024   0.1024   0.0059   0.0586
  0.0331   0.0395  -0.0206   0.1519   0.0140  -0.0167
  0.0233   0.0281  -0.0072   0.1114   0.0030   0.0622
 -0.0022   0.0724   0.0255   0.1483   0.0358  -0.0928
 -0.0046   0.0363   0.0260   0.0817   0.0173   0.1425
  0.0177   0.0186   0.0334   0.1198   0.0259  -0.0808
  0.0172   0.0092   0.0350   0.0772   0.0119   0.1277
  0.0362  -0.0013   0.0218   0.1271   0.0393  -0.0810
  0.0062  -0.0033   0.0037   0.0842  -0.0006   0.0970
  0.0140  -0.0329   0.0110   0.2027   0.0093  -0.0325
 -0.0035  -0.0114   0.0325   0.1090   0.0327   0.0746
  0.0265  -0.0244   0.0103   0.1696   0.0151  -0.0039
  0.0216   0.0437   0.0241   0.0275   0.0242   0.0666
  0.0365  -0.0041   0.0183   0.1132   0.0325   0.0143
  0.0141   0.0253   0.0345   0.0574   0.0323   0.0527
  0.0274  -0.0195   0.0206   0.1211   0.0153   0.0105
  0.0103   0.0080   0.0345   0.0484   0.0360   0.0359
  0.0270  -0.0321   0.0172   0.0735   0.0239   0.0281
  0.0320  -0.0262   0.0106   0.0647   0.0293  -0.0044
  0.0351  -0.0200  -0.0073   0.0649   0.0205   0.0241
  0.0252  -0.0014   0.0165   0.0403   0.0475   0.0015
  0.0379  -0.0077   0.0145   0.0713   0.0457   0.0480
  0.0256  -0.0524   0.0198   0.0691   0.0522   0.0139
  0.0369  -0.0637   0.0331   0.0466   0.0545   0.0545
  0.0340  -0.0554   0.0182   0.0339   0.0627   0.0171
  0.0338  -0.0321   0.0198   0.0223   0.0478   0.0486
  0.0460  -0.0012   0.0112   0.0264   0.0425  -0.0176
  0.0485  -0.0055   0.0103   0.0134   0.0302   0.0432
  0.0401  -0.0046   0.0074   0.0159   0.0444  -0.0052
  0.0442  -0.0156   0.0125   0.0009   0.0265   0.0843
  0.0236  -0.2237   0.0283   0.0793   0.0570   0.0318
  0.0108  -0.2220   0.0352   0.0145   0.0340   0.1815
  0.0253  -0.2204   0.0364   0.1054   0.0541   0.0284
  0.0379  -0.1334   0.0303  -0.0631   0.0176   0.1518
  0.0483  -0.0532  -0.0017  -0.0356   0.0343  -0.0548
  0.0336  -0.1550   0.0010   0.0167   0.0199   0.1001
  0.0488  -0.1640  -0.0119   0.0353   0.0168  -0.0273
  0.0440  -0.1466   0.0089  -0.0270   0.0270   0.1083
  0.0677  -0.1847   0.0013   0.0308   0.0384   0.0278
  0.0317  -0.1275  -0.0015  -0.0084   0.0189   0.0673
  0.0389  -0.1665  -0.0134   0.0251   0.0189   0.0935
  0.0451  -0.1264  -0.0108   0.0153   0.0109   0.0301
  0.0605  -0.0944   0.0053  -0.0225  -0.0150   0.0964
  0.0574  -0.0820   0.0121  -0.0157   0.0122  -0.0280
  0.0514  -0.0994   0.0044  -0.0699   0.0043   0.0851
  0.0503  -0.1324  -0.0097   0.0275   0.0134  -0.0242
  0.0172  -0.1459   0.0248  -0.0485   0.0120   0.0753
  0.0459  -0.2010  -0.0011  -0.0108   0.0118   0.0333
  0.0514  -0.2051  -0.0365   0.0056   0.0189   0.0153
  0.0411  -0.2003   0.0099  -0.0359   0.0249   0.1192
  0.0439  -0.2614  -0.0296  -0.0054   0.0073   0.0027
  0.0264  -0.2111  -0.0123  -0.0467  -0.0059   0.1009
  0.0264  -0.2357  -0.0234   0.0314   0.0208  -0.0064
  0.0034  -0.1988  -0.0092  -0.0427   0.0193   0.0894
  0.0137  -0.2106  -0.0138  -0.0159   0.0115   0.0358
 -0.0069  -0.1965  -0.0037  -0.0213   0.0309   0.0166
  0.0010  -0.1893   0.0047  -0.0474   0.0187   0.1005
  0.0191  -0.1719  -0.0036   0.0125   0.0296  -0.0325
  0.0270  -0.1511   0.0359  -0.0402   0.0148   0.1044
  0.0349  -0.1587   0.0043  -0.0081   0.0296  -0.0112
  0.0184  -0.0946  -0.0124  -0.1168   0.0093   0.0547
  0.0172  -0.1394  -0.0091  -0.0634   0.0186   0.0441
  0.0181  -0.0671  -0.0200  -0.1292   0.0293  -0.0229
  0.0208  -0.1242  -0.0052  -0.0938   0.0274   0.0927
  0.0177  -0.1265  -0.0034  -0.0936   0.0463  -0.0492
 -0.0035  -0.1118   0.0048  -0.1441   0.0444   0.0866
  0.0219  -0.1377  -0.0049  -0.0790   0.0608  -0.0497
  0.0036  -0.1437  -0.0141  -0.1238   0.0447   0.0903
  0.0242  -0.1087  -0.0391  -0.1032   0.0296  -0.0936
  0.0011  -0.1491  -0.0148  -0.1099   0.0324   0.0600
  0.0379  -0.2122  -0.0345  -0.0741   0.0398  -0.0320
  0.0271  -0.1090  -0.0561  -0.1426   0.0270   0.0370
  0.0364  -0.1250  -0.0777  -0.0788   0.0123  -0.0216
  0.0348  -0.0664  -0.0501  -0.1800   0.0148   0.0455
  0.0397  -0.1345  -0.0535  -0.0938   0.0330   0.0258
  0.0280  -0.1297  -0.0417  -0.1795   0.0503   0.0298
  0.0392  -0.1349  -0.0651  -0.1404   0.0463   0.0253
  0.0206  -0.1225  -0.0389  -0.1871   0.0632  -0.0053
  0.0404  -0.1506  -0.0579  -0.1320   0.0254   0.0393
  0.0334  -0.1098  -0.0524  -0.1705   0.0181  -0.0028
  0.0037  -0.1064  -0.0608  -0.1387   0.0074   0.0637
 -0.0081  -0.1011  -0.0700  -0.0748   0.0247  -0.0042
  0.0051  -0.0676  -0.0722  -0.1985  -0.0057   0.0829
  0.0174  -0.0020  -0.0905  -0.1040   0.0263  -0.0679
 -0.0117  -0.0569  -0.0749  -0.2166   0.0141   0.0844
  0.0227  -0.0155  -0.0896  -0.1723   0.0207  -0.1033
  0.0011  -0.0465  -0.0743  -0.2273   0.0058  -0.0041
 -0.0075   0.0110  -0.0884  -0.1769   0.0388  -0.0547
 -0.0948  -0.0524  -0.0394  -0.1711  -0.0745  -0.0899
 -0.0901  -0.1606  -0.0187  -0.1439  -0.0435  -0.0426
 -0.0434  -0.0213  -0.0225  -0.2138   0.0566  -0.1583
 -0.0425  -0.0464  -0.0319  -0.2368   0.0182  -0.0405
 -0.0352   0.0158  -0.0347  -0.1591   0.0562  -0.1054
 -0.0559   0.0118  -0.0220  -0.2040   0.0325   0.0036
 -0.0356  -0.0127  -0.0445  -0.1551   0.0530  -0.0988
 -0.0589  -0.0021  -0.0323  -0.2148   0.0258  -0.0287
 -0.0384  -0.0529  -0.0452  -0.1804   0.0188  -0.0864
 -0.0538  -0.0114  -0.0530  -0.2327   0.0278  -0.0807
 -0.0398  -0.0271  -0.0623  -0.1927   0.0090  -0.0478
 -0.0525  -0.0046  -0.0562  -0.1997  -0.0075  -0.1125
 -0.0643  -0.0136  -0.0084  -0.2505   0.0145   0.0259
 -0.0359  -0.0116  -0.0114  -0.1443   0.0466  -0.1513
 -0.0484  -0.0016  -0.0304  -0.2048   0.0228   0.0225
 -0.0233  -0.0022  -0.0575  -0.1489   0.0379  -0.1445
 -0.0430  -0.0079  -0.0753  -0.2194   0.0315  -0.0154
 -0.0199  -0.1731  -0.0391  -0.0995   0.0550  -0.0727
 -0.0114  -0.1924  -0.0248  -0.1331   0.0546  -0.0131
 -0.0227  -0.2391  -0.0220  -0.1031   0.0100   0.0173
 -0.0463  -0.2163   0.0138  -0.1247   0.0620  -0.0055
 -0.0384  -0.2264   0.0127  -0.1100   0.0388   0.0766
 -0.0453  -0.3398   0.0542  -0.1008   0.0476  -0.0483
 -0.0550  -0.5651   0.0910  -0.0685   0.0517   0.0931
 -0.0383  -0.4492   0.0652  -0.1041   0.0621   0.0290
 -0.0786  -0.3457   0.0975  -0.0917   0.0099   0.0368
 -0.0584  -0.3646   0.0890  -0.1425   0.0168   0.0850
 -0.0372  -0.2552   0.0490  -0.0959   0.0497  -0.0951
 -0.0295  -0.2624   0.0539  -0.1668   0.0288   0.0544
 -0.0244  -0.3051   0.0439  -0.1318   0.0373  -0.0183
 -0.0254  -0.3118   0.0518  -0.1312   0.0480   0.0266
 -0.0083  -0.2413   0.0521  -0.1431   0.0534   0.0039
 -0.0229  -0.2463   0.0757  -0.1585   0.0822   0.0027
 -0.0268  -0.2490   0.0700  -0.1640   0.0686   0.0183
 -0.0147  -0.2898   0.1675  -0.1410   0.1061  -0.0544
 -0.0526  -0.3163   0.1527  -0.1289   0.1004   0.0588
 -0.0656  -0.2575   0.0916  -0.1334   0.0960  -0.0506
 -0.0544  -0.3234   0.0886  -0.1582   0.0734   0.0946
 -0.0535  -0.2587   0.0731  -0.1466   0.0932  -0.0428
 -0.0527  -0.2787   0.0814  -0.1927   0.0767   0.0810
 -0.0396  -0.2296   0.0776  -0.1516   0.0944  -0.0632
 -0.0317  -0.2191   0.0753  -0.2009   0.0503   0.0502
 -0.0054  -0.1721   0.0394  -0.1667   0.0412  -0.0556
 -0.0607  -0.1756   0.0456  -0.2866   0.0495   0.0172
 -0.0447  -0.2163   0.0359  -0.1722   0.0723  -0.0608
 -0.0694  -0.1461   0.0531  -0.2997   0.0401   0.0066
 -0.0707   0.2257   0.0321  -0.3388   0.0420  -0.1706
 -0.0724   0.0457   0.0514  -0.3452   0.0347  -0.0353
 -0.0533  -0.0751   0.0396  -0.2345   0.0545  -0.1204
 -0.0767  -0.0691   0.0434  -0.2215   0.0645  -0.0436
 -0.0574  -0.1447   0.0597  -0.2532   0.0594  -0.0208
 -0.0407  -0.1552   0.0644  -0.2102   0.0846  -0.1105
 -0.0739  -0.1140   0.0758  -0.2884   0.0698   0.0316
 -0.0887  -0.1535   0.1052  -0.2288   0.0805  -0.0978
 -0.0828  -0.1091   0.0948  -0.3156   0.0849  -0.0418
 -0.0641  -0.1319   0.0686  -0.2754   0.0736  -0.0167
 -0.0579  -0.0851   0.0478  -0.2328   0.0737  -0.0729
 -0.0497  -0.1073   0.0558  -0.2695   0.0663   0.0286
 -0.0431  -0.0763   0.0392  -0.2357   0.0816  -0.1414
 -0.0478  -0.0505   0.0430  -0.3247   0.0651  -0.0288
 -0.0600  -0.1278   0.0224  -0.2731   0.0314  -0.0152
 -0.0787  -0.1930   0.0705  -0.2174   0.0510  -0.1218
 -0.0381  -0.2130   0.0729  -0.3081   0.0819  -0.0263
