  0.1563   0.2372  -0.0243  -0.2298  -0.0060   0.0074
  0.1407   0.2294  -0.0155  -0.2474  -0.0218  -0.0010
  0.1308   0.2077  -0.0281  -0.2809  -0.0196   0.0031
  0.1407   0.2253  -0.0123  -0.2678  -0.0103  -0.0210
  0.1367   0.2224  -0.0040  -0.2365   0.0022  -0.0174
  0.1183   0.2176   0.0166  -0.2718   0.0072  -0.0091
  0.1078   0.2035   0.0179  -0.2738   0.0233  -0.0310
  0.0993   0.2084   0.0105  -0.2466   0.0258  -0.0279
  0.0992   0.2261   0.0149  -0.2640   0.0282  -0.0081
  0.0911   0.2107   0.0214  -0.2536   0.0206  -0.0253
  0.0848   0.2036   0.0090  -0.2474   0.0119  -0.0221
  0.0864   0.2075   0.0157  -0.2565   0.0032  -0.0470
  0.0894   0.1989   0.0068  -0.2182   0.0079  -0.0022
  0.0805   0.1829   0.0207  -0.1688   0.0015  -0.0353
  0.0954   0.1876   0.0249  -0.1759  -0.0019  -0.0501
  0.0730   0.1686   0.0233  -0.2029   0.0062   0.0245
  0.0607   0.1329   0.0356  -0.1652   0.0076  -0.0094
  0.0537   0.1487   0.0522  -0.1704  -0.0090  -0.0399
  0.0506   0.1416   0.0632  -0.2628  -0.0056  -0.0026
  0.0328   0.0540   0.0696   0.0087   0.0025  -0.0589
  0.0034   0.0146   0.0795   0.0488   0.0248  -0.0211
 -0.0039   0.0086   0.0756   0.1047   0.0373   0.0103
 -0.0389  -0.0376   0.0629   0.0529   0.0178   0.0280
 -0.0748  -0.1536   0.0551   0.0304  -0.0036   0.0198
 -0.0641  -0.0008   0.0968   0.1071   0.0359  -0.0412
 -0.0881  -0.0738   0.0527   0.1060  -0.0031   0.0345
 -0.0916  -0.0923   0.0677   0.0682  -0.0152   0.0630
 -0.0931  -0.0891   0.0932   0.0203  -0.0098   0.0370
 -0.0976  -0.0723   0.0761   0.0599   0.0067  -0.0059
 -0.1132  -0.0701   0.0827   0.0581   0.0007   0.0066
 -0.1022  -0.0809   0.0977   0.1302  -0.0005   0.0513
 -0.1001  -0.0730   0.1031   0.0877   0.0068   0.0227
 -0.1023  -0.0936   0.0841   0.0767   0.0123   0.0278
 -0.1036  -0.0885   0.0888   0.1189   0.0471   0.0062
 -0.1271  -0.0994   0.0835   0.0357   0.0294   0.0429
 -0.1226  -0.1003   0.0811   0.0643   0.0215   0.0200
 -0.1339  -0.0876   0.1304   0.0092   0.0333  -0.0039
  0.2521   0.1681  -0.2265  -0.1053  -0.0439  -0.0504
  0.4149   0.5575  -0.4676   0.0833  -0.1061  -0.1285
  0.2512   0.3664  -0.2843   0.0676  -0.0533  -0.0326
  0.1991   0.3302  -0.2270   0.0040  -0.0314  -0.0414
  0.0860   0.2110  -0.1900   0.0236  -0.0557  -0.0028
  0.0286   0.1819  -0.1257   0.0597  -0.0719  -0.0193
  0.0383   0.1459  -0.0942   0.0742  -0.0408  -0.0512
  0.0092   0.1217  -0.0346   0.0347  -0.0261  -0.0081
  0.0191   0.1276  -0.0171   0.0559  -0.0263  -0.0334
  0.0231   0.1198  -0.0083   0.0466  -0.0316  -0.0093
  0.0117   0.0869  -0.0281   0.0430  -0.0489  -0.0319
 -0.0259  -0.0170  -0.0311   0.0577  -0.0297  -0.0202
 -0.0191   0.0102   0.0065   0.0247  -0.0284   0.0199
  0.0052  -0.0254  -0.0511   0.0122  -0.0116   0.0044
 -0.0380  -0.0229  -0.0356  -0.1402  -0.0402  -0.0244
 -0.0431  -0.0441  -0.0333  -0.0493  -0.0144  -0.0238
 -0.0425  -0.0615  -0.0457  -0.0318  -0.0052   0.0148
 -0.0447  -0.0919  -0.0205   0.0082  -0.0056   0.0051
 -0.0743  -0.1242   0.0169  -0.0283   0.0298  -0.0075
 -0.0629  -0.1821  -0.0070   0.1379   0.0292  -0.0033
 -0.0657  -0.2131  -0.0292   0.1661   0.0156  -0.0356
 -0.0653  -0.2121   0.0120   0.1161   0.0142   0.0439
 -0.0612  -0.2000   0.0076   0.1474   0.0173   0.0262
 -0.0670  -0.2098  -0.0179   0.1218   0.0131   0.0265
 -0.0630  -0.2154   0.0087   0.1775   0.0131  -0.0131
 -0.0683  -0.2144   0.0072   0.1185   0.0298   0.0889
 -0.0659  -0.2096   0.0060   0.1472   0.0042   0.0025
 -0.0692  -0.2040   0.0135   0.1047   0.0090   0.0299
 -0.0591  -0.2062   0.0069   0.1266   0.0087   0.0229
 -0.0603  -0.2112   0.0011   0.1496   0.0269   0.0407
 -0.0694  -0.2128  -0.0005   0.1691   0.0210   0.0120
 -0.0778  -0.2209  -0.0010   0.1521   0.0199   0.0355
 -0.0630  -0.2144   0.0006   0.1821   0.0133   0.0165
 -0.0648  -0.2139  -0.0063   0.2064   0.0070   0.0360
 -0.0697  -0.2146   0.0100   0.1773   0.0181   0.0310
 -0.0671  -0.2232   0.0001   0.2006   0.0159   0.0251
 -0.0700  -0.2162  -0.0028   0.1506   0.0185   0.0209
 -0.0842  -0.2095   0.0037   0.0798   0.0161   0.0218
 -0.0684  -0.2195   0.0067   0.0820   0.0162   0.0156
 -0.0696  -0.2110  -0.0054   0.0683  -0.0015   0.0206
