  0.0551   0.0815   0.0724  -0.0823  -0.0090   0.0007
  0.0608   0.0917   0.0634  -0.0800  -0.0081  -0.0187
  0.0629   0.0836   0.0666  -0.0784  -0.0007  -0.0216
  0.0589   0.1113   0.0536  -0.0835  -0.0030  -0.0087
  0.0724   0.1189   0.0481  -0.0902  -0.0030  -0.0114
  0.0783   0.1246   0.0506  -0.0952  -0.0081  -0.0222
  0.0652   0.1475   0.0643  -0.0923  -0.0267  -0.0387
  0.0672   0.1673   0.0489  -0.0820  -0.0340   0.0106
  0.0686   0.1568   0.0421  -0.0822  -0.0330  -0.0150
  0.0662   0.1409   0.0494  -0.0786  -0.0246  -0.0241
  0.0533   0.1509   0.0415  -0.0708  -0.0227  -0.0264
  0.0775   0.1394   0.0674  -0.0069   0.0695  -0.0687
  0.0780   0.1605   0.0821  -0.0467   0.0522  -0.0291
  0.0662   0.1736   0.0767  -0.0792   0.0360  -0.0041
  0.0655   0.1860   0.0734  -0.0598   0.0383  -0.0318
  0.0683   0.1888   0.0646  -0.0189   0.0251  -0.0440
  0.0623   0.1769   0.0617  -0.0141   0.0256  -0.0538
  0.0562   0.1625   0.0665  -0.0111   0.0304  -0.0492
  0.0476   0.1556   0.0589  -0.0537   0.0096  -0.0357
  0.0424   0.1666   0.0645  -0.0684   0.0182  -0.0310
  0.0343   0.1831   0.0505  -0.0972   0.0175  -0.0406
  0.0321   0.1834   0.0460  -0.1036   0.0106  -0.0283
  0.0329   0.1974   0.0331  -0.0987  -0.0009  -0.0340
  0.0230   0.2011   0.0007  -0.0830  -0.0108  -0.0262
  0.0181   0.1777  -0.0026  -0.0881  -0.0147  -0.0486
  0.0298   0.1779  -0.0052  -0.0821  -0.0272  -0.0274
  0.0269   0.1840  -0.0055  -0.0894  -0.0192  -0.0442
  0.0143   0.1825   0.0084  -0.0693  -0.0237  -0.0520
  0.0210   0.1667   0.0030  -0.0647  -0.0163  -0.0436
  0.0176   0.1735  -0.0241  -0.0766  -0.0069  -0.0305
  0.0249   0.1785  -0.0067  -0.0887   0.0066  -0.0597
  0.0237   0.1696  -0.0018  -0.0766   0.0079  -0.0350
  0.0144   0.1401  -0.0095  -0.0590  -0.0113  -0.0545
  0.0106   0.0786   0.0177   0.0038  -0.0076  -0.0408
  0.0053   0.0901   0.0150  -0.0054  -0.0419  -0.0517
 -0.0046   0.0972   0.0039  -0.0136  -0.0406  -0.0262
  0.0016   0.0833  -0.0031   0.0040  -0.0186  -0.0202
 -0.0002   0.0696   0.0023   0.0179  -0.0197  -0.0268
 -0.0037   0.0503   0.0082   0.0263  -0.0053  -0.0295
 -0.0032   0.0049   0.0277   0.0255  -0.0013  -0.0371
  0.0011  -0.0075   0.0303   0.0290   0.0019  -0.0231
  0.0037  -0.0161   0.0536   0.0082  -0.0009  -0.0324
  0.0076  -0.0316   0.0530   0.0028   0.0093  -0.0197
  0.0015  -0.0820   0.0408   0.0197   0.0007  -0.0024
 -0.0100  -0.2150   0.0564   0.0933   0.0147  -0.0639
  0.0038  -0.2421   0.0604   0.0455   0.0273   0.2007
 -0.0077  -0.1700   0.0800  -0.0426   0.0562  -0.0102
 -0.0148  -0.1271   0.0170  -0.0097   0.0435   0.0576
 -0.0079  -0.0985  -0.0353   0.0293   0.0300   0.0332
 -0.0298  -0.1656  -0.0579   0.0775   0.0181   0.0196
 -0.0108  -0.1651  -0.0827   0.1178   0.0171   0.0204
 -0.0171  -0.1787  -0.0577   0.1270   0.0173   0.0364
 -0.0351  -0.1775  -0.0389   0.0646   0.0145   0.0760
 -0.0394  -0.1852  -0.0236   0.0442   0.0062   0.0644
 -0.0394  -0.1690  -0.0128   0.0322  -0.0196   0.0519
 -0.0502  -0.1548  -0.0223   0.0521  -0.0104   0.0284
 -0.0568  -0.1501  -0.0531   0.0753  -0.0144   0.0538
 -0.0555  -0.1529  -0.0640   0.0755  -0.0163   0.0381
 -0.0608  -0.1685  -0.0715   0.0889  -0.0234   0.0531
 -0.0679  -0.1805  -0.0772   0.0902   0.0011   0.0414
 -0.0625  -0.1809  -0.0731   0.0940   0.0091   0.0408
 -0.0687  -0.1734  -0.0711   0.0592  -0.0045   0.0209
 -0.0750  -0.1541  -0.0696   0.0342  -0.0073   0.0621
 -0.0834  -0.1594  -0.0743   0.0435  -0.0187   0.0671
 -0.0767  -0.1672  -0.0708   0.0726  -0.0063   0.0333
 -0.0638  -0.1653  -0.0596   0.0795   0.0116   0.0459
 -0.0629  -0.1678  -0.0557   0.0718  -0.0022   0.0582
 -0.0650  -0.1655  -0.0585   0.0813  -0.0079   0.0385
 -0.0653  -0.1644  -0.0569   0.0845  -0.0135   0.0311
 -0.0597  -0.1716  -0.0637   0.0861  -0.0100   0.0325
 -0.0614  -0.1639  -0.0658   0.0917  -0.0047   0.0252
 -0.0595  -0.1679  -0.0674   0.1028   0.0036   0.0311
 -0.0568  -0.1659  -0.0694   0.0860   0.0029   0.0476
 -0.0648  -0.1742  -0.0698   0.0764  -0.0074   0.0393
 -0.0618  -0.1750  -0.0689   0.0886  -0.0082   0.0124
 -0.0626  -0.1548  -0.0791   0.0609   0.0002   0.0538
 -0.0638  -0.1722  -0.0903   0.0726  -0.0158   0.0304
