 -0.0251   1.0281   0.0516  -0.5868  -0.0928  -0.1847
 -0.0230   1.2421   0.0795  -0.5998  -0.1058  -0.1354
 -0.0262   1.1241   0.0884  -0.5694  -0.0960  -0.1415
 -0.0187   1.1417   0.0911  -0.5359  -0.1010  -0.1398
 -0.0202   1.1288   0.0972  -0.6059  -0.1009  -0.1643
 -0.0321   1.1401   0.1085  -0.5734  -0.0939  -0.1630
 -0.0246   1.0004   0.0855  -0.5489  -0.0860  -0.1711
 -0.0367   1.0016   0.0888  -0.5776  -0.0821  -0.1769
 -0.0342   0.9824   0.0599  -0.5856  -0.0824  -0.1685
 -0.0639   1.2167   0.1240  -0.6152  -0.0776  -0.2131
 -0.0615   1.3670   0.1371  -0.5936  -0.0603  -0.2484
 -0.0360   1.0995   0.0705  -0.5633  -0.0675  -0.2210
 -0.0482   1.0362   0.0988  -0.5716  -0.0769  -0.2118
 -0.0291   0.9504   0.0922  -0.5499  -0.0780  -0.1920
 -0.0416   0.9215   0.1123  -0.5572  -0.0719  -0.2026
 -0.0449   0.8398   0.1064  -0.4824  -0.0845  -0.1884
 -0.0414   0.8459   0.1122  -0.4645  -0.0809  -0.1906
 -0.0485   0.8243   0.1041  -0.4804  -0.0863  -0.1830
 -0.0490   0.8136   0.1126  -0.4865  -0.0864  -0.1722
 -0.0502   0.7832   0.1027  -0.4733  -0.0739  -0.1772
 -0.0433   0.7297   0.1041  -0.4252  -0.0633  -0.1948
 -0.0452   0.7252   0.1006  -0.4411  -0.0608  -0.2048
 -0.0336   0.7874   0.0807  -0.4765  -0.0511  -0.1896
 -0.0283   0.7470   0.0845  -0.4673  -0.0704  -0.1790
 -0.0445   0.7043   0.0996  -0.4545  -0.0746  -0.1760
 -0.0319   0.6445   0.0932  -0.4318  -0.0593  -0.1585
 -0.0326   0.5814   0.0711  -0.3719  -0.0528  -0.1595
 -0.0225   0.5107   0.0411  -0.3363  -0.0419  -0.1448
 -0.0275   0.4446   0.0606  -0.3849  -0.0416  -0.1614
 -0.0296   0.4793   0.0556  -0.4004  -0.0383  -0.1726
 -0.0309   0.3976   0.0578  -0.3462  -0.0336  -0.1474
 -0.0343   0.3799   0.0490  -0.3227  -0.0272  -0.1434
 -0.0372   0.2901   0.0398  -0.2759  -0.0377  -0.1345
 -0.0268   0.3032   0.0210  -0.2846  -0.0323  -0.1486
 -0.0265   0.2506   0.0262  -0.2527  -0.0337  -0.1412
 -0.0126   0.2839   0.0295  -0.2812  -0.0162  -0.1518
  0.0065   0.2244   0.0442  -0.3029  -0.0056  -0.1450
 -0.0093   0.2077   0.0341  -0.2721  -0.0281  -0.1319
 -0.0194   0.1899   0.0189  -0.2098  -0.0197  -0.1202
 -0.0249   0.1673   0.0220  -0.2140  -0.0271  -0.1398
 -0.0274   0.1467   0.0235  -0.1933  -0.0142  -0.1406
 -0.0217   0.1294   0.0298  -0.1760  -0.0142  -0.1362
 -0.0253   0.0757   0.0341  -0.1276  -0.0193  -0.1144
 -0.0244   0.0812   0.0341  -0.1317  -0.0261  -0.1103
 -0.0201   0.0503   0.0356  -0.1318  -0.0165  -0.1093
 -0.0280   0.0694   0.0382  -0.1507  -0.0239  -0.1311
 -0.0145   0.0143   0.0481  -0.1550  -0.0127  -0.1307
  0.0076   0.0165   0.0462  -0.1062  -0.0199  -0.1408
  0.0054   0.0950   0.0143  -0.2216  -0.0144  -0.1285
  0.0516   1.1510  -0.2039  -1.4101  -0.0672  -0.4014
  0.0258   1.5054  -0.2768  -1.3168  -0.0736  -0.4412
  0.0207   1.1183  -0.2210  -0.9466  -0.0569  -0.3067
  0.0003   1.0401  -0.1966  -0.9027  -0.0556  -0.3008
 -0.0029   0.8051  -0.1572  -0.7353  -0.0547  -0.2362
  0.0292   0.5679  -0.0963  -0.5325  -0.0676  -0.1842
  0.0390   0.4276  -0.0713  -0.4412  -0.0485  -0.1572
  0.0293   0.3642  -0.0647  -0.3469  -0.0441  -0.1706
  0.0308   0.2751  -0.0573  -0.2996  -0.0231  -0.1353
  0.0290   0.2128  -0.0699  -0.2490  -0.0093  -0.1165
  0.0037   0.1701  -0.0662  -0.1873  -0.0145  -0.1294
  0.0171   0.1184  -0.0529  -0.1337  -0.0148  -0.1154
  0.0185   0.0613  -0.0592  -0.0999  -0.0025  -0.1028
  0.0176   0.0742  -0.0477  -0.1036  -0.0020  -0.0964
  0.0187   0.0603  -0.0458  -0.0986   0.0031  -0.0841
  0.0098   0.0040  -0.0400  -0.0835   0.0048  -0.0907
  0.0059  -0.0282  -0.0376  -0.0899  -0.0001  -0.0844
  0.0118  -0.0662  -0.0230  -0.0741  -0.0004  -0.0893
  0.0161  -0.0869  -0.0133  -0.0786   0.0035  -0.0827
  0.0159  -0.1088  -0.0149  -0.0832   0.0106  -0.0839
  0.0115  -0.1102  -0.0198  -0.0459   0.0111  -0.0900
  0.0126  -0.1480  -0.0004  -0.0589   0.0149  -0.0810
  0.0175  -0.1803  -0.0025  -0.0266   0.0257  -0.0553
  0.0187  -0.2173  -0.0092   0.0477   0.0200  -0.0361
  0.0158  -0.2316  -0.0069   0.0468   0.0150  -0.0326
  0.0197  -0.2550  -0.0106   0.0888   0.0224  -0.0342
  0.0279  -0.2599  -0.0094   0.0988   0.0270  -0.0367
  0.0395  -0.2719  -0.0052   0.1226   0.0266  -0.0235
  0.0373  -0.2700  -0.0073   0.1343   0.0216  -0.0115
  0.0373  -0.3005  -0.0086   0.1703   0.0357  -0.0144
  0.0379  -0.2810  -0.0079   0.1974   0.0375  -0.0190
  0.0476  -0.3231  -0.0030   0.2013   0.0254   0.0083
  0.0472  -0.2888  -0.0083   0.1647   0.0300   0.0103
  0.0521  -0.3726   0.0150   0.1928   0.0353   0.0276
  0.0252  -0.0808  -0.0405   0.0872   0.0148  -0.0445
 -0.0106   0.3003  -0.1387  -0.0076   0.0124  -0.0843
 -0.0052   0.0328  -0.1082   0.1516   0.0210  -0.0106
 -0.0210   0.0315  -0.0892   0.1172   0.0119  -0.0287
 -0.0171  -0.0711  -0.0785   0.1566   0.0257  -0.0061
 -0.0130  -0.0860  -0.0662   0.1481   0.0245  -0.0120
 -0.0157  -0.1463  -0.0527   0.1842   0.0209   0.0102
 -0.0144  -0.1194  -0.0682   0.1805   0.0280  -0.0009
 -0.0138  -0.1343  -0.0734   0.2049   0.0232   0.0064
 -0.0203  -0.1423  -0.0671   0.2150   0.0127   0.0082
 -0.0145  -0.1637  -0.0649   0.2326   0.0159   0.0242
 -0.0197  -0.1957  -0.0535   0.2631   0.0128   0.0348
 -0.0075  -0.2444  -0.0562   0.2716   0.0195   0.0591
 -0.0013  -0.2664  -0.0899   0.2499   0.0122   0.0578
 -0.0131  -0.2973  -0.0832   0.2845   0.0172   0.0567
 -0.0167  -0.2680  -0.0888   0.2651   0.0212   0.0457
 -0.0203  -0.2943  -0.0946   0.2834   0.0232   0.0602
 -0.0111  -0.2882  -0.0903   0.2749   0.0241   0.0635
 -0.0110  -0.3102  -0.0828   0.2929   0.0213   0.0728
 -0.0058  -0.3007  -0.0843   0.2844   0.0190   0.0766
 -0.0037  -0.3191  -0.0840   0.3073   0.0244   0.0871
 -0.0102  -0.3226  -0.0820   0.3090   0.0175   0.0939
 -0.0163  -0.3300  -0.0885   0.3233   0.0257   0.0931
 -0.0180  -0.3113  -0.0924   0.3057   0.0281   0.0910
 -0.0211  -0.3300  -0.0811   0.3248   0.0245   0.0989
 -0.0149  -0.3332  -0.0746   0.3138   0.0208   0.0911
 -0.0121  -0.3414  -0.0557   0.3396   0.0068   0.1106
 -0.0094  -0.3382  -0.0636   0.3237   0.0128   0.1184
 -0.0111  -0.3494  -0.0639   0.3330   0.0130   0.1330
 -0.0086  -0.3614  -0.0551   0.3269   0.0272   0.1226
 -0.0096  -0.3794  -0.0621   0.3249   0.0343   0.1264
 -0.0069  -0.4119  -0.0598   0.3724   0.0192   0.1463
  0.0021  -0.4078  -0.0253   0.3905   0.0228   0.1713
  0.0092  -0.4025  -0.0119   0.4232   0.0367   0.1662
  0.0086  -0.4478  -0.0156   0.4150   0.0466   0.1845
  0.0059  -0.4424  -0.0181   0.4072   0.0464   0.1792
  0.0146  -0.4757   0.0012   0.4042   0.0397   0.2104
  0.0222  -0.4174   0.0105   0.2837   0.0403   0.1903
  0.0187  -0.4136   0.0101   0.3175   0.0451   0.1679
  0.0289  -0.5048   0.0048   0.3950   0.0509   0.1921
  0.0241  -0.5433   0.0127   0.4085   0.0461   0.1988
  0.0253  -0.5518   0.0179   0.4121   0.0486   0.2072
  0.0245  -0.5582   0.0205   0.4255   0.0552   0.2169
  0.0283  -0.5576   0.0208   0.4129   0.0608   0.2234
  0.0287  -0.5662   0.0161   0.4088   0.0648   0.2338
  0.0336  -0.5633   0.0185   0.3871   0.0664   0.2231
  0.0330  -0.5782   0.0259   0.4098   0.0688   0.2345
  0.0362  -0.5755   0.0263   0.3796   0.0728   0.2419
  0.0343  -0.6001   0.0273   0.3727   0.0762   0.2370
  0.0387  -0.6130   0.0145   0.3918   0.0825   0.2486
  0.0418  -0.6427   0.0224   0.4130   0.0784   0.2435
  0.0472  -0.6608   0.0226   0.4053   0.0785   0.2549
  0.0436  -0.6433   0.0373   0.4116   0.0855   0.2400
  0.0385  -0.6420   0.0547   0.3741   0.0848   0.2525
  0.0346  -0.6192   0.0429   0.3643   0.0943   0.2668
  0.0411  -0.6160   0.0552   0.3655   0.0881   0.2671
  0.0231  -0.6421   0.0154   0.3780   0.0976   0.2733
  0.0328  -0.6714   0.0106   0.3988   0.1163   0.2678
  0.0491  -0.6710   0.0454   0.4371   0.0712   0.3093
  0.0359  -0.7193   0.0808   0.5390   0.0351   0.3516
  0.0421  -0.7343   0.0798   0.5384   0.0440   0.3543
  0.0322  -0.7449   0.0565   0.5654   0.0385   0.3669
  0.0304  -0.7291   0.0641   0.5402   0.0460   0.3569
  0.0246  -0.7190   0.0430   0.5382   0.0545   0.3561
  0.0310  -0.7267   0.0521   0.5269   0.0537   0.3600
  0.0317  -0.7374   0.0575   0.5661   0.0419   0.3673
  0.0358  -0.7315   0.0662   0.5712   0.0387   0.3694
  0.0352  -0.7253   0.0578   0.5596   0.0427   0.3722
  0.0358  -0.7224   0.0756   0.5458   0.0371   0.3853
