  0.1516  -0.5560   0.3319  -3.7587   0.7553   1.3363
  0.2784  -0.6854   0.4867  -4.1807   0.9667   1.4299
  0.3053  -0.0084   0.3953  -3.7396   0.8688   1.1056
  0.2184   0.8884   0.4180  -4.3038   0.8316   1.2266
 -0.1435   0.2447   0.1429  -5.1861   0.5804   1.7057
 -0.0129   0.0098   0.2491  -4.8423   0.6311   1.5745
  0.0529  -0.0088   0.2871  -4.6177   0.6654   1.5018
  0.1342  -0.0309   0.2834  -4.6466   0.7596   1.4711
  0.1633   0.0773   0.2403  -4.8328   0.7482   1.5023
  0.2572   0.3100   0.2888  -4.8447   0.8160   1.5391
  0.2133   0.1108   0.2648  -4.9114   0.7933   1.5773
  0.2385   0.0646   0.3585  -4.8879   0.8018   1.5549
  0.3082   0.2562   0.3375  -4.7038   0.7741   1.4570
  0.3794   0.2891   0.4271  -4.6851   0.8053   1.4518
  0.3844   0.3770   0.3637  -4.6219   0.8115   1.3937
  0.4393   0.3513   0.2771  -4.6134   0.8647   1.4010
  0.5220   0.4181   0.1914  -4.4195   0.9024   1.2590
  0.4801   0.1534   0.1693  -4.0877   0.8813   1.1864
  0.4008  -0.2793  -0.0185  -4.0705   0.8157   1.2342
  0.3947  -0.1749   0.0034  -3.3738   0.7478   1.0313
  0.3649  -0.1568  -0.1346  -3.3035   0.7611   1.0223
  0.4104   0.0754  -0.0520  -3.0658   0.7412   0.9151
  0.4143   0.0853  -0.1166  -3.1379   0.7359   0.9755
  0.3662   0.0675  -0.1028  -2.8660   0.7036   0.8821
  0.2851  -0.0482  -0.2691  -2.8153   0.6189   0.9307
  0.2903  -0.1257  -0.2769  -2.9445   0.6258   0.9468
  0.2986   0.0370  -0.3229  -3.3700   0.6245   1.0888
  0.2540  -0.1295  -0.1839  -3.3439   0.6389   1.0578
  0.3142  -0.0070  -0.1686  -3.2311   0.6556   1.0047
  0.3120   0.0526  -0.1808  -3.2571   0.6411   0.9926
  0.2599   0.2426  -0.1877  -3.2169   0.6055   0.9482
  0.2561   0.0744  -0.2018  -2.9732   0.5987   0.9209
  0.2547   0.4749  -0.1707  -2.8405   0.5908   0.8489
  0.1019   0.8359  -0.2435  -3.3416   0.4607   0.9165
 -0.1021   0.7430  -0.2039  -3.8809   0.3898   1.1829
  0.0402   0.7714  -0.2132  -3.8549   0.5180   1.0818
 -0.1426   0.5857  -0.2326  -4.0863   0.4295   1.1930
 -0.0980   0.8448  -0.1455  -3.9161   0.4290   1.0841
  0.0303   0.5180  -0.0706  -3.1628   0.4447   0.8435
  0.0222   0.3846  -0.0661  -3.1721   0.4476   0.8788
 -0.1261  -0.2065  -0.1458  -2.6982   0.3667   0.9297
 -0.3637  -2.5767  -0.2115  -2.0884   0.2612   1.4390
 -0.3274  -2.7073  -0.2869  -2.1166   0.2999   1.3368
 -0.1556  -2.3244  -0.4456  -2.1291   0.3424   1.3508
 -0.1488  -2.2735  -0.4048  -2.1043   0.3140   1.2473
 -0.0980  -2.2209  -0.4494  -2.1035   0.3068   1.3025
 -0.1124  -2.1246  -0.3722  -1.9281   0.3022   1.2075
 -0.0693  -2.0667  -0.3560  -1.8790   0.3401   1.2950
 -0.1732  -2.0815  -0.1603  -2.0475   0.3105   1.2444
 -0.1722  -1.8229  -0.2283  -2.9826   0.3487   1.5153
 -0.1624  -1.1935  -0.1623  -2.0756   0.3185   1.0622
  0.0924  -0.4894  -0.3708  -1.6302   0.1609   0.8509
 -0.1210  -0.8305  -0.4178  -2.9707   0.0857   1.1622
 -0.1887  -0.7158  -0.0196  -3.3642   0.2627   1.3320
 -0.0677  -0.5602   0.1582  -2.7708   0.3524   1.0389
 -0.2303  -0.6776  -0.0374  -2.5495   0.2069   0.9807
 -0.3204  -0.6577  -0.1508  -2.4495   0.0701   0.9221
 -0.3558  -0.4488  -0.1347  -2.2890   0.0841   0.9157
 -0.3307  -0.6085  -0.0477  -2.2701   0.0866   0.8893
 -0.3361  -0.3393  -0.1380  -2.4058   0.0678   0.9430
 -0.3336  -0.4719  -0.1545  -2.2253   0.0616   0.8494
 -0.3337  -0.3998  -0.1561  -2.1388   0.0426   0.8626
 -0.3486  -0.6120  -0.1556  -2.0022   0.0365   0.8483
 -0.3726  -0.4001  -0.1716  -1.9364  -0.0075   0.7510
 -0.4054  -0.6429  -0.0071  -2.0456  -0.0041   0.8073
 -0.3657  -0.6097  -0.1002  -1.9105  -0.0518   0.9208
 -0.3853  -0.7765  -0.2140  -2.0865  -0.1114   0.8281
 -0.3373  -0.5077  -0.0700  -1.7706  -0.0375   0.8503
 -0.3915  -0.8067  -0.1109  -2.0248  -0.0589   0.8025
 -0.3364  -0.5535   0.0008  -0.9959  -0.0596   0.7674
 -0.5383  -2.6108   0.0332   0.7347  -0.1646   0.7476
 -0.7053  -3.4305   0.0384   0.9547  -0.3182   0.9845
 -0.6705  -3.3787   0.2552   1.0711  -0.2971   1.1101
 -0.2820  -1.0328   0.0871  -4.0108   0.1812   1.7720
 -0.0837   0.1692   0.2435  -5.5174   0.5422   2.1583
 -0.1905  -0.2779   0.0945  -5.0231   0.3585   1.7122
 -0.1250   0.5203  -0.0432  -4.1626   0.2989   1.1713
 -0.2402   0.2728   0.1043  -3.5253   0.2573   0.8812
 -0.2633   0.1941   0.1344  -3.0399   0.2439   0.9288
 -0.3290   0.1725   0.1122  -2.9267   0.2303   0.8194
 -0.3262   0.1633   0.1460  -2.8886   0.2246   0.8644
 -0.3461   0.0744   0.1342  -2.7968   0.2034   0.8375
 -0.3420  -0.0028   0.1605  -2.6465   0.2164   0.8463
 -0.3149   0.0271   0.1368  -2.7969   0.2534   0.8886
 -0.2611  -0.1939  -0.0355  -2.8446   0.3210   0.8983
 -0.3181  -0.1425   0.0701  -2.7798   0.2768   0.8393
 -0.3695  -0.1116   0.1548  -2.6005   0.2323   0.8327
 -0.3714  -0.1973   0.1773  -2.3641   0.2178   0.7819
 -0.3796  -0.2246   0.2145  -2.2968   0.2222   0.7776
 -0.3894  -0.2550   0.2068  -2.3174   0.2238   0.7915
 -0.3800  -0.2008   0.2017  -2.2913   0.2373   0.7832
 -0.3558  -0.2397   0.2503  -2.1448   0.2239   0.7494
 -0.3492  -0.1550   0.2599  -2.2405   0.2593   0.7611
 -0.3044  -0.1116   0.2305  -2.0780   0.2418   0.7243
 -0.3801  -0.0798   0.2423  -2.0511   0.3265   0.7169
 -0.1792  -0.6075   0.2452  -0.6857   0.2104   0.6468
  0.0615  -0.4529  -0.1023  -0.4448   0.0175   0.7255
  0.1811   0.1290  -0.0915  -2.3171   0.5027   1.1151
 -0.1107  -0.0110  -0.2378  -3.0053   0.4496   0.9205
 -0.3635  -0.6717   0.1591  -1.6478   0.1696   0.5277
 -0.2722  -0.8880   0.1134  -2.2574   0.3273   1.0136
 -0.2756   0.0938   0.2408  -1.5990   0.2837   0.6771
 -0.3906  -0.8306   0.5396   0.3549   0.1956   0.4179
 -0.4525  -1.6588   0.4688   0.0816   0.2278   0.6119
 -0.4062  -1.7938   0.5134   0.5975   0.2114   0.6460
 -0.4540  -1.9432   0.5803   0.5203   0.2233   0.6447
 -0.4972  -2.3337   0.5907   0.7579   0.1774   0.7414
 -0.4590  -1.8180   0.6516   0.1083   0.3006   0.7032
 -0.3755  -1.4758   0.5101  -0.5407   0.2368   0.7722
 -0.2781  -2.3370   0.5536   1.7883   0.0718   0.5242
 -0.4436  -2.9338   0.5525   3.2121  -0.0400   0.5724
 -0.6051  -1.9724   0.5977   1.4677   0.0559   0.5907
 -0.2865  -1.4439   0.6354   0.6652   0.2879   0.5978
 -0.3521  -1.1714   0.2803   0.9169   0.0810   0.4121
 -0.2312  -1.1574   0.3775   1.4817   0.1829   0.3605
 -0.2100  -1.2270   0.4380   1.4175   0.2335   0.3717
 -0.0658  -1.4520   0.4203   1.6781   0.3171   0.3750
 -0.1794  -0.9202   0.4241   0.2591   0.3154   0.4972
 -0.2171  -0.3934   0.3741  -1.2028   0.3997   0.5949
 -0.1807  -0.8893   0.4331  -0.1040   0.3418   0.4302
 -0.1325  -0.5797   0.4357  -0.6643   0.4167   0.4922
 -0.0979  -0.8941   0.4395  -0.0512   0.3331   0.4309
 -0.1210  -0.7438   0.4314  -0.7141   0.3830   0.5444
 -0.1635  -0.8314   0.4567  -0.5617   0.3147   0.4769
 -0.1083  -0.8722   0.4506  -0.2575   0.3948   0.5150
 -0.0970  -1.0290   0.4134   1.0232   0.2106   0.3103
 -0.1075   1.3321   0.1373   1.7500   0.0217  -0.5574
 -0.0233   3.6732  -0.3727  -0.6341  -0.1545  -0.6448
  0.0592   3.1479  -0.3819  -1.7399  -0.0870  -0.2801
  0.0130   2.9187  -0.2130  -1.4721  -0.0570  -0.4184
  0.1267   2.6406  -0.2066  -1.6532   0.0939  -0.2351
  0.0686   2.8391  -0.1164  -1.3857   0.0697  -0.4192
  0.1799   2.6565  -0.1592  -1.1844   0.1559  -0.3994
  0.1245   2.7280  -0.0920  -0.9561   0.1070  -0.4768
  0.1911   2.3268  -0.0268  -0.3905   0.1657  -0.4977
  0.1403   2.3626   0.0440   0.0981   0.1162  -0.6472
  0.2025   2.3359  -0.0817  -0.1283   0.1128  -0.5316
  0.2072   2.2888   0.0534   0.3395   0.1143  -0.6439
  0.3122   2.2222  -0.0052   0.1629   0.2302  -0.6263
  0.2104   2.2881   0.0734   0.7666   0.1435  -0.7540
  0.2707   2.0331  -0.0340   0.2807   0.2139  -0.5128
  0.1440   2.1827   0.1558   1.0232   0.1218  -0.7662
 -0.2860   0.1541   0.2204   0.3174   0.1532  -0.0425
 -0.5079   0.5628   0.2292   0.2196  -0.1179  -0.2611
  0.0101   1.7559  -0.4338  -1.0129  -0.1741  -0.7369
 -0.2830   1.8822  -0.1270  -1.9329  -0.2502  -0.7772
  0.0942   1.7813  -0.1824  -0.3863   0.0576  -0.8739
 -0.8198   1.7057   0.6032  -0.5804  -0.5825  -0.6955
  1.5217   1.0978  -0.0568   0.7465   0.6245  -0.5654
  1.9353   1.2887   0.8389   0.6986   0.0626  -0.5904
  1.1736   1.1549  -0.0856   0.7242  -0.3790  -0.5161
  1.2049   0.4412  -0.1690   1.0432   0.4590  -0.4860
  0.8061   0.3479   0.4023   1.6653   0.0373  -0.5912
  1.0078   0.1777   0.1582   1.5555   0.2848  -0.5260
  0.8303   0.1824   0.4007   1.6604   0.0840  -0.5311
  0.8556   0.0625   0.2017   1.4974   0.2061  -0.5239
  0.6873   0.1237   0.2973   1.4932   0.0732  -0.4860
  0.7298  -0.1281   0.2127   1.8398   0.1662  -0.5476
  0.6479   0.0835   0.3388   1.4718   0.0812  -0.4664
  0.6185  -0.1049   0.1915   1.6467   0.1298  -0.5355
  0.5969   0.0309   0.2991   1.4631   0.0231  -0.4469
  0.6205   0.0066   0.2143   1.2460   0.1623  -0.5423
  0.6130   0.0134   0.2582   1.3702   0.0456  -0.4202
  0.6201  -0.0866   0.1303   1.4034   0.1634  -0.5608
  0.5806  -0.3057   0.2593   1.9465  -0.0427  -0.3437
  0.1841   0.4449  -0.3634   1.6101   0.2049  -1.6233
 -0.0358   0.7514  -0.2629   0.9484   0.2197  -1.8591
 -0.0485   0.1419  -0.1480   1.1513  -0.2168  -0.8445
 -0.0311  -0.1063  -0.2972   2.0590  -0.2526  -1.0612
  0.1174  -0.5328  -0.4293   3.3577  -0.3709  -0.8958
  0.0116  -0.6771  -0.3960   2.6972  -0.3073  -0.8081
  0.1271  -0.7006  -0.5096   3.1232  -0.3509  -0.7678
  0.0788  -0.7572  -0.4039   3.2847  -0.3350  -0.7990
  0.0757  -0.7161  -0.3989   3.0765  -0.3548  -0.7606
  0.0548  -0.7515  -0.3284   3.1947  -0.3458  -0.7923
  0.0666  -0.7669  -0.3159   3.1072  -0.3443  -0.7643
  0.1034  -0.6646  -0.2776   3.1872  -0.3045  -0.8074
  0.1620  -0.5537  -0.2358   3.1600  -0.2858  -0.8373
  0.1963  -0.5311  -0.1257   3.2848  -0.2332  -0.8683
  0.2205  -0.4094  -0.1874   3.0511  -0.2235  -0.8492
  0.1502  -0.5596  -0.1349   3.0331  -0.1942  -0.8353
  0.1037  -0.7858  -0.1914   3.9777  -0.4053  -0.8772
  0.0934  -0.6334  -0.1878   3.1588  -0.4763  -0.7849
  0.1475   0.0991  -0.0342   0.9355  -0.0819  -0.6261
 -0.9180  -0.0617  -0.7310   0.7650  -1.1660  -0.5306
 -1.5333  -0.3429  -0.9782   0.7597  -1.6774  -0.3505
 -0.9210   0.1173  -0.3372   0.9725  -1.0984  -0.6391
 -0.9718   0.1394  -0.4331   0.4817  -1.1320  -0.4987
 -0.7502   0.3315  -0.2719   0.7935  -0.9147  -0.6583
 -0.9700   0.1017  -0.3641   0.9841  -1.0408  -0.5933
 -0.6651  -0.0731  -0.1715   1.5977  -0.8343  -0.6990
 -0.9413  -0.1813  -0.0335   1.6706  -0.8709  -0.6198
  1.0571   0.5722  -1.4461   1.3585  -0.2542  -0.7730
  1.8408   1.1329  -2.3577   1.2714  -0.1580  -0.9386
  0.7282   0.6607  -1.6577   2.0443  -0.6509  -1.0179
  0.4494   0.2880  -1.1033   1.5945  -0.4719  -0.7396
 -0.1788  -0.2416  -0.2390   1.4085  -0.4423  -0.6330
 -0.0247  -0.0084  -0.3642   1.4292  -0.4803  -0.6580
 -0.1210  -0.2786  -0.2889   1.8583  -0.4971  -0.6656
 -0.0748  -0.0932  -0.4504   1.5261  -0.4956  -0.6245
 -0.1275  -0.1620  -0.4219   1.7602  -0.5315  -0.6789
 -0.0780  -0.1095  -0.6095   1.7066  -0.5519  -0.6621
 -0.1761  -0.3402  -0.5991   2.0906  -0.5972  -0.6908
 -0.1365  -0.1457  -0.7140   2.0910  -0.6154  -0.6872
 -0.1819  -0.2857  -0.5918   2.1298  -0.5796  -0.6950
 -0.1003  -0.0590  -0.7319   2.2909  -0.6189  -0.7380
 -0.1962  -0.3415  -0.4800   2.1774  -0.6060  -0.6598
  0.0478   0.7193  -0.5865   2.8614  -0.6159  -1.0880
  0.0014   0.5286  -0.2586   3.4459  -0.6436  -1.2118
 -0.2788  -0.2661  -0.3831   2.5228  -0.6374  -0.7894
 -0.2158   0.1131  -0.3290   2.4476  -0.5888  -0.8854
 -0.2435  -0.0808  -0.4349   2.5942  -0.6511  -0.8299
 -0.1705   0.1021  -0.2961   2.6284  -0.5911  -0.9435
 -0.2025  -0.0848  -0.3840   2.6409  -0.6198  -0.8542
 -0.1619   0.0208  -0.2757   2.6087  -0.5700  -0.8890
 -0.1977  -0.0571  -0.4241   2.7101  -0.6252  -0.8638
 -0.1733  -0.0203  -0.3070   2.7093  -0.5838  -0.8785
 -0.1993  -0.0655  -0.4066   2.7211  -0.6361  -0.8401
 -0.1851  -0.1031  -0.3733   2.6517  -0.5832  -0.8539
 -0.0765   0.2449   0.1110   2.4669  -0.7380  -0.8311
  0.1157   0.5772   1.3475   2.0906  -0.8448  -0.8090
  0.3119   0.4035   0.0332   2.1307  -0.5635  -0.8375
  0.3812   0.4328  -0.0530   2.0975  -0.3112  -0.8621
  0.2558   0.5431  -0.0346   2.2409  -0.4498  -0.9626
  0.3428   0.6193   0.0995   2.0901  -0.3146  -0.9350
  0.1702   0.3090  -0.0021   2.2385  -0.4192  -0.8672
  0.2383   0.4696   0.1701   2.1630  -0.3088  -0.9259
  0.0252   0.1678  -0.0403   1.7380  -0.4190  -0.7542
  0.0879   0.0663   0.0177   1.9402  -0.3547  -0.8016
 -0.0457   0.0437  -0.1758   1.9070  -0.5031  -0.7273
  0.1053   0.0987   0.0806   2.1173  -0.3984  -0.7991
 -0.0761  -0.0131  -0.2457   2.0038  -0.5295  -0.7300
  0.1213   0.0050   0.0895   2.1997  -0.3753  -0.8060
 -0.1062  -0.0781  -0.3482   2.2973  -0.5681  -0.7630
  0.3074   0.0710   0.3808   2.4938  -0.2648  -0.8886
  0.0073   0.1016  -0.4322   2.2433  -0.5649  -0.7789
  0.4450   0.0879   0.7125   2.4326  -0.1611  -0.8656
 -0.0703   0.0591  -0.1660   2.3523  -0.6019  -0.7604
  0.1620  -0.0860   0.3012   2.3289  -0.3215  -0.7576
 -0.1136  -0.1472  -0.6304   1.8865  -0.6136  -0.6067
  0.4954  -0.3214   0.3475   2.3513  -0.2137  -0.7560
 -0.0134  -0.3716   0.8170   2.2610  -0.0580  -0.6609
  0.0043  -0.2724   0.3693   2.2927  -0.3156  -0.6744
  0.3626  -0.2537   0.6735   2.3092   0.0362  -0.7121
  0.4509  -0.0628   1.2428   2.3457   0.2339  -0.7903
  0.5820  -0.2853   0.8362   2.2897   0.3972  -0.7664
  0.3396  -0.2346   0.9198   2.3835   0.2107  -0.7616
  0.4884  -0.1477   0.4431   2.0978   0.1849  -0.7117
  0.3297  -0.1986  -0.1691   2.2721  -0.0734  -0.7426
  0.7736  -0.4159   0.6857   2.4617   0.3598  -0.7487
  0.2736  -0.6602   0.1102   2.9352  -0.0887  -0.7014
  0.3824  -0.5833   0.5551   3.7309   0.0860  -0.7219
 -0.0591  -0.7557   0.0772   4.0320  -0.1876  -0.7410
 -0.0500  -0.7755   0.3816   2.4006   0.0678  -0.3499
 -0.1100   0.1282  -0.0440   1.8759  -0.1796  -0.6421
  0.0448  -0.6925  -0.2304   2.7976  -0.2538  -0.9474
 -0.1562  -0.7989  -0.3435   3.0383  -0.3208  -0.6985
  0.0186  -0.2417  -0.0111   3.9553  -0.1839  -0.9656
  0.0174  -1.4443   0.0405   7.0406  -0.3273  -0.8107
 -0.0220  -1.8948  -0.0684   8.5437  -0.6082  -0.6147
 -0.2597  -2.0286  -0.3603   9.0868  -0.9311  -0.3999
