 -0.0185   0.0048  -0.0078   0.1376  -0.0109   0.1417
 -0.0062   0.0102  -0.0223   0.1345  -0.0136   0.1427
 -0.0175   0.0044  -0.0225   0.1243  -0.0117   0.1383
 -0.0214  -0.0061  -0.0365   0.1109  -0.0114   0.1242
 -0.0230  -0.0185  -0.0359   0.1173  -0.0012   0.1038
  0.0005  -0.0019  -0.0433   0.1109  -0.0254   0.1201
 -0.0082  -0.0015  -0.0401   0.1035  -0.0232   0.1309
  0.0097   0.0120  -0.0261   0.0844  -0.0273   0.1317
  0.0123   0.0036  -0.0240   0.0864  -0.0228   0.0938
  0.0165   0.0124  -0.0293   0.0986  -0.0126   0.0793
  0.0176  -0.0131  -0.0323   0.1065  -0.0212   0.0965
  0.0199  -0.0155  -0.0296   0.0787  -0.0175   0.1127
  0.0211  -0.0049  -0.0248   0.0650  -0.0228   0.0817
  0.0105  -0.0236  -0.0278   0.0577  -0.0211   0.0702
  0.0001  -0.0346  -0.0163   0.0625  -0.0134   0.0818
  0.0169  -0.0324  -0.0189   0.0653  -0.0210   0.0957
  0.0156  -0.0323  -0.0180   0.0634  -0.0187   0.0717
  0.0240  -0.0128  -0.0040   0.0700  -0.0166   0.0979
  0.0304  -0.0306   0.0024   0.0627  -0.0150   0.0827
  0.0214  -0.0337   0.0040   0.0413  -0.0004   0.0615
  0.0166  -0.0536  -0.0160   0.0336   0.0163   0.0823
  0.0122  -0.0372  -0.0013   0.0534   0.0037   0.0452
  0.0262  -0.0251  -0.0045   0.0490  -0.0042   0.0869
  0.0289  -0.0153  -0.0098   0.0373  -0.0075   0.0829
  0.0079   0.0036  -0.0010   0.0298  -0.0056  -0.0184
  0.0239   0.0084   0.0004   0.0205  -0.0060  -0.0193
  0.0215  -0.0111  -0.0090   0.0311  -0.0133   0.0424
 -0.0173   0.0140  -0.0262   0.0527  -0.0136  -0.1276
  0.0011   0.0752  -0.0313   0.0096  -0.0209   0.0471
 -0.0052   0.0363  -0.0269  -0.0390  -0.0280   0.0400
 -0.0307   0.0462  -0.0358  -0.0343  -0.0305  -0.0133
 -0.0266   0.0634  -0.0403  -0.0163  -0.0262   0.0276
 -0.0538   0.1476  -0.0303  -0.0112   0.0089  -0.1547
 -0.0564   0.2534   0.0109  -0.0117   0.0165  -0.1429
  0.0013   0.1070   0.0177  -0.0115   0.0157   0.0494
 -0.0302   0.1032   0.0061   0.0382   0.0592  -0.1901
 -0.0273   0.1617   0.0090  -0.0458   0.0435  -0.0069
 -0.0181   0.1361   0.0181  -0.0593   0.0291  -0.0099
 -0.0164   0.1184   0.0172  -0.0490   0.0274  -0.0355
 -0.0130   0.0964   0.0172  -0.0153   0.0322  -0.0176
 -0.0087   0.0966   0.0254  -0.0217   0.0396  -0.0062
 -0.0114   0.0557   0.0270  -0.0178   0.0348   0.0146
 -0.0120   0.0713   0.0281  -0.0253   0.0288   0.0112
  0.0070   0.0325   0.0394  -0.0449   0.0252  -0.0139
  0.0074   0.0320   0.0260  -0.0406   0.0227  -0.0161
 -0.0117   0.0263   0.0299   0.0016   0.0383   0.0019
  0.0020   0.0253   0.0294  -0.0051   0.0316  -0.0003
 -0.0045   0.0058   0.0275  -0.0093   0.0354  -0.0133
 -0.0092  -0.0257  -0.0375  -0.0014   0.0178   0.0150
 -0.0277   0.0023  -0.0429   0.0090   0.0099  -0.1077
  0.0021   0.0359  -0.0292   0.0048   0.0028  -0.0504
  0.0054  -0.0212  -0.0461  -0.0291  -0.0071  -0.0081
  0.0191   0.0040  -0.0126  -0.1717  -0.0139  -0.0300
  0.0018  -0.0087   0.0012  -0.0923  -0.0073  -0.0576
 -0.0154  -0.0606   0.0029  -0.0994  -0.0142  -0.0156
 -0.0065  -0.0567  -0.0137  -0.1129  -0.0236  -0.0096
 -0.0251  -0.0176  -0.0170  -0.1193  -0.0022  -0.0190
 -0.0426  -0.0381   0.0027  -0.0728   0.0013  -0.0357
 -0.0336  -0.0458  -0.0119  -0.0469  -0.0045  -0.0240
 -0.0608   0.0138  -0.0181   0.0503   0.0161  -0.2213
 -0.0330   0.0249  -0.0070  -0.0260   0.0074  -0.0094
 -0.0294   0.0072  -0.0243  -0.0658   0.0009  -0.0714
 -0.0091   0.0173  -0.0237  -0.0442  -0.0118  -0.0683
 -0.0054  -0.0292   0.0185  -0.0445   0.0020  -0.0604
 -0.0102  -0.0091   0.0066  -0.0904  -0.0079  -0.0844
 -0.0160  -0.0113  -0.0077  -0.1078  -0.0052  -0.1035
  0.0008  -0.0296  -0.0071  -0.1560  -0.0208  -0.0292
  0.0086  -0.0071  -0.0040  -0.1612  -0.0154  -0.0929
 -0.0022  -0.0787   0.0047  -0.0904  -0.0079  -0.0331
 -0.0100  -0.1397   0.0094   0.0499   0.0042  -0.0433
  0.0468  -0.1001   0.0887  -0.0727  -0.0010  -0.0870
  0.0450  -0.1369   0.1380  -0.1916   0.0025  -0.0351
  0.0495  -0.1816   0.1322  -0.0879  -0.0011  -0.0566
  0.0413  -0.2089   0.1403  -0.0244   0.0043  -0.0343
  0.0589  -0.1859   0.1075   0.0515  -0.0043  -0.0433
  0.0714  -0.0537  -0.0095   0.0208   0.0266  -0.2296
  0.0546  -0.0345   0.0219   0.0383   0.0268  -0.1463
