  0.2383  -0.1719   0.1756   0.3004   0.1200   0.0296
  0.2547  -0.1318   0.1640   0.3138   0.1057  -0.0015
  0.2465  -0.1347   0.1651   0.2960   0.1165   0.0063
  0.2485  -0.1364   0.1608   0.2852   0.1122   0.0120
  0.2389  -0.1198   0.1620   0.3018   0.1138  -0.0077
  0.2354  -0.1233   0.1615   0.2965   0.1160   0.0020
  0.2296  -0.1123   0.1573   0.2700   0.1229  -0.0002
  0.2344  -0.1149   0.1594   0.2787   0.1121  -0.0076
  0.2294  -0.1197   0.1579   0.2785   0.1146   0.0054
  0.2302  -0.1209   0.1549   0.2769   0.1102   0.0016
  0.2295  -0.1273   0.1587   0.2936   0.1048   0.0033
  0.2197  -0.1110   0.1549   0.2739   0.1115   0.0010
  0.2160  -0.1077   0.1528   0.2762   0.1101   0.0082
  0.2063  -0.1032   0.1469   0.2549   0.1011   0.0112
  0.2085  -0.0941   0.1423   0.2596   0.1024   0.0060
  0.2015  -0.0914   0.1454   0.2523   0.1078   0.0145
  0.2016  -0.0999   0.1532   0.2548   0.1101   0.0108
  0.2051  -0.1035   0.1553   0.2610   0.1023   0.0067
  0.1953  -0.0990   0.1499   0.2720   0.1075   0.0186
  0.2006  -0.0899   0.1569   0.2744   0.1087   0.0119
  0.1982  -0.0924   0.1557   0.2615   0.1145   0.0112
  0.1982  -0.1016   0.1598   0.2585   0.1167   0.0164
  0.1926  -0.1021   0.1640   0.2718   0.1089   0.0093
  0.1884  -0.0878   0.1525   0.2691   0.1091   0.0083
  0.1869  -0.0898   0.1506   0.2594   0.1073   0.0088
  0.1888  -0.0921   0.1525   0.2579   0.1123   0.0122
  0.1775  -0.0797   0.1507   0.2549   0.1123   0.0141
  0.1829  -0.0906   0.1515   0.2553   0.1103   0.0162
  0.1852  -0.0789   0.1548   0.2603   0.1024   0.0163
  0.1782  -0.0802   0.1507   0.2482   0.1072   0.0122
  0.1644  -0.0680   0.1512   0.2391   0.0988   0.0183
  0.1499  -0.0554   0.1296   0.2173   0.0988   0.0027
  0.1552  -0.0392   0.1023   0.2265   0.0580  -0.0182
  0.1596  -0.0701   0.1162   0.2098   0.0779  -0.0109
  0.1429  -0.0490   0.1241   0.1961   0.0785  -0.0013
  0.1513  -0.0527   0.1195   0.1967   0.0802  -0.0130
  0.1293  -0.0054   0.1151   0.1882   0.0630   0.0164
  0.3298  -0.4000   0.2387   0.1810   0.1494   0.1359
  0.2305  -0.3669   0.1998   0.1252   0.1297   0.1155
  0.1763  -0.2834   0.1762   0.1423   0.0986   0.1042
  0.1749  -0.2835   0.1645   0.1395   0.1023   0.0981
  0.1645  -0.2447   0.1528   0.1271   0.0984   0.0917
  0.1704  -0.2713   0.1601   0.1400   0.1093   0.0907
  0.1562  -0.2318   0.1516   0.1462   0.0960   0.0867
  0.1576  -0.2288   0.1498   0.1324   0.0958   0.0704
  0.1351  -0.1942   0.1262   0.1168   0.0849   0.0739
  0.1292  -0.1748   0.1102   0.1027   0.0837   0.0634
  0.1229  -0.1694   0.1103   0.1141   0.0816   0.0519
  0.1171  -0.1647   0.1014   0.0858   0.0721   0.0431
  0.1135  -0.1542   0.0950   0.0679   0.0544   0.0274
  0.0984  -0.1517   0.0852   0.0828   0.0524   0.0241
  0.0814  -0.1511   0.0658   0.0714   0.0360   0.0249
  0.0817  -0.1705   0.0660   0.0705   0.0311   0.0274
  0.0642  -0.1353   0.0317   0.0276   0.0211   0.0411
  0.0533  -0.1643   0.0141   0.0504   0.0001   0.0501
  0.0557  -0.1579   0.0393   0.0764   0.0023   0.0532
  0.0653  -0.1516   0.0476   0.0414   0.0110   0.0605
  0.0612  -0.1298   0.0463   0.0580   0.0194   0.0622
  0.0594  -0.1248   0.0552   0.0603   0.0387   0.0690
  0.0588  -0.1100   0.0514   0.0778   0.0252   0.0606
  0.0585  -0.1203   0.0498   0.0799   0.0276   0.0621
  0.0597  -0.0994   0.0490   0.0823   0.0277   0.0567
  0.0646  -0.0991   0.0466   0.0851   0.0249   0.0567
  0.0572  -0.0805   0.0436   0.0853   0.0180   0.0523
  0.0586  -0.0736   0.0393   0.0868   0.0259   0.0408
  0.0539  -0.0683   0.0415   0.0699   0.0189   0.0293
  0.0542  -0.0581   0.0356   0.0484   0.0277   0.0342
  0.0463  -0.0416   0.0416   0.0516   0.0199   0.0200
  0.0475  -0.0939   0.0521   0.0662   0.0234   0.0337
  0.0489  -0.3811   0.0760   0.1353   0.0227   0.1168
  0.0327  -0.2929   0.0608   0.1023   0.0086   0.0802
  0.0346  -0.2496   0.0676   0.0907   0.0223   0.0735
  0.0246  -0.2028   0.0607   0.0807   0.0176   0.0634
  0.0157  -0.2094   0.0497   0.0861   0.0076   0.0750
  0.0109  -0.1680   0.0461   0.0909   0.0150   0.0583
  0.0066  -0.1669   0.0367   0.0939   0.0081   0.0466
  0.0051  -0.1263   0.0355   0.0527   0.0020   0.0410
 -0.0105  -0.1061   0.0277   0.0416   0.0045   0.0241
 -0.0189  -0.0962   0.0038   0.0391  -0.0224   0.0194
 -0.0361  -0.1127   0.0002   0.0264  -0.0262   0.0337
 -0.0209  -0.1025   0.0078   0.0558  -0.0365   0.0066
 -0.0233  -0.0585   0.0214   0.0367  -0.0098   0.0098
 -0.0261  -0.0476   0.0084   0.0549  -0.0185  -0.0024
 -0.0256  -0.0501   0.0076   0.0564  -0.0179   0.0144
 -0.0218  -0.0236   0.0146   0.0389  -0.0118   0.0061
 -0.0194   0.0013   0.0159   0.0418  -0.0082   0.0017
 -0.0227  -0.0105   0.0013   0.0620  -0.0177  -0.0089
 -0.0348   0.0236  -0.0132   0.0681  -0.0262  -0.0455
 -0.0304   0.0202  -0.0003   0.0504  -0.0209  -0.0359
 -0.0362   0.0067  -0.0008   0.0381  -0.0274  -0.0293
 -0.0401   0.0319   0.0063   0.0287  -0.0137  -0.0397
 -0.0435   0.0216  -0.0024   0.0169  -0.0164  -0.0312
 -0.0512   0.0085  -0.0066  -0.0004  -0.0152  -0.0291
 -0.0552   0.0046  -0.0341  -0.0392  -0.0240  -0.0197
 -0.0633  -0.0062  -0.0242  -0.0353  -0.0432  -0.0190
 -0.0629   0.0029  -0.0224  -0.0375  -0.0433  -0.0257
 -0.0686   0.0170  -0.0231  -0.0070  -0.0409  -0.0252
 -0.0616   0.0174  -0.0240   0.0202  -0.0485  -0.0223
 -0.0655   0.0115  -0.0201  -0.0103  -0.0458  -0.0298
 -0.0709   0.0240  -0.0290  -0.0260  -0.0389  -0.0232
 -0.0745   0.0203  -0.0277  -0.0210  -0.0549  -0.0371
 -0.0704   0.0319  -0.0245  -0.0326  -0.0543  -0.0375
 -0.0740   0.0506  -0.0162  -0.0340  -0.0440  -0.0291
 -0.0707   0.0607  -0.0215  -0.0038  -0.0415  -0.0354
 -0.0718   0.0695  -0.0272   0.0078  -0.0447  -0.0325
 -0.0750   0.0597  -0.0310  -0.0047  -0.0333  -0.0377
 -0.0818   0.0535  -0.0277   0.0082  -0.0482  -0.0440
 -0.0824   0.0564  -0.0364  -0.0064  -0.0476  -0.0390
 -0.0861   0.0791  -0.0186   0.0307  -0.0397  -0.0506
 -0.0804   0.0837  -0.0337  -0.0302  -0.0314  -0.0384
 -0.0839   0.0912  -0.0434  -0.0594  -0.0325  -0.0424
 -0.0855   0.0878  -0.0576  -0.0720  -0.0338  -0.0364
 -0.0947   0.0789  -0.0546  -0.0554  -0.0489  -0.0455
 -0.0965   0.0802  -0.0560  -0.0867  -0.0462  -0.0388
 -0.0981   0.0667  -0.0618  -0.0832  -0.0486  -0.0423
 -0.0907   0.0766  -0.0510  -0.0827  -0.0389  -0.0492
 -0.0998   0.0731  -0.0714  -0.1320  -0.0382  -0.0414
 -0.1008   0.0759  -0.0757  -0.1408  -0.0412  -0.0291
 -0.1073   0.0899  -0.0825  -0.1348  -0.0579  -0.0358
 -0.1068   0.0911  -0.0672  -0.1144  -0.0669  -0.0295
 -0.1094   0.1041  -0.0769  -0.1502  -0.0564  -0.0247
 -0.1126   0.1112  -0.0756  -0.1055  -0.0567  -0.0313
 -0.1166   0.1017  -0.0748  -0.0916  -0.0536  -0.0233
 -0.1132   0.0979  -0.0796  -0.1496  -0.0473  -0.0194
 -0.1235   0.1002  -0.0868  -0.1257  -0.0677  -0.0375
 -0.1230   0.1153  -0.0751  -0.1274  -0.0573  -0.0342
 -0.1181   0.1285  -0.0770  -0.1557  -0.0547  -0.0244
 -0.1210   0.1310  -0.0976  -0.1514  -0.0541  -0.0251
 -0.1237   0.1311  -0.1070  -0.1733  -0.0513  -0.0176
 -0.1317   0.1145  -0.1056  -0.1553  -0.0622  -0.0209
 -0.1358   0.1186  -0.0979  -0.1543  -0.0719  -0.0266
 -0.1352   0.1411  -0.1088  -0.1694  -0.0614  -0.0237
 -0.1354   0.1475  -0.1046  -0.1774  -0.0526  -0.0231
 -0.1357   0.1439  -0.1191  -0.2179  -0.0539  -0.0068
 -0.1336   0.1300  -0.1332  -0.2065  -0.0641  -0.0197
 -0.1363   0.1388  -0.1199  -0.1894  -0.0676  -0.0250
 -0.1388   0.1499  -0.1230  -0.2154  -0.0584  -0.0187
 -0.1441   0.1428  -0.1202  -0.2011  -0.0661  -0.0266
 -0.1399   0.1464  -0.1252  -0.2398  -0.0585  -0.0236
 -0.1297   0.1386  -0.1280  -0.2359  -0.0682  -0.0145
 -0.1299   0.1432  -0.1253  -0.2202  -0.0727  -0.0156
 -0.1337   0.1361  -0.1222  -0.2389  -0.0695  -0.0137
 -0.1322   0.1357  -0.1203  -0.2323  -0.0766  -0.0145
 -0.1394   0.1347  -0.1252  -0.2482  -0.0627  -0.0103
 -0.1413   0.1454  -0.1270  -0.2538  -0.0719  -0.0144
 -0.1412   0.1549  -0.1331  -0.2380  -0.0930  -0.0198
 -0.1420   0.1648  -0.1340  -0.2819  -0.0912  -0.0183
 -0.1446   0.1800  -0.1394  -0.2468  -0.0820  -0.0161
 -0.1491   0.1799  -0.1389  -0.2315  -0.0795  -0.0151
 -0.1461   0.1919  -0.1394  -0.2194  -0.0765  -0.0298
 -0.1487   0.1819  -0.1409  -0.2187  -0.0754  -0.0272
 -0.1511   0.1933  -0.1368  -0.2171  -0.0776  -0.0380
 -0.1559   0.2009  -0.1368  -0.2336  -0.0669  -0.0402
 -0.1503   0.1999  -0.1385  -0.2140  -0.0755  -0.0426
 -0.1585   0.1978  -0.1422  -0.2496  -0.0646  -0.0390
 -0.1584   0.1821  -0.1455  -0.2481  -0.0690  -0.0420
 -0.1508   0.1917  -0.1448  -0.2712  -0.0759  -0.0376
 -0.1477   0.1955  -0.1456  -0.2538  -0.0663  -0.0403
 -0.1553   0.1962  -0.1637  -0.2526  -0.0699  -0.0320
 -0.1516   0.2023  -0.1826  -0.2700  -0.0839  -0.0281
 -0.1543   0.2087  -0.1819  -0.2594  -0.0979  -0.0388
 -0.1476   0.2082  -0.1698  -0.2718  -0.0949  -0.0414
 -0.1554   0.2205  -0.1634  -0.2648  -0.0878  -0.0434
 -0.1606   0.2139  -0.1740  -0.2735  -0.0729  -0.0396
 -0.1627   0.2119  -0.1853  -0.2893  -0.0777  -0.0396
 -0.1602   0.2138  -0.1779  -0.3153  -0.0815  -0.0210
 -0.1650   0.2108  -0.1778  -0.3027  -0.0774  -0.0238
 -0.1632   0.2014  -0.1786  -0.3019  -0.0784  -0.0297
 -0.1662   0.2110  -0.1893  -0.2803  -0.0969  -0.0366
 -0.1662   0.2272  -0.1968  -0.2796  -0.1003  -0.0405
 -0.1742   0.2423  -0.1921  -0.2831  -0.1019  -0.0469
 -0.1706   0.2416  -0.1963  -0.2812  -0.1120  -0.0422
 -0.1696   0.2468  -0.1888  -0.2525  -0.1045  -0.0445
 -0.1668   0.2581  -0.1963  -0.2652  -0.0938  -0.0390
 -0.1719   0.2517  -0.1886  -0.2688  -0.0931  -0.0342
 -0.1718   0.2252  -0.1794  -0.2829  -0.0871  -0.0147
