 -0.1554  -0.5088   0.1504   0.2588   0.1078   0.6149
 -0.1783  -0.6057   0.0795   0.3090   0.0035   0.6434
 -0.2151  -0.5693   0.0555   0.2708  -0.0131   0.6334
 -0.2434  -0.5526   0.0642   0.2607  -0.0313   0.7041
 -0.2451  -0.5303   0.0648   0.2321  -0.0195   0.5988
 -0.2610  -0.4928   0.0566   0.2179  -0.0198   0.6929
 -0.2367  -0.5157   0.0657   0.2495   0.0037   0.5955
 -0.2600  -0.5722   0.0275   0.2731  -0.0438   0.6190
 -0.2491  -0.5220   0.0370   0.2908  -0.0371   0.6084
 -0.2148  -0.4955   0.0555   0.2440  -0.0039   0.6256
 -0.2126  -0.5488   0.0632   0.2698   0.0407   0.5482
 -0.1809  -0.5034   0.0845   0.2659   0.0630   0.6295
 -0.1608  -0.5033   0.0948   0.2820   0.0718   0.5645
 -0.1464  -0.4836   0.1116   0.2729   0.0563   0.5710
 -0.1421  -0.5054   0.1404   0.2822   0.0849   0.5561
 -0.1391  -0.4856   0.1313   0.2466   0.0720   0.5216
 -0.0939  -0.4945   0.1574   0.2689   0.1229   0.5325
 -0.0916  -0.4643   0.1243   0.2965   0.1350   0.5381
 -0.1451  -0.4523   0.1086   0.3447   0.1240   0.5034
 -0.1346  -0.4598   0.1187   0.2826   0.1161   0.5340
 -0.1592  -0.4307   0.1215   0.3012   0.1358   0.5088
 -0.1537  -0.4378   0.1220   0.2663   0.1092   0.5081
 -0.1610  -0.4260   0.1058   0.2841   0.1240   0.5004
 -0.2462  -0.4297   0.0670   0.2701   0.0411   0.4151
 -0.2136  -0.4792   0.0633   0.3142   0.0198   0.4742
 -0.1673  -0.4936   0.1034   0.3537   0.0953   0.4748
 -0.1782  -0.4273   0.0938   0.3151   0.0907   0.4639
 -0.1598  -0.4583   0.1195   0.2763   0.0877   0.5045
 -0.0691  -0.4707   0.1608   0.1944   0.0976   0.4068
 -0.0775  -0.4138   0.1372   0.2246   0.0689   0.4751
 -0.1399  -0.4350   0.1342   0.1863  -0.0062   0.4525
 -0.0761  -0.4141   0.1333   0.2588   0.0835   0.4500
 -0.0871  -0.4342   0.1412   0.2468   0.0530   0.4289
 -0.0470  -0.4383   0.1571   0.2199   0.1215   0.4248
 -0.0067  -0.4465   0.1418   0.2141   0.1548   0.3839
 -0.0444  -0.4368   0.1290   0.2446   0.1306   0.4251
 -0.0650  -0.4482   0.1375   0.2250   0.1023   0.3369
 -0.0191  -0.4114   0.1618   0.1814   0.1700   0.4021
 -0.0824  -0.3878   0.1384   0.2061   0.1356   0.3948
 -0.0813  -0.3938   0.1304   0.2007   0.1176   0.3764
 -0.0283  -0.4106   0.1343   0.2379   0.1417   0.3609
 -0.0370  -0.3792   0.1325   0.2089   0.1300   0.3420
 -0.0390  -0.3357   0.1221   0.2021   0.1402   0.3867
 -0.0408  -0.3455   0.1215   0.2186   0.1594   0.3294
 -0.0066  -0.3353   0.1240   0.2685   0.1268   0.3767
  0.0102  -0.3394   0.1453   0.2909   0.1447   0.3142
  0.0066  -0.3198   0.1432   0.2684   0.1096   0.3187
  0.0065  -0.3282   0.1521   0.2805   0.1594   0.3640
  0.0291  -0.3305   0.1524   0.3024   0.1708   0.3241
  0.0372  -0.3225   0.1464   0.3009   0.1689   0.3134
  0.0262  -0.3134   0.1593   0.2815   0.1923   0.3229
  0.0683  -0.3014   0.1770   0.2937   0.2442   0.3220
  0.0444  -0.3086   0.1687   0.2935   0.2416   0.3309
  0.0501  -0.3070   0.1760   0.2339   0.2448   0.2695
  0.0418  -0.2835   0.1675   0.2652   0.2324   0.3266
  0.0231  -0.2753   0.1498   0.2179   0.2107   0.2382
  0.0244  -0.2261   0.1540   0.2617   0.2263   0.2798
  0.0090  -0.3043   0.1578   0.2578   0.2200   0.2666
  0.0117  -0.2872   0.1646   0.2603   0.2240   0.2651
  0.0308  -0.2788   0.1710   0.2549   0.2671   0.2876
 -0.0162  -0.2784   0.1563   0.2333   0.2058   0.2320
  0.0910  -0.4039   0.1384   0.1935   0.2087   0.2803
  0.1326  -0.3236   0.1582   0.0877   0.2608   0.3325
  0.0954  -0.2508   0.1553   0.0963   0.2436   0.2655
  0.0628  -0.2082   0.1657   0.0978   0.2705   0.3105
  0.0363  -0.2014   0.1775   0.1281   0.2606   0.3007
  0.0270  -0.1810   0.1719   0.1352   0.2781   0.3057
  0.0158  -0.2340   0.1512   0.1654   0.2497   0.2552
  0.0472  -0.1571   0.1839   0.1336   0.2925   0.3024
  0.1148  -0.1667   0.1961   0.1473   0.2902   0.2201
 -0.0037  -0.1138   0.0884   0.0933   0.1782   0.2952
 -0.0126  -0.1240   0.1302   0.1197   0.2198   0.2240
 -0.0018  -0.0920   0.1507   0.0189   0.1952   0.1941
 -0.0143  -0.1535   0.1143   0.0560   0.1633   0.2370
 -0.1046  -0.2328   0.1230   0.0935   0.0538   0.2610
 -0.0078  -0.1685   0.1552   0.0927   0.1250   0.2346
 -0.0806  -0.0280   0.0991   0.0542   0.1398   0.1723
 -0.1568  -0.0483   0.0760   0.0388   0.0440   0.1720
 -0.1790  -0.0735   0.0947   0.0669   0.0196   0.1754
 -0.1650  -0.0733   0.0861  -0.0087   0.0628   0.1869
 -0.1294  -0.0700   0.0678   0.0201   0.0982   0.1205
 -0.1383   0.0497   0.0707  -0.0043   0.0791   0.1401
 -0.1369   0.0278   0.0636  -0.0052   0.0730   0.1160
 -0.1245   0.0443   0.0913  -0.0027   0.1243   0.1350
 -0.1307   0.0535   0.0894   0.0126   0.1075   0.0894
 -0.1168   0.0409   0.0878   0.0325   0.0705   0.0912
 -0.0863   0.0195   0.0948   0.0536   0.1104   0.0842
 -0.0338  -0.0381   0.0569   0.0754   0.0934   0.0744
 -0.0756   0.0251   0.0353   0.0983   0.0479   0.1069
 -0.0656   0.0664   0.0492   0.0742   0.0560   0.0653
 -0.1105   0.0377   0.0558   0.0794   0.0222   0.1230
 -0.0745   0.0267   0.0898  -0.0049  -0.0005   0.0346
 -0.0371   0.0969   0.1100  -0.0487   0.0460   0.0412
 -0.0892   0.0447   0.0666   0.0324   0.0347  -0.0023
 -0.0398   0.0908   0.0962  -0.0383   0.0273   0.0245
 -0.0864   0.0605   0.0754  -0.0489  -0.0137  -0.0037
 -0.0727   0.0619   0.0605  -0.0914  -0.0789   0.0172
 -0.0544   0.0949   0.0362  -0.0297  -0.0509  -0.0124
 -0.0303   0.0805   0.0276   0.0089  -0.0206  -0.0073
 -0.0465   0.0767   0.0299  -0.0335  -0.0339   0.0009
 -0.0384   0.0759   0.0402  -0.0025  -0.0377   0.0031
 -0.0508   0.0503   0.0443  -0.0026  -0.0428  -0.0068
 -0.0608   0.0780   0.0284  -0.0218  -0.0671  -0.0064
 -0.0574   0.0689   0.0342  -0.0191  -0.0596   0.0026
 -0.0859   0.0864   0.0266  -0.0585  -0.0941  -0.0199
 -0.0575   0.0783   0.0406  -0.0214  -0.0525  -0.0108
 -0.0966   0.0860   0.0232  -0.0240  -0.0718  -0.0155
 -0.0387   0.0892   0.0186  -0.0322  -0.0573  -0.0238
 -0.0620   0.0560   0.0394  -0.0455  -0.0584  -0.0216
 -0.0323   0.0631   0.0338  -0.0359  -0.0148  -0.0671
 -0.0158   0.0850   0.0477  -0.0586  -0.0241  -0.0094
 -0.0289   0.0934   0.0531  -0.0633  -0.0272  -0.0400
 -0.0028   0.0755   0.0462  -0.0597  -0.0292  -0.0817
  0.0127   0.0906   0.0442  -0.0846  -0.0153  -0.0430
  0.0092   0.0851   0.0582  -0.0713  -0.0229  -0.0614
  0.0316   0.1092   0.0564  -0.0576  -0.0035  -0.0443
  0.0218   0.0922   0.0551  -0.0201  -0.0215  -0.0445
  0.0315   0.1021   0.0582  -0.0369   0.0145  -0.0795
  0.0197   0.1040   0.0585  -0.0369  -0.0161  -0.0463
  0.0779   0.1314   0.0197  -0.0754  -0.0345  -0.1482
 -0.0070   0.1476   0.0048  -0.1077  -0.1039  -0.0482
  0.0336   0.1530   0.0288  -0.0319  -0.0615  -0.0635
  0.0248  -0.0388  -0.0502   0.0403  -0.1119  -0.1153
 -0.0441   0.0672  -0.0621  -0.0842  -0.1066  -0.0431
 -0.0153   0.0662  -0.0282  -0.0702  -0.0641  -0.0700
 -0.0286   0.0957  -0.0383  -0.1270  -0.0729  -0.1065
  0.0222   0.0522   0.0367  -0.0149  -0.0406  -0.0732
  0.0491   0.0051   0.0460  -0.0701  -0.0278  -0.1222
  0.0696   0.0318   0.0071  -0.0925  -0.0075  -0.1230
  0.0471   0.0314   0.0346  -0.0912  -0.0168  -0.1014
  0.0739   0.0453   0.0096  -0.0359   0.0051  -0.1260
  0.0461   0.0833  -0.0069  -0.0123   0.0139  -0.1635
  0.0576   0.0787   0.0178  -0.0513   0.0147  -0.1023
  0.0115   0.0797  -0.0034  -0.0501  -0.0833  -0.1733
  0.0395   0.1034   0.0085  -0.1166  -0.0462  -0.1031
  0.0242   0.0616   0.0126  -0.1006  -0.0184  -0.1138
  0.0351   0.1059   0.0221  -0.0759  -0.0452  -0.1582
  0.0147   0.0652   0.0005  -0.0452  -0.1016  -0.1181
  0.0382   0.1379  -0.0008  -0.0982  -0.0433  -0.1666
  0.0692   0.1256  -0.0035  -0.0394  -0.0341  -0.1496
  0.0522   0.1315  -0.0122  -0.0454  -0.0170  -0.1455
  0.0498   0.1324  -0.0093  -0.0264  -0.0169  -0.1405
  0.0707   0.1289   0.0026  -0.0205   0.0264  -0.1585
  0.0519   0.0882  -0.0447  -0.1040  -0.0065  -0.1342
  0.0127   0.1086  -0.0361  -0.1546   0.0119  -0.1486
  0.0773   0.1439  -0.0120  -0.1386   0.0825  -0.2089
  0.0857   0.1980  -0.0154  -0.1705   0.0943  -0.1307
  0.0660   0.2195  -0.0149  -0.1779   0.0850  -0.2061
  0.1014   0.2781   0.0005  -0.2405   0.1004  -0.1947
  0.1018   0.2568  -0.0075  -0.2092   0.1028  -0.1653
  0.1053   0.2313  -0.0071  -0.1711   0.1021  -0.1887
  0.0829   0.2151   0.0006  -0.1761   0.1000  -0.2011
  0.0864   0.2183   0.0142  -0.1828   0.1118  -0.1775
  0.0839   0.1734   0.0113  -0.1810   0.1072  -0.2282
  0.0986   0.2031  -0.0155  -0.1600   0.0942  -0.1751
  0.1150   0.1770  -0.0209  -0.2222   0.0997  -0.2437
  0.0450   0.2135  -0.0125  -0.2008   0.0583  -0.2018
  0.0589   0.1923  -0.0330  -0.2549   0.0354  -0.2117
  0.0689   0.2613   0.0160  -0.1778   0.0921  -0.1813
  0.0862   0.1354   0.0228  -0.1350   0.0737  -0.2074
  0.0724   0.2001  -0.0373  -0.1825   0.0761  -0.2205
  0.1110   0.2076  -0.0226  -0.1884   0.0574  -0.2602
  0.1284   0.2129  -0.0701  -0.1388   0.0550  -0.2112
  0.1096   0.1876  -0.0736  -0.1069   0.0532  -0.2806
  0.0708   0.1932  -0.0932  -0.0836  -0.0185  -0.1845
  0.0782   0.1491  -0.0834  -0.0593  -0.0239  -0.2835
  0.1065   0.1027  -0.0946  -0.0254  -0.0140  -0.1595
  0.0669   0.0801  -0.0991  -0.0697  -0.0663  -0.2366
  0.1038   0.1421  -0.0854  -0.1262  -0.0270  -0.2459
  0.0957   0.1605  -0.0866  -0.1061  -0.0221  -0.1784
  0.1029   0.1821  -0.1005  -0.0859  -0.0357  -0.2556
  0.1167   0.1742  -0.0835  -0.1029  -0.0094  -0.2326
  0.0958   0.1582  -0.0822  -0.1176  -0.0556  -0.2438
  0.1370   0.1229  -0.1176  -0.1011  -0.0881  -0.3303
  0.0735   0.1888  -0.1469  -0.1363  -0.1681  -0.2548
  0.0889   0.1871  -0.1188  -0.1296  -0.1394  -0.3194
  0.1214   0.1710  -0.1216  -0.1077  -0.1425  -0.2630
  0.0894   0.1753  -0.1130  -0.1161  -0.1328  -0.2970
  0.0771   0.2473  -0.1021  -0.1401  -0.0938  -0.2583
  0.0958   0.1657  -0.1108  -0.0849  -0.0986  -0.3221
  0.0899   0.2140  -0.1171  -0.1042  -0.1240  -0.2832
  0.1001   0.1852  -0.1274  -0.0803  -0.0811  -0.3100
  0.1107   0.2173  -0.1299  -0.0919  -0.0772  -0.3036
  0.0990   0.1913  -0.1207  -0.0786  -0.0707  -0.2689
  0.1171   0.1877  -0.1342  -0.1206  -0.0688  -0.3146
  0.1126   0.1700  -0.1191  -0.0813  -0.0626  -0.2611
  0.0824   0.1536  -0.1724  -0.0918  -0.1224  -0.3021
  0.1003   0.1656  -0.1722  -0.0811  -0.1442  -0.2636
  0.0895   0.1359  -0.1966  -0.0943  -0.1789  -0.3757
  0.0095   0.1889  -0.1887  -0.0888  -0.2293  -0.2310
  0.0406   0.1609  -0.1768  -0.1010  -0.1823  -0.3261
  0.0602   0.2103  -0.1902  -0.1433  -0.1881  -0.2982
  0.0665   0.1971  -0.1821  -0.1536  -0.1874  -0.3244
  0.0590   0.2178  -0.1617  -0.1376  -0.1772  -0.3051
  0.0608   0.2100  -0.1742  -0.1581  -0.1641  -0.3373
  0.0731   0.2292  -0.1754  -0.1144  -0.1596  -0.2945
  0.0620   0.1993  -0.1647  -0.1687  -0.1384  -0.3701
  0.0735   0.2360  -0.1695  -0.1737  -0.1264  -0.3223
  0.0656   0.2072  -0.1655  -0.1338  -0.1092  -0.3631
  0.0820   0.2563  -0.1738  -0.1331  -0.1132  -0.3150
  0.0827   0.2333  -0.1691  -0.1431  -0.1363  -0.3428
  0.0698   0.2467  -0.1638  -0.1519  -0.1485  -0.3275
  0.0793   0.2486  -0.1749  -0.1476  -0.1488  -0.3548
  0.0714   0.2672  -0.1797  -0.1383  -0.2128  -0.3445
  0.0908   0.2401  -0.1781  -0.1029  -0.1917  -0.3752
  0.0956   0.2394  -0.1676  -0.1345  -0.1538  -0.3337
  0.0789   0.2530  -0.1564  -0.1390  -0.1504  -0.3732
  0.0701   0.2677  -0.1573  -0.1664  -0.1529  -0.3435
  0.0524   0.2699  -0.1604  -0.1638  -0.1508  -0.3864
  0.0499   0.2821  -0.1598  -0.1723  -0.1541  -0.3647
  0.0578   0.2553  -0.1781  -0.1543  -0.1688  -0.3999
  0.0986   0.2180  -0.1850  -0.1896  -0.1441  -0.4287
  0.1009   0.2553  -0.1576  -0.1705  -0.1489  -0.3629
  0.0788   0.2554  -0.1685  -0.1346  -0.1785  -0.3869
  0.0793   0.2783  -0.1511  -0.1804  -0.1741  -0.3764
  0.0952   0.2537  -0.1599  -0.1678  -0.1837  -0.4012
  0.0947   0.2952  -0.1580  -0.1886  -0.1692  -0.3634
  0.0893   0.3111  -0.1874  -0.1992  -0.1773  -0.4266
  0.0694   0.3432  -0.1728  -0.1964  -0.1998  -0.3517
  0.0786   0.2968  -0.1755  -0.1632  -0.2055  -0.4101
  0.0652   0.3396  -0.2045  -0.1944  -0.1841  -0.4155
  0.0800   0.3218  -0.2071  -0.1604  -0.1792  -0.3932
  0.0261   0.3351  -0.1980  -0.1960  -0.2076  -0.4248
 -0.0341   0.3386  -0.2102  -0.1850  -0.2922  -0.3586
  0.0539   0.3448  -0.2249  -0.2084  -0.2200  -0.4332
  0.0504   0.3984  -0.2131  -0.2768  -0.2345  -0.3950
  0.0494   0.3806  -0.2078  -0.2677  -0.2252  -0.4000
  0.0207   0.3727  -0.2061  -0.2662  -0.2361  -0.4393
  0.0449   0.4112  -0.2096  -0.3004  -0.2018  -0.4072
  0.0333   0.3299  -0.1848  -0.2385  -0.2194  -0.4788
  0.0207   0.4858  -0.2052  -0.3653  -0.1878  -0.4130
 -0.0180   0.5069  -0.2717  -0.3803  -0.2434  -0.4796
  0.0154   0.4694  -0.2566  -0.3176  -0.2625  -0.4393
 -0.0102   0.5031  -0.2474  -0.3439  -0.2737  -0.4408
  0.0194   0.4620  -0.2399  -0.3205  -0.2614  -0.4382
 -0.0078   0.5024  -0.2543  -0.3201  -0.2761  -0.4198
