  0.0220   0.1216  -0.0336   0.1821   0.0095   0.0186
 -0.0034   0.1433  -0.0301   0.1806  -0.0005   0.0784
 -0.0049   0.1504  -0.0307   0.2120  -0.0082   0.0803
 -0.0080   0.1412  -0.0402   0.2278  -0.0273   0.0874
 -0.0219   0.1519  -0.0461   0.2106  -0.0392   0.0712
 -0.0215   0.1694  -0.0364   0.2184  -0.0280   0.0715
 -0.0221   0.1576  -0.0170   0.2226  -0.0154   0.0692
 -0.0175   0.1548  -0.0215   0.2105  -0.0151   0.0512
 -0.0126   0.1741  -0.0192   0.2157  -0.0013   0.0488
 -0.0110   0.1446  -0.0085   0.2605   0.0009   0.0738
 -0.0109   0.1576  -0.0195   0.2651  -0.0142   0.0446
 -0.0057   0.1610  -0.0075   0.2369   0.0036   0.0883
  0.0025   0.1839  -0.0102   0.2176   0.0196   0.0631
  0.0010   0.1620  -0.0031   0.2435   0.0137   0.0596
 -0.0028   0.1796  -0.0140   0.2469   0.0087   0.0479
 -0.0042   0.1643  -0.0189   0.2457   0.0028   0.0548
  0.0011   0.1621  -0.0194   0.2090  -0.0086   0.0774
 -0.0066   0.1324  -0.0248   0.2642  -0.0236   0.0701
  0.0007   0.1795  -0.0290   0.1885  -0.0263   0.0493
  0.0047   0.1854  -0.0199   0.1838  -0.0175   0.0171
  0.0557   0.1766  -0.0149   0.1252   0.0217   0.0541
  0.0299   0.1489  -0.0006   0.1630   0.0243   0.0450
  0.0147   0.1142  -0.0365   0.2971  -0.0382   0.0768
 -0.0043   0.1479  -0.0329   0.1663  -0.0237   0.1212
  0.0000   0.1487  -0.0250   0.1493  -0.0164  -0.0072
  0.0003   0.1468  -0.0248   0.1459  -0.0109   0.0421
  0.0013   0.1549  -0.0221   0.1398  -0.0105   0.0221
 -0.0051   0.1449  -0.0055   0.1482  -0.0019   0.0107
 -0.0008   0.1776  -0.0091   0.1213  -0.0093   0.0454
 -0.0063   0.1742  -0.0047   0.1308  -0.0004   0.0459
  0.0008   0.2028   0.0001   0.1138   0.0062   0.0160
 -0.0078   0.1875  -0.0057   0.1193   0.0055   0.0154
 -0.0029   0.1774  -0.0073   0.1100   0.0070   0.0064
 -0.0052   0.1853  -0.0036   0.1084   0.0136   0.0162
 -0.0097   0.1830  -0.0025   0.1406   0.0106   0.0137
 -0.0169   0.1856  -0.0090   0.1674  -0.0044   0.0341
 -0.0160   0.1820   0.0002   0.1617   0.0018   0.0312
 -0.0126   0.1900   0.0049   0.1406   0.0126   0.0251
 -0.0194   0.1767   0.0016   0.1542   0.0119   0.0352
 -0.0184   0.1814   0.0030   0.1535   0.0102   0.0227
 -0.0199   0.1876  -0.0040   0.1529   0.0068   0.0293
 -0.0150   0.1927   0.0053   0.1367   0.0087   0.0202
 -0.0220   0.2173  -0.0080   0.1197   0.0112   0.0171
 -0.0112   0.2135  -0.0108   0.1038   0.0201   0.0159
 -0.0199   0.2282  -0.0017   0.1017   0.0205   0.0047
 -0.0151   0.2110  -0.0024   0.1166   0.0191   0.0045
 -0.0136   0.1918   0.0046   0.1244   0.0257   0.0254
 -0.0215   0.2122   0.0042   0.1250   0.0213   0.0171
 -0.0202   0.2304   0.0058   0.1291   0.0133   0.0135
 -0.0218   0.2138   0.0030   0.1265   0.0166   0.0021
 -0.0361   0.4376  -0.0900  -0.0126  -0.0188  -0.0874
 -0.0303   0.5966  -0.0567  -0.1209  -0.0176  -0.0883
 -0.0323   0.4342  -0.0397  -0.0449  -0.0056  -0.0584
 -0.0323   0.4145  -0.0397  -0.0415  -0.0059  -0.0643
 -0.0421   0.4046  -0.0386  -0.0218  -0.0105  -0.0539
 -0.0447   0.4043  -0.0400  -0.0347  -0.0185  -0.0601
 -0.0327   0.4080  -0.0296  -0.0238  -0.0019  -0.0406
 -0.0317   0.3998  -0.0326   0.0059   0.0018  -0.0417
 -0.0322   0.3858  -0.0344   0.0040  -0.0026  -0.0342
 -0.0239   0.4024  -0.0369  -0.0050  -0.0051  -0.0484
 -0.0224   0.3979  -0.0251  -0.0049   0.0040  -0.0431
 -0.0258   0.3897  -0.0269   0.0005   0.0024  -0.0626
 -0.0249   0.3903  -0.0283   0.0214   0.0020  -0.0628
 -0.0294   0.3654  -0.0343   0.0395  -0.0070  -0.0280
 -0.0333   0.3720  -0.0293   0.0297  -0.0024  -0.0507
 -0.0231   0.3788  -0.0475   0.0217  -0.0177  -0.0457
 -0.0302   0.3808  -0.0432   0.0411  -0.0183  -0.0545
 -0.0249   0.3643  -0.0347   0.0377  -0.0115  -0.0613
 -0.0272   0.3179  -0.0447   0.0219  -0.0128  -0.0208
 -0.0313   0.3126  -0.0336   0.0148  -0.0065  -0.0505
 -0.0297   0.3046  -0.0332   0.0152  -0.0118  -0.0395
 -0.0309   0.3331  -0.0363   0.0129  -0.0115  -0.0545
 -0.0265   0.3302  -0.0322   0.0276  -0.0049  -0.0438
 -0.0308   0.3288  -0.0336   0.0130  -0.0025  -0.0374
 -0.0310   0.3424  -0.0339   0.0205  -0.0018  -0.0481
 -0.0322   0.3236  -0.0396   0.0224  -0.0128  -0.0379
 -0.0387   0.3503  -0.0513   0.0156  -0.0251  -0.0514
 -0.0280   0.3099  -0.0449   0.0280  -0.0255  -0.0347
 -0.0357   0.3400  -0.0572   0.0127  -0.0261  -0.0528
 -0.0326   0.3436  -0.0267   0.0169  -0.0003  -0.0682
 -0.0221   0.2474  -0.0506   0.0492  -0.0228   0.0095
 -0.0136   0.2412  -0.0528   0.0284  -0.0123  -0.0690
 -0.0149   0.2834  -0.0434   0.0107  -0.0027  -0.0166
 -0.0305   0.3003  -0.0527   0.0063  -0.0131  -0.0440
 -0.0384   0.3049  -0.0493  -0.0107  -0.0147  -0.0464
 -0.0388   0.3068  -0.0681  -0.0085  -0.0347  -0.0459
 -0.0423   0.3015  -0.0592   0.0052  -0.0322  -0.0555
 -0.0386   0.2628  -0.0675   0.0321  -0.0463  -0.0236
 -0.0434   0.2603  -0.0682   0.0027  -0.0344  -0.0423
 -0.0487   0.3287  -0.0295  -0.0454  -0.0134  -0.0606
 -0.0526   0.3349  -0.0434  -0.0351  -0.0279  -0.0710
 -0.0540   0.3328  -0.0478  -0.0377  -0.0265  -0.0604
 -0.0598   0.3382  -0.0490  -0.0418  -0.0314  -0.0866
 -0.0582   0.3255  -0.0509  -0.0458  -0.0218  -0.0641
 -0.0615   0.3476  -0.0628  -0.0374  -0.0200  -0.0649
 -0.0584   0.3771  -0.0509  -0.0455  -0.0163  -0.0703
 -0.0656   0.3634  -0.0441  -0.0537  -0.0057  -0.0804
 -0.0663   0.3361  -0.0436  -0.0517  -0.0097  -0.0894
 -0.0711   0.3499  -0.0527  -0.0542  -0.0131  -0.0859
 -0.0754   0.3316  -0.0499  -0.0395  -0.0192  -0.0763
 -0.0701   0.3320  -0.0438  -0.0440  -0.0191  -0.0712
 -0.0687   0.3302  -0.0599  -0.0473  -0.0274  -0.0621
 -0.0647   0.3214  -0.0695  -0.0599  -0.0324  -0.0751
 -0.0678   0.3208  -0.0654  -0.0471  -0.0341  -0.0811
 -0.0744   0.3238  -0.0606  -0.0424  -0.0276  -0.0764
 -0.0770   0.2999  -0.0727  -0.0544  -0.0436  -0.0696
 -0.0782   0.2987  -0.0721  -0.0508  -0.0409  -0.0655
 -0.0798   0.2923  -0.0681  -0.0390  -0.0428  -0.0947
 -0.0791   0.2913  -0.0785  -0.0447  -0.0536  -0.0721
 -0.0757   0.3307  -0.0734  -0.0735  -0.0416  -0.0752
 -0.0698   0.3079  -0.0751  -0.0615  -0.0347  -0.0784
 -0.0672   0.3208  -0.0666  -0.0655  -0.0393  -0.0867
 -0.0643   0.3169  -0.0499  -0.0628  -0.0275  -0.0996
 -0.0638   0.3096  -0.0418  -0.0564  -0.0211  -0.0988
 -0.0656   0.3029  -0.0361  -0.0427  -0.0185  -0.0840
 -0.0653   0.2999  -0.0365  -0.0418  -0.0198  -0.0835
 -0.0616   0.2957  -0.0423  -0.0394  -0.0186  -0.0777
 -0.0608   0.2994  -0.0433  -0.0467  -0.0186  -0.0805
 -0.0597   0.2998  -0.0430  -0.0572  -0.0124  -0.1008
 -0.0569   0.2969  -0.0414  -0.0501  -0.0189  -0.0718
 -0.0567   0.3070  -0.0544  -0.0507  -0.0276  -0.0877
 -0.0575   0.3175  -0.0462  -0.0501  -0.0204  -0.1132
 -0.0519   0.3144  -0.0322  -0.0254  -0.0077  -0.1096
 -0.0577   0.2879  -0.0236  -0.0062   0.0002  -0.0885
 -0.0686   0.3132  -0.0204  -0.0417  -0.0013  -0.0842
 -0.0729   0.3171  -0.0057  -0.0373   0.0020  -0.0786
 -0.0717   0.2708  -0.0340  -0.0321  -0.0169  -0.0820
 -0.0792   0.2604  -0.0224  -0.0273  -0.0096  -0.0590
 -0.0738   0.2390  -0.0178  -0.0037  -0.0029  -0.0522
 -0.0680   0.2525  -0.0198  -0.0315  -0.0087  -0.0778
 -0.0736   0.2435  -0.0170  -0.0276  -0.0079  -0.0915
 -0.0834   0.2425  -0.0225  -0.0295  -0.0059  -0.0599
 -0.0876   0.2231  -0.0236  -0.0200  -0.0161  -0.0595
 -0.0806   0.2173  -0.0311  -0.0524  -0.0180  -0.0310
 -0.0789   0.2415  -0.0359  -0.0666  -0.0186  -0.0927
 -0.0768   0.2559  -0.0136  -0.0440   0.0064  -0.0589
 -0.0761   0.2584  -0.0195  -0.0354  -0.0095  -0.0778
 -0.0836   0.2431  -0.0020   0.0084   0.0008  -0.1375
 -0.0989   0.2527   0.0017  -0.0312   0.0179  -0.0305
 -0.0994   0.2781  -0.0017  -0.0554   0.0078  -0.0632
 -0.0913   0.3389  -0.0008  -0.0853   0.0097  -0.0780
 -0.1046   0.2221  -0.0086  -0.0436  -0.0141  -0.0816
 -0.0827   0.2310  -0.0147  -0.0402  -0.0109  -0.0630
 -0.0788   0.2091  -0.0027  -0.0355   0.0004  -0.0728
 -0.0664   0.1820  -0.0168  -0.0310  -0.0033  -0.0869
 -0.0673   0.0990  -0.0261   0.0158  -0.0100  -0.0424
 -0.0624   0.0543   0.0131   0.0521   0.0139  -0.0316
 -0.0628   0.0128  -0.0117  -0.0118  -0.0071  -0.0403
 -0.0648  -0.0057  -0.0114  -0.0057  -0.0015  -0.0319
 -0.0733  -0.0101  -0.0155   0.0020  -0.0120  -0.0208
 -0.0724  -0.0019  -0.0093   0.0022  -0.0008  -0.0489
 -0.0742   0.0959   0.0137  -0.0267   0.0170  -0.0738
 -0.0781   0.0642   0.0144  -0.0337   0.0120  -0.0696
 -0.0685   0.0670   0.0117  -0.0095   0.0064  -0.0753
 -0.0715   0.0451  -0.0074  -0.0389  -0.0179  -0.0915
 -0.0745   0.0543  -0.0042  -0.0697  -0.0089  -0.0658
 -0.0733   0.0311  -0.0095  -0.0465  -0.0016  -0.0703
 -0.0693   0.0240  -0.0085  -0.0422  -0.0068  -0.0534
 -0.0643   0.0060  -0.0121  -0.0408  -0.0078  -0.0518
 -0.0711   0.0075  -0.0050  -0.0407  -0.0023  -0.0218
 -0.0709   0.0174   0.0173  -0.0565   0.0100  -0.0736
 -0.0594   0.0241   0.0100  -0.0569   0.0242  -0.0655
 -0.0677  -0.0299   0.0469   0.2310   0.0283  -0.0020
 -0.0476  -0.0672   0.0500   0.2429   0.0174  -0.0141
 -0.0291   0.0488   0.0598   0.0414   0.0397   0.0281
  0.0272   0.0150   0.0728   0.0355   0.0920  -0.0397
  0.0099   0.0329   0.0804   0.0405   0.0893  -0.0305
  0.0168  -0.2273   0.1129   0.1272   0.1314   0.0754
  0.0982  -0.5902   0.0852   0.2129   0.1233   0.2033
  0.0993  -0.5821   0.0686   0.1583   0.1069   0.1309
  0.0936  -0.5889   0.0501   0.1158   0.1010   0.1657
  0.0694  -0.5536   0.0270   0.1121   0.0669   0.1410
  0.0280  -0.3196   0.0496   0.0694   0.0368   0.0591
  0.0451  -0.3632   0.0720   0.1038   0.0473   0.0719
  0.0726  -0.4624   0.0183   0.1056   0.0316   0.1085
  0.0733  -0.4721   0.0398   0.0770   0.0054   0.1087
  0.0744  -0.5380   0.0640   0.1465   0.0436   0.1246
  0.0643  -0.5129   0.0902   0.1509   0.0410   0.1211
  0.0708  -0.4880   0.0947   0.1306   0.0312   0.1364
  0.0709  -0.4783   0.0640   0.0943   0.0288   0.1393
  0.0641  -0.4579   0.0494   0.0834   0.0142   0.1049
  0.0653  -0.4542   0.0460   0.0804   0.0250   0.1044
  0.0707  -0.4862   0.0490   0.1232   0.0329   0.1158
  0.0895  -0.5925   0.0742   0.3325   0.0295   0.1576
  0.1758  -0.1281   0.0932  -1.1093   0.0658  -0.0845
  0.1003  -0.3905   0.0790  -0.3378   0.0181  -0.1290
  0.0965  -0.3984   0.0752  -0.1965   0.0373   0.0287
  0.0982  -0.4110   0.0694  -0.1742   0.0267   0.0193
  0.1027  -0.4339   0.0572  -0.1914   0.0199   0.0173
  0.0998  -0.4550   0.0566  -0.1639   0.0176   0.0355
  0.1029  -0.4888   0.0601  -0.1405   0.0184   0.0509
  0.1049  -0.5072   0.0519  -0.1421   0.0170   0.0569
  0.1064  -0.5087   0.0510  -0.1378   0.0207   0.0536
  0.1166  -0.5118   0.0491  -0.1512   0.0241   0.0461
  0.1123  -0.5200   0.0441  -0.1634   0.0188   0.0456
  0.1158  -0.5084   0.0465  -0.1548   0.0193   0.0402
  0.1158  -0.5120   0.0474  -0.1476   0.0206   0.0449
  0.1161  -0.5128   0.0382  -0.1596   0.0200   0.0601
  0.1135  -0.5152   0.0482  -0.1603   0.0157   0.0518
  0.1072  -0.5338   0.0470  -0.1366   0.0030   0.0473
  0.1086  -0.5257   0.0409  -0.1536   0.0026   0.0469
  0.1050  -0.5154   0.0344  -0.1636   0.0054   0.0469
  0.1078  -0.5137   0.0261  -0.1634  -0.0021   0.0453
  0.1058  -0.5504   0.0485  -0.0978   0.0142   0.0448
  0.1143  -0.5561   0.0325  -0.1270   0.0146   0.0711
  0.1148  -0.5579   0.0374  -0.1346   0.0171   0.0771
  0.1192  -0.5694   0.0254  -0.1467   0.0096   0.0721
  0.1092  -0.5500   0.0332  -0.1336   0.0107   0.0689
  0.1087  -0.5678   0.0218  -0.1383  -0.0027   0.0725
  0.1049  -0.5444   0.0296  -0.1397  -0.0008   0.0679
  0.1175  -0.5488   0.0351  -0.1337   0.0046   0.0560
  0.1031  -0.5614   0.0045  -0.1371  -0.0256   0.0562
  0.1015  -0.5660   0.0267  -0.1331  -0.0123   0.0520
  0.0972  -0.5493   0.0049  -0.1340  -0.0251   0.0707
  0.1012  -0.5479   0.0079  -0.1334  -0.0243   0.0674
  0.1052  -0.5507   0.0186  -0.1316  -0.0134   0.0525
  0.0986  -0.5534   0.0056  -0.1428  -0.0285   0.0680
  0.1057  -0.5566   0.0211  -0.1328  -0.0217   0.0694
  0.1208  -0.5361   0.0304  -0.1493  -0.0026   0.0457
  0.1246  -0.5180   0.0483  -0.1795   0.0057   0.0476
  0.1212  -0.5258   0.0475  -0.1762   0.0063   0.0528
  0.1163  -0.5268   0.0514  -0.1727   0.0135   0.0691
  0.1010  -0.4484   0.0635  -0.2106   0.0253   0.0132
  0.1113  -0.4341   0.0560  -0.2035   0.0210   0.0204
  0.1011  -0.4682   0.0456  -0.2094   0.0079   0.0317
  0.0962  -0.5137   0.0455  -0.1781   0.0121   0.0316
  0.0891  -0.4736   0.0585  -0.1981   0.0153  -0.0051
  0.0815  -0.4559   0.0649  -0.1663   0.0198   0.0425
  0.0784  -0.4582   0.0400  -0.2047  -0.0038   0.1097
  0.0701  -0.4606   0.0285  -0.1976  -0.0078  -0.0670
  0.0741  -0.4644   0.0437  -0.1713  -0.0028   0.0416
  0.0748  -0.4656   0.0580  -0.2164   0.0049   0.0610
  0.0729  -0.4829   0.0647  -0.2021   0.0138   0.0101
  0.0684  -0.4805   0.0485  -0.2293   0.0064   0.0624
  0.0732  -0.4553   0.0713  -0.2211   0.0202   0.0709
  0.0801  -0.4537   0.0883  -0.2229   0.0234   0.0076
  0.0739  -0.4952   0.0678  -0.2309   0.0098   0.0193
  0.0764  -0.5047   0.0693  -0.2164   0.0127   0.0276
  0.0881  -0.4343   0.0573  -0.2191   0.0120   0.0218
  0.0725  -0.4488   0.0661  -0.2263  -0.0073   0.0056
  0.0777  -0.4043   0.0564  -0.2366  -0.0062   0.0131
  0.0810  -0.4120   0.0619  -0.2260   0.0019   0.0173
  0.0748  -0.4155   0.0745  -0.2283   0.0058   0.0132
  0.0788  -0.4242   0.0524  -0.2133  -0.0167  -0.0021
  0.0766  -0.4432   0.0997  -0.1630   0.0342   0.0308
  0.0265  -0.6773   0.1294   0.7657   0.0550   0.1948
 -0.0936  -0.9735   0.0549   1.2486  -0.0003   0.6564
  0.0041  -0.8868  -0.0154   0.0831  -0.1413   0.3472
  0.0142  -0.7668   0.0581   0.0977  -0.0580   0.2070
  0.0159  -0.8053   0.0678   0.1582  -0.0397   0.2089
  0.0146  -0.9502   0.1046   0.4772  -0.0302   0.2116
