  0.0881   0.1033   0.1193  -0.2524   0.0756  -0.0750
  0.3905   0.6104  -0.0455  -0.3995   0.1485  -0.0679
  0.2986   0.4366   0.0153  -0.2995   0.1230  -0.0681
  0.3610   0.4341   0.0213  -0.3015   0.1399  -0.0703
  0.3220   0.4018   0.0106  -0.1860   0.1274  -0.0731
  0.2919   0.3537   0.0197  -0.1780   0.1464  -0.0746
  0.2741   0.2590   0.0453  -0.2207   0.1568  -0.0994
  0.2674   0.1851   0.0496  -0.2183   0.1560  -0.0814
  0.2270   0.1028   0.0645  -0.1604   0.1325  -0.0904
  0.2009  -0.0066   0.0921  -0.1255   0.0940  -0.0570
  0.1569  -0.0069   0.1244  -0.1525   0.0839  -0.0659
  0.1685   0.0424   0.1308  -0.2692   0.0806  -0.0743
  0.0974  -0.0760   0.1150  -0.2719   0.0210  -0.0637
  0.0480  -0.0137  -0.0428  -0.3268   0.0043  -0.0326
  0.0462  -0.0330   0.0127  -0.2781   0.0049  -0.0608
  0.0291  -0.0981   0.0525  -0.3015  -0.0106  -0.0607
  0.0388  -0.0396   0.0851  -0.3585   0.0207  -0.0280
  0.0032  -0.1094   0.1214  -0.2948   0.0107  -0.0596
 -0.0261  -0.1395   0.1019  -0.2702   0.0051  -0.0398
 -0.0435  -0.1544   0.1119  -0.2424  -0.0262  -0.0467
 -0.0400  -0.1045   0.1304  -0.2422  -0.0187  -0.0537
 -0.0469  -0.0768   0.1270  -0.2361  -0.0027  -0.0427
 -0.0355  -0.0512   0.1271  -0.1975  -0.0046  -0.0579
 -0.0518  -0.0618   0.1379  -0.1889  -0.0463  -0.0768
 -0.0536  -0.0974   0.1451  -0.2326  -0.0483  -0.0522
 -0.0644  -0.0612   0.1711  -0.1743  -0.0452  -0.0699
 -0.0722  -0.0692   0.1696  -0.1268  -0.0191  -0.0857
 -0.0599   0.0417   0.1486  -0.1424  -0.0124  -0.0811
 -0.0467   0.1364   0.1206  -0.1755   0.0053  -0.0842
 -0.0228   0.1300   0.1066  -0.0910   0.0318  -0.0537
 -0.0183   0.0890   0.1004  -0.0966   0.0128  -0.0541
 -0.0446   0.0557   0.1246  -0.0852  -0.0116  -0.0815
 -0.0609   0.0697   0.1344  -0.0868   0.0107  -0.0786
 -0.0396   0.0653   0.1250  -0.1067   0.0149  -0.0932
 -0.0434   0.0157   0.1259  -0.1244   0.0159  -0.0345
 -0.0879  -0.0443   0.1483  -0.0889  -0.0102  -0.0780
 -0.0890  -0.0387   0.1382  -0.0318   0.0243  -0.0734
 -0.0883   0.0376   0.1040   0.0369   0.0487  -0.0517
 -0.0857   0.0651   0.0850  -0.0269   0.0807  -0.0261
 -0.0960   0.0270   0.1018  -0.0643   0.0212  -0.0448
 -0.1097   0.0786   0.1361  -0.0646  -0.0080  -0.0659
 -0.0917   0.0439   0.1292  -0.0046   0.0341  -0.0461
 -0.0877   0.0176   0.1486   0.0192   0.0226  -0.0647
 -0.1030  -0.1099   0.1495   0.0164   0.0381  -0.0710
 -0.1156  -0.1937   0.1364   0.0378   0.0305  -0.0444
 -0.1544  -0.2172   0.1545   0.0849  -0.0120  -0.0396
 -0.2225  -0.3461   0.1426   0.0666  -0.0571  -0.0453
 -0.2348  -0.3786   0.1437   0.0392  -0.0572  -0.0347
 -0.2493  -0.3987   0.1386   0.1567  -0.0730  -0.0020
 -0.2835  -0.4591   0.1293   0.1363  -0.0662  -0.0094
 -0.3063  -0.4522   0.1217   0.2041  -0.0790  -0.0159
 -0.3127  -0.5434   0.0955   0.3699  -0.0699  -0.0054
 -0.3070  -0.6133   0.0943   0.3123  -0.0588  -0.0407
 -0.3251  -0.7283   0.0624   0.3311  -0.0530  -0.0125
 -0.3413  -0.7524   0.0431   0.3015  -0.0586  -0.0041
 -0.3337  -0.6416   0.0719   0.2372  -0.0617  -0.0163
 -0.3243  -0.6354   0.0740   0.2969  -0.0544  -0.0325
 -0.3106  -0.5974   0.0993   0.2963  -0.0642  -0.0337
 -0.3093  -0.6019   0.1251   0.2705  -0.0854  -0.0023
 -0.3176  -0.5208   0.1503   0.2594  -0.0902   0.0013
 -0.3295  -0.4339   0.1850   0.2488  -0.0814  -0.0269
 -0.3206  -0.4274   0.1886   0.2549  -0.0703  -0.0384
 -0.3162  -0.4345   0.1948   0.2275  -0.0790  -0.0208
 -0.3358  -0.3600   0.2156   0.1960  -0.0807  -0.0008
 -0.3432  -0.3921   0.2205   0.1636  -0.1085   0.0110
 -0.3355  -0.4092   0.2288   0.2132  -0.1080   0.0257
 -0.3424  -0.4843   0.2077   0.2019  -0.1151   0.0041
 -0.3602  -0.5822   0.1675   0.2907  -0.1019   0.0095
 -0.3406  -0.6435   0.2001   0.2547  -0.1256   0.0014
 -0.3692  -0.6825   0.1953   0.3297  -0.1391   0.0353
 -0.3700  -0.6582   0.1939   0.4627  -0.1146   0.0344
 -0.3511  -0.7044   0.2179   0.4172  -0.1261   0.0176
 -0.3704  -0.6942   0.2018   0.4026  -0.1060   0.0210
 -0.3540  -0.6493   0.2121   0.3871  -0.0850   0.0026
 -0.3732  -0.6623   0.1794   0.4331  -0.0758   0.0065
 -0.3650  -0.6621   0.1889   0.4460  -0.1111   0.0268
 -0.3654  -0.6734   0.2036   0.4647  -0.1253   0.0321
 -0.3591  -0.6404   0.2248   0.4300  -0.1221   0.0173
 -0.3697  -0.6627   0.1988   0.5135  -0.0881   0.0136
 -0.3704  -0.6701   0.1882   0.4850  -0.0864   0.0388
 -0.3798  -0.6943   0.1860   0.5048  -0.0925   0.0223
 -0.3783  -0.6805   0.2050   0.4879  -0.0990   0.0018
 -0.3849  -0.6880   0.2099   0.5217  -0.1018   0.0370
 -0.3925  -0.7232   0.1849   0.5426  -0.0866   0.0590
 -0.4040  -0.6443   0.2303   0.4686  -0.1024   0.0523
 -0.3931  -0.6088   0.2364   0.4258  -0.1023   0.0452
 -0.3952  -0.6075   0.2604   0.3956  -0.1270   0.0555
 -0.3980  -0.6385   0.2513   0.4370  -0.1270   0.0837
 -0.4173  -0.7216   0.2463   0.4774  -0.1314   0.0663
 -0.4127  -0.8517   0.1907   0.4970  -0.1516   0.0997
 -0.4307  -1.0205   0.1394   0.5550  -0.1789   0.1116
 -0.4344  -0.8482   0.1836   0.4984  -0.1352   0.0825
 -0.3140  -0.7629   0.1298   0.4714  -0.0800   0.0734
  0.1236   0.0260  -0.0584   0.2306   0.0413   0.0855
  0.3609   0.8619  -0.0713  -0.6637   0.1824   0.0513
  0.4160   1.2012  -0.0985  -0.9294   0.2169   0.0379
  0.4128   1.1197  -0.0685  -0.6435   0.1892   0.0262
  0.3817   0.9037  -0.0349  -0.6883   0.1846   0.0188
  0.3564   0.7780   0.0320  -0.6323   0.1527   0.0306
  0.3285   0.6991   0.0077  -0.5641   0.1338   0.0266
  0.3336   0.6495   0.0321  -0.4043   0.1229   0.0314
  0.3360   0.6006   0.0352  -0.4375   0.1417   0.0365
  0.3357   0.7052  -0.0079  -0.3548   0.1034   0.0417
  0.6770   1.1914  -0.7584  -0.1738   0.1232   0.1183
  0.9245   1.5014  -1.2065  -0.0631   0.1770   0.1449
  0.8392   1.4575  -1.1113  -0.0797   0.1214   0.1184
  0.8861   1.4417  -1.1678   0.0149   0.1439   0.0977
  0.8983   1.5055  -1.0794  -0.0615   0.1778   0.1001
  0.8707   1.5617  -1.0467  -0.0816   0.1994   0.1160
  0.8250   1.5116  -0.9391  -0.2005   0.1579   0.0634
  0.8073   1.4594  -0.9017  -0.2515   0.1084   0.0786
  0.7618   1.4069  -0.8381  -0.2384   0.1148   0.0718
  0.6866   1.2428  -0.8233  -0.1172   0.0498   0.0945
  0.5905   1.0374  -0.7698  -0.0638  -0.0166   0.1434
  0.5553   0.8920  -0.6711  -0.1889  -0.0562   0.1090
  0.4968   0.8101  -0.6006  -0.2021  -0.0403   0.1015
  0.5181   0.7524  -0.6097  -0.2638   0.0380   0.1275
  0.5280   0.7266  -0.6213  -0.2358   0.0747   0.1179
  0.5537   0.8559  -0.6275  -0.2458   0.0513   0.0928
  0.5518   0.8969  -0.5675  -0.1831   0.0574   0.1011
  0.5528   0.9466  -0.5862  -0.1147   0.0515   0.1023
  0.5889   1.0209  -0.6218  -0.0972   0.0452   0.1054
  0.6058   0.9973  -0.6193  -0.1735   0.0841   0.1273
  0.6517   0.9993  -0.5942  -0.2236   0.1221   0.1283
