  0.3808   0.9634   0.1805   0.1635   0.0788  -0.2764
  0.5346   1.2830   0.1902   0.2279   0.1329  -0.3403
  0.5119   1.2854   0.2005   0.2043   0.1650  -0.3552
  0.5243   1.4346   0.2366   0.1169   0.1226  -0.3624
  0.4830   1.4708   0.3246   0.0870   0.0828  -0.3391
  0.4956   1.3794   0.3580   0.1796   0.1031  -0.3427
  0.4728   1.4649   0.3336   0.1557   0.1011  -0.3700
  0.4661   1.5103   0.3884   0.1969   0.1144  -0.3980
  0.4714   1.7848   0.4184   0.2603   0.1364  -0.4925
  0.4432   1.7518   0.3606   0.2251   0.1144  -0.4802
  0.3957   1.7697   0.3467   0.1388   0.0932  -0.4781
  0.3740   1.7006   0.3029   0.1778   0.1003  -0.5011
  0.4216   1.8280   0.3068  -0.0216   0.0639  -0.4811
  0.4296   1.6420   0.3242   0.0269   0.0790  -0.4579
  0.3867   1.5008   0.3458  -0.1071   0.0821  -0.3925
  0.3823   1.4180   0.3591  -0.0747   0.0674  -0.3750
  0.3799   1.5717   0.3765   0.0310   0.0916  -0.4409
  0.3721   1.4255   0.3319  -0.0421   0.0898  -0.4071
  0.3681   1.4184   0.3230   0.0646   0.0763  -0.4006
  0.3595   1.5982   0.3830   0.0462   0.0564  -0.4590
  0.3979   1.5243   0.3868   0.0263   0.0671  -0.4521
  0.4741   1.2135   0.3069  -0.0260   0.1482  -0.3485
  0.3836   1.2188   0.2896  -0.0835   0.1054  -0.3348
  0.3063   1.4230   0.3023  -0.0899   0.1111  -0.3850
  0.3679   1.1188   0.3215  -0.0302   0.0976  -0.3462
  0.2109   0.9792   0.2712  -0.0067   0.0332  -0.3459
 -0.0542   0.3546  -0.1733  -0.0007  -0.0709  -0.1028
  0.0573  -0.0022  -0.0205   0.1648  -0.0603  -0.0652
  0.0448   0.5628   0.1178  -0.0603  -0.0799  -0.0168
  0.0774   2.2031   0.3353   0.1591  -0.0559  -0.2571
  0.1830   2.3001   0.4159   0.1089  -0.0249  -0.4741
  0.1590   1.3269   0.1564  -0.0851   0.0038  -0.3061
  0.0735   0.5414   0.0312   0.2129  -0.0659  -0.1958
  0.1372   0.5746   0.1801   0.1704  -0.0376  -0.1899
  0.1409   0.7018   0.1253   0.2831  -0.0164  -0.2768
  0.1206   0.6898   0.1368   0.1687  -0.0112  -0.2235
  0.1074   0.7700   0.1117   0.2196  -0.0408  -0.2728
  0.1273   0.6961   0.0932   0.0943  -0.0411  -0.1985
  0.1084   0.6507   0.0874   0.1263  -0.0515  -0.2151
  0.0608   0.6682   0.0860   0.1485  -0.0621  -0.2142
  0.0743   0.6918   0.0915   0.1596  -0.0673  -0.2318
  0.1182   0.5976   0.0061   0.1530  -0.0576  -0.2171
  0.1479   0.5912   0.0368   0.1355  -0.0199  -0.2331
  0.1446   0.4083  -0.0043   0.1301  -0.0404  -0.1821
  0.2800   0.4923  -0.2830   0.1058   0.0604  -0.1423
  0.2249   0.2118  -0.0958   0.0341   0.0386  -0.0771
  0.1106   0.1970  -0.0621   0.0568  -0.0450  -0.0778
  0.1557   0.2086  -0.0796   0.0853  -0.0581  -0.0885
  0.1292   0.2074   0.0390   0.1075  -0.0523  -0.1422
  0.0882   0.1124   0.0534   0.1331  -0.0977  -0.0930
  0.2662   0.3167  -0.2436   0.1838   0.0056  -0.1620
  0.1415   0.1681  -0.1377   0.2329  -0.1128  -0.1373
  0.2192   1.9306   0.1660   0.1090  -0.1021  -0.4961
  0.1612   1.7335   0.2966   0.0078   0.0469  -0.5042
 -0.0281  -0.6547  -0.0845   0.3601   0.1741  -0.0643
 -0.0359  -0.4187  -0.0962   0.4188   0.1271  -0.0829
 -0.0131  -0.4368  -0.1266   0.4017   0.1062  -0.0766
 -0.0168  -0.2571  -0.0353   0.2491   0.0512  -0.0361
 -0.0807  -0.5163   0.0217   0.3373   0.0484  -0.0243
  0.0086  -0.2510  -0.0762   0.2717   0.0132  -0.0010
  0.0273  -0.1950   0.0074   0.3139  -0.0131  -0.0298
  0.0425  -0.2014  -0.0356   0.2775  -0.0205  -0.0180
  0.0306  -0.1952  -0.0344   0.2475   0.0223  -0.0374
  0.0238  -0.0884  -0.0499   0.2310   0.0215  -0.0389
  0.0414  -0.1026  -0.0454   0.1709   0.0078  -0.0220
  0.0336  -0.0984  -0.0479   0.1806   0.0419  -0.0115
  0.0392  -0.0710  -0.0723   0.2024   0.0246  -0.0433
  0.0344  -0.0993  -0.0447   0.1517   0.0487   0.0088
  0.0588  -0.1153   0.0104   0.0962   0.0365   0.0151
  0.0642   0.1813  -0.0480   0.0720   0.0175  -0.0278
  0.1191   0.8657  -0.0539  -0.0949   0.0064  -0.1996
  0.2434   3.2242   0.3952  -0.2393   0.0027  -0.7849
 -0.1108  -0.6386  -0.0005   0.0279   0.0255   0.0570
  0.0071  -0.2593   0.0611   0.0163   0.0315   0.0476
  0.0318  -0.0752   0.1171  -0.0484   0.0363   0.0345
  0.0324  -0.1130   0.0830  -0.0147   0.0409   0.0162
  0.0458  -0.2434   0.0859   0.0230   0.0460   0.0314
  0.0414  -0.1832   0.0380  -0.0405   0.0310   0.0389
  0.0228  -0.1722   0.0757  -0.0324   0.0500   0.0468
  0.0187  -0.0724   0.0151  -0.0651   0.0370   0.0320
  0.0131  -0.1123   0.0447  -0.0945   0.0311   0.0593
  0.0294  -0.0590   0.0240   0.0459  -0.0221  -0.0108
  0.0247  -0.0886   0.0408   0.0011   0.0161   0.0148
  0.0130  -0.0235   0.0243   0.0393   0.0049  -0.0080
  0.0309  -0.1687   0.0260   0.0411   0.0266   0.0265
  0.0315  -0.1335   0.0531  -0.0251   0.0073   0.0370
  0.0173  -0.2712   0.0603   0.0449   0.0330   0.0401
  0.0657   1.4939   0.0876  -0.0138  -0.0323  -0.4214
  0.1217   2.1658   0.2751  -0.0913   0.0130  -0.4942
  0.0428   1.0704   0.1435  -0.0760   0.0278  -0.3074
 -0.2231  -1.2933  -0.1971   0.4508   0.0156   0.0701
 -0.1516  -0.9781  -0.0459   0.2461   0.0200   0.1565
 -0.1477  -0.8707  -0.0150   0.1726   0.0088   0.1570
 -0.1291  -0.8505  -0.0031   0.1781   0.0098   0.1631
 -0.1524  -0.7430   0.0271   0.1329   0.0168   0.1525
 -0.1350  -0.7901   0.0062   0.1868  -0.0003   0.1423
 -0.1504  -0.8844  -0.0078   0.2143   0.0054   0.1474
 -0.1368  -0.7908   0.0080   0.2159   0.0015   0.1341
 -0.1358  -0.6893   0.0195   0.1781   0.0209   0.1360
 -0.1327  -0.7236   0.0300   0.1406   0.0295   0.1355
 -0.2274  -0.6950  -0.0748  -0.2849  -0.0880   0.2139
 -0.1702  -0.6431  -0.0706  -0.1656  -0.0476   0.1768
 -0.1452  -0.6153   0.0209  -0.0175  -0.0199   0.1479
 -0.1659  -0.4998  -0.0357  -0.3674   0.0162   0.1760
 -0.1557  -0.4733  -0.0120  -0.3171   0.0216   0.1489
 -0.1558  -0.5127  -0.0120  -0.1947   0.0064   0.1590
 -0.1550  -0.4566   0.0273  -0.2870  -0.0005   0.1939
 -0.1603  -0.5000  -0.0423  -0.1312  -0.0158   0.1393
 -0.1643  -0.4522  -0.0050  -0.2059  -0.0028   0.1774
 -0.1465  -0.4910  -0.0598  -0.0477  -0.0178   0.1342
 -0.0194   0.0002  -0.2086  -0.0503  -0.0249   0.1515
 -0.0598  -0.0849  -0.1063  -0.0389   0.0162   0.0609
 -0.1427  -0.2801  -0.1692  -0.0507   0.0354   0.0451
 -0.1057  -0.3018  -0.2077   0.0671   0.0315   0.0612
 -0.0931  -0.4342  -0.1942  -0.0459  -0.0085   0.0889
 -0.0611  -0.3810  -0.0814  -0.1887  -0.0181   0.1477
 -0.0136  -0.4060  -0.0669  -0.0381   0.0032   0.1206
 -0.0949  -0.3619  -0.2038  -0.1134  -0.0195   0.1436
 -0.1036  -0.3774  -0.2516  -0.0575  -0.0445   0.1492
 -0.1205  -0.4105  -0.1654  -0.0587  -0.0492   0.1554
 -0.1128  -0.4073  -0.2029  -0.0463  -0.0229   0.1511
 -0.1084  -0.3711  -0.1517  -0.0814  -0.0167   0.1502
 -0.1186  -0.4017  -0.1423  -0.0983  -0.0342   0.1493
 -0.1165  -0.3803  -0.1716  -0.0975  -0.0061   0.1434
 -0.1472  -0.4071  -0.1453  -0.0587  -0.0368   0.1498
 -0.1564  -0.4256  -0.0880  -0.0511  -0.0509   0.1442
 -0.1164  -0.4483  -0.1165  -0.0834  -0.0422   0.1503
 -0.1220  -0.4482  -0.1036  -0.0727  -0.0447   0.1613
 -0.1162  -0.4309  -0.1248  -0.0809  -0.0340   0.1521
 -0.1336  -0.4639  -0.0964  -0.0528  -0.0628   0.1476
 -0.1571  -0.4761  -0.0771  -0.0825  -0.0718   0.1457
 -0.1599  -0.4833  -0.0785  -0.0339  -0.0616   0.1438
 -0.1699  -0.5062  -0.0905  -0.0433  -0.0500   0.1355
 -0.1752  -0.5268  -0.0819  -0.0304  -0.0627   0.1343
 -0.1959  -0.5617  -0.0937  -0.0566  -0.0554   0.1069
 -0.1578  -0.5965  -0.1014  -0.0652  -0.0255   0.1429
 -0.1356  -0.5047  -0.0819  -0.1028  -0.0071   0.1668
 -0.1432  -0.4723  -0.0890  -0.0824  -0.0379   0.1649
 -0.1536  -0.4989  -0.0820  -0.1050  -0.0340   0.1638
 -0.1486  -0.4862  -0.0970  -0.0933  -0.0237   0.1674
 -0.1658  -0.5057  -0.0622  -0.0933  -0.0358   0.1679
 -0.1834  -0.5813  -0.0666  -0.0522  -0.0369   0.1841
 -0.1277  -0.5468  -0.1028  -0.0610  -0.0174   0.1674
 -0.1502  -0.5494  -0.1027  -0.0752  -0.0045   0.1828
 -0.1531  -0.5419  -0.1332  -0.0338  -0.0471   0.1503
 -0.1353  -0.5595  -0.1165  -0.0195  -0.0506   0.1563
 -0.1672  -0.5025  -0.0624  -0.0927  -0.0817   0.1574
 -0.1358  -0.5659  -0.1916  -0.0912  -0.0490   0.1915
 -0.1222  -0.5771  -0.1930  -0.0500  -0.0575   0.1841
 -0.1232  -0.4855  -0.1208  -0.0802  -0.0178   0.2111
 -0.0858  -0.5065  -0.1466  -0.0878   0.0192   0.2303
 -0.1206  -0.4559  -0.0999  -0.0973   0.0062   0.2185
 -0.1278  -0.4622  -0.0757  -0.1524  -0.0081   0.2178
 -0.1292  -0.4878  -0.0331  -0.1342  -0.0109   0.2197
 -0.1205  -0.5261  -0.0840  -0.1803  -0.0204   0.2303
 -0.1676  -0.5695  -0.0484  -0.2799  -0.0574   0.2377
 -0.1315  -0.5851  -0.0430  -0.1654  -0.0255   0.2197
 -0.1401  -0.5074  -0.0602  -0.1779   0.0276   0.1682
 -0.1358  -0.5184  -0.1307  -0.2237   0.0268   0.1909
 -0.1852  -0.5191  -0.1311  -0.1306  -0.0042   0.1888
 -0.1791  -0.4870  -0.1438  -0.1566   0.0363   0.1971
 -0.1793  -0.4601  -0.0946  -0.1260  -0.0290   0.1813
 -0.1847  -0.4204  -0.1069  -0.1772  -0.0316   0.1741
 -0.1924  -0.4189  -0.0840  -0.1932  -0.0203   0.1780
 -0.1779  -0.4619  -0.1057  -0.1301  -0.0276   0.1499
 -0.1649  -0.4775  -0.1142  -0.1425  -0.0305   0.1647
 -0.1893  -0.4728  -0.1045  -0.1457  -0.0230   0.1553
 -0.1936  -0.4508  -0.0943  -0.1413  -0.0327   0.1684
 -0.1969  -0.4493  -0.1046  -0.1178  -0.0681   0.1392
 -0.1756  -0.4212  -0.0882  -0.1774  -0.0106   0.1914
 -0.1395  -0.3027  -0.0249  -0.1537  -0.1564   0.0893
 -0.1279  -0.1706  -0.0337  -0.2562  -0.0861   0.1287
 -0.1543  -0.4620  -0.0683  -0.2884  -0.0460   0.2302
 -0.1779  -0.5016  -0.0554  -0.2532  -0.0453   0.2240
 -0.1860  -0.4314  -0.0760  -0.2829  -0.0264   0.2451
 -0.1863  -0.2774  -0.0618  -0.2951  -0.0231   0.2190
