  0.0687   0.9279   0.1911  -0.1556   0.0623   0.0389
  0.1179   1.2826   0.2035  -0.3556   0.0710   0.0261
  0.1030   1.1842   0.1807  -0.2738   0.0678   0.0340
  0.1008   1.2362   0.1600  -0.3077   0.0667   0.0291
  0.1105   1.2077   0.1638  -0.3355   0.0788   0.0538
  0.1203   1.2119   0.1660  -0.3859   0.0760   0.0190
  0.1114   1.1602   0.2054  -0.3119   0.0758   0.0109
  0.1166   1.1326   0.1560  -0.2780   0.0753   0.0620
  0.1132   1.1494   0.1597  -0.2517   0.0655   0.0428
  0.1097   1.1990   0.1499  -0.2863   0.0608   0.0150
  0.0960   1.1194   0.1587  -0.2832   0.0642   0.0387
  0.1006   1.0652   0.1428  -0.2835   0.0611   0.0434
  0.0897   1.0411   0.1468  -0.2673   0.0529   0.0032
  0.0802   1.0088   0.1486  -0.2694   0.0525   0.0409
  0.0627   0.9345   0.1566  -0.2162   0.0424   0.0080
  0.0566   0.8805   0.1458  -0.2229   0.0504   0.0229
  0.0506   0.8782   0.1205  -0.2174   0.0464   0.0382
  0.0485   0.8672   0.1280  -0.2314   0.0422   0.0076
  0.0480   0.9030   0.1304  -0.2551   0.0321   0.0571
  0.0323   0.7288   0.1461  -0.1456   0.0170  -0.0645
  0.0418   0.5260   0.1542  -0.1867   0.0163  -0.0307
  0.0491   0.6212   0.1140  -0.1820   0.0190   0.0456
  0.0440   0.5890   0.1257  -0.1516   0.0315  -0.0429
  0.0307   0.6063   0.1013  -0.1979   0.0417   0.0355
  0.0423   0.5503   0.1251  -0.0938   0.0344   0.0152
  0.0388   0.5329   0.1174  -0.0973   0.0309   0.0128
  0.0337   0.4803   0.1290  -0.0588   0.0205   0.0373
  0.0375   0.3996   0.1233  -0.0654   0.0261  -0.0150
  0.0365   0.4157   0.1158  -0.0819   0.0265   0.0337
  0.0333   0.4064   0.1007  -0.0668   0.0352   0.0429
  0.0269   0.3465   0.0986  -0.0403   0.0247   0.0129
  0.0329   0.3836   0.0910  -0.0724   0.0339   0.0328
  0.0243   0.3444   0.0927  -0.0548   0.0267   0.0128
  0.0242   0.3590   0.0880  -0.0637   0.0519   0.0181
  0.0321   0.3609   0.1213  -0.0496   0.0552   0.0621
  0.0091   0.3966   0.1050  -0.0746   0.0256  -0.0264
  0.0191   0.4637   0.1177  -0.0985   0.0324   0.0202
  0.0178   0.4187   0.1248  -0.0880   0.0548   0.0306
  0.0075   0.3951   0.1180  -0.0739   0.0462   0.0021
  0.0058   0.3880   0.1018  -0.1008   0.0568   0.0363
 -0.0015   0.3697   0.1150  -0.0678   0.0346   0.0268
  0.0069   0.3885   0.1025  -0.1400   0.0708   0.0025
  0.0201   0.4486   0.1066   0.1627  -0.1110  -0.0035
  0.0835   0.4643   0.1675   0.4421  -0.0661   0.0615
  0.0460   0.4041   0.1170   0.3232  -0.0085   0.0690
  0.0091   0.4913   0.1077   0.4054  -0.0258   0.1020
  0.0040   0.5248   0.0671   0.4394  -0.0037   0.1475
  0.0001   0.5427   0.0650   0.3749  -0.0201   0.1211
 -0.0311   0.6192   0.0491  -0.0480  -0.0033   0.1457
  0.0085   0.7103   0.1157  -0.1084   0.0258   0.0849
  0.0452   0.7702   0.2051  -0.1362   0.0188   0.0196
 -0.0031   0.6216   0.1538  -0.1010  -0.0200   0.0507
  0.0090   0.5891   0.1916  -0.0645  -0.0136   0.0311
  0.0216   0.5284   0.1889   0.0424   0.0079   0.0413
  0.0206   0.5038   0.1617   0.0186   0.0213   0.0719
  0.0187   0.4578   0.1762   0.0510   0.0348   0.0403
 -0.0032   0.4510   0.1469   0.0124   0.0187   0.0507
 -0.0025   0.4501   0.1726   0.0286   0.0317   0.0690
 -0.0117   0.4674   0.1013  -0.0409   0.0473   0.0177
 -0.0027   0.4996   0.1243  -0.0936   0.0331   0.0393
 -0.0083   0.4364   0.1101  -0.0729   0.0297   0.0294
  0.0016   0.3318   0.1272   0.0070   0.0436   0.0243
 -0.0013   0.2961   0.1615   0.0416   0.0681  -0.0053
 -0.0026   0.3048   0.1318   0.0331   0.0586   0.0425
 -0.0039   0.2769   0.1250   0.0446   0.0666   0.0420
 -0.0105   0.3383   0.1189   0.0270   0.0619   0.0284
 -0.0130   0.3351   0.1182   0.0247   0.0594   0.0529
 -0.0155   0.3112   0.1063   0.0127   0.0557   0.0584
 -0.0084   0.3049   0.1190   0.0427   0.0591   0.0187
 -0.0096   0.2524   0.0902   0.0819   0.0485   0.0589
 -0.0198   0.2338   0.0793   0.0927   0.0500   0.0587
 -0.0233   0.3144   0.0585   0.0399   0.0455   0.0322
 -0.0165   0.2610   0.0453   0.0350   0.0401   0.0313
 -0.0126   0.2403   0.0404   0.0494   0.0368   0.0553
 -0.0210   0.2560   0.0288   0.0382   0.0293   0.0243
 -0.0144   0.2683   0.0591   0.0057   0.0346   0.0406
 -0.0134   0.2311   0.0613   0.0423   0.0307   0.0545
 -0.0152   0.1424   0.0444   0.0826   0.0215   0.0386
 -0.0096   0.0904   0.0416   0.0848   0.0161   0.0312
 -0.0212   0.0556   0.0070   0.0783   0.0127   0.0469
 -0.0199   0.0398   0.0042   0.1005   0.0121   0.0090
 -0.0359   0.0724  -0.0228   0.0954  -0.0043   0.0190
 -0.0496   0.0348  -0.0598   0.1321  -0.0103   0.0383
 -0.0425   0.0102  -0.0153   0.1169  -0.0131   0.0307
 -0.0369   0.0002  -0.0313   0.1085  -0.0161   0.0214
 -0.0362  -0.0230  -0.0396   0.1100  -0.0101   0.0457
 -0.0320  -0.0093  -0.0374   0.0860   0.0039   0.0417
 -0.0378  -0.0378  -0.0297   0.0873  -0.0060   0.0323
 -0.0442  -0.0482  -0.0371   0.0965  -0.0048   0.0344
 -0.0437  -0.0745  -0.0363   0.1159  -0.0137   0.0178
 -0.0381  -0.1000  -0.0354   0.1178   0.0028   0.0079
 -0.0383  -0.1098  -0.0355   0.0876  -0.0079   0.0347
 -0.0330  -0.1144  -0.0477   0.0891   0.0179  -0.0086
 -0.0408  -0.1323  -0.0614   0.1126   0.0202   0.0129
 -0.0460  -0.1321  -0.0382   0.1147  -0.0056   0.0286
 -0.0463  -0.1400  -0.0413   0.1026   0.0012   0.0145
 -0.0447  -0.1115  -0.0377   0.0924  -0.0001   0.0511
 -0.0348  -0.1296  -0.0446   0.1203   0.0134   0.0177
 -0.0359  -0.1347  -0.0444   0.1487   0.0266   0.0233
 -0.0412  -0.1490  -0.0494   0.1373   0.0176   0.0175
 -0.0407  -0.1548  -0.0533   0.1288   0.0117   0.0050
 -0.0367  -0.1589  -0.0519   0.1046   0.0036   0.0294
 -0.0442  -0.1597  -0.0419   0.1033  -0.0027  -0.0016
 -0.0387  -0.1917  -0.0450   0.1144   0.0013   0.0260
 -0.0561  -0.1046  -0.0145   0.0849   0.0043   0.0174
 -0.0118  -0.1665  -0.0258   0.1020   0.0068   0.0296
 -0.0075  -0.2386  -0.0296   0.0707   0.0150  -0.0018
 -0.0183  -0.2450  -0.0186   0.1136   0.0393  -0.0483
 -0.0124  -0.2501  -0.0345   0.1508   0.0370  -0.0042
 -0.0260  -0.2875  -0.0230   0.1804   0.0248   0.0003
 -0.0239  -0.2540  -0.0256   0.1289   0.0246   0.0190
 -0.0338  -0.2666  -0.0219   0.1354   0.0139   0.0259
 -0.0308  -0.2722  -0.0364   0.1545   0.0191   0.0211
 -0.0366  -0.2720  -0.0459   0.1702   0.0204   0.0094
 -0.0285  -0.2826  -0.0334   0.1678   0.0171   0.0230
 -0.0243  -0.2620  -0.0426   0.1426   0.0176   0.0196
 -0.0209  -0.2743  -0.0437   0.1673   0.0113   0.0080
 -0.0177  -0.2612  -0.0355   0.1149   0.0034   0.0101
 -0.0204  -0.2736  -0.0338   0.1536   0.0123   0.0044
 -0.0141  -0.2693  -0.0341   0.1520   0.0136   0.0289
 -0.0181  -0.2625  -0.0286   0.1394   0.0145   0.0123
 -0.0334  -0.2860  -0.0555   0.1762   0.0192   0.0357
 -0.0378  -0.2994  -0.0413   0.1854   0.0100   0.0242
 -0.0448  -0.3148  -0.0586   0.1657   0.0020   0.0159
  0.0014  -0.2600   0.0282   0.1763   0.0103   0.0374
 -0.0002  -0.2461   0.0179   0.0602   0.0303  -0.0062
 -0.0219  -0.2959  -0.0214   0.0925   0.0144  -0.0131
 -0.0231  -0.2922  -0.0150   0.1227   0.0114   0.0304
 -0.0213  -0.3131  -0.0168   0.1196   0.0061  -0.0143
 -0.0180  -0.2807  -0.0032   0.0864   0.0025   0.0093
  0.0001  -0.2519  -0.0062   0.0177   0.0252  -0.0193
 -0.0083  -0.2814  -0.0045   0.0396   0.0319  -0.0074
 -0.0232  -0.2818  -0.0206   0.0702   0.0220   0.0015
 -0.0105  -0.2735  -0.0126   0.0742   0.0137  -0.0154
 -0.0044  -0.2758  -0.0129   0.0670   0.0126  -0.0086
 -0.0149  -0.2749  -0.0127   0.0767   0.0027   0.0291
  0.0109  -0.2629  -0.0080   0.0154   0.0181  -0.0271
  0.0273  -0.2457   0.0226  -0.0613   0.0173   0.0017
  0.0132  -0.2631  -0.0252  -0.0528  -0.0103  -0.0202
  0.0154  -0.2716   0.0205  -0.0424  -0.0284  -0.0463
  0.0136  -0.2713  -0.0058  -0.0289  -0.0248  -0.0120
  0.0183  -0.2772  -0.0286  -0.0028  -0.0061  -0.0114
  0.0016  -0.2765  -0.0181  -0.0276  -0.0051  -0.0237
 -0.0086  -0.3006  -0.0233   0.0407  -0.0122   0.0157
 -0.0009  -0.2874  -0.0191  -0.0138  -0.0188  -0.0429
 -0.0026  -0.2679  -0.0044   0.0222  -0.0201   0.0060
 -0.0070  -0.3203  -0.0330   0.0329  -0.0128  -0.0790
  0.0096  -0.2845  -0.0146  -0.0712  -0.0064  -0.0156
  0.0198  -0.2781  -0.0493   0.0392   0.0457   0.0375
  0.0313  -0.3118  -0.0270   0.0300   0.0549  -0.0396
  0.0002  -0.2886  -0.0380  -0.0032   0.0050   0.0092
 -0.0026  -0.3026  -0.0524  -0.0020  -0.0106  -0.0267
 -0.0086  -0.2950  -0.0347   0.0044  -0.0240  -0.0115
 -0.0060  -0.3057  -0.0335   0.0142  -0.0161   0.0071
 -0.0034  -0.3144  -0.0542   0.0226  -0.0232  -0.0360
 -0.0087  -0.3218  -0.0498   0.0120  -0.0156  -0.0215
  0.0120  -0.3098  -0.0424  -0.0146  -0.0093   0.0015
 -0.0029  -0.3223  -0.0408  -0.0251  -0.0224  -0.0215
 -0.0098  -0.2903  -0.0521  -0.0175  -0.0146  -0.0040
  0.0038  -0.3186  -0.0398   0.0103  -0.0340  -0.0240
 -0.0185  -0.5195  -0.0246   0.6838  -0.0412   0.0505
 -0.0284  -0.4609  -0.0566   0.6054  -0.0552   0.0340
 -0.0102  -0.4753  -0.0414   0.5256  -0.0653   0.1132
 -0.0130  -0.4779  -0.0359   0.5987  -0.0535   0.0686
 -0.0118  -0.4552  -0.0439   0.5454  -0.0512   0.1017
 -0.0209  -0.4407  -0.0629   0.5300  -0.0418   0.0995
 -0.0212  -0.4319  -0.0430   0.4995  -0.0434   0.0921
 -0.0211  -0.3846  -0.0454   0.3997  -0.0276   0.1008
 -0.0195  -0.3899  -0.0493   0.3810  -0.0375   0.0769
 -0.0283  -0.3898  -0.0457   0.3878  -0.0362   0.0958
 -0.0141  -0.3822  -0.0344   0.3733  -0.0400   0.0698
 -0.0257  -0.3772  -0.0380   0.3830  -0.0313   0.0609
 -0.0260  -0.3823  -0.0375   0.3752  -0.0329   0.0707
 -0.0246  -0.3534  -0.0432   0.3426  -0.0234   0.0595
 -0.0214  -0.3712  -0.0375   0.3484  -0.0286   0.0460
 -0.0186  -0.3471  -0.0504   0.3265  -0.0194   0.0887
 -0.0243  -0.3459  -0.0445   0.3177  -0.0287   0.0447
 -0.0321  -0.3332  -0.0611   0.2986  -0.0164   0.0655
 -0.1028  -0.3571  -0.1085   0.6364  -0.0187   0.0587
 -0.0496  -0.1301  -0.1513   0.1714   0.0212   0.1119
 -0.0568  -0.0959  -0.2175  -0.0904   0.0659   0.0072
 -0.0237  -0.2464  -0.0452   0.0550  -0.0088  -0.0588
 -0.0166  -0.2375  -0.1093  -0.0287   0.0153  -0.0101
 -0.0258  -0.2687  -0.1080   0.0634   0.0191  -0.0485
 -0.0148  -0.2336  -0.1257  -0.0565   0.0187  -0.0208
 -0.0047  -0.2771  -0.1116  -0.0002   0.0234  -0.0185
  0.0504  -0.1227  -0.0757  -0.8473   0.0339  -0.1037
  0.0699  -0.0380  -0.0573  -0.9436   0.0032  -0.1787
  0.0276  -0.0973  -0.1203  -0.4438   0.0111  -0.2062
  0.0031  -0.1527  -0.0923  -0.4050  -0.0149  -0.1502
  0.0093  -0.1398  -0.0935  -0.4067  -0.0044  -0.1072
  0.0105  -0.1499  -0.0834  -0.4603  -0.0023  -0.1125
  0.0352  -0.1162  -0.0903  -0.4510  -0.0145  -0.0991
  0.0208  -0.1386  -0.1247  -0.3966  -0.0203  -0.1374
  0.0118  -0.1737  -0.1078  -0.3093  -0.0320  -0.0980
  0.0081  -0.1732  -0.1004  -0.3207  -0.0565  -0.1119
  0.0046  -0.1804  -0.1122  -0.3080  -0.0386  -0.0985
  0.0037  -0.2241  -0.0887  -0.2863  -0.0424  -0.0905
 -0.0111  -0.2709  -0.0946  -0.2711  -0.0465  -0.0899
  0.0082  -0.3726  -0.0612  -0.0771  -0.0352  -0.1171
 -0.0030  -0.3349  -0.0967  -0.1965  -0.0366  -0.0683
 -0.0012  -0.3075  -0.1146  -0.3078  -0.0291  -0.0973
  0.0005  -0.3434  -0.1191  -0.2381  -0.0363  -0.0833
  0.0011  -0.3306  -0.1067  -0.2684  -0.0406  -0.0731
 -0.0000  -0.3394  -0.1261  -0.3250  -0.0414  -0.0897
 -0.0049  -0.3483  -0.1120  -0.3349  -0.0535  -0.1237
 -0.0026  -0.3395  -0.1137  -0.3050  -0.0472  -0.0788
  0.0042  -0.3329  -0.1115  -0.3142  -0.0679  -0.1021
  0.0004  -0.3273  -0.1269  -0.3141  -0.0595  -0.0869
 -0.0066  -0.3448  -0.1203  -0.3102  -0.0793  -0.0896
 -0.0090  -0.3539  -0.1288  -0.3146  -0.0794  -0.0879
 -0.0019  -0.3421  -0.1110  -0.3416  -0.0783  -0.1030
 -0.0004  -0.3464  -0.1291  -0.3251  -0.0640  -0.0850
  0.0091  -0.3619  -0.1078  -0.2895  -0.0573  -0.1181
  0.0073  -0.3481  -0.1237  -0.3246  -0.0533  -0.1138
  0.0008  -0.3449  -0.1341  -0.3416  -0.0519  -0.0964
  0.0078  -0.3533  -0.1332  -0.3309  -0.0526  -0.1196
  0.0049  -0.3537  -0.1269  -0.3299  -0.0629  -0.0955
  0.0135  -0.3586  -0.1126  -0.3218  -0.0348  -0.1073
  0.0079  -0.3397  -0.1255  -0.3374  -0.0470  -0.1170
  0.0068  -0.3436  -0.1304  -0.3196  -0.0563  -0.0946
  0.0205  -0.3742  -0.1595  -0.3232  -0.0519  -0.1271
  0.0064  -0.3639  -0.1826  -0.3084  -0.0613  -0.0935
  0.0126  -0.3678  -0.1306  -0.2931  -0.0504  -0.1190
  0.0243  -0.4477  -0.1647  -0.3322  -0.0559  -0.1113
  0.0015  -0.4315  -0.1598  -0.2554  -0.0631  -0.1201
 -0.0077  -0.4382  -0.1995  -0.2078  -0.0508  -0.1033
  0.0070  -0.4566  -0.1513  -0.2415  -0.0404  -0.1086
 -0.0040  -0.5090  -0.1877  -0.1512  -0.0687  -0.1109
  0.0123  -0.5050  -0.1266  -0.1918  -0.0422  -0.1107
  0.0141  -0.4201  -0.1951  -0.4471  -0.0316  -0.1034
  0.0005  -0.4459   0.0250   0.2351  -0.0665  -0.1903
 -0.1320  -0.4519   0.0076   1.8212  -0.1524   0.0789
 -0.1058  -0.3259   0.0175   2.1922  -0.1510   0.4875
  0.0426  -0.4319   0.1650   0.4969  -0.1400   0.1689
  0.0228  -0.3480   0.0725   0.4983  -0.1601   0.1046
