 -0.1202   2.5600  -0.4734  -0.1617  -0.2894  -0.2610
 -0.1834   3.3499  -0.4877  -0.2160  -0.2906  -0.4169
 -0.1798   3.1021  -0.5352  -0.1870  -0.3136  -0.3469
 -0.1774   2.9955  -0.5340  -0.2013  -0.3202  -0.3222
 -0.1575   2.8592  -0.5189  -0.1326  -0.3089  -0.3086
 -0.1500   2.8588  -0.4987  -0.1338  -0.2991  -0.3100
 -0.1074   2.8422  -0.4788  -0.1775  -0.2537  -0.3090
 -0.1501   2.8052  -0.5253  -0.2112  -0.2850  -0.3160
 -0.1662   2.7022  -0.5493  -0.2115  -0.3065  -0.2964
 -0.1665   2.6630  -0.5256  -0.1508  -0.3189  -0.2805
 -0.1476   2.6157  -0.5229  -0.1599  -0.3111  -0.2582
 -0.1481   2.4892  -0.5344  -0.1138  -0.3102  -0.3506
 -0.1494   2.3700  -0.5420  -0.0952  -0.3087  -0.2571
 -0.1392   2.3699  -0.5401  -0.0756  -0.3138  -0.2411
 -0.1420   2.2642  -0.5475  -0.0187  -0.3249  -0.1721
 -0.1451   2.2608  -0.5407  -0.0476  -0.3213  -0.2397
 -0.1569   2.2962  -0.5528  -0.0586  -0.3291  -0.2307
 -0.1572   2.3227  -0.5622  -0.1098  -0.3310  -0.2902
 -0.1604   2.2583  -0.5669  -0.0536  -0.3327  -0.2493
 -0.1645   2.1788  -0.5752   0.0030  -0.3472  -0.2407
 -0.1604   2.1139  -0.5589  -0.0053  -0.3411  -0.1898
 -0.1405   2.1364  -0.5456  -0.0133  -0.3393  -0.2122
 -0.1461   2.1497  -0.5642  -0.0063  -0.3529  -0.2011
 -0.1341   2.1117  -0.5260  -0.0567  -0.3257  -0.2140
 -0.1396   2.0057  -0.5489   0.0179  -0.3333  -0.1981
 -0.1178   1.9711  -0.5114  -0.0636  -0.3218  -0.1603
 -0.1148   1.9825  -0.4927  -0.0956  -0.3132  -0.1725
 -0.1114   1.7220  -0.5076  -0.0183  -0.3150  -0.2250
 -0.0867   1.6004  -0.4534  -0.0702  -0.2845  -0.1296
 -0.1163   1.4786  -0.4768   0.0452  -0.3157  -0.1065
 -0.0942   1.4305  -0.4218  -0.0756  -0.2751  -0.0440
 -0.0825   1.4174  -0.4236  -0.0465  -0.2678  -0.1104
 -0.0782   1.2620  -0.3830  -0.0750  -0.2456  -0.1594
 -0.0568   1.1741  -0.3749  -0.0438  -0.2241  -0.1292
 -0.0769   1.1886  -0.3971  -0.0088  -0.2335  -0.0354
 -0.0821   1.1952  -0.4368   0.0229  -0.2579  -0.0241
 -0.0759   1.5726  -0.4595  -0.1106  -0.2712  -0.1409
 -0.0743   1.6010  -0.4352  -0.0970  -0.2583  -0.1480
 -0.0624   1.4450  -0.4422  -0.0607  -0.2424  -0.1424
 -0.0444   1.3981  -0.3909  -0.0782  -0.2076  -0.0894
 -0.0179   1.3321  -0.3549  -0.0133  -0.2073  -0.1528
 -0.0336   1.4001  -0.3665  -0.0507  -0.2392  -0.1612
 -0.0317   1.4963  -0.3518  -0.1613  -0.2050  -0.0694
 -0.0234   1.5217  -0.3099  -0.1071  -0.1951  -0.1815
 -0.0092   1.3836  -0.2926  -0.1509  -0.1817  -0.1967
  0.0017   1.2937  -0.2977  -0.1177  -0.1641  -0.1083
 -0.0095   1.2314  -0.3197  -0.1179  -0.1942  -0.1043
  0.0029   1.2346  -0.3041  -0.1454  -0.1615  -0.1293
  0.0137   1.1639  -0.2800  -0.2120  -0.1531  -0.0762
  0.0049   1.0893  -0.2906  -0.0566  -0.1771  -0.1221
  0.0055   1.0572  -0.2691  -0.1359  -0.1724  -0.1245
  0.0330   1.0001  -0.2592   0.0017  -0.1644  -0.0680
  0.0430   0.9400  -0.2139   0.0757  -0.1319  -0.0859
  0.0563   0.9718  -0.1865  -0.1108  -0.1082  -0.0944
  0.0535   1.1780  -0.1999  -0.1563  -0.0912  -0.0177
  0.0501   0.9542  -0.1764  -0.0979  -0.0834  -0.1247
  0.0387   1.0407  -0.2385  -0.0455  -0.1285  -0.1000
  0.0371   1.2412  -0.2554  -0.0510  -0.1518  -0.1470
  0.0342   1.0853  -0.2467  -0.0464  -0.1444  -0.1029
  0.0289   1.0648  -0.2387  -0.0066  -0.1567  -0.1312
  0.0232   0.9072  -0.2341   0.0280  -0.1686  -0.0834
  0.0146   0.8412  -0.2188   0.0417  -0.1743  -0.1279
  0.0113   1.5649  -0.2816  -0.1540  -0.1734  -0.2630
  0.0107   1.2162  -0.2551  -0.1038  -0.1716  -0.1528
  0.0212   1.0407  -0.2568  -0.0399  -0.1639  -0.1167
  0.0169   0.9424  -0.2296   0.0079  -0.1688  -0.1659
  0.0088   0.9841  -0.2422  -0.0622  -0.1577  -0.1285
  0.0113   0.8844  -0.2218  -0.0402  -0.1480  -0.1202
  0.0233   0.7944  -0.2219  -0.0115  -0.1631  -0.0689
  0.0163   0.6030  -0.1866   0.0420  -0.1607  -0.1470
  0.0443   1.1718  -0.1970  -0.4120  -0.0632  -0.0185
  0.0712   1.0485  -0.1737  -0.2405  -0.0491  -0.1265
  0.0254   0.8933  -0.1562  -0.1380  -0.1082  -0.0754
  0.0531   1.0087  -0.1685  -0.2323  -0.0590  -0.0545
  0.0402   0.4499  -0.1226  -0.0355  -0.0629  -0.0861
  0.0261   0.3739  -0.1043  -0.0777  -0.0845  -0.0019
  0.0294   0.3545  -0.1245   0.0277  -0.0881  -0.0502
  0.0224   0.1342  -0.0022  -0.0947  -0.1246   0.0459
  0.0158  -0.0406  -0.0064   0.0167  -0.1181  -0.0079
  0.0087   0.2325  -0.0603  -0.0957  -0.1034  -0.0176
  0.0243   0.1830  -0.0443  -0.1275  -0.0483   0.0141
  0.0227  -0.0014  -0.0533   0.0410  -0.0616   0.0298
  0.0142  -0.0270  -0.0319  -0.0048  -0.0761   0.0067
  0.0114  -0.0987  -0.0327   0.0731  -0.0722   0.0096
  0.0193  -0.0827  -0.0265  -0.0117  -0.0527   0.0364
  0.0218  -0.1072  -0.0337   0.0137  -0.0469   0.0391
  0.0171  -0.1359  -0.0202   0.0325  -0.0396   0.0362
  0.0104  -0.1843  -0.0082   0.0432  -0.0389   0.0455
  0.0043  -0.0839  -0.0125  -0.0516  -0.0325   0.0680
  0.0058  -0.1454  -0.0282   0.0324  -0.0380   0.0277
  0.0202   0.0466  -0.0082  -0.1008  -0.0314   0.0468
  0.0266  -0.0320  -0.0053  -0.0393   0.0107  -0.0085
  0.0112  -0.1088  -0.0247   0.0302  -0.0252   0.0249
  0.0218  -0.1177  -0.0259   0.0133  -0.0212   0.0501
  0.0135  -0.1687  -0.0431   0.0476  -0.0322   0.0353
  0.0194  -0.1905  -0.0221   0.0282  -0.0073   0.0341
  0.0149  -0.1959  -0.0173   0.0326  -0.0127   0.0387
  0.0339  -0.2002  -0.0172   0.0656  -0.0090   0.0419
  0.0371  -0.2318   0.0011   0.0835  -0.0142   0.0233
  0.0270  -0.1999  -0.0243   0.0323  -0.0133   0.0040
  0.0369  -0.2072  -0.0092   0.0491  -0.0077   0.0008
  0.0345  -0.2253  -0.0198   0.0520   0.0025   0.0272
  0.0237  -0.2344  -0.0167   0.0395  -0.0078   0.0330
  0.0217  -0.2269  -0.0249   0.0049  -0.0149   0.0263
  0.0191  -0.2448  -0.0203   0.0540  -0.0121   0.0233
  0.0150  -0.2299  -0.0137   0.0328  -0.0126  -0.0022
  0.0343   0.0112  -0.0117  -0.1416  -0.0011   0.0467
  0.0265  -0.1085  -0.0065  -0.0835   0.0317   0.0071
  0.0282  -0.2168  -0.0113  -0.0527   0.0344  -0.0277
  0.0371  -0.1954  -0.0049  -0.0568   0.0262   0.0641
  0.0266  -0.2523  -0.0182   0.0266   0.0138   0.0117
  0.0281  -0.2092  -0.0259  -0.0050   0.0139   0.0493
  0.0211  -0.2724  -0.0213   0.0313   0.0111   0.0210
  0.0199  -0.2414  -0.0257   0.0185   0.0061   0.0326
  0.0265  -0.2812  -0.0139   0.0440   0.0013  -0.0053
  0.0209  -0.2723   0.0055  -0.0196   0.0302   0.0530
  0.0201  -0.2862  -0.0141  -0.0007   0.0129   0.0155
  0.0508  -0.2858   0.0171   0.0149   0.0450   0.0252
  0.0521  -0.2980   0.0082   0.0186   0.0346  -0.0066
  0.0421  -0.2809   0.0027   0.0164   0.0298   0.0398
  0.0431  -0.3109   0.0055   0.0089   0.0313   0.0177
  0.0318  -0.1535  -0.0014  -0.0783   0.0214   0.0714
  0.0535  -0.1797  -0.0095  -0.1082   0.0591  -0.0821
  0.0464  -0.2476  -0.0036  -0.0311   0.0532  -0.0025
  0.0407  -0.2593  -0.0089  -0.0017   0.0279   0.0710
  0.0481  -0.2556   0.0080  -0.0306   0.0463  -0.0090
  0.0416  -0.3032   0.0270  -0.0298   0.0441  -0.0053
  0.0368  -0.2959   0.0290  -0.0168   0.0483  -0.0043
  0.0409  -0.2487   0.0263  -0.0105   0.0508   0.0206
  0.0415  -0.2564   0.0166  -0.0493   0.0459  -0.0057
  0.0464  -0.3009   0.0263  -0.0122   0.0399  -0.0008
  0.0451  -0.2910   0.0164   0.0056   0.0461   0.0477
  0.0422  -0.3632   0.0265   0.0224   0.0608   0.0543
  0.0387  -0.3468   0.0356   0.0248   0.0580   0.0119
  0.0311  -0.3773   0.0355   0.0158   0.0550   0.0337
  0.0285  -0.3938   0.0354   0.0478   0.0541   0.0412
  0.0347  -0.4119   0.0424   0.0308   0.0646   0.0455
  0.0353  -0.4148   0.0381   0.0433   0.0693   0.0153
  0.0384  -0.4119   0.0413   0.0265   0.0704   0.0223
  0.0374  -0.4205   0.0441   0.0408   0.0719   0.0155
  0.0350  -0.2761   0.0459  -0.1323   0.0739   0.0462
  0.0216  -0.2994   0.0535  -0.1218   0.0784  -0.0319
  0.0376  -0.4415   0.0730  -0.0405   0.0918   0.0046
  0.0284  -0.3627   0.0543  -0.0415   0.0758   0.0298
  0.0243  -0.4090   0.0488  -0.0307   0.0559  -0.0031
  0.0086  -0.4233   0.0646   0.0363   0.0413   0.0162
 -0.0146  -0.6668   0.0921   0.1395   0.0383   0.0582
 -0.0515  -0.7397   0.1009   0.2088   0.0322   0.0059
 -0.0835  -0.8436   0.0780   0.3324   0.0021  -0.0759
 -0.0543  -0.6165   0.0859   0.0846   0.0137   0.0589
 -0.0360  -0.7345   0.1226   0.0707   0.0409   0.0804
 -0.0206  -0.3902   0.0550  -0.0733   0.0394   0.0069
  0.0242  -0.2952   0.0375  -0.1332   0.0502  -0.0156
  0.0100  -0.3130   0.0599  -0.1104   0.0595  -0.0217
  0.0301  -0.3164   0.1933  -0.1900   0.0790  -0.0583
  0.0853   0.0321   0.2746  -0.2970   0.1407  -0.0890
  0.0782   0.1124   0.2210  -0.3169   0.1476  -0.0473
  0.0808  -0.1312   0.2042  -0.1303   0.1304  -0.0316
  0.0630  -0.0784   0.1663  -0.1521   0.1277  -0.0377
  0.0648  -0.2571   0.1709  -0.1176   0.1262   0.0203
  0.0418  -0.2504   0.1331  -0.0722   0.1184  -0.0111
  0.0317  -0.4408   0.1769  -0.0412   0.1209   0.0099
  0.0200  -0.6064   0.1621   0.0700   0.0974   0.0099
  0.0109  -0.6584   0.1338   0.0470   0.0817   0.0295
  0.0147  -0.6227   0.1648   0.0374   0.1024  -0.0069
  0.0126  -0.6568   0.1790   0.0598   0.1078   0.0249
  0.0256  -0.6622   0.1658   0.0512   0.1138  -0.0162
  0.0330  -0.6466   0.1845   0.0176   0.1226   0.0296
  0.0153  -0.6923   0.1590   0.0190   0.1190   0.0181
  0.0210  -0.6734   0.1694   0.0253   0.1253   0.0342
  0.0176  -0.6728   0.1532   0.0323   0.1172   0.0005
  0.0349  -0.4696   0.1724  -0.0872   0.1138   0.0113
  0.0505  -0.3272   0.1832  -0.1474   0.1493  -0.0425
  0.0417  -0.4590   0.1791  -0.0551   0.1276  -0.0357
  0.0374  -0.4914   0.1538  -0.0482   0.1165  -0.0009
  0.0344  -0.4923   0.1735  -0.0563   0.1173  -0.0049
  0.0497  -0.5021   0.1514  -0.0218   0.1224  -0.0102
  0.0470  -0.4975   0.1760  -0.0491   0.1313  -0.0171
  0.0531  -0.5252   0.1613  -0.0141   0.1286  -0.0270
  0.0432  -0.5762   0.1698   0.0295   0.1242   0.0027
  0.0460  -0.6346   0.1572   0.0771   0.1333  -0.0068
  0.0399  -0.3632   0.1690  -0.1181   0.1176  -0.0065
  0.0543  -0.2699   0.1169  -0.1537   0.1221  -0.0076
  0.0494  -0.5088   0.1727  -0.0375   0.1262  -0.0166
  0.0724  -0.0995   0.1004  -0.2723   0.1513   0.0395
  0.0092  -0.1569   0.6006  -0.4443   0.1377  -0.0656
  0.0075  -0.4791   0.4230  -0.1667   0.1448  -0.0652
  0.0394  -0.5002   0.2886  -0.0152   0.1789  -0.0003
  0.0297  -0.5156   0.3277  -0.0936   0.1724  -0.0189
  0.0373  -0.4886   0.2786  -0.0912   0.1677  -0.0186
  0.0327  -0.5148   0.3164  -0.0854   0.1644  -0.0332
  0.0294  -0.5264   0.2808  -0.0887   0.1702  -0.0070
  0.0225  -0.5518   0.3059  -0.0723   0.1648  -0.0458
  0.0254  -0.5399   0.2774  -0.1311   0.1676  -0.0190
  0.0196  -0.5148   0.2864  -0.1707   0.1617   0.0041
  0.0221  -0.5612   0.2733  -0.0895   0.1639  -0.0397
  0.0188  -0.5708   0.2902  -0.0942   0.1560  -0.0239
  0.0176  -0.5852   0.2805  -0.0810   0.1651   0.0077
  0.0234  -0.6119   0.3006  -0.1230   0.1718  -0.0171
  0.0171  -0.6293   0.2854  -0.0789   0.1699  -0.0083
  0.0153  -0.6624   0.3064  -0.0831   0.1736  -0.0453
  0.0190  -0.5861   0.2769  -0.1185   0.1617   0.0343
  0.0252  -0.5231   0.2826  -0.2675   0.1774  -0.0337
  0.0161  -0.6019   0.2721  -0.1196   0.1797  -0.0508
  0.0273  -0.5637   0.2717  -0.1436   0.1695   0.0239
  0.0378  -0.6176   0.2686  -0.0335   0.1760  -0.0132
  0.0263  -0.6205   0.2814  -0.1719   0.1724   0.0349
  0.0105  -0.6260   0.2731  -0.1236   0.1701   0.0012
  0.0088  -0.6783   0.2805  -0.2145   0.1524   0.0192
 -0.4195  -4.7565   0.6013   2.7042   0.1789   0.4992
 -0.4654  -5.7777   0.9911   3.3546   0.2401   0.7304
 -0.1867  -3.1669   0.6703   0.6929   0.2847   0.5297
 -0.1711  -2.8242   0.5104   0.6860   0.2845   0.4339
 -0.1576  -2.7497   0.5283   0.5536   0.2758   0.3865
 -0.1731  -2.7527   0.4856   0.6940   0.2628   0.3834
 -0.1534  -2.7294   0.5069   0.5045   0.2873   0.4056
 -0.1529  -2.7264   0.4910   0.6690   0.2824   0.4167
 -0.1544  -2.8757   0.4911   0.4269   0.2647   0.4244
 -0.1429  -2.5844   0.4215   0.4611   0.2577   0.3343
 -0.0773  -1.7932   0.2362   0.1738   0.2374   0.3220
 -0.0941  -2.1855   0.2855   0.2926   0.2472   0.2730
 -0.0949  -2.1969   0.3055   0.3175   0.2296   0.2740
 -0.0919  -2.2540   0.3313   0.3177   0.2423   0.3163
 -0.0881  -2.3027   0.3454   0.3329   0.2383   0.3045
 -0.0975  -2.3042   0.3559   0.3075   0.2457   0.3833
 -0.0878  -2.3325   0.3552   0.3542   0.2434   0.3695
 -0.0772  -2.3137   0.3934   0.3849   0.2698   0.3214
 -0.0787  -2.2797   0.3597   0.3681   0.2529   0.3575
 -0.0882  -2.3090   0.3599   0.3959   0.2537   0.3781
 -0.0842  -2.1749   0.3556   0.3256   0.2571   0.3332
 -0.0511  -1.3559   0.3149   0.0201   0.2449   0.2507
  0.0113  -1.4467   0.2984   0.0166   0.2593   0.1796
 -0.0253  -1.7003   0.2861   0.1255   0.2461   0.2097
 -0.0158  -1.6836   0.3367   0.1595   0.2641   0.2780
 -0.0130  -1.7905   0.3457   0.2401   0.2783   0.2553
 -0.0155  -1.8772   0.3191   0.1932   0.2676   0.2764
