  0.2630  -0.2300   0.2169  -0.1807   0.1334   0.1720
  0.2839  -0.2043   0.2484  -0.2129   0.2323   0.1875
  0.2528  -0.2361   0.2234  -0.1648   0.1904   0.1695
  0.2596  -0.2537   0.2302  -0.1603   0.1705   0.1600
  0.2479  -0.2648   0.2063  -0.1604   0.1565   0.1786
  0.2603  -0.2341   0.1973  -0.2678   0.2013   0.1987
  0.2051  -0.2159   0.1564  -0.4791   0.2555   0.2721
  0.1994  -0.1847   0.1511  -0.1992   0.1232   0.1563
  0.1965  -0.1483   0.1155  -0.2140   0.1767   0.1751
  0.2234  -0.1475   0.1662  -0.1603   0.1038   0.1518
  0.2456  -0.1526   0.1703  -0.1858   0.1848   0.1674
  0.2452  -0.1726   0.1779  -0.1872   0.1396   0.1667
  0.2218  -0.1686   0.1334  -0.1846   0.1660   0.1519
  0.1914  -0.2173   0.1517  -0.1368   0.0685   0.1245
  0.1886  -0.1888   0.1235  -0.1711   0.1082   0.1472
  0.2116  -0.2012   0.1522  -0.2131   0.0850   0.1560
  0.1977  -0.1796   0.1234  -0.1673   0.1193   0.1593
  0.1779  -0.1655   0.1176  -0.1692   0.0922   0.1354
  0.1931  -0.0902   0.1091  -0.2197   0.1422   0.1660
  0.1933  -0.1473   0.1137  -0.1725   0.0796   0.1335
  0.2013  -0.1652   0.1143  -0.1378   0.1056   0.1335
  0.2226  -0.1463   0.1553  -0.1871   0.1049   0.1328
  0.2055  -0.1452   0.1145  -0.2155   0.1388   0.1226
  0.1988  -0.1526   0.1192  -0.2037   0.1048   0.1406
  0.1928  -0.1475   0.1275  -0.2053   0.1253   0.1251
  0.2031  -0.1227   0.1411  -0.2553   0.1125   0.1485
  0.2151  -0.0956   0.1519  -0.2429   0.1500   0.1428
  0.2183  -0.1148   0.1454  -0.2915   0.1033   0.1537
  0.2306  -0.0964   0.1547  -0.2530   0.1343   0.1378
  0.2111  -0.1254   0.1484  -0.1677   0.1241   0.1189
  0.2018  -0.1155   0.1465  -0.2210   0.1363   0.1308
  0.1962  -0.1203   0.1407  -0.1153   0.1565   0.1213
  0.2165  -0.0873   0.1527  -0.1496   0.1309   0.1127
  0.2162  -0.0807   0.1525  -0.1342   0.1722   0.1035
  0.2269  -0.0840   0.1886  -0.0963   0.1265   0.0863
  0.2163  -0.0706   0.1713  -0.0799   0.1519   0.0814
  0.2097  -0.0729   0.1777  -0.0749   0.1144   0.0788
  0.2060  -0.0405   0.1641  -0.0905   0.1165   0.0912
  0.1877  -0.0704   0.1437  -0.0336   0.1182   0.0628
  0.2044  -0.0704   0.1486  -0.0515   0.1488   0.0752
  0.2100  -0.0593   0.1347  -0.0705   0.1856   0.0712
  0.1949  -0.0617   0.1187  -0.0829   0.1643   0.0694
  0.2077  -0.0398   0.1364  -0.1153   0.1080   0.0877
  0.2042  -0.0127   0.1065  -0.1409   0.1926   0.0954
  0.1797  -0.0389   0.1153  -0.1143   0.1184   0.0702
  0.1636  -0.0360   0.1054  -0.1391   0.1282   0.0861
  0.1558  -0.0186   0.0879  -0.1435   0.1465   0.0909
  0.1472  -0.0418   0.0883  -0.0838   0.1046   0.0667
  0.1478   0.0060   0.0699  -0.1456   0.1342   0.0928
  0.1385  -0.0183   0.0848  -0.1294   0.0765   0.0816
  0.1374   0.0198   0.0893  -0.1605   0.0955   0.0973
  0.1423  -0.0098   0.1058  -0.1336   0.0996   0.0958
  0.1454  -0.0382   0.0943  -0.1804   0.0794   0.1185
  0.1385  -0.0211   0.1212  -0.1775   0.0005   0.1034
  0.1246  -0.0096   0.0819  -0.1731   0.0943   0.1115
  0.1230  -0.0317   0.0788  -0.1680   0.0846   0.1004
  0.1221  -0.0382   0.0763  -0.1431   0.1194   0.1069
  0.1254  -0.0021   0.0674  -0.1475   0.0970   0.0981
  0.1204   0.0387   0.0482  -0.1811   0.1142   0.1102
  0.1089   0.0483   0.0582  -0.1729   0.0671   0.0789
  0.1116   0.0873   0.0409  -0.1994   0.1061   0.0996
  0.0932   0.0725   0.0561  -0.1916   0.0597   0.0808
  0.0990   0.0866   0.0464  -0.1886   0.0741   0.0820
  0.1060   0.0932   0.0701  -0.1654   0.0765   0.0760
  0.1157   0.1229   0.0706  -0.1174   0.0950   0.0785
  0.0983   0.0823   0.0614  -0.1368   0.1076   0.0614
  0.1083   0.1093   0.0194  -0.1361   0.0930   0.0786
  0.0561   0.0259   0.0452  -0.1324   0.0938   0.0933
 -0.0440   0.0924   0.1133  -0.1260   0.1467   0.1087
 -0.0483   0.1091   0.0982  -0.1209   0.1202   0.0700
 -0.0492  -0.0207  -0.0387  -0.1110   0.1280   0.0867
 -0.0870  -0.0492  -0.0228  -0.0333  -0.0065   0.0607
 -0.0720  -0.0205  -0.0346  -0.0718   0.0019   0.0617
 -0.0696  -0.0163  -0.0364  -0.0305  -0.0218   0.0551
 -0.0638  -0.0336  -0.0502  -0.0282  -0.0118   0.0533
 -0.0652  -0.0206  -0.0257  -0.0158  -0.0248   0.0503
 -0.0642  -0.0697  -0.0530  -0.0249  -0.0233   0.0502
 -0.0717  -0.0102  -0.0449  -0.0520  -0.0135   0.0427
 -0.1077  -0.2719  -0.0522  -0.0301   0.0793   0.1110
 -0.0608  -0.0833  -0.0159  -0.0139  -0.0198   0.0372
 -0.0602  -0.0093  -0.0534  -0.0859  -0.0009   0.0580
 -0.0375  -0.1194  -0.0323   0.0169  -0.0633   0.0307
 -0.0995  -0.1289  -0.1222   0.1381  -0.1525   0.0175
 -0.1082  -0.1912  -0.1448   0.1141  -0.0888   0.0182
 -0.0921  -0.2261  -0.0883   0.1876  -0.1597  -0.0198
 -0.1146  -0.2537  -0.1217   0.1939  -0.1227   0.0096
 -0.1412  -0.3044  -0.1602   0.2286  -0.1204  -0.0004
 -0.1263  -0.3184  -0.1288   0.2750  -0.1920  -0.0225
 -0.1351  -0.2688  -0.1485   0.3017  -0.1971  -0.0391
 -0.1375  -0.3005  -0.1917   0.2671  -0.1227  -0.0323
 -0.1384  -0.3093  -0.1533   0.3344  -0.2383  -0.0506
 -0.1608  -0.2173  -0.2038   0.2007  -0.1610  -0.0104
 -0.1894  -0.2536  -0.1941   0.2615  -0.2382  -0.0283
 -0.1674  -0.2247  -0.2035   0.2076  -0.1742  -0.0154
 -0.1991  -0.1649  -0.1839   0.1686  -0.1378  -0.0172
 -0.1726  -0.1795  -0.2087   0.2492  -0.1818  -0.0509
 -0.1831  -0.1791  -0.2402   0.2021  -0.1779  -0.0169
 -0.1706  -0.1692  -0.2344   0.2140  -0.2004  -0.0389
 -0.1776  -0.1494  -0.2272   0.2059  -0.1637  -0.0184
 -0.1801  -0.1648  -0.2095   0.2464  -0.1718  -0.0419
 -0.1945  -0.1361  -0.2452   0.1719  -0.1488  -0.0239
 -0.1850  -0.1634  -0.2327   0.1696  -0.1844  -0.0254
 -0.1981  -0.1718  -0.2385   0.1791  -0.1842  -0.0378
 -0.1714  -0.1978  -0.2053   0.2353  -0.1948  -0.0540
 -0.1795  -0.1847  -0.2288   0.1738  -0.1485  -0.0339
 -0.1973  -0.1823  -0.2454   0.1630  -0.1192  -0.0256
 -0.1912  -0.1785  -0.2067   0.1695  -0.1520  -0.0409
 -0.1932  -0.1617  -0.2204   0.2183  -0.1509  -0.0429
 -0.1870  -0.1732  -0.1951   0.1276  -0.1326  -0.0452
 -0.1144  -0.1243  -0.1363   0.1094  -0.0732  -0.0433
 -0.1170  -0.1459  -0.1189   0.1527  -0.0873  -0.0512
 -0.1233  -0.0484  -0.0974   0.1364  -0.0732  -0.0828
 -0.1162   0.1417  -0.1229   0.0958  -0.0271  -0.1789
 -0.0997   0.1472  -0.1131  -0.0481  -0.0532  -0.0836
 -0.1208   0.1353  -0.1412  -0.0568  -0.0505  -0.0698
 -0.0951   0.2177  -0.1061  -0.0542  -0.0483  -0.1222
 -0.0957   0.1680  -0.0497  -0.0049  -0.0344  -0.0829
 -0.1108   0.1596  -0.0679   0.0010  -0.0391  -0.0906
 -0.1045   0.1756  -0.0431  -0.0303  -0.0473  -0.0700
 -0.1017   0.1987  -0.0416  -0.0731  -0.0251  -0.0695
 -0.1034   0.1961  -0.0299  -0.0941  -0.0419  -0.0715
 -0.1130   0.1967  -0.0582  -0.0881  -0.0332  -0.0576
 -0.1030   0.1652  -0.0323  -0.0631  -0.0560  -0.0781
 -0.1048   0.1799  -0.0290  -0.0270  -0.0314  -0.0688
 -0.0963   0.1737  -0.0252  -0.0042  -0.0300  -0.1022
 -0.0912   0.1491  -0.0342   0.0089  -0.0228  -0.0816
 -0.0982   0.1192  -0.0244   0.1383  -0.0286  -0.1242
 -0.0955   0.1774  -0.0160   0.0631  -0.0384  -0.1059
 -0.0785   0.1557  -0.0054   0.0838  -0.0319  -0.1244
 -0.0714   0.1575  -0.0073   0.0615  -0.0182  -0.1151
 -0.0918   0.1284  -0.0270   0.1206  -0.0217  -0.1401
 -0.0973   0.1089  -0.0401   0.1828  -0.0451  -0.1485
 -0.0807   0.1605  -0.0317   0.1166  -0.0360  -0.1185
 -0.0922   0.1450  -0.0486   0.1200  -0.0449  -0.1329
 -0.0909   0.1475  -0.0495   0.1725  -0.0574  -0.1339
 -0.1036   0.1582  -0.0620   0.0732  -0.0587  -0.1184
 -0.0989   0.1512  -0.0602   0.1625  -0.0580  -0.1353
 -0.0999   0.1492  -0.0579   0.1270  -0.0752  -0.1349
 -0.1003   0.1826  -0.0475   0.1103  -0.0486  -0.1217
 -0.1116   0.1777  -0.0651   0.0953  -0.0656  -0.1334
 -0.1083   0.1651  -0.0500   0.1384  -0.0884  -0.1264
 -0.1121   0.1584  -0.0641   0.1357  -0.0793  -0.1356
 -0.1132   0.1693  -0.0463   0.0892  -0.0741  -0.1051
 -0.1187   0.1670  -0.0511   0.0613  -0.0722  -0.1123
 -0.1165   0.1535  -0.0487   0.1414  -0.0923  -0.1180
 -0.1125   0.1729  -0.0355   0.0852  -0.0822  -0.1117
 -0.1099   0.1623  -0.0345   0.0915  -0.0862  -0.1104
 -0.0991   0.1656  -0.0417   0.1288  -0.0572  -0.1126
 -0.1053   0.1324  -0.0386   0.1492  -0.0734  -0.1334
 -0.1044   0.1670  -0.0372   0.0986  -0.0622  -0.1008
 -0.0931   0.1273  -0.0343   0.1102  -0.0706  -0.1270
 -0.0962   0.1542  -0.0343   0.1259  -0.0713  -0.1134
 -0.0778   0.1764  -0.0266   0.1008  -0.0710  -0.1256
 -0.0792   0.1566  -0.0188   0.1451  -0.0882  -0.1308
 -0.0845   0.2018  -0.0151   0.1340  -0.0877  -0.1240
 -0.0872   0.1955  -0.0114   0.1138  -0.0869  -0.1431
 -0.0977   0.1938  -0.0115   0.1562  -0.0956  -0.1378
 -0.0941   0.2086  -0.0174   0.1314  -0.0769  -0.1406
 -0.0899   0.1922  -0.0131   0.1337  -0.1032  -0.1307
 -0.0979   0.1988  -0.0158   0.1472  -0.1032  -0.1469
 -0.0944   0.1960  -0.0164   0.1198  -0.0942  -0.1433
 -0.0909   0.2141  -0.0115   0.1184  -0.0900  -0.1214
 -0.1089   0.2220  -0.0360   0.0454  -0.0503  -0.1172
 -0.1161   0.2026  -0.0313   0.1142  -0.0516  -0.1124
 -0.1210   0.2107  -0.0457   0.0923  -0.0535  -0.1168
 -0.1213   0.2064  -0.0437   0.1040  -0.0697  -0.1395
 -0.1251   0.2319  -0.0465   0.1117  -0.0767  -0.1274
 -0.1239   0.2289  -0.0581   0.1760  -0.0724  -0.1593
 -0.1291   0.2018  -0.0412   0.1947  -0.0928  -0.1570
 -0.1326   0.2244  -0.0365   0.2277  -0.0849  -0.1641
 -0.1409   0.2191  -0.0435   0.2264  -0.0938  -0.1799
 -0.1368   0.2251  -0.0453   0.2143  -0.0841  -0.1818
 -0.1344   0.2350  -0.0417   0.2517  -0.1090  -0.1874
 -0.1329   0.2641  -0.0488   0.1576  -0.0743  -0.1749
 -0.1364   0.2340  -0.0518   0.0957  -0.0869  -0.1554
 -0.1174   0.2638  -0.0276   0.1292  -0.0499  -0.1569
