  0.0437  -0.3701  -0.2814  -0.3534   0.0839   0.4556
  0.0797  -0.3358  -0.2814  -0.4099   0.1206   0.4456
  0.0618  -0.3030  -0.2687  -0.3319   0.1003   0.4023
  0.0871  -0.2721  -0.2636  -0.3400   0.1027   0.3988
  0.0584  -0.3036  -0.2547  -0.3279   0.0939   0.3745
  0.0704  -0.2783  -0.2444  -0.3542   0.0904   0.3966
  0.0570  -0.2837  -0.2548  -0.3263   0.0934   0.3862
  0.0579  -0.2921  -0.2179  -0.3127   0.0878   0.3748
  0.0755  -0.2997  -0.2126  -0.3034   0.0664   0.3822
  0.0437  -0.3170  -0.2150  -0.2489   0.0652   0.3352
  0.0828  -0.3126  -0.2281  -0.2675   0.0611   0.3650
  0.0858  -0.1748  -0.2529  -0.3654   0.1071   0.3790
  0.0709  -0.3080  -0.2557  -0.4592   0.0393   0.4428
  0.0802  -0.3280  -0.2761  -0.4246   0.0364   0.4268
  0.0562  -0.2817  -0.2743  -0.2744   0.0579   0.3461
  0.0424  -0.3164  -0.2778  -0.2640   0.0315   0.3503
  0.0362  -0.2916  -0.2485  -0.2153   0.0414   0.3339
  0.0270  -0.3142  -0.2327  -0.2308   0.0153   0.3024
  0.0219  -0.2578  -0.2387  -0.2316   0.0139   0.3063
  0.0420  -0.2865  -0.2132  -0.2449   0.0274   0.3204
  0.0337  -0.2784  -0.2013  -0.2247   0.0135   0.3102
  0.0296  -0.3027  -0.1921  -0.2242   0.0311   0.3310
  0.0035  -0.3257  -0.1968  -0.2067   0.0290   0.3074
  0.0086  -0.3221  -0.1749  -0.2018   0.0169   0.3206
  0.0032  -0.2967  -0.1737  -0.2018   0.0106   0.3016
 -0.0181  -0.3044  -0.1692  -0.1719  -0.0026   0.2621
 -0.0134  -0.2860  -0.1691  -0.1627  -0.0100   0.2750
 -0.0060  -0.2635  -0.1833  -0.1891   0.0065   0.2610
 -0.0361  -0.3135  -0.1819  -0.1882  -0.0002   0.2723
 -0.0279  -0.2583  -0.1844  -0.1929  -0.0002   0.2751
 -0.0395  -0.2397  -0.1862  -0.1868   0.0075   0.2326
 -0.0383  -0.2836  -0.1761  -0.2047   0.0000   0.2663
 -0.0242  -0.2368  -0.1669  -0.1810   0.0009   0.2699
 -0.0510  -0.2557  -0.1564  -0.1413   0.0142   0.2528
 -0.0334  -0.2547  -0.1573  -0.1225   0.0201   0.2489
 -0.0251  -0.2695  -0.1459  -0.1226   0.0395   0.2577
 -0.0397  -0.3230  -0.1509  -0.1046   0.0480   0.2577
 -0.0652  -0.3778  -0.1520  -0.1338   0.0002   0.2699
 -0.0380  -0.3493  -0.1636  -0.1840   0.0197   0.3132
 -0.0487  -0.3470  -0.1853  -0.2896   0.0165   0.3228
 -0.0389  -0.2880  -0.1602  -0.1836   0.0328   0.2675
 -0.0297  -0.2809  -0.1527  -0.1869   0.0258   0.2616
 -0.0328  -0.2610  -0.1372  -0.1755   0.0140   0.2470
 -0.0290  -0.2338  -0.1406  -0.1379   0.0067   0.2156
 -0.0333  -0.2207  -0.1235  -0.0807  -0.0010   0.1961
 -0.0301  -0.2377  -0.1205  -0.0744   0.0164   0.2076
 -0.0261  -0.2513  -0.1144  -0.0905   0.0194   0.2312
 -0.0538  -0.2412  -0.1335  -0.1119   0.0014   0.2210
 -0.0551  -0.2139  -0.1255  -0.1068  -0.0014   0.2099
 -0.0258  -0.1669  -0.1291  -0.1075   0.0059   0.1972
 -0.0233  -0.1896  -0.1243  -0.1162   0.0022   0.1888
 -0.0260  -0.2047  -0.1372  -0.1092   0.0175   0.2276
 -0.0206  -0.2210  -0.1536  -0.1285   0.0234   0.2183
 -0.0186  -0.2242  -0.1373  -0.1187   0.0346   0.2192
 -0.0091  -0.2111  -0.1295  -0.1020   0.0385   0.2129
 -0.0359  -0.2294  -0.1393  -0.0863   0.0582   0.2081
 -0.0628  -0.2234  -0.1426  -0.1311   0.0448   0.1753
 -0.0149  -0.1704  -0.1264  -0.1935   0.0421   0.1962
 -0.0113  -0.1667  -0.1382  -0.2256   0.0482   0.2145
 -0.0355  -0.1273  -0.1139  -0.1771   0.0268   0.1700
 -0.0275  -0.1163  -0.1164  -0.1860   0.0065   0.1648
 -0.0316  -0.1501  -0.1221  -0.1705   0.0210   0.1537
 -0.0235  -0.1454  -0.1316  -0.1725   0.0340   0.1981
 -0.0160  -0.1288  -0.1199  -0.1637   0.0339   0.1676
 -0.0222  -0.1000  -0.1263  -0.1173   0.0281   0.1330
 -0.0233  -0.0606  -0.1074  -0.1265   0.0159   0.1179
 -0.0213  -0.0340  -0.1143  -0.0944   0.0289   0.0794
 -0.0384  -0.0824  -0.1141  -0.0998   0.0121   0.1100
 -0.0236  -0.0788  -0.0938  -0.0902   0.0146   0.1271
 -0.0398  -0.1114  -0.1192  -0.1183   0.0230   0.1446
 -0.0615  -0.0629  -0.1233  -0.1042   0.0133   0.1301
 -0.0503  -0.0547  -0.1119  -0.0995   0.0067   0.1324
 -0.0399  -0.1066  -0.0939  -0.1053  -0.0086   0.1226
 -0.0138  -0.0434  -0.0836  -0.0295   0.0027   0.0929
 -0.0287  -0.0740  -0.0738  -0.0603   0.0041   0.1012
  0.0014  -0.0687  -0.0655  -0.0227   0.0024   0.0840
 -0.0168  -0.0170  -0.0529  -0.0307  -0.0146   0.0664
 -0.0390  -0.0777  -0.0488  -0.0510  -0.0189   0.0998
 -0.0329  -0.0582  -0.0421  -0.0342  -0.0154   0.0996
 -0.0375  -0.0471  -0.0308  -0.0149  -0.0049   0.0897
 -0.0377  -0.0832  -0.0286  -0.0525  -0.0133   0.0937
 -0.0379  -0.0445  -0.0019   0.0117  -0.0229   0.0677
 -0.0339  -0.0631   0.0098   0.0214  -0.0141   0.0531
 -0.0124  -0.1259   0.0158   0.0118   0.0145   0.1032
 -0.0031  -0.0544   0.0307   0.0444   0.0045   0.0846
  0.0027  -0.0490   0.0596   0.0960   0.0179   0.0198
 -0.0072  -0.0640   0.0531   0.0270   0.0006   0.0573
 -0.0247  -0.0270   0.0403  -0.0112  -0.0062   0.0560
 -0.0226  -0.0363   0.0371  -0.0345  -0.0201   0.0593
 -0.0170  -0.0384   0.0392  -0.0255  -0.0216   0.1012
 -0.0067  -0.0536   0.0265  -0.0495  -0.0439   0.0844
 -0.0054  -0.0187   0.0322  -0.0211  -0.0368   0.0855
 -0.0013   0.0071   0.0238   0.0217  -0.0330   0.0443
 -0.0038   0.0037   0.0352   0.0211  -0.0368   0.0543
 -0.0016  -0.0018   0.0496   0.0709  -0.0262   0.0244
  0.0230   0.1010   0.0658   0.0338  -0.0124  -0.0467
  0.0138   0.1370   0.0576  -0.0113  -0.0163  -0.0404
  0.0099   0.1319   0.0840   0.0657  -0.0242  -0.0789
  0.0077   0.1117   0.0765   0.0894  -0.0299  -0.0754
 -0.0068   0.1041   0.0825   0.1492  -0.0502  -0.1168
  0.0110   0.0892   0.0857   0.1473  -0.0195  -0.0785
  0.0234  -0.0046   0.1064   0.1516  -0.0002  -0.0597
  0.0242  -0.0088   0.1168   0.1416  -0.0157  -0.0750
  0.0076   0.0254   0.1034   0.0870  -0.0219  -0.0783
  0.0092   0.0962   0.0947   0.0921  -0.0245  -0.1324
  0.0177   0.1214   0.0952   0.0999  -0.0344  -0.1480
  0.0095   0.0935   0.1028   0.1266  -0.0441  -0.1427
  0.0143   0.1068   0.1108   0.1923  -0.0575  -0.2056
  0.0225   0.1159   0.1098   0.1713  -0.0575  -0.1934
  0.0064   0.1093   0.0927   0.1392  -0.0515  -0.1755
  0.0222   0.1063   0.1090   0.1620  -0.0554  -0.1800
  0.0374   0.1024   0.1127   0.1408  -0.0512  -0.1838
  0.0378   0.1150   0.1160   0.1360  -0.0414  -0.1752
  0.0214   0.0870   0.1291   0.1934  -0.0511  -0.1696
 -0.0151   0.0565   0.1080   0.1983  -0.0327  -0.1613
 -0.0019   0.0443   0.1152   0.2281  -0.0221  -0.1522
 -0.0141  -0.0047   0.1400   0.2647  -0.0136  -0.1652
  0.0011   0.0250   0.1349   0.3015  -0.0176  -0.1903
 -0.0173  -0.0173   0.1334   0.2903  -0.0250  -0.2060
  0.0042  -0.0180   0.1511   0.2877  -0.0159  -0.1734
 -0.0011   0.0188   0.1450   0.2785  -0.0393  -0.2157
 -0.0304   0.0534   0.1244   0.2887  -0.0573  -0.2637
 -0.0344   0.0449   0.1492   0.3206  -0.0418  -0.2376
 -0.0442   0.0470   0.1506   0.3690  -0.0376  -0.2657
 -0.0248   0.0217   0.1913   0.4119  -0.0252  -0.2509
 -0.0366  -0.0074   0.2041   0.4125  -0.0217  -0.2190
 -0.0289  -0.0306   0.2104   0.3959  -0.0075  -0.2067
 -0.0568  -0.0045   0.2042   0.4445  -0.0241  -0.2458
 -0.0307   0.0030   0.2345   0.4890  -0.0075  -0.2420
 -0.0395   0.0683   0.2040   0.3946  -0.0474  -0.3012
  0.0081  -0.0085   0.1581   0.2067  -0.0100  -0.1416
  0.0231  -0.0103   0.1436   0.1288   0.0225  -0.0853
  0.0226   0.0229   0.1483   0.1295   0.0016  -0.1056
 -0.0013  -0.0014   0.1375   0.1200  -0.0001  -0.1010
  0.0073   0.0042   0.1444   0.1826   0.0181  -0.1016
  0.0028  -0.0032   0.1365   0.1745   0.0172  -0.1149
  0.0014  -0.0050   0.1413   0.1937   0.0079  -0.1417
 -0.0087   0.0431   0.1417   0.2417  -0.0099  -0.1703
 -0.0095   0.0854   0.1275   0.2388  -0.0235  -0.2154
 -0.0084   0.0682   0.1250   0.2040  -0.0124  -0.2191
  0.0098   0.1088   0.1290   0.1941   0.0054  -0.2274
 -0.0030   0.0878   0.1549   0.2138  -0.0224  -0.2306
 -0.0150   0.1101   0.1560   0.2129  -0.0322  -0.2282
 -0.0214   0.0617   0.1467   0.2243  -0.0265  -0.2445
 -0.0240   0.0985   0.1394   0.2167  -0.0226  -0.2246
 -0.0090   0.0902   0.1213   0.2409  -0.0113  -0.2596
  0.0171   0.2204   0.1506  -0.1188   0.0332  -0.1175
 -0.0299   0.2596   0.1488  -0.1987   0.0619  -0.0573
 -0.0204   0.2427   0.1502  -0.0261   0.0403  -0.1385
 -0.0084   0.2312   0.1537   0.0022   0.0466  -0.1680
  0.0383   0.2197   0.1837   0.0649   0.0510  -0.2079
  0.0462   0.3143   0.1895   0.0520   0.0278  -0.2516
  0.0300   0.2872   0.1950   0.0840   0.0128  -0.2714
  0.0265   0.2862   0.2025   0.0788  -0.0014  -0.2740
  0.0469   0.2311   0.2037   0.1429   0.0016  -0.2691
  0.0453   0.2457   0.2006   0.1232  -0.0004  -0.2630
  0.0224   0.2577   0.1906   0.1219  -0.0093  -0.2846
  0.0412   0.2459   0.2008   0.0791  -0.0000  -0.2531
  0.0158   0.1771   0.2084   0.0872  -0.0018  -0.2236
  0.0440   0.2597   0.2232   0.1773   0.0066  -0.3038
  0.0607   0.2740   0.2181   0.1793  -0.0091  -0.3396
  0.0456   0.4213   0.2318   0.1739  -0.0137  -0.3819
  0.0652   1.1138   0.2785   0.1728   0.0039  -0.6430
  0.0499   0.9948   0.2351   0.1240  -0.0367  -0.6095
  0.0408   0.9395   0.2082   0.0927  -0.0634  -0.6267
  0.0492   0.9966   0.2229   0.1484  -0.0885  -0.6669
  0.0471   0.9971   0.2058   0.1876  -0.0834  -0.7023
  0.0257   0.9939   0.2052   0.2151  -0.0868  -0.7144
  0.0321   0.9868   0.1828   0.2092  -0.0819  -0.7054
  0.0223   0.9229   0.1653   0.1353  -0.0828  -0.6426
  0.0141   0.9409   0.1837   0.1973  -0.0788  -0.6762
  0.0011   0.9186   0.1634   0.1924  -0.0735  -0.6766
  0.0195   0.8821   0.1811   0.1967  -0.0578  -0.6368
  0.0038   0.9695   0.1836   0.2453  -0.0805  -0.6915
  0.0026   0.9162   0.1888   0.2482  -0.0699  -0.6812
  0.0019   0.9688   0.1724   0.1900  -0.0669  -0.6783
