 -0.0284   0.1152   0.1299  -0.1401   0.2540  -0.0330
 -0.0208   0.0781   0.1059  -0.0879   0.2801  -0.0282
  0.0184   0.0140   0.0836  -0.1415   0.2007   0.0308
 -0.0024   0.0284   0.1102  -0.1127   0.1929   0.0363
 -0.0204   0.0079   0.0920  -0.0546   0.1740   0.0193
 -0.0070   0.0117   0.0848  -0.0070   0.1789  -0.0234
 -0.0180   0.0039   0.0732   0.0004   0.1840  -0.0214
 -0.0328  -0.0178   0.0759  -0.0340   0.1240   0.0090
 -0.0373   0.0841   0.0777  -0.1616   0.1411   0.0548
 -0.0332   0.0301   0.0471  -0.2054   0.1409   0.0341
 -0.0268   0.1155   0.0631  -0.1965   0.0865  -0.0823
 -0.0191   0.0548   0.0688  -0.1366   0.0742   0.0433
 -0.0398   0.0267   0.0566  -0.1662   0.0787   0.0340
 -0.0416   0.0225   0.0723  -0.1550   0.0880   0.0273
 -0.0477   0.0030   0.0567  -0.2173   0.0939   0.0133
 -0.0298  -0.0248   0.0657  -0.2289   0.0593   0.0344
 -0.0161  -0.0430   0.0954  -0.2616   0.0424   0.0310
 -0.0224  -0.0069   0.0582  -0.2709   0.0524   0.0178
 -0.0331  -0.0443   0.0627  -0.2306   0.0777  -0.0234
 -0.0589  -0.0867   0.0044  -0.2208   0.0548   0.0450
 -0.0464  -0.1166   0.0328  -0.1622   0.0590  -0.0206
 -0.0293  -0.0927   0.0339  -0.1426   0.0501  -0.0060
 -0.0308  -0.1052   0.0332  -0.1622   0.0391   0.0099
 -0.0293  -0.1204   0.0237  -0.1856   0.0503   0.0143
 -0.0307  -0.0964   0.0134  -0.2494   0.0540   0.0683
 -0.1075   0.1548   0.1248  -0.5533   0.1800   0.0036
 -0.0423   0.3653   0.3547  -0.7788   0.1299   0.0488
  0.0906   0.3327   0.2467  -0.6701   0.0310   0.0442
  0.0795   0.3509   0.2098  -0.7118   0.0134   0.1953
  0.0743   0.3726   0.2589  -0.5792  -0.0385   0.0688
  0.0346   0.4433   0.1372  -0.6215  -0.0750   0.0889
  0.0123   0.2389   0.0716  -0.5705  -0.0844   0.1402
 -0.0138   0.0937  -0.0797  -0.5937  -0.0574   0.1374
 -0.0444  -0.1361  -0.0388  -0.5059  -0.0474   0.0017
 -0.0556  -0.1717   0.0094  -0.3698  -0.0793   0.1489
 -0.0198  -0.2612   0.0811  -0.3240  -0.1033   0.1509
 -0.0150  -0.2971   0.0552  -0.3063  -0.0919   0.1068
  0.0261  -0.0057   0.0077  -0.3272  -0.0685   0.0765
  0.0164   0.0220  -0.0471  -0.3139  -0.0244   0.0559
  0.0016  -0.2294  -0.0168  -0.3385  -0.0210   0.0872
  0.0617  -0.2480   0.1636  -0.2818   0.0017   0.1485
  0.0032  -0.3543   0.1299  -0.3822   0.0165   0.1075
 -0.0219  -0.2665  -0.0493  -0.3517   0.0698   0.1498
 -0.0127  -0.3870  -0.0558   0.1713   0.0029   0.0471
  0.0803  -0.3075   0.0625   0.2929   0.0097  -0.0011
  0.0452  -0.2774   0.0142   0.1945   0.0096   0.1203
  0.0181  -0.2275   0.0120   0.1705  -0.0208   0.1001
  0.0081  -0.3234  -0.0437   0.1212  -0.0322   0.0929
 -0.0275  -0.2795   0.0517  -0.1156  -0.0606   0.1478
 -0.0098  -0.2141   0.0439  -0.2538   0.0006   0.0839
  0.0287  -0.4287  -0.0397   0.5339   0.0133  -0.2966
  0.0164  -0.4836  -0.0786   0.7667  -0.0451  -0.0978
  0.0370  -0.5211  -0.0889   0.7649  -0.0426  -0.0582
  0.0476  -0.5883  -0.0836   0.8264  -0.0219  -0.0488
  0.0327  -0.5112  -0.1278   0.6623   0.0303   0.0214
  0.0035  -0.5352  -0.1800   0.6621   0.0239   0.0161
  0.0467  -0.4686  -0.2225   0.6717   0.0153  -0.0561
  0.0300  -0.4244  -0.1747   0.5633   0.0167  -0.0424
  0.0203  -0.4520  -0.1635   0.5351  -0.0455  -0.0163
 -0.0660  -0.3720  -0.1379   0.2739  -0.0687   0.0434
 -0.0543  -0.2202  -0.1544  -0.0229  -0.0903   0.0703
 -0.0791  -0.1628  -0.0326  -0.0314  -0.1637   0.0336
 -0.0956  -0.0345  -0.1046  -0.0720  -0.1543   0.0827
 -0.0700   0.0572  -0.2401  -0.0245  -0.2107   0.0557
  0.0150  -0.0766  -0.4130   0.4517  -0.2712  -0.1258
 -0.0594  -0.1957  -0.5192   0.7406  -0.4004  -0.1279
 -0.1766  -0.0707  -0.3326   0.6475  -0.4704  -0.0024
 -0.1608  -0.0323  -0.3761   0.7484  -0.4368  -0.0292
 -0.0592   0.3063  -0.2678   1.8612  -0.3831  -0.8092
  0.1915   2.0147   0.1490  -0.3399  -0.1832   0.1036
  0.1903   1.3576  -0.0299  -0.2088  -0.1071  -0.1870
  0.1863   0.8508  -0.0128   0.1225  -0.1011  -0.2696
  0.3101   1.0144   0.0850   0.3992   0.0940  -0.3762
  0.2393   1.3764   0.0075   0.9097   0.0580  -0.7525
  0.0714   0.8739  -0.0621   0.5583   0.0595  -0.0917
  0.1165   1.0293  -0.0738   1.1589   0.0754  -0.4753
 -0.0928   0.3873  -0.1775   0.0037   0.0795  -0.0855
