 -0.0092  -0.0515  -0.0284  -0.0198  -0.0093   0.0341
 -0.0063  -0.0394  -0.0259  -0.0141  -0.0050   0.0356
 -0.0130  -0.0409  -0.0283  -0.0065  -0.0040   0.0065
 -0.0136  -0.0316  -0.0304   0.0344  -0.0051  -0.0242
 -0.0095  -0.0270  -0.0319  -0.0433  -0.0091   0.0768
 -0.0004  -0.0477  -0.0154   0.0723  -0.0073  -0.0570
 -0.0062  -0.0262  -0.0225   0.0427  -0.0051   0.0746
 -0.0062  -0.0211  -0.0200   0.0526  -0.0038   0.0300
 -0.0052  -0.0184  -0.0132   0.0531  -0.0008   0.0068
 -0.0020  -0.0040  -0.0086   0.0618   0.0026  -0.0009
  0.0031  -0.0025  -0.0059   0.0789  -0.0019   0.0269
  0.0020  -0.0176  -0.0088   0.0676   0.0037   0.0065
  0.0005  -0.0161  -0.0096   0.0635   0.0017   0.0145
  0.0019  -0.0163  -0.0116   0.0753   0.0020   0.0025
  0.0011  -0.0063  -0.0116   0.0724   0.0006   0.0425
  0.0037  -0.0110  -0.0080   0.0805  -0.0001   0.0049
  0.0013  -0.0189  -0.0038   0.0811   0.0005   0.0080
 -0.0008  -0.0076  -0.0074   0.0680   0.0016   0.0314
 -0.0040  -0.0180  -0.0106   0.0558  -0.0018   0.0501
 -0.0118  -0.0041  -0.0101   0.0179  -0.0005   0.0002
 -0.0056   0.0018   0.0063   0.0398   0.0049   0.0526
  0.0015   0.0101   0.0085   0.0459   0.0066   0.0383
  0.0024   0.0141   0.0158   0.0663   0.0058   0.0308
  0.0018  -0.0043   0.0133   0.0603   0.0064  -0.0061
  0.0027   0.0091   0.0160   0.0589   0.0073   0.0304
  0.0085   0.0145   0.0151   0.0540   0.0039   0.0263
  0.0020   0.0187   0.0190   0.0399   0.0029   0.0107
  0.0045   0.0234   0.0199   0.0472   0.0045  -0.0019
  0.0082   0.0123   0.0319   0.0681   0.0115   0.0105
  0.0057   0.0194   0.0357   0.0660   0.0133   0.0394
  0.0119  -0.0068   0.0251   0.0734   0.0188   0.0078
  0.0160  -0.0306   0.0217   0.0401   0.0206   0.0010
 -0.0099  -0.1085  -0.0144  -0.0015   0.0111  -0.0175
 -0.0144  -0.0795  -0.0191  -0.0141  -0.0017   0.0138
 -0.0202   0.0485  -0.0080  -0.1112  -0.0083   0.0603
 -0.0100  -0.0174  -0.0025  -0.0715  -0.0135  -0.0181
 -0.0069  -0.0042  -0.0053  -0.0673  -0.0110   0.0096
 -0.0042   0.0018  -0.0121  -0.0726  -0.0011   0.0088
  0.0057   0.0087   0.0198  -0.1099   0.0100  -0.0477
  0.0145   0.0228   0.0446  -0.1232   0.0184  -0.0084
  0.0150   0.0320   0.0366  -0.1081   0.0155   0.0004
  0.0153   0.0181   0.0211  -0.0836   0.0094  -0.0012
  0.0052   0.0115  -0.0185  -0.0333  -0.0138   0.0020
 -0.0037  -0.0156  -0.0114  -0.0594  -0.0095  -0.0079
 -0.0050  -0.0025  -0.0130  -0.0487  -0.0031   0.0007
 -0.0053  -0.0033   0.0001  -0.0195  -0.0038  -0.0173
 -0.0062   0.0016  -0.0088  -0.0284  -0.0057   0.0121
 -0.0085   0.0115  -0.0102  -0.0428  -0.0157   0.0103
 -0.0002  -0.0066  -0.0070   0.0029  -0.0098  -0.0547
 -0.0015   0.0100  -0.0173  -0.0215  -0.0109   0.0339
 -0.0054   0.0133  -0.0131  -0.0228  -0.0256  -0.0041
 -0.0080   0.0074  -0.0126  -0.0002  -0.0215  -0.0115
 -0.0049   0.0180  -0.0151   0.0035  -0.0234   0.0049
 -0.0006   0.0091  -0.0081   0.0119  -0.0205  -0.0125
 -0.0005  -0.0027  -0.0106   0.0042  -0.0218  -0.0303
 -0.0003   0.0025  -0.0111  -0.0260  -0.0184  -0.0308
 -0.0024   0.0029  -0.0183  -0.0537  -0.0145  -0.0162
  0.0005  -0.0130  -0.0126  -0.0458   0.0009  -0.0418
  0.0029  -0.0089  -0.0026  -0.0323   0.0031  -0.0539
  0.0036   0.0197   0.0039  -0.1007   0.0057   0.0301
  0.0091  -0.0031  -0.0271   0.0740   0.0029  -0.2014
  0.0344   0.0209   0.0052   0.1633   0.0204  -0.0473
  0.0082   0.0589   0.0393   0.0176   0.0007   0.1571
  0.0220   0.0016   0.0387  -0.0271   0.0064  -0.1230
  0.0029  -0.0024   0.0104  -0.0260   0.0025   0.0256
  0.0064  -0.0136   0.0125  -0.0061   0.0140  -0.0192
  0.0184   0.0184   0.0320   0.0222   0.0137   0.0387
  0.0160   0.0388   0.0264  -0.0028   0.0125  -0.0028
  0.0023   0.0248   0.0152  -0.0267  -0.0016  -0.0087
 -0.0013   0.0295   0.0103  -0.0073  -0.0104  -0.0313
 -0.0051   0.0460   0.0024  -0.0125  -0.0020   0.0121
 -0.0025   0.0244   0.0077  -0.0173   0.0049  -0.0683
 -0.0106   0.0325   0.0082  -0.0413   0.0075  -0.0207
 -0.0139   0.0229   0.0025  -0.0805   0.0110  -0.0327
 -0.0098   0.0136  -0.0002  -0.1143   0.0092  -0.0483
 -0.0041   0.0256   0.0156  -0.0985   0.0138  -0.0262
  0.0000   0.0263   0.0104  -0.0966   0.0065  -0.0298
