  0.1730  -0.6657  -0.1740   0.1557  -0.0855   0.3106
  0.1570  -0.6401  -0.0782   0.2337  -0.0793   0.2725
  0.1816  -0.6296  -0.1069   0.1884  -0.0886   0.2855
  0.1672  -0.6345  -0.0896   0.2137  -0.0933   0.2861
  0.1808  -0.6050  -0.1186   0.2067  -0.0909   0.2896
  0.1488  -0.6374  -0.1043   0.2191  -0.0823   0.2891
  0.1801  -0.6329  -0.1088   0.2201  -0.0722   0.2906
  0.1235  -0.6812  -0.0760   0.2513  -0.1101   0.2688
  0.1644  -0.6914  -0.0938   0.2560  -0.0881   0.2713
  0.1811  -0.6466  -0.1021   0.2222  -0.0590   0.2678
  0.1581  -0.6942  -0.0812   0.1970  -0.0895   0.2742
  0.1779  -0.7020  -0.0956   0.2139  -0.0686   0.2772
  0.1569  -0.6960  -0.0899   0.2192  -0.0953   0.2805
  0.1649  -0.7140  -0.0913   0.2298  -0.0752   0.2879
  0.1575  -0.7203  -0.0869   0.2095  -0.1118   0.2945
  0.1497  -0.6729  -0.1101   0.2023  -0.1030   0.2779
  0.1596  -0.6571  -0.1021   0.2157  -0.1318   0.2597
  0.1376  -0.6647  -0.1347   0.1917  -0.0924   0.2735
  0.1247  -0.6704  -0.1308   0.2059  -0.0928   0.2925
  0.1414  -0.6449  -0.1585   0.2356  -0.0918   0.2661
  0.1384  -0.6533  -0.1570   0.2617  -0.0979   0.2459
  0.1257  -0.6431  -0.1769   0.3034  -0.0951   0.2321
  0.1192  -0.6712  -0.1765   0.3023  -0.1015   0.2144
  0.1284  -0.6669  -0.1783   0.2831  -0.1005   0.2336
  0.1200  -0.6651  -0.1593   0.2268  -0.0862   0.2571
  0.1277  -0.6759  -0.1456   0.2209  -0.0753   0.2712
  0.1261  -0.6702  -0.1529   0.2196  -0.0898   0.2682
  0.1366  -0.6803  -0.1485   0.2116  -0.0830   0.2752
  0.1265  -0.6693  -0.1438   0.2069  -0.0898   0.2784
  0.1215  -0.6806  -0.1461   0.1919  -0.0876   0.2843
  0.1192  -0.6644  -0.1300   0.1892  -0.0838   0.2840
  0.1246  -0.6567  -0.1329   0.1737  -0.0919   0.2853
  0.1178  -0.6551  -0.1385   0.1625  -0.0900   0.2847
  0.1273  -0.6445  -0.1409   0.1638  -0.0846   0.2763
  0.1172  -0.6501  -0.1385   0.1778  -0.0866   0.2794
  0.1295  -0.6360  -0.1420   0.1718  -0.0752   0.2770
  0.1089  -0.5976  -0.1733   0.1955  -0.0732   0.2591
  0.1061  -0.6243  -0.1872   0.1845  -0.0775   0.2723
  0.0880  -0.6199  -0.1913   0.1813  -0.0963   0.2724
  0.1103  -0.6259  -0.1833   0.1896  -0.1009   0.2698
  0.1110  -0.6194  -0.1848   0.2485  -0.1082   0.2331
  0.1051  -0.6295  -0.1921   0.2423  -0.0990   0.2471
  0.1029  -0.6500  -0.1846   0.1984  -0.1024   0.2647
  0.0989  -0.6823  -0.1810   0.1892  -0.0957   0.2839
  0.0875  -0.6817  -0.1709   0.1668  -0.0894   0.2906
  0.0973  -0.6575  -0.1838   0.1870  -0.0835   0.2953
  0.0866  -0.6478  -0.1807   0.2263  -0.0923   0.2574
  0.0989  -0.6912  -0.1906   0.2393  -0.0835   0.2754
  0.0640  -0.6705  -0.1730   0.2474  -0.1190   0.2805
  0.0129  -0.5613  -0.1629   0.2099  -0.1454   0.2785
  0.0575  -0.5404  -0.2001   0.1463  -0.0746   0.2563
  0.0631  -0.5434  -0.2016   0.1895  -0.0925   0.2330
  0.0713  -0.5609  -0.2001   0.2032  -0.0813   0.2440
  0.0630  -0.5542  -0.2188   0.2125  -0.0880   0.2336
  0.0543  -0.5851  -0.2072   0.1791  -0.0892   0.2557
  0.0572  -0.6157  -0.2118   0.1887  -0.1077   0.2727
  0.0613  -0.5862  -0.1875   0.2090  -0.0973   0.2481
  0.0539  -0.6126  -0.2059   0.1995  -0.0880   0.2595
  0.0625  -0.5762  -0.1963   0.1616  -0.0785   0.2605
  0.0544  -0.6136  -0.2100   0.1992  -0.0952   0.2607
  0.1058  -0.3072  -0.1583  -0.0502  -0.0205   0.1839
  0.2857   0.4008  -0.1770  -0.9225   0.1911   0.1034
  0.3359   1.3197  -0.2272  -1.5894   0.3384  -0.1470
  0.3652   1.9422  -0.2643  -1.9865   0.4204  -0.2547
  0.3019   1.7905  -0.1401  -1.6695   0.3424  -0.2488
  0.2792   1.7678  -0.0932  -1.5473   0.3359  -0.2520
  0.2392   1.7455  -0.0591  -1.4633   0.2980  -0.2662
  0.2307   1.6164  -0.0839  -1.2269   0.2796  -0.2340
  0.1294   0.9288  -0.0730  -0.7344   0.1296  -0.1027
  0.1035   0.8147  -0.1154  -0.5844   0.0925  -0.1678
  0.0729   0.5435  -0.1316  -0.4156   0.0591  -0.0889
  0.0940   0.3437  -0.1500  -0.2551   0.0847  -0.0538
  0.0194   0.4033  -0.1010  -0.2319   0.0231  -0.0640
 -0.0008   0.4040  -0.0769  -0.2304   0.0030  -0.0648
  0.0353   0.3080  -0.1404  -0.2360   0.0020  -0.0416
  0.0257   0.3310  -0.1024  -0.2298   0.0010  -0.0525
  0.0316   0.3032  -0.1229  -0.1917   0.0056  -0.0555
  0.0275   0.3032  -0.1201  -0.2273   0.0084  -0.0477
  0.0209   0.2765  -0.1204  -0.1893   0.0287  -0.0591
  0.0423   0.3191  -0.1093  -0.1835   0.0336  -0.0677
  0.0224   0.2931  -0.1359  -0.1681   0.0219  -0.0659
  0.0158   0.2397  -0.1602  -0.1225   0.0058  -0.0585
  0.0132   0.1840  -0.1606  -0.1224   0.0141  -0.0385
  0.0202   0.2210  -0.1599  -0.1539   0.0175  -0.0401
  0.0070   0.2232  -0.1502  -0.1490   0.0180  -0.0486
  0.0196   0.2610  -0.1558  -0.1693   0.0141  -0.0501
  0.0132   0.2715  -0.1203  -0.1473   0.0194  -0.0653
  0.0180   0.2912  -0.1268  -0.1749   0.0220  -0.0692
  0.0264   0.2609  -0.1201  -0.1297   0.0013  -0.0756
  0.0111   0.2569  -0.1548  -0.1545  -0.0029  -0.0636
 -0.0044   0.2336  -0.1540  -0.1066  -0.0185  -0.0641
  0.0085   0.2770  -0.1475  -0.1541   0.0017  -0.0714
 -0.0100   0.2497  -0.1493  -0.1087   0.0088  -0.0775
  0.0166   0.2629  -0.1589  -0.1166   0.0014  -0.0859
 -0.0114   0.2439  -0.1470  -0.0690  -0.0048  -0.0648
  0.0108   0.2765  -0.1511  -0.1001  -0.0057  -0.0624
 -0.0188   0.2834  -0.1378  -0.0328  -0.0355  -0.0726
  0.0097   0.3691  -0.1615  -0.1276   0.0206  -0.0899
 -0.0985   0.2955  -0.1601  -0.0312  -0.0482  -0.0962
 -0.1271   0.1822  -0.2400  -0.0548  -0.0319  -0.0827
 -0.1758   0.1724  -0.1354   0.0459  -0.1144  -0.0937
 -0.2449   0.2701  -0.1288  -0.0312  -0.1548  -0.0742
 -0.0974   0.0955  -0.1568  -0.0035  -0.0525  -0.0516
 -0.1048  -0.0354  -0.2256  -0.0287  -0.0694  -0.0180
 -0.1453   0.1579   0.3539   0.5068   0.0465  -0.2269
 -0.3385  -0.0712   0.2743   0.7027  -0.1757  -0.2412
 -0.1853  -0.2542   0.0101   0.4981  -0.1848  -0.0934
 -0.1196  -0.5688  -0.2288   0.2947  -0.1927   0.0662
 -0.1126  -0.6205  -0.4054   0.2315  -0.1382   0.0906
 -0.1381  -0.5629  -0.3445   0.2004  -0.1546   0.0915
 -0.1316  -0.6413  -0.4007   0.3097  -0.1515   0.0702
 -0.0326   0.3007  -0.2003  -0.0178  -0.0506  -0.1714
 -0.0502   0.4072  -0.1487  -0.0120  -0.0213  -0.1384
 -0.0291   0.0734  -0.1553   0.1177  -0.0134  -0.1093
 -0.0673  -0.4172  -0.1961   0.1978  -0.0547   0.0496
 -0.0414  -0.5088   0.0837   0.2161   0.0316   0.0401
 -0.0274  -0.2466  -0.0502   0.2982  -0.0135  -0.0228
 -0.4253  -0.6223   0.4304  -0.0450   0.0763   0.0653
 -0.3661  -0.2380   0.7854   0.0933  -0.0717  -0.2024
 -0.1502   0.4814   0.5138   0.1735  -0.0617  -0.3565
 -0.0237   0.2266   0.4387  -0.5518   0.2153  -0.0517
 -0.0034   0.0273   0.2725  -0.1077   0.1232  -0.0291
  0.0095   0.0252   0.2501  -0.2045   0.1639  -0.0041
 -0.0138   0.1530   0.2384  -0.0971   0.1242  -0.0647
 -0.0034   0.1318   0.1963  -0.0869   0.1670  -0.0747
  0.0011   0.1536   0.1934  -0.0516   0.1262  -0.1018
  0.0750   0.1528   0.2055   0.0395   0.1074  -0.1489
  0.0263   0.2170   0.2360   0.1239   0.1043  -0.1821
  0.0468   0.1856   0.2471   0.0860   0.1399  -0.1687
  0.0121   0.2290   0.2795   0.0415   0.1235  -0.1535
  0.0289   0.2156   0.2704  -0.0233   0.1349  -0.1345
  0.0229   0.2126   0.2792  -0.0206   0.0962  -0.1476
  0.0159   0.2163   0.2770  -0.0348   0.1070  -0.1267
  0.0311   0.2334   0.2659   0.0009   0.1035  -0.1502
  0.0250   0.2488   0.2758  -0.0232   0.1129  -0.1342
  0.0233   0.2213   0.2791  -0.0022   0.0909  -0.1418
  0.0016   0.2773   0.2772  -0.0560   0.0943  -0.1354
 -0.2886   0.1086   0.4022   0.1255  -0.0106  -0.1614
 -0.2974   0.0614   0.3879   0.1426  -0.0255  -0.1769
 -0.3054   0.1725   0.3571   0.0915  -0.0227  -0.1890
 -0.2990   0.1578   0.3578   0.0977  -0.0201  -0.1868
 -0.2772   0.1857   0.3433   0.1033  -0.0126  -0.1831
 -0.2632   0.1438   0.3396   0.1521  -0.0109  -0.1913
 -0.2792   0.1959   0.3404   0.1212  -0.0134  -0.1843
 -0.3035   0.1856   0.3398   0.1661  -0.0231  -0.1990
 -0.3011   0.2295   0.3274   0.1100  -0.0036  -0.1971
 -0.2654   0.2224   0.3231   0.1117   0.0111  -0.1872
 -0.2892   0.2551   0.3391   0.0536  -0.0084  -0.1748
 -0.2321   0.0970   0.3631   0.1849  -0.0190  -0.1881
 -0.1272   0.1551   0.3438   0.1509   0.0334  -0.2075
 -0.1562   0.1459   0.3671   0.1033   0.0174  -0.1721
 -0.1029   0.2967   0.3060  -0.0601   0.0523  -0.1966
  0.1733   1.2684   0.1131  -0.7544   0.3002  -0.3354
 -0.0492   0.7736   0.0838  -0.1299   0.1729  -0.2965
 -0.0718   0.7940   0.1346  -0.2156   0.1515  -0.2569
 -0.0663   0.7603   0.1318  -0.1332   0.1552  -0.2701
 -0.0748   0.7935   0.1467  -0.1568   0.1319  -0.2612
 -0.0549   0.8452   0.1463   0.0052   0.1172  -0.3241
 -0.0771   0.8844   0.1569   0.0225   0.1211  -0.3240
 -0.0716   0.8135   0.1662   0.0287   0.1022  -0.3234
 -0.0483   0.7553   0.1909  -0.0114   0.0944  -0.3056
 -0.0448   0.7531   0.1896  -0.0502   0.1072  -0.2939
 -0.0850   0.8332   0.1972  -0.0486   0.1094  -0.2949
 -0.0702   0.8323   0.1362  -0.0212   0.1298  -0.3068
 -0.0714   0.7499   0.1994  -0.0416   0.1157  -0.2821
 -0.0962   0.7041   0.2118  -0.0137   0.0980  -0.2766
 -0.0733   0.6966   0.1910  -0.0272   0.1153  -0.2769
 -0.1165   0.7296   0.2277  -0.0228   0.1019  -0.2768
 -0.0703   0.7015   0.2185  -0.0364   0.1097  -0.2871
 -0.1138   0.6693   0.2618  -0.0234   0.0888  -0.2741
 -0.1696   0.7043   0.2721  -0.0567   0.0813  -0.2779
 -0.1991   0.7069   0.2996  -0.0329   0.0608  -0.2751
 -0.1872   0.7168   0.3357  -0.0579   0.0582  -0.3009
 -0.1895   0.7567   0.3383  -0.0594   0.0644  -0.2936
 -0.1494   0.7573   0.2983  -0.0573   0.1067  -0.3077
 -0.1531   0.7817   0.2942   0.0004   0.0755  -0.3044
