  0.3689  -0.7892   0.1217  -0.0153   0.1261   0.1958
  0.4616  -0.8901   0.2005   0.0242   0.1510   0.2316
  0.4306  -0.9117   0.1619   0.0442   0.1458   0.1973
  0.4327  -0.9001   0.1798   0.0514   0.1456   0.1974
  0.4280  -0.8478   0.1837   0.0829   0.1349   0.1763
  0.4208  -0.8491   0.1621   0.0833   0.1365   0.1739
  0.3981  -0.8553   0.1719   0.0595   0.1379   0.1769
  0.3961  -0.8543   0.1608   0.0646   0.1259   0.1703
  0.3612  -0.8373   0.1413   0.0671   0.1208   0.1591
  0.3398  -0.7984   0.1484   0.0802   0.1160   0.1639
  0.3308  -0.7930   0.1430   0.0624   0.1175   0.1563
  0.3211  -0.7850   0.1466   0.0645   0.1066   0.1655
  0.3085  -0.7946   0.1275   0.0506   0.1015   0.1618
  0.3011  -0.7974   0.1330   0.0670   0.1040   0.1459
  0.2829  -0.7828   0.1342   0.0700   0.1025   0.1589
  0.2784  -0.7464   0.1295   0.0709   0.0927   0.1480
  0.2659  -0.7320   0.1303   0.0803   0.0849   0.1374
  0.2516  -0.7116   0.1316   0.0680   0.0817   0.1479
  0.2420  -0.6530   0.1263   0.0593   0.1009   0.1413
  0.2410  -0.6548   0.1296   0.0695   0.1100   0.1348
  0.2361  -0.6496   0.1300   0.0561   0.1031   0.1344
  0.2289  -0.6488   0.1234   0.0581   0.1010   0.1247
  0.2240  -0.6425   0.1189   0.0458   0.0896   0.1268
  0.2264  -0.6533   0.1355   0.0671   0.0868   0.1073
  0.2258  -0.6422   0.1149   0.0784   0.0887   0.1099
  0.2254  -0.6635   0.1268   0.0959   0.0978   0.0991
  0.2251  -0.6281   0.1243   0.0962   0.0953   0.1038
  0.2144  -0.6249   0.1264   0.0884   0.0874   0.1076
  0.2465  -0.4560   0.1291   0.0066   0.0830   0.1135
  0.2257  -0.4619   0.0941  -0.0312   0.0944   0.1003
  0.2331  -0.4557   0.0538  -0.0230   0.0676   0.0929
  0.2273  -0.3977  -0.0492  -0.0649   0.0561   0.1167
  0.2064  -0.4433  -0.0156  -0.0298   0.0532   0.1164
  0.2027  -0.4481   0.0026  -0.0175   0.0531   0.1152
  0.1914  -0.4289  -0.0095  -0.0340   0.0663   0.1203
  0.1920  -0.4049  -0.0054  -0.0350   0.0584   0.1122
  0.1741  -0.3946  -0.0074  -0.0562   0.0598   0.1029
  0.1714  -0.3979  -0.0156  -0.0684   0.0594   0.1061
  0.1892  -0.3845  -0.0202  -0.0842   0.0537   0.1217
  0.1789  -0.3610  -0.0242  -0.0483   0.0536   0.0946
  0.1482  -0.3530  -0.0175  -0.0563   0.0636   0.1106
  0.1380  -0.3187  -0.0170  -0.0568   0.0596   0.1086
  0.1273  -0.2994  -0.0176  -0.0756   0.0641   0.1187
  0.1211  -0.2858  -0.0441  -0.0888   0.0654   0.1128
  0.1201  -0.2851  -0.0401  -0.0772   0.0668   0.1027
  0.1019  -0.2730  -0.0377  -0.0928   0.0805   0.1129
  0.0968  -0.2823  -0.0285  -0.0717   0.0923   0.1078
  0.0887  -0.2563  -0.0264  -0.0564   0.0914   0.0873
  0.0912  -0.2536  -0.0324  -0.0630   0.0960   0.0849
  0.0962  -0.2533  -0.0318  -0.0535   0.0775   0.0732
  0.0800  -0.2514  -0.0303  -0.0647   0.0836   0.0715
  0.0889  -0.2454  -0.0321  -0.0573   0.0785   0.0712
  0.0742  -0.2299  -0.0279  -0.0523   0.0686   0.0638
  0.0607  -0.2346  -0.0310  -0.0523   0.0541   0.0735
  0.0546  -0.2243  -0.0371  -0.0562   0.0595   0.0728
  0.0501  -0.2342  -0.0341  -0.0488   0.0504   0.0702
  0.0543  -0.2163  -0.0300  -0.0624   0.0269   0.0758
  0.0593  -0.1971  -0.0208  -0.0538   0.0143   0.0574
  0.0355  -0.1984  -0.0277  -0.0383   0.0253   0.0483
  0.0208  -0.1961  -0.0315  -0.0395   0.0108   0.0496
 -0.0107  -0.1774  -0.0431  -0.0662   0.0079   0.0484
 -0.0291  -0.1650  -0.0459  -0.0583  -0.0071   0.0518
 -0.0213  -0.1609  -0.0338  -0.0291   0.0018   0.0385
 -0.0256  -0.1490  -0.0325  -0.0356  -0.0005   0.0442
 -0.0264  -0.1306  -0.0320  -0.0393  -0.0019   0.0435
 -0.0274  -0.1243  -0.0477  -0.0493  -0.0028   0.0489
 -0.0402  -0.1201  -0.0479  -0.0462  -0.0003   0.0498
 -0.0356  -0.1187  -0.0546  -0.0604  -0.0073   0.0677
 -0.0416  -0.1080  -0.0650  -0.0872  -0.0326   0.0654
 -0.0457  -0.1158  -0.0612  -0.0904  -0.0243   0.0681
 -0.0648  -0.0933  -0.0664  -0.1074  -0.0246   0.0823
 -0.0595  -0.0968  -0.0659  -0.0989  -0.0079   0.0773
 -0.0839  -0.0537  -0.0800  -0.1235  -0.0019   0.0866
 -0.0833  -0.0463  -0.0781  -0.0817  -0.0288   0.0481
 -0.1048  -0.0290  -0.0850  -0.1026  -0.0253   0.0706
 -0.1104  -0.0185  -0.0930  -0.0839  -0.0436   0.0681
 -0.1126   0.0012  -0.0794  -0.0827  -0.0455   0.0628
 -0.1254   0.0273  -0.0871  -0.0784  -0.0530   0.0596
 -0.1240   0.0372  -0.0897  -0.1041  -0.0570   0.0624
 -0.1288   0.0489  -0.0823  -0.1131  -0.0655   0.0656
 -0.1374   0.0787  -0.0859  -0.1064  -0.0664   0.0670
 -0.1165   0.0845  -0.0896  -0.1105  -0.0699   0.0649
 -0.1145   0.1024  -0.0864  -0.0828  -0.0818   0.0346
 -0.1138   0.1268  -0.0852  -0.0966  -0.0961   0.0374
 -0.1078   0.1361  -0.0693  -0.0762  -0.0984   0.0360
 -0.1125   0.1603  -0.0867  -0.0827  -0.1039   0.0318
 -0.1047   0.1706  -0.0844  -0.0868  -0.1030   0.0292
 -0.0907   0.1739  -0.0685  -0.0666  -0.1101   0.0254
 -0.0846   0.1917  -0.0719  -0.0897  -0.1135   0.0410
 -0.0778   0.1961  -0.0683  -0.0730  -0.1035   0.0379
 -0.0900   0.2264  -0.0723  -0.0622  -0.0967   0.0195
 -0.0968   0.2267  -0.0662  -0.0352  -0.0973  -0.0105
 -0.1139   0.2430  -0.0850  -0.0667  -0.0910  -0.0170
 -0.1186   0.2500  -0.0815  -0.0378  -0.1042  -0.0252
 -0.1193   0.2557  -0.0862  -0.0556  -0.1023  -0.0108
 -0.1487   0.2897  -0.0807  -0.0842  -0.0897   0.0022
 -0.1250   0.2723  -0.0655  -0.0299  -0.1010  -0.0340
 -0.1462   0.2878  -0.0756  -0.0611  -0.0842  -0.0291
 -0.1454   0.3002  -0.0771  -0.0325  -0.0942  -0.0303
 -0.1458   0.3046  -0.0692  -0.0281  -0.0976  -0.0481
 -0.1572   0.2956  -0.0686  -0.0476  -0.0801  -0.0314
 -0.1472   0.3012  -0.0616  -0.0426  -0.0850  -0.0474
 -0.1522   0.3021  -0.0657  -0.0348  -0.0902  -0.0504
 -0.1499   0.3090  -0.0649  -0.0394  -0.0787  -0.0397
 -0.1270   0.2909  -0.0645  -0.0430  -0.0737  -0.0452
 -0.1352   0.2699  -0.0618  -0.0338  -0.0662  -0.0507
 -0.1181   0.1941  -0.0504  -0.0635  -0.0586  -0.0249
 -0.1142   0.1017  -0.0178  -0.0370  -0.0445  -0.0378
 -0.0891   0.0837   0.0004  -0.0476  -0.0196  -0.0314
 -0.0282   0.0978   0.0271  -0.0316  -0.0120  -0.0500
 -0.0458   0.1757   0.0128  -0.0266  -0.0104  -0.0474
 -0.0374   0.1831   0.0176  -0.0102  -0.0058  -0.0547
 -0.0214   0.1656   0.0279  -0.0070  -0.0035  -0.0535
 -0.0326   0.1867   0.0212  -0.0521   0.0015  -0.0388
 -0.0298   0.1824   0.0202  -0.0290  -0.0083  -0.0503
 -0.0200   0.1812   0.0200  -0.0177   0.0026  -0.0636
 -0.0236   0.1911   0.0245  -0.0012   0.0110  -0.0671
 -0.0117   0.2031   0.0239   0.0260   0.0041  -0.0851
 -0.0152   0.2105   0.0174   0.0463   0.0175  -0.0901
 -0.0068   0.2027   0.0310   0.0589   0.0104  -0.0913
 -0.0271   0.2171   0.0213   0.0363   0.0188  -0.0887
 -0.0230   0.2339   0.0252   0.0445   0.0106  -0.0888
 -0.0348   0.2449   0.0136   0.0352   0.0130  -0.0830
 -0.0298   0.2389   0.0227   0.0464   0.0031  -0.0917
 -0.0485   0.2704   0.0159   0.0328   0.0014  -0.0730
 -0.0559   0.2638   0.0118   0.0429   0.0038  -0.0913
 -0.0607   0.2771   0.0046   0.0599   0.0098  -0.1000
 -0.0636   0.2725   0.0030   0.0394   0.0030  -0.0969
 -0.0927   0.3023  -0.0118  -0.0218   0.0111  -0.0709
 -0.0732   0.2725  -0.0005   0.0366  -0.0123  -0.1034
 -0.0885   0.2898  -0.0245  -0.0019   0.0033  -0.0726
 -0.0798   0.2510  -0.0114   0.0564  -0.0242  -0.0983
 -0.0785   0.2671  -0.0081   0.0356  -0.0131  -0.1021
 -0.0851   0.2990  -0.0047   0.0639  -0.0164  -0.1176
 -0.0882   0.3101  -0.0244   0.0527  -0.0213  -0.1148
 -0.0867   0.3095  -0.0019   0.0592  -0.0281  -0.1176
 -0.0882   0.3264   0.0023   0.0616  -0.0257  -0.1157
 -0.0945   0.3272   0.0006   0.0918  -0.0232  -0.1290
 -0.1032   0.3111  -0.0040   0.1023  -0.0231  -0.1534
 -0.0943   0.3417  -0.0018   0.0839  -0.0185  -0.1443
 -0.0945   0.3534   0.0031   0.0985  -0.0130  -0.1616
 -0.1000   0.3643  -0.0073   0.0913  -0.0202  -0.1456
 -0.1035   0.3661   0.0042   0.0898  -0.0161  -0.1337
 -0.1003   0.3750   0.0055   0.0741  -0.0189  -0.1288
 -0.1079   0.3813   0.0041   0.0705  -0.0099  -0.1204
 -0.1219   0.3914  -0.0009   0.0625  -0.0267  -0.1125
 -0.1402   0.3951  -0.0125   0.0331  -0.0275  -0.1078
 -0.1594   0.3999  -0.0222   0.0315  -0.0406  -0.1064
 -0.1655   0.3957  -0.0240   0.0433  -0.0335  -0.1158
 -0.1572   0.4390  -0.0252   0.0476  -0.0415  -0.1209
 -0.1752   0.4691  -0.0320   0.0307  -0.0370  -0.1047
 -0.1749   0.4860  -0.0228   0.0788  -0.0513  -0.1292
 -0.1628   0.4706  -0.0280   0.0866  -0.0372  -0.1375
 -0.1581   0.4043  -0.0233   0.1082  -0.0335  -0.1599
 -0.1729   0.4289  -0.0245   0.1150  -0.0341  -0.1578
 -0.1753   0.4541  -0.0211   0.0876  -0.0451  -0.1476
 -0.1783   0.4492  -0.0232   0.0592  -0.0450  -0.1335
 -0.1617   0.4813  -0.0199   0.0693  -0.0490  -0.1400
 -0.1758   0.4701  -0.0369   0.0457  -0.0331  -0.1216
 -0.1825   0.4641  -0.0276   0.0579  -0.0430  -0.1401
 -0.1882   0.4944  -0.0351   0.0661  -0.0333  -0.1568
 -0.1501   0.5047   0.0124   0.0433  -0.0888  -0.1415
 -0.1222   0.5174   0.0382   0.0562  -0.1144  -0.1366
 -0.1574   0.4972   0.0109   0.0735  -0.0665  -0.1381
 -0.1647   0.5055   0.0355   0.0900  -0.0667  -0.1463
 -0.1881   0.5244   0.0218   0.0907  -0.0724  -0.1553
 -0.1892   0.5225   0.0169   0.0981  -0.0776  -0.1579
 -0.1882   0.5336   0.0053   0.0897  -0.0859  -0.1391
 -0.1893   0.5519   0.0176   0.0742  -0.0883  -0.1406
 -0.1714   0.5360   0.0078   0.0570  -0.0909  -0.1416
 -0.1886   0.5619  -0.0016   0.0207  -0.0745  -0.1275
 -0.1858   0.5555   0.0150   0.0998  -0.0751  -0.1619
 -0.1674   0.5685   0.0242   0.0762  -0.0575  -0.1566
 -0.1376   0.5688   0.0331   0.0870  -0.0531  -0.1771
 -0.1398   0.5680   0.0163   0.0884  -0.0473  -0.1782
 -0.1416   0.5553   0.0369   0.0851  -0.0470  -0.1741
