 -0.4618   2.7912  -0.0034  -6.4156  -0.1467   1.7725
 -0.2794   4.6223  -0.0260 -10.4202   0.6278   3.1120
  0.0815  -0.0614  -1.7289  -1.8938  -0.3815   3.0714
 -0.9319   2.5897  -2.3924  -0.1169  -1.6877   1.8244
  0.3242  -2.9737  -0.3702   3.8274  -1.5528   7.4259
 -0.6371   1.3052  -0.4444  -0.3486  -1.4076   4.8298
  0.0819   4.1826   0.3577  -4.4138   0.0587   0.8914
  0.3596   1.9529  -0.0239  -4.1013  -0.1222   0.9628
 -0.0521   3.1912  -0.2546  -5.1581  -0.2562   1.5178
  0.0668   2.8624  -0.2923  -5.1985  -0.3555   1.2661
 -0.3711   2.5400  -0.4384  -3.9102  -0.4500   1.1012
  0.2695  -1.3944  -1.5956   2.3417  -1.0263  -0.3897
  1.2717  -2.3266  -2.6406   4.6567  -1.2100  -0.0118
  0.8725  -1.6609  -2.5059   3.9704  -1.3376   0.5407
  0.3634   5.4808  -0.5447  -3.5974  -0.6545   0.2538
  0.0677   9.9231   0.7976  -9.1126  -0.2517   1.5339
  0.4232   8.6186   0.5537  -8.3613   0.0079   1.0757
  0.6488   7.3477   0.4478  -8.2551   0.1650   1.2338
  0.4609   7.0519   0.2772  -7.8979   0.0635   1.1382
  0.5092   6.8540   0.3484  -8.0995   0.0201   1.2185
  0.4781   5.6806   0.1334  -7.2543   0.1482   1.2359
  0.1339   2.0108   0.0790  -3.6381  -0.1358   0.3137
 -0.1903   1.7651  -0.5725  -2.3635  -0.3860  -0.1328
 -0.0736   1.9296  -0.6188  -2.7058  -0.2197   0.3972
 -0.1187   1.6089  -0.7078  -2.7579  -0.4299   0.3868
 -0.0925   1.3129  -0.7232  -2.3701  -0.4091   0.3618
 -0.1231   1.7978  -0.7005  -3.3210  -0.5165   0.6646
 -0.1677   2.0018  -0.6965  -4.4197  -0.5567   1.0929
 -0.1663   2.3131  -0.7344  -4.5168  -0.5636   0.8520
 -0.2150  -2.8985  -0.0900  -0.0645  -0.6655   0.9893
  0.2727  -4.9541   0.2549   3.2410  -0.0012   1.9213
  0.5320  -0.8623   0.2334  -1.2996   0.2097   1.1325
  0.4086  -1.5141   0.2069  -0.2619   0.0987   0.8824
  0.4632  -1.3157   0.2108  -0.8943   0.1393   1.0588
  0.3220  -2.1612   0.1022  -0.2364  -0.0229   0.9276
  0.2925  -1.7550  -0.0566  -0.9019  -0.0872   1.1672
  0.2899  -2.1729  -0.0128  -0.4231  -0.0878   1.0573
  0.3371  -1.7510   0.0132  -0.8729  -0.0628   1.1304
  0.2849  -2.0992  -0.0028  -0.3794  -0.0892   1.0333
  0.3092  -1.8093  -0.0351  -0.9040  -0.0976   1.2381
  0.2898  -2.2581   0.0376  -0.4147  -0.1143   0.9615
  0.2424   0.1056   0.3823  -1.9524   0.0009   0.8882
  0.0126   3.1477   0.8914  -3.1793   0.1080   0.3498
 -0.1114   4.0838   1.0895  -3.9365   0.0535   0.2211
 -0.1349   3.3998   0.8101  -3.1834   0.0307   0.1690
  0.2189   1.3336   0.1529  -2.4641   0.0859   0.5462
  0.3554  -0.2862  -0.1163  -1.5615   0.1308   0.4564
  0.4009  -0.4477  -0.0479  -1.9102   0.1465   0.9272
  0.3910  -0.9122  -0.0127  -1.4818   0.1448   0.6678
  0.3647  -0.8642  -0.0546  -1.6022   0.0889   1.1361
  0.4292  -3.6140   0.2292   1.2711   0.3039   0.9118
  0.7382  -3.0561  -0.1808   0.1129   0.0210   1.3736
  0.3778   0.2208  -0.6713  -1.5669  -0.5104   1.2294
 -0.6572   3.5830  -0.6470  -2.2762  -0.9742   0.6065
 -0.2578   6.6209  -0.0589  -5.6721  -0.5204   0.8215
 -0.5115   4.5548   0.2047  -6.5820  -0.5918   2.6572
 -0.1236  -5.2221   0.9069  -1.5071  -0.2928   2.6606
  0.5799  -4.2207   0.9154  -2.5739   0.2347   2.2047
  0.7038  -2.4095   0.5190  -3.9992   0.1109   2.6429
  0.7296  -2.8944   0.6038  -3.0305   0.1520   1.9317
  0.6948  -2.9495   0.5049  -2.0285   0.1640   1.8245
  0.4840  -3.5150   0.4872  -1.2513   0.1671   1.5552
  0.4295  -3.4875   0.3719  -1.0391   0.0386   1.6133
  0.4968  -3.4794   0.3746  -1.2113   0.0405   1.6022
  0.4402  -3.4096   0.3341  -1.2017  -0.0387   1.6742
  0.4841  -3.3737   0.3450  -1.3019  -0.0063   1.6367
  0.4357  -3.4283   0.2756  -1.2218  -0.0558   1.7275
  0.4642  -3.7325   0.2211  -1.4096  -0.0483   1.9508
 -0.2837  -5.9506  -0.2530   1.7944  -0.5724   1.9249
 -0.9781  -5.0172  -1.8144   4.3272  -2.0645   0.8048
 -1.3529  -5.4462  -1.8843   5.7549  -2.6243   1.0398
 -1.1549  -5.7340  -0.6665   2.7299  -1.4298   1.8652
 -0.5493  -2.3280  -0.6945  -2.4525  -1.0183   2.2214
 -0.6501  -2.2054  -0.8453  -1.9480  -1.1223   1.5500
 -0.4987  -2.1326  -0.8230  -2.1251  -1.1001   1.6997
 -0.5761  -2.2648  -0.8364  -2.0385  -1.1429   1.5104
 -0.5849  -2.0532  -0.8530  -2.0877  -1.1811   1.6583
 -0.6297  -2.3544  -0.8436  -2.1986  -1.2072   1.5785
 -0.6462  -1.7097  -0.7125  -1.1846  -1.0134   1.2875
 -0.7733  -3.8380   0.2733   5.5595  -0.0666  -0.3851
 -0.6208  -3.2303  -0.5276   8.4972  -0.4634  -1.0575
 -0.4282  -2.8112  -1.0000   3.9192  -0.6479   0.5062
  0.0818  -0.3914   0.0986  -3.6834   0.1976   1.7860
  0.2931  -0.3802  -0.0751  -3.7829   0.3108   1.9237
  0.3594  -0.7290   0.0675  -3.6416   0.3151   1.5258
  0.4474  -0.9334  -0.0109  -3.2555   0.3442   1.5121
  0.4362  -0.9063   0.0007  -3.5262   0.2937   1.5722
  0.4649  -0.9494   0.0084  -3.2457   0.3366   1.4975
  0.4567  -0.9192  -0.0196  -3.4110   0.2783   1.5746
  0.4972  -1.0734   0.0312  -2.9267   0.3924   1.4918
  0.3272  -2.2536  -0.0750  -0.5372   0.2757   1.0647
  0.2394  -2.5222  -1.1530   2.1340   0.0955   0.0733
 -0.0611   1.0555  -1.6741  -0.2235  -0.1275   0.2770
 -0.0276   5.2170  -2.2840  -5.4261   0.0233   1.2757
 -0.6752  11.0656  -0.4794  -8.3882  -0.0890   1.4495
 -0.6976   0.5816   0.0756  -3.0574  -0.3455   0.3148
 -0.3113  -5.8338  -1.2326   3.4384  -0.1799   1.4441
 -0.3664  -4.3897  -0.7077   0.5761   0.1047   1.7921
  1.0695   6.7927   1.4584  -7.9739   1.2489   1.0473
  1.0109   7.5995   1.0249  -7.8142   1.0204   1.2636
  1.2449   5.6287   0.7638  -7.5732   1.1107   1.0699
  1.0640   5.6347   0.3072  -7.4359   0.9393   1.2142
  1.1133   5.2360   0.3977  -7.4566   1.0226   1.1784
  1.0974   5.3247   0.4834  -7.3085   0.9690   1.2220
  1.1571   5.0271   0.4765  -7.4235   1.0145   1.2280
  1.0120   5.2029   0.3002  -7.3079   0.8734   1.2284
  1.1307   4.9804   0.3579  -7.5717   1.0054   1.3689
  0.8365   4.3533   0.1436  -6.2727   0.6979   0.7704
  0.7466   2.2770   0.0751  -3.0794   0.7635   0.0692
  0.3043   1.0764  -0.3641  -1.0531   0.2642  -0.5157
  0.3107  -3.3147  -0.3001   4.1065   0.2554  -0.8149
  0.3249  -7.7906   0.5076   6.8701   0.5370   0.4981
  0.2262  -1.0761   0.2713   0.0125   0.3147   0.2867
  0.4158   0.8296   0.1781  -2.3529   0.3992   0.9221
  0.4580   0.3735   0.0339  -1.4290   0.3206  -0.0706
  0.4177   0.3147  -0.0612  -1.3249   0.2663   0.1946
  0.3973  -0.3796  -0.1321  -0.5372   0.2389  -0.0603
  0.4348   0.5184  -0.1698  -1.6680   0.2257   0.1819
  0.2154  -0.3084  -0.1807   0.6148   0.3125  -0.0491
  0.8482  -7.5348   0.4577   7.7931   0.7460   1.4292
  1.8666  -7.3594   1.6102   7.2326   1.4339   1.4441
  1.3223  -3.6225   1.4395   1.6230   1.4165   1.9646
  1.4507  -2.6038   0.5232  -1.0726   1.0605   1.1454
  0.9674  -2.1857   0.5347  -1.0687   0.7173   1.4147
  1.6336  -4.7294   0.8809   2.5547   1.1709   0.2721
  0.8876  -4.0743  -2.2175   4.7474  -1.2628   0.9462
 -0.3856  -1.7171  -3.6158   3.5139  -1.8424   0.3040
  0.4829   3.9180   0.7383  -1.0654   0.9969  -0.0747
 -0.0069  11.5346   0.6525  -7.1509  -0.0533  -0.3912
 -1.1717  13.8359   0.9492  -7.2350  -0.4703  -0.9547
 -0.0963  -0.2389   0.5284   1.2186   0.1920  -1.2497
 -0.0260  -0.4286  -0.7110   8.3684   0.8807  -1.9762
 -1.2581  -1.5067  -1.8725  11.7194  -0.5792  -1.6608
 -1.0982   0.0709  -1.1197   2.2112  -1.4209  -1.0426
 -0.8195   1.2312  -1.0358   0.4711  -0.9038  -0.0463
 -0.8335   0.5277  -1.0324   0.6401  -1.0265  -0.8061
 -0.8579   0.7611  -1.1566   0.3243  -1.0400  -0.2710
 -0.8638   0.4478  -1.1396   0.5466  -1.0649  -0.6688
 -0.9138   0.6791  -1.2560   0.4279  -1.1064  -0.2841
 -0.7382  -0.1134  -1.1251   1.8135  -0.9896  -0.9537
 -0.6690  -0.1575  -1.1345   2.3045  -0.9346  -0.8905
 -0.6707  -0.5517  -0.8624   2.0737  -0.8409  -0.9309
 -0.3869   3.4663   0.2793  -0.9358  -0.1607  -1.2266
 -0.4042   6.8544   0.2101  -2.2140   0.0463  -1.8307
 -0.4583   6.2559   0.0468  -2.1343  -0.1123  -1.8184
 -0.5796   7.0496   0.0753  -2.1052  -0.0395  -2.1601
  0.0345  12.4687   1.1156  -3.3974   0.7942  -4.1538
  0.4230  14.5037   0.9498  -4.1157   1.1015  -4.7893
  0.1036  14.2548   0.8057  -3.9789   0.8301  -4.8923
  0.2270  14.3996   0.6097  -4.1539   0.9537  -4.7018
  0.0670  14.2233   0.4667  -4.0925   0.8395  -4.7860
  0.1530  14.1822   0.3599  -4.1044   0.8860  -4.8015
  0.0503  13.9669   0.2317  -3.9656   0.7802  -4.7661
  0.1521  13.9695   0.0840  -4.0890   0.8844  -4.6319
  0.0635  13.7694   0.0520  -4.0010   0.7765  -4.7151
  0.0820  13.8533  -0.0793  -4.1052   0.8004  -4.6682
 -0.0504  13.4817  -0.1081  -3.8692   0.6626  -4.6342
 -0.0087  13.7716  -0.1975  -4.1947   0.7382  -4.4905
 -0.0008  13.2154  -0.0535  -3.8181   0.6386  -4.6303
  0.1932  13.5525  -0.1576  -4.0195   0.8177  -4.6356
 -0.2616  10.5028  -0.0340  -2.5135   0.2798  -3.8974
 -0.2627   9.0889  -0.5097  -2.0404   0.3019  -3.2435
  0.2974  14.9630   0.4489  -4.1532   1.0518  -5.2285
  1.5982  15.4362   0.9418  -5.7779   1.9899  -3.9764
  2.5804   2.4668   2.3720   3.5200   3.2352  -2.3813
  0.5800  -3.1730   1.0624   9.3785   2.0372   1.5956
  0.1077   1.5031   1.4083   0.3120   1.0148   0.1012
 -0.0288   1.8849   0.9323   0.1904   0.6704  -0.5104
 -0.1251   0.5779   0.6740   0.3191   0.5355   0.0122
  0.1612  -0.8563   0.7837   1.2345   0.6501   0.0783
  0.2313  -0.4608   0.7939   0.7230   0.7182   0.1590
  0.2291  -0.7526   0.7394   1.0638   0.6255   0.0778
  0.1190  -0.5280   0.7330   0.7119   0.5931   0.1713
  0.1577  -0.7210   0.6223   0.9665   0.5584   0.1413
  0.1623  -0.6040   0.7752   0.7568   0.5334   0.1699
  0.0724  -0.7621   0.5823   0.8800   0.4289   0.2174
  0.0536  -0.5773   0.5185   0.4497   0.4577   0.3998
  0.0559  -0.7248   0.5192   0.7366   0.3792   0.1926
  0.0762  -0.5473   0.5436   0.5159   0.4436   0.3603
  0.1785  -0.7144   0.5844   0.7011   0.4509   0.2263
  0.1100  -0.5652   0.5416   0.5778   0.4301   0.2881
  0.0838  -0.7023   0.5156   0.6777   0.3669   0.2871
  0.1032  -0.6368   0.5731   0.5332   0.4443   0.2808
  0.1106  -0.6379   0.5060   0.8377   0.3948   0.1605
  0.0550  -2.5346   0.7744   4.2518   0.7842  -0.1469
  0.0154  -4.4125  -0.3404   8.4476  -0.4719  -1.0675
 -1.2625  -6.4330  -1.8710  10.3540  -3.0011  -0.6199
 -1.9018  -3.8598  -1.5079   8.8284  -2.2668   0.0111
 -1.9953   1.6607  -1.1598   1.6751  -2.0942  -0.1124
 -2.2338   6.3898  -0.1623  -1.4453  -1.7747  -0.5291
 -1.7850   9.8427   0.7532  -3.6393  -0.8113  -1.3807
 -1.2341   5.0444   0.8321   0.4102  -0.6183  -3.1203
 -0.5550   4.3681   0.5023   0.8027  -0.0946  -2.7709
 -0.4934   5.9855   0.1402  -1.1326   0.0588  -2.0797
 -0.4601   5.0596   0.1982  -0.7385  -0.0296  -2.2133
 -0.4447   4.4419   0.1874  -0.5364  -0.0172  -1.7298
 -0.1476   1.6352   0.3462   0.4836   0.0876  -1.0894
 -0.0593   1.3212   0.2821   0.5110   0.1415  -1.0380
 -0.1210   1.1854   0.1692   0.6506   0.0454  -1.0302
 -0.1868   1.2535  -0.0697   0.9108  -0.0797  -1.1169
 -0.2657   1.0872  -0.0853   0.8599  -0.1116  -1.0219
 -0.2516   1.1413  -0.1387   0.9470  -0.1053  -1.1375
 -0.2530   1.0450  -0.1379   0.7504  -0.1040  -0.9614
 -0.2706   1.0581  -0.2061   0.8266  -0.1340  -0.9488
 -0.2462   0.9836  -0.1116   0.6656  -0.1332  -0.9896
 -0.3390   1.0066  -0.2558   1.4136  -0.1466  -1.1235
 -0.4783  -0.2979  -0.2816   3.5531  -0.1413  -1.4357
 -0.5085  -0.5295  -0.2560   3.5747  -0.1333  -1.4949
 -0.4929  -0.3469  -0.2141   3.4636  -0.1568  -1.3395
 -0.4673  -0.8331  -0.1982   3.8341  -0.1481  -1.4873
 -0.4988  -0.5068  -0.2446   3.5046  -0.1875  -1.3540
 -0.4626  -1.1303  -0.2479   3.8049  -0.1828  -1.3080
 -0.4695  -0.1458  -0.0880   3.2771  -0.1100  -1.4134
 -0.4138  -0.0398  -0.0640   2.9915  -0.0593  -1.5268
 -0.3943   0.0605  -0.2096   1.7799  -0.2453  -0.9543
 -0.3946   0.3292  -0.2226   1.5425  -0.2611  -0.9770
 -0.4213   0.3621  -0.2643   1.3589  -0.2738  -0.9353
 -0.4001  -0.0094  -0.2232   2.0410  -0.1791  -1.0793
 -0.4113  -0.4265  -0.2020   2.6723  -0.1573  -1.2379
 -0.4265  -0.4320  -0.2232   2.7156  -0.1683  -1.1723
 -0.4339  -0.4275  -0.2319   2.6338  -0.1725  -1.1021
 -0.3749  -0.5035  -0.1632   2.7827  -0.1174  -1.2039
 -0.4096  -0.4116  -0.1822   2.6804  -0.1453  -1.1442
 -0.4112  -0.5113  -0.1679   2.7517  -0.1293  -1.1300
 -0.3948  -0.3807  -0.1464   2.5409  -0.1354  -1.1734
 -0.4184  -0.4953  -0.1753   2.8175  -0.1395  -1.1951
 -0.3713  -0.3620  -0.1837   2.2887  -0.1604  -0.9919
 -0.3096  -0.2401  -0.0765   1.7135  -0.1507  -0.8945
 -0.3250   0.0172  -0.1910   1.5556  -0.1827  -0.7729
 -0.2784  -0.1960  -0.1766   1.6172  -0.1578  -0.9582
 -0.3256  -0.0040  -0.2380   1.8340  -0.1767  -0.7534
  0.0939  -4.3621   0.1534   5.1383   0.2599  -0.0188
 -0.1749  -4.5473   0.1708   5.1953   0.1612  -0.0153
 -0.3159  -2.8661  -0.0585   3.8318  -0.1136  -0.2995
 -0.2047  -2.6412  -0.1177   3.1784  -0.1420  -0.1949
 -0.2138  -1.7894  -0.2340   2.2795  -0.2419  -0.2083
 -0.1850  -2.0411  -0.1724   2.5082  -0.1947  -0.3476
 -0.2336  -1.7407  -0.2167   2.2125  -0.2431  -0.2248
 -0.2028  -1.9956  -0.1802   2.3748  -0.2105  -0.2978
 -0.2210  -1.8468  -0.2121   2.3772  -0.2271  -0.2599
 -0.2278  -1.8549  -0.2080   2.1491  -0.2221  -0.2258
 -0.2477  -1.8011  -0.2445   2.1793  -0.2328  -0.2271
 -0.1885  -1.8619  -0.1950   2.2013  -0.2102  -0.3048
 -0.2361  -1.7948  -0.2440   2.2423  -0.2498  -0.2344
 -0.2027  -1.8462  -0.2526   2.1804  -0.2422  -0.2492
 -0.2285  -1.8112  -0.2458   2.2251  -0.2606  -0.2749
 -0.2362  -1.8453  -0.2336   2.2138  -0.2466  -0.2517
 -0.2245  -1.8376  -0.2607   2.2549  -0.2492  -0.2282
 -0.2047  -1.8016  -0.2363   2.2226  -0.2554  -0.3212
 -0.2481  -1.8104  -0.2595   2.2680  -0.2704  -0.2261
 -0.2152  -1.7759  -0.2240   2.0889  -0.2351  -0.2884
 -0.2190  -1.8090  -0.2622   2.2675  -0.2753  -0.2536
 -0.1965  -1.7300  -0.2231   2.0976  -0.2538  -0.2882
 -0.1752  -1.8828  -0.2175   2.4042  -0.2308  -0.2406
 -0.1456  -1.5643  -0.2304   1.8010  -0.2096  -0.2390
  0.0677  -4.4254   0.3027   5.7885   0.1719  -0.4427
  1.1819  -7.2839   1.7591  10.4016   2.1139   0.7735
  1.1997  -4.9558   1.3382   5.6015   1.6637   0.4147
  1.2176  -4.2355   1.3586   3.3191   1.4868   0.5758
  0.7657  -1.3363   1.2968   1.8639   1.2264  -0.2975
  0.8591  -0.6540   1.3672   1.3488   1.3615  -0.2385
