  0.0534  -0.0098  -0.0305  -0.0376   0.0192  -0.0063
  0.0692  -0.0630  -0.1312   0.0447   0.0012  -0.0353
  0.0484  -0.0494  -0.0449   0.0241   0.0065  -0.0177
  0.0258  -0.0435  -0.0505   0.0080  -0.0164   0.0230
  0.0269  -0.0364  -0.0315  -0.0371  -0.0121  -0.0137
  0.0173  -0.0377  -0.0245  -0.0689  -0.0178  -0.0051
  0.0113  -0.0580  -0.0067  -0.0445  -0.0153  -0.0546
  0.0016  -0.0612   0.0094  -0.0177  -0.0343  -0.0076
  0.0252  -0.0225   0.0251  -0.0710  -0.0107   0.0460
  0.0248  -0.0126   0.0157  -0.0746  -0.0060   0.0340
  0.0101  -0.0447  -0.0090  -0.0432  -0.0186  -0.0951
  0.0252  -0.0757  -0.0404  -0.0176  -0.0065  -0.0622
  0.0475  -0.0094  -0.0269  -0.0860  -0.0041  -0.0199
  0.0181  -0.0178  -0.0652  -0.0975  -0.0037   0.0377
 -0.0183   0.0096  -0.0817  -0.0471   0.0067  -0.1748
 -0.0278   0.0212  -0.0296   0.1289   0.0159  -0.0254
 -0.0147   0.0159   0.0138   0.1456   0.0146   0.1654
  0.0179   0.0655   0.0703   0.1485   0.0453  -0.0156
  0.0235   0.0639   0.0787   0.1176   0.0482   0.0539
  0.0227   0.0379   0.1125   0.1277   0.0566  -0.0325
  0.0304   0.0116   0.0985   0.0478   0.0539   0.0410
  0.0465   0.0604   0.1015  -0.0606   0.0549  -0.0465
  0.0148   0.0737   0.0959  -0.0998   0.0241   0.0789
 -0.0178   0.0579   0.0978  -0.0187  -0.0089  -0.0318
 -0.0151   0.1184   0.1297  -0.0215   0.0110  -0.0220
 -0.0234   0.1518   0.1544  -0.0567  -0.0051   0.0691
 -0.0065   0.1082   0.1528  -0.0308   0.0112   0.0281
 -0.0140   0.0778   0.1260  -0.0644  -0.0125   0.0150
 -0.0211   0.0508   0.1238  -0.0570   0.0004  -0.0050
 -0.0092   0.0267   0.1147  -0.0072   0.0136  -0.0321
 -0.0051   0.0613   0.1079  -0.0382   0.0177   0.0152
 -0.0190   0.0541   0.0708  -0.0691   0.0012   0.0092
  0.0277   0.0572   0.0840  -0.0838   0.0392   0.0082
  0.0182   0.0672   0.0178  -0.1010   0.0120   0.0097
  0.0119   0.0177  -0.0188  -0.0879  -0.0080  -0.0288
  0.0240   0.0058  -0.0133  -0.0828   0.0174  -0.0677
  0.0164   0.0312   0.0126  -0.0729   0.0262  -0.0157
  0.0340   0.0232   0.0111  -0.1249   0.0278  -0.0422
  0.0563   0.0575  -0.0072  -0.1911   0.0273   0.0451
  0.0989  -0.0274  -0.0275  -0.1668   0.0514  -0.0513
  0.0837  -0.0658  -0.0706  -0.1372   0.0361  -0.1065
  0.0911   0.0135  -0.0459  -0.3855   0.0127   0.0128
  0.0892   0.0436  -0.0331  -0.6073   0.0048   0.0144
  0.0796   0.0372  -0.0396  -0.4937   0.0023   0.0047
  0.0625   0.0438  -0.0355  -0.4338   0.0000  -0.0175
  0.0735   0.0170  -0.0134  -0.3258   0.0208  -0.0420
  0.0389   0.0397   0.0061  -0.2822   0.0194  -0.0043
  0.0343   0.0691   0.0400  -0.2505   0.0255   0.0310
  0.0319   0.1097   0.0922  -0.2638   0.0252   0.0303
  0.0211  -0.0764   0.0633   0.0270   0.0563  -0.1195
 -0.0720   0.1250   0.1598   0.3499   0.1000  -0.0122
 -0.1037   0.2478   0.2404   0.6892   0.1521   0.1312
  0.0642   0.0886   0.2445   0.6372   0.1581   0.1676
 -0.0048   0.1157   0.4217   0.6086   0.1307  -0.0165
  0.0186   0.0104   0.1141   0.5352   0.0838   0.0316
 -0.0477  -0.0905  -0.2168   0.3846  -0.0796   0.0434
 -0.0552  -0.0326  -0.1081   0.1819  -0.1152   0.0592
 -0.0864  -0.0417  -0.2345   0.1631  -0.0703  -0.0189
 -0.0417   0.0341  -0.1161   0.0216  -0.0040   0.1122
 -0.0401   0.0478  -0.0870   0.0027   0.0103   0.0819
 -0.0639  -0.0739  -0.1792   0.0022  -0.0917   0.0251
 -0.0506  -0.0069  -0.1720  -0.0406  -0.0595   0.0355
 -0.0635  -0.0540  -0.1429   0.0448  -0.0667  -0.0805
 -0.0687  -0.0087  -0.0645   0.0924  -0.0465  -0.0206
 -0.0646  -0.0450  -0.0327   0.0699  -0.0595   0.0088
 -0.0431  -0.0592  -0.0391   0.0465  -0.0172  -0.0257
 -0.0379  -0.0935  -0.0552   0.0867  -0.0195  -0.0436
 -0.0459  -0.0833  -0.0697   0.0649  -0.0277   0.0074
 -0.0363  -0.1022  -0.0663   0.0541  -0.0238   0.0334
 -0.0513  -0.1165  -0.0797   0.0781  -0.0545   0.0011
 -0.0411  -0.1428  -0.0721   0.1209  -0.0460  -0.0481
 -0.0486  -0.1231  -0.0294   0.1471  -0.0368  -0.0327
 -0.0508  -0.1012  -0.0568   0.0895  -0.0600   0.0313
 -0.0422  -0.0772  -0.0728   0.0504  -0.0612  -0.0346
 -0.0426  -0.0946  -0.0857   0.0093  -0.0577  -0.0444
 -0.0634  -0.0527  -0.0960  -0.0544  -0.0990   0.0837
 -0.0390  -0.0666  -0.0614   0.0068  -0.0756  -0.0459
 -0.0419  -0.0836  -0.0486   0.0795  -0.0595   0.0017
