  0.0225  -0.2111  -0.0232   0.2045  -0.0168  -0.3426
 -0.0034  -0.2139  -0.0264   0.2339  -0.0250  -0.2896
  0.0004  -0.2325  -0.0188   0.2340  -0.0260  -0.3000
  0.0036  -0.2567  -0.0215   0.2685  -0.0220  -0.2672
  0.0019  -0.3003  -0.0151   0.2839  -0.0208  -0.2649
  0.0043  -0.2607  -0.0173   0.2682  -0.0200  -0.2576
  0.0060  -0.2749  -0.0185   0.2806  -0.0225  -0.2732
  0.0155  -0.2654  -0.0215   0.2619  -0.0112  -0.2808
  0.0064  -0.2822  -0.0215   0.2852  -0.0141  -0.2710
 -0.0026  -0.2509  -0.0134   0.2578  -0.0173  -0.2709
  0.0112  -0.2935  -0.0161   0.2746  -0.0079  -0.2762
  0.0042  -0.3392  -0.0112   0.2943  -0.0156  -0.2898
  0.0236  -0.3628  -0.0155   0.3258  -0.0106  -0.2417
  0.0261  -0.2908  -0.0075   0.2435  -0.0138  -0.2508
  0.0060  -0.2860  -0.0036   0.2238  -0.0271  -0.2963
  0.0058  -0.3031  -0.0138   0.2499  -0.0248  -0.2785
 -0.0060  -0.3201  -0.0120   0.2475  -0.0323  -0.3053
  0.0032  -0.3429  -0.0087   0.2688  -0.0291  -0.2954
  0.0021  -0.3240  -0.0041   0.2480  -0.0248  -0.3167
  0.0084  -0.3116  -0.0154   0.2580  -0.0247  -0.3079
  0.0028  -0.3477  -0.0193   0.2644  -0.0312  -0.3002
  0.0133  -0.3039  -0.0153   0.2493  -0.0221  -0.2723
  0.0141  -0.2853  -0.0149   0.2310  -0.0204  -0.2583
  0.0248  -0.3113  -0.0277   0.2444  -0.0086  -0.2649
  0.0260  -0.3161  -0.0239   0.2363  -0.0066  -0.2462
  0.0243  -0.3420  -0.0105   0.2660  -0.0190  -0.2305
  0.0235  -0.3016  -0.0195   0.2375  -0.0077  -0.2096
  0.0258  -0.3389  -0.0215   0.2878  -0.0016  -0.2236
 -0.0074  -0.3251  -0.0015   0.2373  -0.0030  -0.1845
 -0.0014  -0.3159  -0.0175   0.2383  -0.0018  -0.1495
  0.0183  -0.3529  -0.0400   0.3024  -0.0100  -0.2273
  0.0202  -0.3270  -0.0342   0.2663  -0.0108  -0.2026
  0.0164  -0.3286  -0.0305   0.3421  -0.0048  -0.1651
  0.0127  -0.3856  -0.0261   0.3632  -0.0066  -0.1747
  0.0147  -0.3898  -0.0262   0.3782  -0.0076  -0.1747
  0.0151  -0.4591  -0.0297   0.4336  -0.0132  -0.1548
  0.0175  -0.4587  -0.0323   0.4550  -0.0096  -0.1261
  0.0180  -0.4429  -0.0338   0.4616  -0.0101  -0.1262
  0.0160  -0.4275  -0.0254   0.4582  -0.0056  -0.1198
  0.0210  -0.4199  -0.0243   0.4482  -0.0137  -0.1460
  0.0260  -0.3988  -0.0332   0.4422  -0.0096  -0.1419
  0.0273  -0.4063  -0.0312   0.4464  -0.0084  -0.1268
  0.0237  -0.4260  -0.0304   0.4509  -0.0143  -0.1164
  0.0248  -0.4009  -0.0380   0.4369  -0.0156  -0.0929
  0.0264  -0.3915  -0.0330   0.4514  -0.0109  -0.0963
  0.0301  -0.3690  -0.0358   0.4372  -0.0101  -0.1082
  0.0252  -0.3539  -0.0393   0.4310  -0.0096  -0.0975
  0.0285  -0.3248  -0.0514   0.3994  -0.0155  -0.0928
  0.0241  -0.3287  -0.0466   0.3951  -0.0144  -0.0956
  0.0371  -0.1732  -0.0368   0.1628  -0.0146  -0.1626
  0.0261   0.5942  -0.0005  -0.7817  -0.0140  -0.3745
  0.0414   0.6761   0.0164  -0.9494   0.0039  -0.3768
  0.0421   0.4134   0.0201  -0.6576   0.0005  -0.2841
  0.0205   0.4161   0.0448  -0.6039  -0.0003  -0.2685
  0.0282   0.4392   0.0355  -0.5791  -0.0028  -0.2591
  0.0250   0.4808   0.0361  -0.5927  -0.0035  -0.2646
  0.0264   0.3934   0.0336  -0.5432  -0.0038  -0.2619
  0.0173   0.3987   0.0319  -0.5270  -0.0047  -0.2469
  0.0280   0.4072   0.0204  -0.5233  -0.0032  -0.2337
  0.0306   0.4005   0.0162  -0.4974   0.0021  -0.2349
  0.0235   0.3927   0.0133  -0.4391   0.0034  -0.2293
  0.0288   0.4199   0.0061  -0.4560   0.0044  -0.2156
  0.0252   0.3970   0.0088  -0.4536  -0.0021  -0.2197
  0.0177   0.4423   0.0038  -0.4731  -0.0065  -0.2119
  0.0286   0.4076   0.0184  -0.4513  -0.0033  -0.1808
  0.0223   0.3909   0.0174  -0.4491  -0.0037  -0.1832
  0.0190   0.3947   0.0160  -0.4356  -0.0049  -0.1950
  0.0217   0.3948   0.0129  -0.4192  -0.0041  -0.1824
  0.0229   0.3847   0.0237  -0.4206  -0.0079  -0.1794
  0.0169   0.2748   0.0401  -0.3760  -0.0101  -0.1667
  0.0117   0.2724   0.0323  -0.3687  -0.0096  -0.1643
  0.0057   0.3302   0.0316  -0.4104  -0.0063  -0.1635
  0.0108   0.3203   0.0298  -0.3972  -0.0052  -0.1619
  0.0085   0.3114   0.0306  -0.3983  -0.0001  -0.1624
  0.0112   0.2846   0.0291  -0.3638  -0.0024  -0.1378
  0.0086   0.2628   0.0279  -0.3464  -0.0070  -0.1143
  0.0079   0.2574   0.0255  -0.3107  -0.0037  -0.0959
  0.0014   0.2701   0.0302  -0.3139  -0.0044  -0.1020
  0.0006   0.2697   0.0344  -0.3199   0.0015  -0.0861
 -0.0014   0.2462   0.0323  -0.2905   0.0051  -0.0900
 -0.0061   0.2570   0.0201  -0.3060   0.0005  -0.0885
 -0.0031   0.2648   0.0114  -0.3020   0.0032  -0.0947
  0.0033   0.2616   0.0134  -0.2943   0.0094  -0.0965
 -0.0027   0.1751   0.0208  -0.2731   0.0045  -0.0771
 -0.0062   0.1439   0.0187  -0.2633   0.0038  -0.0561
 -0.0003   0.2276   0.0195  -0.3026   0.0051  -0.0570
 -0.0040   0.2162   0.0202  -0.3001   0.0090  -0.0562
  0.0032   0.1358   0.0233  -0.2299   0.0050  -0.0443
 -0.0125   0.1800   0.0150  -0.2355   0.0066  -0.0281
 -0.0214   0.1305   0.0256  -0.0735   0.0152   0.0383
 -0.0250   0.0737   0.0178   0.0356   0.0226   0.0494
 -0.0255   0.0757   0.0212   0.0202   0.0239   0.0472
 -0.0214   0.0506   0.0226   0.0417   0.0266   0.0601
 -0.0263   0.0737   0.0160   0.0401   0.0228   0.0809
 -0.0231   0.0464   0.0218   0.0538   0.0199   0.0918
 -0.0344   0.0924   0.0143   0.0626   0.0203   0.1035
 -0.0326   0.1035   0.0070   0.0525   0.0168   0.1071
 -0.0241   0.1118   0.0084   0.0350   0.0220   0.0993
 -0.0302   0.1163   0.0104   0.0172   0.0206   0.0933
 -0.0164   0.1143  -0.0007  -0.0016   0.0230   0.0889
 -0.0191   0.0891  -0.0066   0.0004   0.0183   0.0970
 -0.0200   0.0608   0.0026   0.0138   0.0115   0.1007
 -0.0206   0.0626   0.0007   0.0125   0.0108   0.1114
 -0.0169   0.0693   0.0037   0.0070   0.0122   0.1153
 -0.0106   0.0826   0.0035  -0.0032   0.0193   0.1116
 -0.0160   0.0963  -0.0033   0.0045   0.0143   0.1256
 -0.0161   0.0689  -0.0020   0.0155   0.0165   0.1411
 -0.0189   0.0868  -0.0064   0.0179   0.0116   0.1658
 -0.0172   0.0939  -0.0038   0.0122   0.0135   0.1708
 -0.0197   0.0981  -0.0053   0.0021   0.0186   0.1577
 -0.0170   0.1048  -0.0070   0.0078   0.0194   0.1673
 -0.0139   0.0994  -0.0095   0.0143   0.0147   0.1803
 -0.0141   0.0859  -0.0090   0.0213   0.0129   0.1982
 -0.0140   0.0904  -0.0079   0.0256   0.0104   0.2121
 -0.0158   0.1090  -0.0068   0.0158   0.0074   0.2140
 -0.0135   0.0928  -0.0046   0.0124   0.0094   0.2096
 -0.0250   0.1174  -0.0090  -0.0148   0.0077   0.2038
 -0.0160   0.1395  -0.0091  -0.0179   0.0079   0.2233
 -0.0076   0.1788  -0.0157  -0.0433   0.0115   0.2334
 -0.0112   0.1525  -0.0110  -0.0252   0.0036   0.2530
 -0.0132   0.0986  -0.0113   0.0059   0.0072   0.2799
 -0.0074   0.1226  -0.0105  -0.0047   0.0067   0.2936
 -0.0114   0.0656  -0.0062   0.0147   0.0084   0.2976
 -0.0114   0.0959  -0.0062   0.0113   0.0130   0.2924
 -0.0179   0.1221  -0.0127   0.0048   0.0181   0.3091
 -0.0188   0.0685  -0.0064   0.0155   0.0102   0.3240
 -0.0191   0.0727  -0.0099   0.0157   0.0084   0.3431
 -0.0157   0.0752  -0.0068   0.0146   0.0065   0.3466
 -0.0195   0.1100  -0.0108   0.0002   0.0074   0.3515
 -0.0232   0.1103  -0.0114  -0.0086   0.0104   0.3445
 -0.0227   0.1128  -0.0103  -0.0203   0.0225   0.3386
 -0.0174   0.1116  -0.0165  -0.0424   0.0171   0.3373
 -0.0243   0.1296  -0.0287  -0.0294   0.0182   0.3710
 -0.0206   0.0962  -0.0157   0.0556   0.0238   0.4048
 -0.0387   0.0991  -0.0408  -0.0265   0.0176   0.3949
 -0.0483   0.0920  -0.0221  -0.0264   0.0176   0.3947
 -0.0138   0.0899   0.0008  -0.0171   0.0115   0.4064
 -0.0215   0.0777   0.0029  -0.0612  -0.0004   0.3706
  0.0025   0.0668   0.0203  -0.0528   0.0098   0.3887
 -0.0012   0.0399   0.0158  -0.0207   0.0049   0.3985
 -0.0085   0.0061   0.0173   0.0012  -0.0058   0.4147
 -0.0111  -0.0103   0.0271   0.0114  -0.0068   0.4386
 -0.0023  -0.0165   0.0214  -0.0071  -0.0017   0.4552
 -0.0150  -0.0397   0.0247   0.0257  -0.0005   0.4708
 -0.0178  -0.0786   0.0319   0.0547  -0.0069   0.4627
 -0.0253  -0.0861   0.0208   0.0715  -0.0001   0.4947
 -0.0253  -0.0885   0.0222   0.0409   0.0024   0.4922
 -0.0279  -0.1466   0.0248   0.0731   0.0096   0.4964
 -0.0198  -0.1381   0.0316   0.0306   0.0021   0.4933
 -0.0340  -0.2437   0.0323   0.0945   0.0157   0.5348
 -0.0258  -0.3849   0.0578   0.0713   0.0196   0.5491
 -0.0515  -0.4641   0.0471   0.2721   0.0201   0.5857
