  0.2245  -1.0502  -0.0500  -0.4816  -0.0007  -0.5149
  0.2234  -1.1728   0.0068  -0.5847   0.0048  -0.5160
  0.2301  -1.1755  -0.0138  -0.5650   0.0008  -0.5340
  0.2278  -1.2117   0.0001  -0.5471   0.0021  -0.5176
  0.2174  -1.1932  -0.0019  -0.5792   0.0024  -0.5144
  0.1926  -1.3204   0.0005  -0.2846   0.0098  -0.4426
  0.1842  -1.1968  -0.0588  -0.2587   0.0050  -0.4571
  0.1593  -1.0004  -0.0902  -0.3108   0.0086  -0.3702
  0.1371  -1.0010  -0.0492  -0.1262   0.0155  -0.3684
  0.1479  -0.9236  -0.0850  -0.1430   0.0066  -0.4915
  0.1521  -0.8937  -0.0713  -0.0090   0.0071  -0.4060
  0.1722  -0.8990  -0.0798  -0.0601   0.0046  -0.4482
  0.1472  -0.9751  -0.0915   0.1008   0.0043  -0.3764
  0.1272  -0.9219  -0.0717   0.0352   0.0069  -0.3853
  0.1464  -0.9450  -0.0963   0.0321   0.0110  -0.2644
  0.1432  -0.8874  -0.0764  -0.2982   0.0305  -0.2856
  0.1725  -0.7914  -0.0991  -0.2355   0.0146  -0.3783
  0.2017  -0.7771  -0.1199  -0.0035   0.0086  -0.3248
  0.1803  -0.7408  -0.0663  -0.0678   0.0107  -0.3020
  0.1840  -0.8148  -0.0939  -0.2187   0.0143  -0.3001
  0.1583  -0.7434  -0.0680  -0.0408   0.0121  -0.3422
  0.1748  -0.6967  -0.0641   0.0244   0.0061  -0.3468
  0.1434  -0.6759  -0.0651  -0.0456   0.0293  -0.3399
  0.1370  -0.6377  -0.0808  -0.2220   0.0257  -0.3230
  0.1432  -0.6078  -0.0614   0.0228   0.0282  -0.3265
  0.1768  -0.6016  -0.0936  -0.1525   0.0167  -0.3186
  0.1748  -0.5289  -0.0504  -0.0407   0.0185  -0.2713
  0.1945  -0.7324  -0.0211  -0.9615   0.0089  -0.5339
  0.1610  -0.7737  -0.0064  -1.3181   0.0196  -0.5698
  0.1671  -0.6398  -0.0738  -0.5510   0.0494  -0.3976
  0.1729  -0.5309  -0.0476  -0.6433   0.0429  -0.4703
  0.2486  -0.7385  -0.1792  -0.6128   0.0234  -0.3186
  0.2776  -1.1018  -0.2752  -0.7447  -0.0129  -0.2129
  0.1998  -0.9053  -0.1875  -0.5270  -0.0168  -0.2568
  0.2167  -0.8931  -0.2068  -0.5399  -0.0178  -0.2572
  0.2107  -0.5616  -0.1446  -0.5431  -0.0057  -0.2929
  0.2348  -0.4651  -0.1493  -0.5328  -0.0114  -0.3119
  0.2340  -0.3744  -0.1301  -0.5075   0.0003  -0.3259
  0.2205  -0.4227  -0.1392  -0.4973  -0.0022  -0.3112
  0.2294  -0.3955  -0.1316  -0.5149  -0.0025  -0.3067
  0.2046  -0.4795  -0.1481  -0.5108  -0.0042  -0.3079
  0.1987  -0.4294  -0.1362  -0.4528  -0.0134  -0.2960
  0.1334  -0.4517  -0.1906  -0.4546  -0.0312  -0.2990
  0.1443  -0.4132  -0.2103  -0.5809  -0.0369  -0.2653
  0.1933  -0.2434  -0.1478  -0.6898  -0.0246  -0.2837
  0.1725  -0.2322  -0.1340  -0.5335  -0.0313  -0.3136
  0.1874  -0.1859  -0.1293  -0.4927  -0.0237  -0.2819
  0.1897  -0.2209  -0.1101  -0.5229  -0.0297  -0.3004
  0.1862  -0.1691  -0.1052  -0.5213  -0.0339  -0.2580
  0.1991  -0.2073  -0.1166  -0.6315  -0.0300  -0.2384
  0.1941  -0.1612  -0.0925  -0.6709  -0.0309  -0.2685
  0.2148  -0.1905  -0.1115  -0.6496  -0.0355  -0.2858
  0.2251  -0.1689  -0.1119  -0.7013  -0.0313  -0.2998
  0.2320  -0.1610  -0.0897  -0.6084  -0.0453  -0.2305
  0.0760   0.0025   0.0474  -0.7552  -0.0157  -0.2114
  0.0419   0.1521   0.0355  -0.7745  -0.0243  -0.2433
  0.1242  -0.4178  -0.2002  -0.9654  -0.0159  -0.2630
  0.1033  -0.4710  -0.2086  -1.0193   0.0203  -0.3782
  0.0770  -0.2869  -0.1820  -1.0285  -0.0008  -0.3725
  0.0888  -0.2362  -0.1470  -0.9376   0.0244  -0.3888
  0.0594  -0.3205   0.0055   0.0870   0.0396   0.0673
 -0.0210  -0.5374   0.1274   0.8454   0.0356   0.2645
  0.0012  -0.5345   0.1101   0.6801   0.0287   0.1068
  0.0243  -0.5782   0.1276   0.6846   0.0092   0.1566
  0.0316  -0.4322   0.1203   0.7867   0.0373   0.1430
  0.0007  -0.5171   0.1147   0.2438  -0.0177   0.0353
  0.0080  -0.4981   0.0633  -0.3660  -0.0791  -0.0866
  0.0207  -0.5774   0.0497  -0.1636  -0.0403   0.0074
  0.0289  -0.6088   0.0601  -0.2438  -0.0405  -0.0319
  0.0054  -0.4553   0.0636  -0.0722  -0.0381  -0.0031
  0.0060  -0.4434   0.0543  -0.1096  -0.0380  -0.0252
  0.0676  -0.3743   0.0295  -0.0580  -0.0315   0.0085
  0.1076  -0.2797  -0.0202  -0.1316  -0.0285  -0.0094
  0.0588  -0.2421   0.0028   0.0077  -0.0417   0.0187
  0.0699  -0.1922   0.0095  -0.0197  -0.0404   0.0123
  0.0404  -0.1797   0.0383   0.0118  -0.0467   0.0230
  0.0303  -0.2002   0.0596  -0.0415  -0.0461  -0.0076
 -0.0052  -0.2176   0.0661   0.0264  -0.0460   0.0378
  0.0024  -0.2385   0.0921  -0.0093  -0.0432   0.0034
 -0.0331  -0.2811   0.0784   0.0965  -0.0445   0.1508
 -0.0416  -0.2553   0.0456   0.0482  -0.0072   0.1822
 -0.0289  -0.2119   0.0378   0.0460   0.0034   0.0936
 -0.0143  -0.1839   0.0664   0.1426   0.0028   0.1053
 -0.0503  -0.1601   0.1399   0.1757  -0.0002   0.0843
 -0.0891  -0.1713   0.1613   0.2332  -0.0035   0.1235
 -0.0956  -0.2307   0.1604   0.2507   0.0071   0.1129
 -0.0826  -0.2120   0.1678   0.2151   0.0026   0.1148
 -0.0652  -0.2116   0.1604   0.2089  -0.0049   0.1637
 -0.0480  -0.2088   0.1441   0.1841  -0.0030   0.2158
 -0.0537  -0.2469   0.0488   0.2861  -0.0030   0.2448
 -0.0618  -0.1599  -0.0067   0.2965  -0.0172   0.1819
 -0.0922  -0.0747  -0.0182   0.2788  -0.0241   0.1476
 -0.0914  -0.1857  -0.0094   0.3638  -0.0135   0.2230
 -0.0949   0.1570  -0.0271   0.3131  -0.0110   0.1430
 -0.1229   0.1271   0.0029   0.3789  -0.0240   0.1629
 -0.1335   0.1015   0.0519   0.4130  -0.0145   0.1605
 -0.1281   0.2250   0.0347   0.3506  -0.0246   0.1674
 -0.1660   0.2724   0.0077   0.3345  -0.0346   0.1283
 -0.1673   0.3020   0.0519   0.3688  -0.0115   0.2519
 -0.1860   0.2191  -0.0038   0.3463  -0.0043   0.2981
 -0.1847   0.4185   0.0441   0.0497  -0.0012   0.1624
 -0.1812   0.6407   0.1299   0.1380  -0.0042   0.1232
 -0.2175   0.5805   0.1018   0.2508  -0.0190   0.0930
 -0.2065   0.5197   0.1545   0.3291   0.0066   0.1340
 -0.1997   0.5087   0.1304   0.2472  -0.0063   0.1186
 -0.2062   0.5051   0.0549   0.3057   0.0054   0.2235
 -0.2113   0.5642  -0.0241   0.4452   0.0359   0.3399
 -0.1755   0.6641   0.0277   0.5785   0.0335   0.2537
 -0.2293   0.7307   0.0783   0.6773   0.0234   0.1899
 -0.1662   0.7313   0.0731   0.6941   0.0466   0.2005
 -0.0549   0.7120   0.0898   0.6589   0.0392   0.1979
 -0.0765   0.7907   0.0527   0.6496   0.0444   0.1960
 -0.1089   0.8337  -0.0039   0.6763   0.0117   0.2048
 -0.0730   0.8899  -0.0389   0.6673   0.0041   0.2532
 -0.1054   0.9326  -0.0796   0.5769  -0.0197   0.2473
 -0.1195   0.9096  -0.0685   0.4248  -0.0402   0.2150
 -0.2173   0.9052   0.0176   0.2213  -0.0191   0.1881
 -0.1993   1.0391   0.0782   0.0775  -0.0260   0.1273
 -0.1701   1.1584   0.1218  -0.1763  -0.0335   0.0640
 -0.2300   1.0162   0.1499   0.1466  -0.0255   0.1677
 -0.2122   1.0110   0.0753   0.1708  -0.0346   0.1385
 -0.2477   0.9432   0.1044   0.1373  -0.0347   0.1513
 -0.2505   0.9616   0.0954   0.1494  -0.0421   0.1675
 -0.2777   0.9884   0.1113   0.2792  -0.0288   0.1748
 -0.2366   0.9972   0.0545   0.3312  -0.0264   0.2262
 -0.2303   1.0045   0.0255   0.2559  -0.0344   0.2269
 -0.2239   0.9871   0.0256   0.2456  -0.0176   0.2485
 -0.2270   0.9431   0.0006   0.3465  -0.0122   0.2550
 -0.2221   0.8972   0.0118   0.3724   0.0128   0.3180
 -0.2497   0.9287   0.0488   0.4559   0.0014   0.3455
 -0.2070   0.8615  -0.0510   0.5569   0.0547   0.2958
 -0.1778   0.9091  -0.1120   0.5148   0.0653   0.3214
 -0.1763   0.9231  -0.0848   0.5383   0.0713   0.3382
 -0.1452   0.9315   0.0437   0.4606   0.0865   0.4165
 -0.1499   0.9874   0.0885   0.5614   0.0617   0.4369
 -0.1574   1.0011   0.0651   0.5116   0.0609   0.4221
 -0.1682   1.0651   0.0423   0.3733   0.0595   0.4035
 -0.1728   1.0793  -0.0074   0.3093   0.0512   0.4203
 -0.1837   1.1656   0.0135   0.4568   0.0487   0.4238
 -0.1853   1.1852   0.0087   0.3885   0.0569   0.4202
 -0.1676   1.1297   0.0119   0.4259   0.0340   0.4557
 -0.1801   1.1404   0.0153   0.4139   0.0390   0.4473
 -0.1869   1.1456   0.0317   0.4514   0.0387   0.4508
 -0.1798   1.0975   0.0343   0.4615   0.0260   0.5018
 -0.1658   1.0758   0.0400   0.4609   0.0259   0.4994
 -0.1682   1.0883   0.0767   0.4375   0.0260   0.4876
 -0.1689   1.0039   0.1162   0.5004   0.0364   0.5239
 -0.1737   1.0482   0.1010   0.4727   0.0274   0.5676
 -0.1754   1.0503   0.1029   0.5270   0.0351   0.5877
 -0.1769   1.1786   0.0935   0.4955   0.0173   0.5942
 -0.1815   1.0911   0.0992   0.4118   0.0022   0.6150
 -0.2006   1.0552   0.1399   0.2056  -0.0209   0.6571
