 -0.2688  -0.2135  -0.3528   0.4270  -0.1158  -0.4678
 -0.3036   0.0950  -0.4179   0.4171  -0.2732  -0.4112
 -0.2684  -0.0765  -0.3773   0.4445  -0.2377  -0.4231
 -0.2960  -0.2087  -0.3483   0.5318  -0.2481  -0.4415
 -0.3177  -0.1810  -0.4264   0.6182  -0.2308  -0.4047
 -0.3312  -0.1696  -0.4355   0.6798  -0.2374  -0.3958
 -0.3109  -0.0959  -0.4035   0.5348  -0.2100  -0.4163
 -0.3165  -0.0810  -0.3642   0.4486  -0.2263  -0.4252
 -0.4070  -0.2187  -0.4255   0.5401  -0.1707  -0.4540
 -0.4384  -0.2344  -0.4168   0.5498  -0.1276  -0.4616
 -0.3917  -0.0549  -0.4135   0.5185  -0.1377  -0.4243
 -0.4092  -0.0798  -0.4073   0.5130  -0.1436  -0.4197
 -0.3772  -0.1401  -0.3993   0.4931  -0.1608  -0.4056
 -0.3614  -0.2381  -0.3526   0.4515  -0.1755  -0.4121
 -0.3447  -0.1052  -0.3514   0.3871  -0.2076  -0.4004
 -0.3619  -0.1106  -0.3832   0.4284  -0.1948  -0.3928
 -0.3737  -0.0747  -0.3777   0.4951  -0.1821  -0.3735
 -0.3539  -0.2164  -0.3858   0.4476  -0.1360  -0.3867
 -0.3714  -0.3147  -0.3613   0.4232  -0.1099  -0.4280
 -0.3160  -0.2439  -0.3444   0.3640  -0.1245  -0.4048
 -0.2841  -0.1337  -0.3297   0.2463  -0.1255  -0.3846
 -0.2406  -0.3147  -0.2815   0.3856  -0.0838  -0.3472
 -0.1810  -0.3789  -0.2801   0.5019  -0.0458  -0.3054
 -0.1868  -0.1262  -0.3270   0.5468   0.0527  -0.2587
 -0.0850   0.0280  -0.3071   0.4856   0.0648  -0.2112
 -0.0637  -0.0554  -0.3041   0.4818   0.0556  -0.2041
 -0.0251  -0.1822  -0.2863   0.6423   0.0901  -0.1875
  0.0636  -0.2062  -0.1745   0.4102   0.0958  -0.2248
  0.1177  -0.4372  -0.0199   0.1377   0.0700  -0.2971
  0.0317  -0.3441  -0.0707   0.2229   0.1149  -0.2684
 -0.0095  -0.2768  -0.0871   0.3997   0.1224  -0.2096
 -0.0057  -0.3838  -0.0571   0.2861   0.1045  -0.2471
  0.0130  -0.2788  -0.0769   0.3665   0.1285  -0.2186
  0.0393  -0.1437  -0.0589   0.1700   0.1207  -0.2297
  0.0432  -0.2078  -0.0465   0.2085   0.1101  -0.2235
 -0.0021  -0.1666  -0.0360   0.1165   0.1322  -0.2199
 -0.0713  -0.0716  -0.0367   0.0059   0.1471  -0.2148
 -0.0137  -0.0826  -0.0349  -0.0000   0.1366  -0.2063
  0.0071  -0.0679  -0.0147  -0.0942   0.1327  -0.2022
  0.0136   0.0067  -0.0285  -0.0310   0.1465  -0.1627
 -0.0040  -0.0326  -0.0249  -0.0187   0.1363  -0.1379
  0.0022  -0.0668  -0.0347   0.0848   0.1465  -0.1052
  0.0027  -0.1304  -0.0165   0.0480   0.1480  -0.1126
  0.0419  -0.0013  -0.0294  -0.0778   0.1416  -0.1105
 -0.0246   0.0287   0.0309  -0.4341   0.1080  -0.1251
 -0.0212  -0.1357   0.0302  -0.2661   0.1122  -0.1609
  0.0565  -0.1368  -0.0295  -0.0032   0.1716  -0.1245
  0.0215  -0.0408  -0.0268   0.0433   0.1527  -0.0940
 -0.0101  -0.1891  -0.0339   0.1406   0.1628  -0.0880
  0.0441  -0.2332   0.0132   0.0412   0.1479  -0.1109
  0.0485  -0.1548   0.0088   0.0042   0.1610  -0.1152
  0.0114  -0.1648  -0.0414   0.1326   0.1414  -0.0582
  0.0193  -0.3091  -0.0071   0.1375   0.1235  -0.0786
  0.0637  -0.1816  -0.0053   0.0725   0.1242  -0.0709
  0.0609  -0.1297  -0.0218   0.0768   0.0790  -0.0160
  0.0562  -0.3239   0.0342   0.0215   0.0999  -0.0622
  0.0868  -0.2573   0.0102  -0.0389   0.1440  -0.0737
  0.0635  -0.1839  -0.0454   0.0041   0.1276  -0.0528
  0.0675  -0.2595  -0.0041  -0.0730   0.0949  -0.0555
  0.0370  -0.3014  -0.0170  -0.0124   0.0854  -0.0255
  0.0789  -0.3561   0.0269  -0.1260   0.0629  -0.0094
  0.1172  -0.3768   0.0798  -0.2015   0.0372  -0.0145
  0.1277  -0.4409   0.1283  -0.4596   0.0556  -0.0588
  0.1154  -0.4742   0.1197  -0.2599   0.0477  -0.0399
  0.0797  -0.3267   0.0443   0.0250   0.0585   0.0397
  0.0962  -0.2956   0.0302  -0.0561   0.0700   0.0541
  0.1107  -0.4356   0.0912  -0.0922   0.0515   0.0312
  0.1549  -0.3386   0.1081  -0.1999   0.0566   0.0461
  0.2088  -0.2713   0.1793  -0.2552   0.0829   0.0607
  0.1909  -0.2674   0.1443  -0.1745   0.0957   0.0490
  0.2075  -0.3781   0.1905  -0.2626   0.0811   0.0219
  0.1858  -0.3418   0.1660  -0.2062   0.0952   0.0502
  0.1589  -0.2531   0.0844  -0.0414   0.1278   0.1057
  0.1621  -0.2915   0.1107  -0.1422   0.0728   0.0953
  0.1352  -0.3079   0.1076  -0.0331   0.0621   0.1298
  0.1367  -0.2947   0.1091  -0.0824   0.0672   0.1421
  0.1544  -0.3246   0.1144  -0.0906   0.0584   0.1332
  0.1385  -0.3576   0.1509  -0.2301   0.0439   0.1024
  0.1479  -0.1730   0.1432  -0.2121   0.0536   0.1275
  0.1146  -0.1356   0.1341  -0.2720   0.0669   0.1433
  0.1093  -0.1937   0.1628  -0.3741   0.0208   0.1410
  0.1288   0.0121   0.1520  -0.4099  -0.0018   0.1119
  0.1403   0.1670   0.1316  -0.4129   0.0136   0.0793
  0.0935   0.1330   0.1091  -0.3902   0.0359   0.1248
  0.1251   0.0953   0.1375  -0.3462   0.0244   0.1007
  0.1050   0.0410   0.1361  -0.2165  -0.0100   0.1085
  0.0763   0.0541   0.1360  -0.2260  -0.0514   0.1184
  0.1023   0.1127   0.1462  -0.3138  -0.0183   0.0959
  0.0967   0.0587   0.1175  -0.1988  -0.0185   0.1428
  0.1593  -0.1375   0.1670  -0.2055  -0.0463   0.1761
  0.1474  -0.0459   0.1429  -0.2256  -0.0325   0.1512
  0.1256   0.0819   0.1259  -0.2178  -0.0233   0.1748
  0.1204   0.0441   0.1297  -0.3017  -0.0512   0.1760
  0.1153   0.0510   0.1304  -0.2782  -0.0490   0.1999
  0.1052   0.0628   0.1293  -0.2410  -0.0573   0.2311
  0.1034   0.0358   0.1436  -0.2302  -0.0233   0.2249
  0.1132   0.0575   0.1490  -0.2994  -0.0243   0.2144
  0.1225   0.1495   0.1263  -0.3108  -0.0072   0.2198
  0.1067   0.1626   0.1222  -0.2561  -0.0038   0.2399
  0.0782   0.1788   0.1175  -0.2363   0.0085   0.2233
 -0.0021   0.1725   0.0720  -0.1164   0.0063   0.1689
 -0.0077   0.1290   0.0350  -0.0579   0.0146   0.1378
  0.0663   0.2568   0.1994  -0.2212  -0.0999   0.2617
  0.1297   0.8045   0.3345  -0.0383  -0.1717   0.4330
  0.0962   0.6538   0.2522  -0.0695  -0.0930   0.3748
  0.0780   0.5087   0.2192  -0.1407  -0.1166   0.3531
  0.1107   0.6478   0.2365  -0.1634  -0.1147   0.3700
  0.0997   0.6752   0.2318  -0.3121  -0.1161   0.3957
  0.0884   0.7648   0.2417  -0.2775  -0.1015   0.4394
  0.0874   0.7520   0.2449  -0.2948  -0.0930   0.4523
  0.0940   0.7495   0.2703  -0.3181  -0.0879   0.4567
  0.0591   0.7272   0.2731  -0.2575  -0.0764   0.4817
  0.0532   0.6296   0.3042  -0.3150  -0.0408   0.4388
  0.0768   0.7303   0.2916  -0.3798  -0.0377   0.4465
  0.1018   0.8172   0.2852  -0.4309  -0.0441   0.4814
  0.0682   0.9783   0.2885  -0.4402  -0.0725   0.4954
  0.0190   1.0885   0.2502  -0.3176  -0.0616   0.5455
  0.0474   0.7816   0.2803  -0.3900  -0.1046   0.4977
  0.0603   0.8675   0.2635  -0.4330  -0.1019   0.5126
  0.0174   0.8776   0.1864  -0.1189  -0.1031   0.5941
  0.0256   0.7515   0.2119  -0.1764  -0.0832   0.5706
  0.0549   0.8586   0.2187  -0.2096  -0.0849   0.5974
  0.0503   0.7154   0.2276  -0.1527  -0.0882   0.5941
  0.0577   0.7747   0.2208  -0.2537  -0.1008   0.5850
