  0.0502  -0.3573   0.1188   0.5047  -0.0121   0.4408
  0.0480  -0.3646   0.1416   0.5151   0.0142   0.3820
  0.0375  -0.3140   0.1052   0.4815   0.0012   0.4086
  0.0335  -0.3470   0.1102   0.4789  -0.0092   0.3655
  0.0305  -0.3770   0.1057   0.5008  -0.0213   0.3852
  0.0327  -0.3456   0.1094   0.4713  -0.0070   0.4315
  0.0313  -0.3816   0.1284   0.5029   0.0039   0.3824
  0.0486  -0.3913   0.1549   0.4852   0.0250   0.3772
  0.0436  -0.3526   0.1404   0.4562   0.0131   0.4202
  0.0451  -0.3572   0.1256   0.4645   0.0068   0.3535
  0.0397  -0.3667   0.1232   0.4951  -0.0051   0.3823
  0.0402  -0.3211   0.1046   0.4706  -0.0082   0.3988
  0.0371  -0.3469   0.1390   0.4830   0.0087   0.3485
  0.0339  -0.3230   0.1299   0.4864   0.0263   0.4061
  0.0305  -0.3395   0.1237   0.5140   0.0154   0.3312
  0.0285  -0.3235   0.1058   0.4577   0.0232   0.3883
  0.0384  -0.3978   0.1387   0.5497   0.0321   0.3733
  0.0361  -0.3729   0.0860   0.3913  -0.0083   0.2796
  0.0395  -0.3744   0.1197   0.3899   0.0113   0.3092
  0.0421  -0.3304   0.1276   0.4434   0.0190   0.3279
  0.0306  -0.3675   0.1389   0.4889   0.0243   0.3249
  0.0275  -0.3815   0.1410   0.5451   0.0325   0.3463
  0.0343  -0.3317   0.1395   0.5268   0.0362   0.3793
  0.0330  -0.3442   0.1306   0.5431   0.0291   0.3642
  0.0320  -0.3452   0.1270   0.5489   0.0229   0.3583
  0.0330  -0.3154   0.1319   0.5535   0.0320   0.3829
  0.0465  -0.2973   0.1423   0.5775   0.0566   0.3684
  0.0355  -0.3138   0.1522   0.5886   0.0361   0.3810
  0.0345  -0.2609   0.1483   0.5417   0.0316   0.4098
  0.0628  -0.3368   0.1207   0.5943   0.0421   0.4350
  0.0658  -0.2962   0.0750   0.5630   0.0479   0.3757
  0.0606  -0.2745   0.0804   0.5782   0.0366   0.3536
  0.0605  -0.2833   0.0749   0.6047   0.0268   0.3494
  0.0620  -0.2797   0.0632   0.6279   0.0264   0.4061
  0.0637  -0.2828   0.0764   0.6053   0.0332   0.3765
  0.0580  -0.3134   0.0789   0.6410   0.0286   0.3660
  0.0768  -0.2807   0.0963   0.5848   0.0733   0.3717
  0.0685  -0.3054   0.0658   0.5438   0.0426   0.2961
  0.0519  -0.3119   0.0550   0.5546   0.0233   0.3140
  0.0602  -0.2822   0.0356   0.5342   0.0357   0.3341
  0.0525  -0.2781   0.0464   0.5131   0.0265   0.3285
  0.0570  -0.2787   0.0491   0.5587   0.0245   0.3087
  0.0558  -0.2833   0.0331   0.5668   0.0041   0.3131
  0.0676  -0.2522   0.0292   0.5407  -0.0058   0.3519
  0.0437  -0.3088   0.0281   0.5742  -0.0214   0.3373
  0.0355  -0.2923  -0.0097   0.5955  -0.0498   0.3419
  0.0356  -0.2083  -0.0208   0.2911  -0.0333   0.2778
  0.0590  -0.3833   0.1611   0.6616   0.0714   0.2623
  0.0727  -0.3914   0.1723   0.6627   0.0767   0.3122
  0.0556  -0.3708   0.1519   0.6684   0.0525   0.2819
  0.0526  -0.3454   0.1257   0.6645   0.0470   0.3474
  0.0337  -0.3578   0.1096   0.6787   0.0401   0.3069
  0.0371  -0.3637   0.1051   0.7268   0.0432   0.2918
  0.0421  -0.3246   0.0928   0.7201   0.0571   0.4017
  0.0329  -0.3397   0.0795   0.7289   0.0337   0.3644
  0.0188  -0.3382   0.0848   0.7111   0.0305   0.3783
  0.0372  -0.2980   0.0861   0.6642   0.0536   0.3911
  0.0226  -0.3452   0.0723   0.6987   0.0286   0.3177
  0.0232  -0.3188   0.0498   0.6715   0.0120   0.3801
  0.0400  -0.2486   0.0261   0.4773   0.0103   0.2404
  0.0495  -0.1925   0.0110   0.2068  -0.0067   0.2124
  0.0516  -0.1704   0.0229   0.3313  -0.0077   0.2101
  0.0292  -0.2428   0.0333   0.4412  -0.0143   0.2014
  0.0305  -0.2078  -0.0026   0.4384  -0.0216   0.2579
  0.0259  -0.2298  -0.0085   0.4596  -0.0279   0.1361
  0.0196  -0.1518  -0.0452   0.4022  -0.0377   0.2388
  0.0211  -0.1754  -0.0513   0.4148  -0.0621   0.1213
  0.0117  -0.1505  -0.0689   0.4115  -0.0608   0.2514
  0.0057  -0.1376  -0.0565   0.4359  -0.0511   0.1894
  0.0038  -0.1246  -0.0657   0.4553  -0.0532   0.1996
  0.0007  -0.1365  -0.0529   0.4758  -0.0475   0.2044
  0.0103  -0.1721  -0.0402   0.5102  -0.0356   0.1911
  0.0021  -0.1619  -0.0512   0.4908  -0.0429   0.2208
  0.0062  -0.1351  -0.0602   0.4722  -0.0480   0.2189
 -0.0014  -0.1687  -0.0729   0.5090  -0.0762   0.1879
  0.0029  -0.1323  -0.0640   0.4811  -0.0650   0.2516
  0.0025  -0.1579  -0.0605   0.5019  -0.0652   0.1739
  0.0022  -0.1547  -0.0631   0.4691  -0.0586   0.2173
  0.0080  -0.1192  -0.0565   0.4686  -0.0573   0.2142
  0.0015  -0.1562  -0.0599   0.4801  -0.0573   0.1842
 -0.0028  -0.1653  -0.0633   0.4911  -0.0592   0.1960
  0.0030  -0.1426  -0.0595   0.4660  -0.0510   0.2138
 -0.0009  -0.1850  -0.0521   0.4922  -0.0550   0.1300
 -0.0008  -0.1276  -0.0672   0.4538  -0.0565   0.2376
 -0.0025  -0.1252  -0.0716   0.3943  -0.0513   0.1591
 -0.0104  -0.1605  -0.0715   0.4686  -0.0518   0.1491
 -0.0037  -0.1539  -0.0643   0.4658  -0.0429   0.2047
 -0.0068  -0.1653  -0.0506   0.4627  -0.0454   0.1420
  0.0170  -0.1776  -0.0582   0.4852  -0.0427   0.1497
  0.0174  -0.1493  -0.0668   0.4416  -0.0455   0.1730
  0.0116  -0.1632  -0.0632   0.4843  -0.0473   0.1492
  0.0114  -0.1444  -0.0676   0.4965  -0.0411   0.1962
  0.0074  -0.1408  -0.0538   0.5260  -0.0405   0.1677
  0.0061  -0.1682  -0.0669   0.5359  -0.0512   0.1703
  0.0139  -0.1274  -0.0829   0.5031  -0.0504   0.1947
 -0.0065  -0.1901  -0.0735   0.5611  -0.0717   0.1084
  0.0005  -0.1805  -0.0737   0.5754  -0.0607   0.1719
 -0.0105  -0.1436  -0.1014   0.5874  -0.0739   0.1704
 -0.0030  -0.1076  -0.0917   0.5422  -0.0610   0.1796
 -0.0047  -0.1010  -0.0730   0.4740  -0.0432   0.1208
 -0.0066  -0.0973  -0.0495   0.3783  -0.0263   0.0967
  0.0028  -0.0708  -0.0668   0.3883  -0.0321   0.1138
 -0.0112  -0.1142  -0.0664   0.5004  -0.0558   0.0901
 -0.0166  -0.0814  -0.0725   0.5024  -0.0696   0.1834
 -0.0267  -0.0956  -0.0600   0.5194  -0.0782   0.1389
 -0.0273  -0.0962  -0.0716   0.5605  -0.0838   0.1262
 -0.0162  -0.1007  -0.0618   0.5027  -0.0827   0.2343
  0.0015  -0.1389  -0.0583   0.5074  -0.0711   0.1155
  0.0024  -0.0935  -0.0692   0.5042  -0.0722   0.1780
 -0.0081  -0.1058  -0.0663   0.5218  -0.0857   0.1418
 -0.0177  -0.1092  -0.0724   0.5358  -0.0934   0.1942
 -0.0153  -0.1100  -0.0579   0.3716  -0.0538   0.1658
 -0.0112  -0.0497  -0.0302   0.1859  -0.0367   0.0847
 -0.0103  -0.0425  -0.0546   0.2926  -0.0447   0.1206
 -0.0155  -0.1054  -0.0270   0.3219  -0.0404   0.0724
 -0.0112  -0.0641  -0.0413   0.3154  -0.0405   0.1113
 -0.0264  -0.1026   0.0026   0.4059  -0.0944  -0.0664
 -0.0200  -0.0348  -0.0670   0.3315  -0.0919   0.1813
 -0.0258  -0.1057  -0.1139   0.4287  -0.1314   0.1370
 -0.0283  -0.0715  -0.0835   0.3661  -0.0958   0.1475
 -0.0230  -0.0268  -0.0666   0.3178  -0.0962   0.1046
  0.0063   0.0007  -0.0564   0.3700  -0.0618   0.1560
  0.0137  -0.0003  -0.0460   0.3601  -0.0482   0.1008
  0.0203  -0.0330  -0.0030   0.4371  -0.0282   0.1417
  0.0084  -0.0270  -0.0128   0.4645  -0.0274   0.2050
  0.0016  -0.0368  -0.0372   0.4131  -0.0245   0.1443
 -0.0362  -0.0584  -0.0844   0.4262  -0.0610   0.1983
 -0.0315  -0.0532  -0.1270   0.3694  -0.0485   0.1247
 -0.0315   0.0077  -0.0697   0.3393  -0.0646   0.0502
 -0.0329   0.0578  -0.0863   0.2686  -0.0476   0.1182
 -0.0337   0.0355  -0.0679   0.3737  -0.0583  -0.0230
 -0.0197   0.0139  -0.0566   0.3243  -0.0407   0.0537
  0.0036   0.0903  -0.0366   0.1532   0.0001   0.0567
 -0.0081   0.0803  -0.0245  -0.0341  -0.0151  -0.0282
 -0.0402   0.1192  -0.0594   0.0230  -0.0270  -0.0009
 -0.0458   0.0980  -0.0563   0.1152  -0.0397  -0.0398
 -0.0403   0.1049  -0.0576   0.1254  -0.0297   0.0126
 -0.0305   0.1150  -0.0472   0.0755  -0.0197  -0.0007
 -0.0409   0.1016  -0.0481   0.1182  -0.0406  -0.0306
 -0.0271   0.1317  -0.0633   0.1107  -0.0214   0.0382
 -0.0211   0.0959  -0.0584   0.2417   0.0252   0.0020
 -0.0333   0.1116  -0.0716   0.2361   0.0118   0.0158
 -0.0119   0.1565  -0.0395   0.1304   0.0479   0.0114
 -0.0359   0.1414  -0.0311   0.1277   0.0184  -0.0491
 -0.0454   0.1373  -0.0503   0.1313   0.0022   0.0017
 -0.0418   0.1878  -0.0586   0.1124   0.0139   0.0131
 -0.0596   0.1678  -0.0663   0.1545  -0.0047  -0.0337
 -0.0566   0.1956  -0.0721   0.1443  -0.0080   0.0134
 -0.0583   0.1721  -0.0874   0.1712  -0.0188  -0.0120
 -0.0296   0.1718  -0.0678  -0.1513   0.0281  -0.1014
  0.0299   0.1685   0.0091  -0.7841   0.0803  -0.1980
  0.0311   0.1787  -0.0148  -0.7795   0.0924  -0.2095
  0.0335   0.1626  -0.0309  -0.6949   0.0782  -0.2632
  0.0154   0.1352  -0.0301  -0.6044   0.0691  -0.2348
  0.2574   0.0839  -0.0168   0.1504   0.0743  -0.2343
  0.0121   0.2118  -0.0051  -0.4021   0.0940  -0.1867
 -0.0686   0.5740  -0.0264  -0.7700  -0.0072  -0.3025
 -0.0451   0.3883   0.0002  -0.6382   0.0012  -0.3290
 -0.0166   0.3654   0.0058  -0.6007   0.0220  -0.2513
 -0.0154   0.3161   0.0152  -0.5809   0.0155  -0.2838
 -0.0029   0.3783  -0.0080  -0.6322   0.0118  -0.2459
 -0.0202   0.3396   0.0015  -0.5868  -0.0079  -0.2921
 -0.0182   0.3620  -0.0243  -0.6401  -0.0084  -0.2587
 -0.0202   0.3445  -0.0134  -0.6605  -0.0022  -0.3011
 -0.0200   0.3226   0.0081  -0.6362  -0.0002  -0.2898
 -0.0081   0.3610   0.0049  -0.6680   0.0029  -0.2884
 -0.0086   0.3585  -0.0044  -0.6470   0.0002  -0.3383
 -0.0172   0.3397  -0.0161  -0.6490  -0.0021  -0.2905
 -0.0188   0.3183  -0.0197  -0.6679  -0.0041  -0.2623
 -0.0265   0.2753   0.0038  -0.5339  -0.0058  -0.3189
 -0.0171   0.3002  -0.0113  -0.5706  -0.0082  -0.2570
 -0.0148   0.2835  -0.0027  -0.5858   0.0004  -0.2991
 -0.0296   0.2618  -0.0076  -0.5913  -0.0107  -0.2895
 -0.0210   0.3055  -0.0161  -0.5906  -0.0079  -0.2699
 -0.0169   0.3043   0.0022  -0.6083   0.0038  -0.2964
 -0.0221   0.3258   0.0022  -0.6531   0.0120  -0.2759
 -0.0094   0.3059   0.0039  -0.6192   0.0244  -0.2879
 -0.0069   0.2763   0.0165  -0.6090   0.0339  -0.3172
 -0.0008   0.2720   0.0093  -0.8014   0.0463  -0.2975
  0.0066   0.2939   0.0070  -0.7028   0.0424  -0.3151
  0.0018   0.2526   0.0029  -0.6752   0.0246  -0.3388
 -0.0007   0.2605   0.0131  -0.6574   0.0058  -0.3339
 -0.0096   0.2126  -0.0065  -0.6275   0.0073  -0.2738
 -0.0067   0.2178  -0.0042  -0.6390   0.0119  -0.2999
 -0.0191   0.2083   0.0044  -0.6163   0.0218  -0.3029
 -0.0081   0.2157  -0.0083  -0.6126   0.0349  -0.2799
 -0.0217   0.1935  -0.0168  -0.5885   0.0148  -0.3389
 -0.0115   0.2202  -0.0206  -0.6068   0.0159  -0.2734
  0.0006   0.1863  -0.0325  -0.6174   0.0352  -0.3313
 -0.0231   0.2298  -0.0230  -0.6797   0.0075  -0.3015
 -0.0169   0.2669  -0.0485  -0.6931   0.0127  -0.2706
 -0.0239   0.2160  -0.0280  -0.6303   0.0061  -0.3436
 -0.0258   0.2382  -0.0365  -0.6248   0.0079  -0.3089
 -0.0202   0.2335  -0.0365  -0.6379   0.0191  -0.3107
 -0.0343   0.1774  -0.0188  -0.5809   0.0211  -0.3416
 -0.0287   0.2109  -0.0142  -0.6046   0.0250  -0.2958
 -0.0287   0.2022  -0.0113  -0.5945   0.0278  -0.3492
 -0.0482   0.2028  -0.0280  -0.6165   0.0080  -0.3161
 -0.0401   0.2238  -0.0342  -0.6338   0.0176  -0.2897
 -0.0395   0.2155  -0.0249  -0.6192   0.0179  -0.3378
 -0.0391   0.2134  -0.0307  -0.6218   0.0116  -0.3343
 -0.0278   0.2384  -0.0388  -0.6490   0.0146  -0.3005
 -0.0346   0.2111  -0.0360  -0.6254   0.0138  -0.3421
 -0.0410   0.2063  -0.0286  -0.6295   0.0111  -0.3325
 -0.0327   0.2402  -0.0295  -0.6331   0.0203  -0.3080
 -0.0263   0.2503  -0.0434  -0.7341   0.0288  -0.3617
 -0.0280   0.2209  -0.0276  -0.7776   0.0371  -0.3185
 -0.0256   0.2380  -0.0503  -0.7417   0.0350  -0.3225
 -0.0350   0.2268  -0.0529  -0.7174   0.0128  -0.3645
 -0.0338   0.3725  -0.0485  -0.8396   0.0161  -0.3515
 -0.0396   0.2538  -0.0367  -0.7362   0.0086  -0.3629
 -0.0402   0.2657  -0.0374  -0.7399   0.0093  -0.3869
 -0.0401   0.2942  -0.0384  -0.7909   0.0108  -0.3493
 -0.0359   0.2993  -0.0275  -0.7672   0.0247  -0.3537
 -0.0455   0.1449  -0.0271  -0.5019   0.0346  -0.3777
 -0.0385   0.2402  -0.0490  -0.6777   0.0151  -0.2916
 -0.0390   0.2234  -0.0422  -0.6849   0.0231  -0.3686
 -0.0445   0.2239  -0.0453  -0.7135   0.0196  -0.3563
 -0.0621   0.2674  -0.0628  -0.7613   0.0015  -0.3403
 -0.0282   0.2625  -0.0138  -0.7854   0.0319  -0.3897
 -0.0415   0.2646  -0.0257  -0.7885   0.0203  -0.3740
 -0.0381   0.3141  -0.0585  -0.7856   0.0173  -0.4021
 -0.0361   0.2806  -0.0335  -0.7853   0.0268  -0.4254
 -0.0447   0.2435  -0.0309  -0.7863   0.0216  -0.3679
 -0.0322   0.2841  -0.0345  -0.7924   0.0309  -0.3732
 -0.0400   0.2500  -0.0172  -0.7486   0.0324  -0.4031
 -0.0384   0.2669  -0.0318  -0.7548   0.0353  -0.3660
 -0.0229   0.2726  -0.0250  -0.7661   0.0475  -0.3626
 -0.0407   0.2236  -0.0228  -0.7356   0.0341  -0.3544
 -0.0273   0.2718  -0.0382  -0.8118   0.0371  -0.3302
 -0.0303   0.2583  -0.0298  -0.7664   0.0244  -0.3813
 -0.0352   0.2788  -0.0381  -0.7759   0.0282  -0.3399
 -0.0188   0.2814  -0.0345  -0.7741   0.0035  -0.3407
 -0.0332   0.2107  -0.0091  -0.7307   0.0055  -0.3533
 -0.0343   0.1604  -0.0029  -0.7195   0.0112  -0.3049
 -0.0176   0.2106   0.0036  -0.7635   0.0287  -0.3287
 -0.0257   0.1803   0.0118  -0.7279   0.0352  -0.3383
  0.0017   0.2418   0.0249  -0.7637   0.0563  -0.3116
 -0.0117   0.2064   0.0299  -0.7532   0.0471  -0.3541
 -0.0175   0.2068   0.0219  -0.7818   0.0439  -0.3298
 -0.0128   0.2537   0.0259  -0.8494   0.0676  -0.3115
 -0.0100   0.2254   0.0505  -0.7600   0.0808  -0.3865
 -0.0092   0.1621   0.0438  -0.7221   0.0803  -0.3775
  0.0095   0.2212   0.0142  -0.7620   0.0941  -0.3008
 -0.0002   0.1588   0.0321  -0.7773   0.0848  -0.3943
  0.0037   0.2113   0.0256  -0.7943   0.0775  -0.3503
  0.0190   0.1924   0.0556  -0.7551   0.0765  -0.4111
  0.0191   0.2240   0.0486  -0.7669   0.0808  -0.3171
  0.0213   0.1967   0.0744  -0.7524   0.0956  -0.3989
  0.0129   0.2203   0.0414  -0.8431   0.0956  -0.3393
  0.0190   0.2002   0.0527  -0.7878   0.0651  -0.4270
