  0.0488   0.0182  -0.0222  -0.1140  -0.0050  -0.0511
  0.0570   0.0187  -0.0242  -0.1205  -0.0012   0.0117
  0.0531   0.0395  -0.0306  -0.1151  -0.0055   0.0473
  0.0548   0.0332  -0.0301  -0.1252  -0.0058   0.0028
  0.0363  -0.0015  -0.0382  -0.1179  -0.0201   0.0068
  0.0715   0.1658   0.0035  -0.2224  -0.0012   0.0466
  0.0338   0.0404  -0.0054  -0.0782  -0.0249  -0.0429
  0.0348   0.0352  -0.0060  -0.0892  -0.0175   0.0395
  0.0410   0.0366  -0.0223  -0.0919   0.0247   0.0289
  0.0374   0.0104  -0.0012  -0.0509   0.0058  -0.0166
  0.0375   0.0350   0.0037  -0.0836   0.0068   0.0560
  0.0311   0.0182   0.0142  -0.0367   0.0106  -0.0018
  0.0377   0.0247   0.0031  -0.0632   0.0124   0.0373
  0.0414   0.0332   0.0034  -0.1026   0.0199   0.0320
  0.0373   0.0145   0.0004  -0.0376   0.0070  -0.0240
  0.0309   0.0366  -0.0035  -0.0877   0.0018   0.0269
  0.0333   0.0334  -0.0075  -0.0910   0.0094   0.0352
  0.0259   0.0307  -0.0178  -0.1000   0.0106  -0.0171
  0.0448   0.0209  -0.0173  -0.0668   0.0061   0.0030
  0.0373   0.0260  -0.0054  -0.0971  -0.0061   0.0223
  0.0353   0.0403  -0.0053  -0.1173   0.0031   0.0594
  0.0279   0.0198  -0.0174  -0.1088  -0.0052  -0.0306
  0.0233  -0.0561  -0.0013  -0.0684   0.0153   0.0167
  0.0329   0.1410  -0.0451  -0.2527   0.0279   0.0138
  0.0129   0.0301  -0.0425  -0.0936   0.0139  -0.0389
  0.0211   0.0234  -0.0448  -0.1034   0.0163   0.0158
  0.0168   0.0355  -0.0610  -0.1499   0.0108   0.0326
  0.0113   0.0346  -0.0905  -0.1899   0.0086  -0.0194
  0.0060   0.0141  -0.0883  -0.1124   0.0014  -0.0486
  0.0149   0.0366  -0.0867  -0.1450   0.0164   0.0383
  0.0166   0.0443  -0.0996  -0.1857   0.0118   0.0153
  0.0052   0.0059  -0.1053  -0.1733  -0.0088  -0.0597
 -0.0092   0.0173  -0.1043  -0.1751  -0.0207   0.0309
 -0.0090  -0.0021  -0.1182  -0.1530  -0.0236   0.0802
  0.0007  -0.0063  -0.1214  -0.1348  -0.0128  -0.0650
 -0.0114  -0.0807  -0.1106   0.0149  -0.0183  -0.0393
 -0.0127  -0.1417  -0.0969   0.0268  -0.0274   0.0087
 -0.0144  -0.1157  -0.0992   0.0195  -0.0320  -0.0035
 -0.0159  -0.1177  -0.0938   0.0615  -0.0414  -0.0143
 -0.0140  -0.0859  -0.0902   0.0228  -0.0409   0.0259
 -0.0408  -0.0978  -0.0668  -0.0138  -0.0300   0.0450
 -0.0436  -0.0790  -0.0519   0.0241  -0.0215  -0.0275
 -0.0402  -0.1297  -0.0462   0.0625   0.0012  -0.0333
 -0.0303  -0.1162  -0.0407   0.0576   0.0151  -0.0084
 -0.0254  -0.1402  -0.0469   0.0552   0.0189   0.0084
 -0.0331  -0.1412  -0.0507   0.1208   0.0168  -0.0599
 -0.0392  -0.2100  -0.0419   0.1712   0.0127  -0.0132
 -0.0111  -0.1840  -0.0159   0.1304   0.0435   0.0149
 -0.0345  -0.1133  -0.0259   0.0931   0.0313  -0.0035
 -0.0344  -0.1598  -0.0303   0.1252   0.0507  -0.0495
 -0.0120  -0.0700   0.0349   0.1119   0.0470  -0.0084
 -0.0214   0.1299   0.1890   0.0595   0.0197   0.0204
 -0.0252   0.0368   0.1025   0.1097   0.0085   0.0207
 -0.0232  -0.0005   0.0948   0.1369   0.0148  -0.0318
 -0.0096  -0.0115   0.0951   0.1466   0.0238  -0.0001
 -0.0188   0.0010   0.0966   0.0809   0.0205   0.0434
 -0.0119   0.0077   0.0959   0.0754   0.0261  -0.0283
 -0.0165  -0.0057   0.0984   0.1103   0.0274  -0.0306
 -0.0247  -0.0041   0.1000   0.1174   0.0240  -0.0013
  0.0123  -0.0021   0.0780   0.1228   0.0478   0.0092
 -0.0004   0.0200   0.1158   0.1152   0.0389   0.0080
 -0.0194  -0.0018   0.1424   0.1433   0.0445  -0.0152
 -0.0206  -0.0073   0.0980   0.0856   0.0060   0.0130
  0.0092   0.2718   0.1255  -0.1074   0.0134   0.0240
 -0.0158   0.2720   0.1823  -0.1812  -0.0052  -0.0453
 -0.0302   0.1090   0.1091   0.0131  -0.0391  -0.0412
 -0.0484   0.0695   0.0361   0.1180  -0.0568   0.0097
 -0.0430   0.0839   0.0498   0.1071  -0.0453  -0.0194
 -0.0281   0.0511   0.0469   0.1978  -0.0536  -0.0325
 -0.0293   0.0448   0.0425   0.1607  -0.0471   0.0040
 -0.0348   0.0419   0.0511   0.1829  -0.0424   0.0161
 -0.0340   0.0506   0.0365   0.1614  -0.0380  -0.0022
 -0.0339   0.0259   0.0309   0.1988  -0.0146  -0.0434
 -0.0194   0.0374   0.0416   0.1907  -0.0250   0.0207
 -0.0273   0.0420   0.0375   0.1640  -0.0211   0.0377
 -0.0394  -0.1460   0.0054   0.2311  -0.0110  -0.0307
 -0.0613  -0.1555   0.0310   0.2472  -0.0209  -0.0249
