  0.2184  -0.1636   0.0041   0.2951  -0.0351   0.0056
  0.2406  -0.2475  -0.0249   0.2990  -0.0271   0.0558
  0.2343  -0.1066  -0.0274   0.1912  -0.0053   0.0421
  0.2250  -0.2323   0.0062   0.3251  -0.0614   0.0286
  0.2544  -0.1624  -0.0119   0.2685  -0.0101   0.0202
  0.2719  -0.1518   0.0077   0.3789  -0.0567  -0.0249
  0.2465  -0.1178  -0.0216   0.2956   0.0084  -0.0090
  0.2453  -0.1250  -0.0012   0.2783  -0.0161   0.0090
  0.2574  -0.0931  -0.0939   0.2464  -0.0196   0.0080
  0.2627  -0.0663  -0.1299   0.2652  -0.0564  -0.0191
  0.1962   0.1934  -0.0227   0.0376  -0.0335  -0.0190
  0.1886   0.2626  -0.0463   0.0049  -0.0626  -0.0484
  0.1610   0.2552  -0.0320   0.0153  -0.0420  -0.0574
  0.1345   0.2378  -0.0379   0.0389  -0.0015  -0.0843
  0.1455   0.2303  -0.0357   0.0777  -0.0131  -0.0787
  0.1573   0.2280  -0.0381   0.1121  -0.0491  -0.1059
  0.1465   0.1981  -0.0160   0.0662  -0.0564  -0.0854
  0.1488   0.2081  -0.0214   0.0717  -0.0477  -0.0883
  0.1382   0.1930  -0.0072   0.1128  -0.0371  -0.0903
  0.1422   0.1925  -0.0153   0.1445  -0.0417  -0.0847
  0.1204   0.1686  -0.0072   0.0508  -0.0326  -0.0465
  0.1164   0.1460  -0.0199   0.0384  -0.0107  -0.0371
  0.1189   0.1437  -0.0156   0.0816  -0.0016  -0.0455
  0.1266   0.1349  -0.0153   0.1119  -0.0287  -0.0463
  0.1255   0.1399  -0.0264   0.0733  -0.0096  -0.0292
  0.1262   0.1219  -0.0045   0.1482  -0.0204  -0.0680
  0.1231   0.1450  -0.0220   0.1207  -0.0043  -0.0449
  0.1125   0.1321  -0.0251   0.1292  -0.0178  -0.0430
  0.1268   0.1329  -0.0309   0.1207  -0.0195  -0.0522
  0.1104   0.1267  -0.0219   0.1290  -0.0034  -0.0646
  0.1746   0.1089  -0.0182   0.2067  -0.0595  -0.0821
  0.1838   0.1266  -0.0594   0.0825   0.0223  -0.0223
  0.1422  -0.0111  -0.0207   0.2145  -0.0381  -0.0309
  0.1469  -0.0021  -0.0242   0.2272  -0.0610  -0.0450
  0.1496  -0.0045  -0.0495   0.2015  -0.0362  -0.0282
  0.1566  -0.0197  -0.0470   0.1943  -0.0453  -0.0208
  0.1755   0.0361  -0.0393   0.2028  -0.0299  -0.0507
  0.0943  -0.1055   0.0136   0.2428  -0.0478  -0.0361
  0.1257  -0.0476   0.0360   0.2061  -0.0570  -0.0450
  0.0764  -0.0268   0.1120   0.2010  -0.0205  -0.0530
  0.1157  -0.0559   0.0716   0.2009  -0.0395  -0.0286
  0.1239  -0.0156   0.0840   0.1764  -0.0215  -0.0375
  0.0966  -0.0532   0.0794   0.1651  -0.0356  -0.0254
  0.1094  -0.0710   0.0998   0.1665  -0.0532  -0.0157
  0.2091  -0.0522   0.1130   0.2098   0.0360  -0.0435
  0.0846  -0.1689   0.1708   0.2159  -0.0098  -0.0128
  0.0971  -0.2141   0.1714   0.1556  -0.0210   0.0224
  0.1111  -0.1750   0.1420   0.1160   0.0307   0.0068
  0.1117  -0.1706   0.1469   0.1688  -0.0191   0.0203
  0.1075  -0.1673   0.1322   0.1446   0.0275   0.0027
  0.1032  -0.1840   0.1355   0.1701  -0.0373  -0.0009
  0.0880  -0.1548   0.0918   0.0992   0.0708   0.0291
  0.0952  -0.1810   0.1030   0.1308  -0.0396   0.0118
  0.0859  -0.1499   0.0982   0.0981   0.0389   0.0204
  0.0832  -0.1528   0.0946   0.1639   0.0010  -0.0100
  0.0716  -0.1613   0.1004   0.1382   0.0124  -0.0045
  0.0730  -0.1481   0.0925   0.1463   0.0116  -0.0085
  0.0512  -0.1527   0.0886   0.0902   0.0310   0.0127
  0.0506  -0.1502   0.0892   0.0563   0.0141   0.0360
  0.0471  -0.1503   0.0977   0.0861   0.0021   0.0269
  0.0528  -0.1731   0.0935   0.1302  -0.0001   0.0328
  0.0493  -0.1715   0.0871   0.1313  -0.0129   0.0206
  0.0461  -0.1613   0.0907   0.0997   0.0041   0.0184
  0.0421  -0.1734   0.0856   0.1004   0.0136   0.0273
  0.0552  -0.1601   0.0839   0.1416  -0.0067   0.0057
  0.0592  -0.1645   0.0997   0.2040  -0.0039  -0.0137
  0.0564  -0.1074   0.0771   0.1385   0.0359  -0.0035
  0.0645  -0.1300  -0.0120   0.1242   0.0077   0.0229
  0.0571  -0.2038   0.0600   0.1485  -0.0222   0.0119
  0.0685  -0.1683   0.0339   0.0778  -0.0063   0.0079
  0.0649  -0.1868   0.0588   0.2045   0.0114  -0.0238
  0.0512  -0.1548   0.0595   0.1656   0.0153   0.0010
  0.0334  -0.1717   0.0567   0.1043   0.0163   0.0030
  0.0567  -0.1222   0.0402   0.1251  -0.0195  -0.0053
  0.0320  -0.1324   0.0276   0.0456   0.0513   0.0251
  0.0245  -0.1871   0.0300   0.0371   0.0528   0.0534
  0.0313  -0.1803   0.0420   0.1100   0.0200   0.0290
  0.0214  -0.1696   0.0411   0.0899   0.0089   0.0346
  0.0215  -0.1610   0.0428   0.0932  -0.0005   0.0250
  0.0066  -0.1428   0.0236   0.0556   0.0335   0.0424
  0.0108  -0.1626   0.0217   0.0625   0.0175   0.0284
  0.0092  -0.1631   0.0272   0.0835   0.0168   0.0253
  0.0070  -0.1635   0.0414   0.0859   0.0073   0.0218
  0.0056  -0.1589   0.0322   0.1178  -0.0062   0.0114
 -0.0093  -0.1404   0.0254   0.0535   0.0129   0.0473
 -0.0232  -0.1403   0.0122   0.0004   0.0104   0.0499
 -0.0031  -0.1324   0.0107   0.0009   0.0379   0.0608
  0.0137  -0.1780   0.0070   0.0018   0.0607   0.0637
 -0.0055  -0.1204   0.0002   0.0518   0.0580   0.0561
  0.0188  -0.0542   0.0057   0.0615   0.0066   0.0305
  0.0066  -0.1212   0.0039   0.0811   0.0309   0.0493
  0.0151  -0.1305   0.0103   0.0682   0.0017   0.0393
 -0.0537  -0.1130  -0.0186  -0.0662   0.0508   0.1311
 -0.0776  -0.1229  -0.0038  -0.0552   0.0458   0.1148
 -0.0544  -0.1255   0.0046   0.0112   0.0066   0.0923
 -0.0514  -0.1157   0.0051   0.0127   0.0237   0.0852
 -0.0216  -0.0596  -0.0262   0.0620   0.0199   0.0631
  0.0409  -0.0162  -0.0852  -0.0092   0.0648   0.0696
  0.0129  -0.0465  -0.0413   0.0452   0.0287   0.0285
 -0.0253  -0.1144  -0.0060   0.0019   0.0213   0.0531
 -0.0154  -0.0911  -0.0043   0.0196   0.0071   0.0255
 -0.0193  -0.0592  -0.0138   0.0057   0.0073   0.0461
 -0.0212  -0.0704  -0.0121   0.0307   0.0152   0.0357
 -0.0202  -0.0468  -0.0081   0.0449   0.0131   0.0368
 -0.0287  -0.0542  -0.0359  -0.0022   0.0554   0.0570
 -0.0481   0.0082  -0.0544  -0.0315   0.0942   0.0252
 -0.1094   0.1269  -0.0184  -0.1448   0.1035   0.0342
 -0.0910   0.1645  -0.0405  -0.1862   0.0330   0.0156
 -0.0865   0.2559  -0.0427  -0.2129  -0.0402  -0.0106
 -0.0603   0.1861  -0.0455  -0.1387  -0.0119  -0.0261
 -0.0776   0.1919  -0.0404  -0.1346  -0.0185  -0.0119
 -0.0645   0.2295  -0.0379  -0.2340   0.0313   0.0074
 -0.0735   0.1896  -0.0383  -0.2157   0.0439   0.0070
 -0.0813   0.1453  -0.0663  -0.2162   0.0655   0.0051
 -0.0788   0.1792  -0.0528  -0.1677   0.0124  -0.0384
 -0.0632   0.2584  -0.0501  -0.2639   0.0178  -0.0391
 -0.0518   0.2191  -0.0144  -0.1745  -0.0381  -0.0618
 -0.0730   0.1427  -0.0443  -0.1243   0.0343  -0.0339
 -0.0795   0.1432  -0.0248  -0.1022   0.0172  -0.0526
 -0.0705   0.1056  -0.0421  -0.1110   0.0217  -0.0137
 -0.1267   0.3641   0.0314  -0.1169   0.0385  -0.1901
 -0.0904   0.3295  -0.0223  -0.2027  -0.0066  -0.0895
 -0.0895   0.5205  -0.1241  -0.4020   0.0475  -0.0119
 -0.1038   0.1310  -0.0673  -0.3461  -0.0169   0.0761
 -0.0651   0.1032  -0.0795  -0.2525  -0.0008   0.0501
 -0.0785   0.1356  -0.0533  -0.1681  -0.0417  -0.0096
 -0.0830   0.1344  -0.0595  -0.1193   0.0168  -0.0213
 -0.0882   0.1497  -0.0286  -0.0286  -0.0269  -0.0555
 -0.0883   0.1679  -0.0429  -0.0135   0.0550  -0.0745
 -0.0877   0.1436  -0.0302   0.0091  -0.0195  -0.0810
 -0.0989   0.1440  -0.0363  -0.0172   0.0290  -0.0889
 -0.1083   0.1551  -0.0447  -0.0367   0.0327  -0.0775
 -0.1090   0.1521  -0.0396  -0.0592   0.0362  -0.0638
 -0.1215   0.1519  -0.0512  -0.1068   0.0385  -0.0415
 -0.1108   0.1422  -0.0453  -0.0953   0.0025  -0.0600
 -0.1230   0.1488  -0.0350  -0.0422   0.0096  -0.0807
 -0.1196   0.1429  -0.0342  -0.0637  -0.0081  -0.0709
 -0.1352   0.1503  -0.0363  -0.1227  -0.0021  -0.0457
 -0.1342   0.1441  -0.0514  -0.1536   0.0159  -0.0426
 -0.1296   0.1408  -0.0528  -0.1315   0.0018  -0.0300
 -0.1161   0.1074  -0.0272  -0.1289  -0.0553  -0.0139
 -0.1326  -0.0451  -0.0251  -0.1262  -0.0242   0.0029
 -0.1303  -0.0222  -0.0390  -0.1161  -0.0149   0.0082
 -0.1392  -0.0194  -0.0333  -0.0994  -0.0035  -0.0073
 -0.1470   0.0098  -0.0506  -0.1281   0.0344  -0.0098
 -0.1487  -0.0180  -0.0218  -0.0794  -0.0268  -0.0087
 -0.1436   0.0657  -0.0534  -0.1814   0.0385   0.0018
 -0.1397   0.0176  -0.0519  -0.2014   0.0500   0.0413
 -0.0908   0.0996  -0.0892  -0.2631   0.0510   0.0614
 -0.0437  -0.0481  -0.0721  -0.1701  -0.0327   0.0516
 -0.1833  -0.0049  -0.0244  -0.2351  -0.0343   0.0432
 -0.1522  -0.1801   0.0184  -0.1090  -0.1172   0.0688
 -0.1897  -0.2594   0.0010  -0.3540  -0.0115   0.1965
 -0.1740  -0.1031  -0.0167  -0.3375  -0.0081   0.1264
 -0.1595   0.0518  -0.0271  -0.3103   0.0053   0.0532
 -0.1446   0.0440  -0.0286  -0.2550  -0.0108   0.0369
 -0.1628   0.0244  -0.0252  -0.2202  -0.0221   0.0267
 -0.1536   0.0370  -0.0324  -0.2683  -0.0008   0.0304
 -0.1473   0.0421  -0.0268  -0.2290   0.0001   0.0353
 -0.1429   0.0395  -0.0146  -0.2366  -0.0076   0.0309
 -0.1725   0.0356   0.0195  -0.2766  -0.0246   0.0521
 -0.1637   0.0522   0.0059  -0.2741  -0.0205   0.0326
 -0.1459   0.0512  -0.0022  -0.1547  -0.0389  -0.0138
 -0.1493   0.0614  -0.0185  -0.1541   0.0004  -0.0064
 -0.1601   0.0208  -0.0142  -0.1808  -0.0283   0.0092
 -0.1916   0.0264  -0.0280  -0.2528   0.0275   0.0517
 -0.1928   0.0265  -0.0300  -0.2091   0.0091   0.0258
 -0.1953   0.0325  -0.0217  -0.2140   0.0365   0.0277
 -0.2014   0.0297  -0.0386  -0.2114   0.0210   0.0391
 -0.1960   0.0321  -0.0266  -0.2370   0.0081   0.0370
 -0.1908   0.0197  -0.0235  -0.2102  -0.0026   0.0347
 -0.2045   0.0192  -0.0250  -0.2372   0.0136   0.0504
 -0.1999   0.0066  -0.0180  -0.2426  -0.0013   0.0584
 -0.2021   0.0089  -0.0167  -0.2225  -0.0008   0.0472
 -0.1967   0.0140  -0.0185  -0.1406   0.0018  -0.0011
 -0.1966   0.0194  -0.0187  -0.1131   0.0058  -0.0039
