 -0.0186   0.1196  -0.1130  -0.1961  -0.0306  -0.0636
 -0.0255   0.1448  -0.0982  -0.1553  -0.0310  -0.0298
 -0.0294   0.1753  -0.0887  -0.1252  -0.0235  -0.0348
 -0.0394   0.1565  -0.0913  -0.0898  -0.0226  -0.0244
 -0.0390   0.1337  -0.0766  -0.0691  -0.0240  -0.0019
 -0.0360   0.1072  -0.0787  -0.0577  -0.0158  -0.0195
 -0.0322   0.0931  -0.0704  -0.0530  -0.0132  -0.0022
 -0.0308   0.1059  -0.0688  -0.0399  -0.0072   0.0118
 -0.0268   0.0939  -0.0775  -0.0340  -0.0101  -0.0038
 -0.0216   0.0521  -0.0652   0.0369  -0.0005   0.0192
 -0.0349   0.0329  -0.0923  -0.0404  -0.0143  -0.0154
 -0.0422   0.0103  -0.1333  -0.1095  -0.0112   0.0074
 -0.0261   0.0836  -0.1094  -0.0110   0.0042  -0.0295
 -0.0211   0.0636  -0.0933  -0.0369  -0.0112  -0.0193
 -0.0434   0.0624  -0.0796  -0.0526  -0.0214  -0.0089
 -0.0536   0.0346  -0.0707  -0.0944  -0.0181   0.0034
 -0.0302   0.0181  -0.0791  -0.0819  -0.0197   0.0138
 -0.0289   0.0122  -0.0832  -0.1110  -0.0161  -0.0099
 -0.0133   0.0097  -0.0879  -0.1401  -0.0226  -0.0108
 -0.0053   0.0047  -0.0736  -0.0916  -0.0124  -0.0079
  0.0061   0.0044  -0.0455  -0.0614  -0.0165  -0.0082
 -0.0098  -0.0046  -0.0497  -0.0567  -0.0119   0.0106
 -0.0164  -0.0084  -0.0505  -0.0349  -0.0150   0.0366
 -0.0153  -0.0307  -0.0498  -0.0115  -0.0154   0.0311
 -0.0123  -0.0372  -0.0577   0.0128  -0.0186   0.0436
 -0.0305  -0.0289  -0.0483   0.0459  -0.0091   0.0334
 -0.0146  -0.0650  -0.0631   0.0278  -0.0104   0.0257
 -0.0009  -0.0159  -0.0506  -0.0006  -0.0132   0.0294
 -0.0011  -0.0262  -0.0416  -0.0013  -0.0176   0.0318
 -0.0036  -0.0659  -0.0619   0.0019  -0.0216   0.0416
 -0.0211  -0.0165  -0.0851  -0.0441  -0.0213   0.0594
 -0.0060  -0.0696  -0.0383  -0.0406  -0.0105   0.0085
  0.0138  -0.1038  -0.0433  -0.0723  -0.0231   0.0086
 -0.0027  -0.0795  -0.0692  -0.0544  -0.0156   0.0209
 -0.0062  -0.0528  -0.0445  -0.0074   0.0063   0.0645
 -0.0192  -0.0419  -0.0319   0.0057   0.0072  -0.0183
 -0.0450  -0.0403  -0.0536   0.0180   0.0058   0.0433
 -0.0265  -0.0487  -0.0121   0.0438   0.0150   0.0136
 -0.0235  -0.0474   0.0007   0.0705   0.0142   0.0235
 -0.0286  -0.0435  -0.0028   0.0657   0.0169   0.0165
 -0.0161  -0.0665   0.0206   0.0428   0.0233   0.0298
 -0.0197  -0.1119  -0.0003   0.0407   0.0166   0.0227
  0.0194  -0.0909   0.0540   0.0648  -0.0218   0.0128
  0.0127  -0.0884   0.0379   0.0969   0.0085   0.0569
  0.0020  -0.1142   0.0366   0.0759  -0.0043  -0.0057
  0.0199  -0.1224  -0.0097   0.0217   0.0137   0.0020
  0.0086  -0.1037   0.0139   0.1192   0.0075   0.0163
  0.0103  -0.0722   0.0198   0.1269   0.0101   0.0117
 -0.0167  -0.0693  -0.0021   0.1274   0.0154   0.0300
  0.0000  -0.0413   0.0044   0.1044   0.0102   0.0079
  0.0121  -0.0217   0.0125   0.1126   0.0133   0.0164
  0.0147  -0.0193   0.0306   0.1146   0.0042  -0.0157
  0.0110  -0.0073   0.0038   0.0803   0.0019   0.0103
  0.0052  -0.0862   0.0064   0.0930   0.0066  -0.0065
 -0.0040  -0.0882   0.0001   0.1434   0.0199   0.0141
  0.0177  -0.0087   0.0090   0.0526   0.0001   0.0044
  0.0181  -0.0166  -0.0035   0.0493   0.0000  -0.0201
  0.0158   0.0219   0.1190   0.0120   0.0299  -0.0420
  0.0485   0.0611   0.3280  -0.1455   0.0463  -0.0351
  0.0130   0.1058   0.0668  -0.0266   0.0106  -0.0560
  0.0310   0.1728   0.0709  -0.0501   0.0147  -0.0301
  0.0186   0.1303   0.0728  -0.0133   0.0191  -0.0432
  0.0159   0.0953   0.0857  -0.0066   0.0081  -0.0378
  0.0286   0.0823   0.0914   0.0509   0.0061  -0.0400
  0.0294   0.0625   0.0703   0.0470   0.0132  -0.0148
  0.0088   0.0607   0.1114   0.0271   0.0193  -0.0197
  0.0236   0.0467   0.1130   0.0161   0.0206  -0.0291
  0.0333   0.0405   0.1161   0.0602   0.0102  -0.0204
  0.0307   0.0142   0.1038   0.0592   0.0092  -0.0202
  0.0376   0.0221   0.0860   0.0459   0.0150   0.0082
  0.0564  -0.0073   0.1510   0.0869   0.0108  -0.0247
  0.0711  -0.0291   0.1576   0.1068   0.0184  -0.0339
  0.0767  -0.0243   0.1582   0.1063   0.0177   0.0115
  0.0617  -0.0616   0.1403   0.0423   0.0248  -0.0034
  0.0547  -0.1144   0.1249  -0.1424   0.0182  -0.2246
  0.0689  -0.1713   0.1356  -0.0779   0.0087   0.0312
  0.0437  -0.0708   0.1099  -0.0175   0.0297   0.1396
