 -0.0613   0.1107  -0.1158   0.3695  -0.0472   0.2686
 -0.1150   0.0658  -0.0812   0.0299   0.0217   0.2616
 -0.0887   0.0092  -0.0632   0.1455  -0.0244   0.1456
 -0.1201   0.0206  -0.0734   0.0857  -0.0121   0.2013
 -0.0912   0.0529  -0.0833   0.0272  -0.0189   0.2102
 -0.0942   0.0282  -0.1399   0.0734  -0.0068   0.1962
 -0.0884   0.0397  -0.1775   0.2175  -0.0249   0.1862
 -0.0978   0.0215  -0.1566   0.2096  -0.0361   0.2298
 -0.1315   0.0478  -0.1496   0.3145  -0.0316   0.1897
 -0.1424   0.0765  -0.1614   0.3754  -0.0274   0.2218
 -0.0846   0.1005  -0.1478   0.4461  -0.0665   0.2083
 -0.0533   0.0679  -0.1135   0.3673  -0.0796   0.1935
 -0.0755   0.0623  -0.0989   0.2847  -0.0666   0.1726
 -0.0870  -0.0139  -0.1137   0.3062  -0.0610   0.1800
 -0.1069  -0.0491  -0.1552   0.2895  -0.0395   0.2337
 -0.1164  -0.0271  -0.1589   0.2144  -0.0527   0.1764
 -0.1012   0.0537  -0.1325   0.2686  -0.0479   0.1350
 -0.0888   0.0034  -0.1385   0.3330  -0.0396   0.1891
 -0.0805  -0.0268  -0.1506   0.2968  -0.0515   0.1825
 -0.0540   0.0299  -0.1475   0.4159  -0.0274   0.1582
 -0.0621   0.0121  -0.1142   0.5063  -0.0160   0.1711
 -0.0618  -0.0382  -0.0184   0.5003  -0.0370   0.1731
 -0.0625  -0.0633  -0.0268   0.4696  -0.0143   0.2042
 -0.0428  -0.0662  -0.0238   0.5522  -0.0234   0.1654
 -0.0427  -0.0261  -0.0900   0.5475  -0.0132   0.1809
 -0.0496  -0.0619  -0.0701   0.4400  -0.0294   0.1944
 -0.0396  -0.0362  -0.1360   0.3955  -0.0458   0.1915
 -0.0543  -0.0690  -0.1432   0.3928  -0.0574   0.1854
 -0.0430  -0.0768  -0.1638   0.4127  -0.0449   0.1685
 -0.0336  -0.0847  -0.2111   0.5090  -0.0562   0.1735
 -0.0510  -0.0381  -0.1916   0.5542  -0.0543   0.1960
 -0.0473  -0.0764  -0.1818   0.5383  -0.0394   0.1771
 -0.0585   0.0496  -0.1734   0.4584  -0.0499   0.2288
 -0.0640   0.1246  -0.2274   0.4011  -0.0567   0.1152
 -0.0658   0.0771  -0.1862   0.2943  -0.0554   0.1455
 -0.0896   0.0123  -0.1564   0.4188  -0.0694   0.2023
 -0.0605   0.0043  -0.1194   0.3925  -0.0550   0.1407
 -0.0117   0.0051  -0.0991   0.4321  -0.0485   0.1431
 -0.0072  -0.0213  -0.1192   0.3752  -0.0324   0.1563
 -0.0128   0.0971  -0.1337   0.4116  -0.0351   0.1322
 -0.0407   0.1105  -0.1600   0.4537  -0.0272   0.1160
 -0.0294   0.0394  -0.1566   0.4463  -0.0231   0.1378
  0.0003   0.0837  -0.1496   0.4325  -0.0154   0.1575
  0.0196  -0.0351  -0.1916   0.4704  -0.0099   0.1614
 -0.0474   0.6807  -0.1031   0.2297  -0.0215   0.0520
 -0.0501   0.7645  -0.0646   0.3230  -0.0412  -0.0205
  0.0125   0.4460  -0.0430   0.4311  -0.0468   0.0375
 -0.0155   0.4327  -0.0454   0.4739  -0.0269   0.0719
 -0.0299   0.3483  -0.0910   0.5198  -0.0197   0.0950
 -0.0377   0.3280  -0.0629   0.5200  -0.0334   0.0552
 -0.0040   0.3009  -0.0295   0.4918  -0.0556   0.0595
 -0.0061   0.2809  -0.0419   0.5167  -0.0357   0.0982
 -0.0107   0.2289  -0.0411   0.5555  -0.0303   0.0753
 -0.0262   0.2279  -0.0399   0.5823  -0.0202   0.0810
 -0.0415   0.2167  -0.0511   0.5994  -0.0342   0.0782
 -0.0371   0.2404  -0.0581   0.5780  -0.0292   0.0808
 -0.0048   0.2349  -0.0394   0.5586  -0.0384   0.0859
  0.0009   0.2449  -0.0204   0.5043  -0.0253   0.0962
  0.0244   0.2672  -0.0119   0.4692  -0.0105   0.1167
  0.0213   0.2784  -0.0158   0.5277  -0.0165   0.0370
 -0.0086   0.2359  -0.0325   0.3641  -0.0252   0.0367
  0.0086   0.1434   0.0025   0.4511  -0.0074   0.1211
  0.0082   0.0393  -0.0008   0.3897  -0.0154   0.0732
 -0.0192   0.1841  -0.0155   0.4677  -0.0260   0.0555
 -0.0300   0.3390   0.0291   0.6104   0.0326   0.0659
 -0.0037   0.3088  -0.0237   0.5238  -0.0313   0.0101
  0.0080   0.2450  -0.0722   0.5385  -0.0302   0.0527
  0.0004   0.2323  -0.0507   0.5229  -0.0247   0.0708
 -0.0410   0.2069  -0.0603   0.5271  -0.0210   0.0259
 -0.0040   0.2076  -0.0534   0.6317  -0.0231   0.0738
  0.0314   0.1930   0.0056   0.6096  -0.0136   0.0992
  0.0112   0.1789  -0.0179   0.5289  -0.0324   0.0212
 -0.0059   0.1436  -0.0244   0.5302  -0.0159   0.0294
 -0.0024   0.1107   0.0020   0.4621  -0.0133   0.0480
  0.0023   0.1305  -0.0089   0.4452  -0.0206   0.0397
  0.0342   0.0757   0.0030   0.4345  -0.0307   0.0777
  0.0792   0.2963  -0.0889   0.3401  -0.0809   0.0532
  0.0592   0.2801  -0.0431   0.3460  -0.0921  -0.0030
  0.0660   0.1692  -0.0196   0.3905  -0.0890   0.0082
  0.0634   0.1967  -0.0501   0.4780  -0.0590   0.0602
  0.0736   0.1532  -0.0242   0.4785  -0.0491   0.0297
  0.0636   0.1521  -0.0125   0.4871  -0.0567   0.0861
  0.0622   0.1597  -0.0302   0.4460  -0.0392   0.0257
  0.0739   0.2001  -0.0236   0.4904  -0.0529   0.0308
  0.0726   0.1596  -0.0068   0.4190  -0.0701   0.0468
  0.0764   0.1960   0.0006   0.4684  -0.0545   0.0239
  0.0914   0.1425  -0.0027   0.4496  -0.0678   0.0438
  0.0925   0.1355   0.0127   0.4143  -0.0604   0.0269
  0.1018   0.1479   0.0101   0.5263  -0.0193   0.0039
  0.0727   0.1475   0.0010   0.5123  -0.0124   0.0090
  0.0611   0.1411   0.0283   0.4486  -0.0200   0.0235
  0.0586   0.1157  -0.0014   0.3407  -0.0199   0.0333
  0.0644   0.1143   0.0015   0.4219  -0.0373   0.0344
  0.0810   0.1604   0.0331   0.3542  -0.0447   0.0242
  0.0769   0.1448   0.0487   0.3306  -0.0405   0.0176
  0.0698   0.1068   0.0503   0.3183  -0.0335  -0.0276
  0.0768   0.0747   0.0566   0.3326  -0.0256   0.0074
  0.0662   0.1025   0.0439   0.3094  -0.0366  -0.0117
  0.0927   0.1193   0.0771   0.3511  -0.0528  -0.0083
  0.1142   0.1197   0.0794   0.3272  -0.0389  -0.0619
  0.1480   0.0897   0.1045   0.3131  -0.0393   0.0000
  0.1565   0.0954   0.1231   0.3456  -0.0200  -0.0093
  0.1744   0.0803   0.0795   0.3086  -0.0379  -0.0078
  0.1454   0.0808   0.0488   0.2112  -0.0581  -0.0480
  0.0772   0.0049   0.0221   0.0867  -0.0006   0.0163
  0.0704  -0.0998   0.0418   0.0511  -0.0109   0.0045
  0.0755  -0.1032   0.0685   0.0983  -0.0146  -0.0716
  0.0765  -0.1064   0.0543   0.1313  -0.0197   0.0062
  0.0702  -0.0814   0.0567   0.1102  -0.0522  -0.0085
  0.0575  -0.0572   0.0642   0.0802  -0.0812  -0.0106
  0.0381  -0.0595   0.0648   0.1368  -0.0901  -0.0012
  0.0053  -0.0856   0.0485   0.1447  -0.0996   0.0246
  0.0040  -0.0307   0.0330   0.1563  -0.1261  -0.0202
  0.0281   0.1224   0.0671   0.2311  -0.1055  -0.0323
  0.0353   0.0635   0.0745   0.2376  -0.0843  -0.0229
  0.0433   0.0927   0.0683   0.1779  -0.0686  -0.0588
  0.0200   0.0196   0.0589   0.2762  -0.0591  -0.0542
  0.0393   0.0295   0.0556   0.2394  -0.0592  -0.0295
  0.0269  -0.0148   0.0877   0.2912  -0.0351   0.0705
  0.0241   0.0101   0.0750   0.1879  -0.0606  -0.0424
  0.0602   0.0012   0.0817   0.1882  -0.0578  -0.0444
  0.0606  -0.0179   0.0571   0.2648  -0.0530  -0.0176
  0.0727  -0.0330   0.0551   0.2979  -0.0317  -0.0431
  0.0763  -0.0331   0.0429   0.2961  -0.0264   0.0195
  0.0844  -0.0354   0.0495   0.2786  -0.0133   0.0058
  0.0800  -0.0516   0.0476   0.2880  -0.0388  -0.0216
  0.0692  -0.0527   0.0378   0.2491  -0.0355  -0.0324
  0.0644  -0.0538   0.0315   0.2483  -0.0595   0.0142
  0.0797  -0.1203   0.0291   0.3850  -0.0628  -0.0331
  0.0924  -0.0607   0.0491   0.3479  -0.0530  -0.0182
  0.1002  -0.0800   0.0506   0.3647  -0.0393  -0.0044
  0.0818  -0.0583   0.0565   0.3302  -0.0188  -0.0230
  0.0954  -0.0683   0.0571   0.3317   0.0101  -0.0057
  0.1077  -0.0231   0.0606   0.2797   0.0030  -0.0318
  0.0826  -0.0437   0.0659   0.3058   0.0041  -0.0245
  0.0723  -0.0353   0.0549   0.2286   0.0064  -0.0026
  0.0736  -0.0990   0.0497   0.2545  -0.0106  -0.0174
  0.0717  -0.0512   0.0222   0.1929  -0.0289  -0.0610
  0.0504  -0.0086   0.0079   0.0713   0.0013  -0.0268
  0.0620  -0.0221   0.0167   0.1163   0.0077  -0.0490
  0.0829   0.0211   0.0457   0.1491   0.0343   0.0009
  0.0894   0.0399   0.0259   0.1542   0.0059  -0.0634
  0.0733  -0.0208   0.0269   0.2276  -0.0235  -0.0923
  0.1009   0.0629   0.0221   0.2001  -0.0258  -0.0152
  0.1012   0.2190   0.0141   0.1743  -0.0227  -0.0681
  0.0521   0.1111   0.0059   0.1111  -0.0378  -0.0150
  0.0883   0.6827  -0.0747  -0.1014  -0.0527  -0.1436
  0.0944   0.3207  -0.0158   0.0504  -0.0272  -0.1289
  0.0883   0.1853  -0.0236   0.0347  -0.0170  -0.0662
  0.0851   0.1718  -0.0174   0.0438   0.0169  -0.0647
  0.0853   0.1496  -0.0397   0.0586  -0.0003  -0.0346
  0.0964   0.0820  -0.0418   0.1320   0.0007  -0.0996
  0.1080   0.1052  -0.0088   0.0884   0.0003  -0.0705
  0.0972   0.0477  -0.0020   0.0820   0.0204  -0.0928
  0.0947   0.1217   0.0004   0.0047   0.0348  -0.0672
  0.1130   0.1063  -0.0028   0.0083   0.0526  -0.1399
  0.0898   0.1431   0.0155  -0.0483   0.0664   0.0081
  0.1104   0.1469   0.0131  -0.0872   0.0590  -0.1167
  0.1051   0.1653   0.0223  -0.1998   0.0480  -0.0794
  0.0950   0.1329   0.0057  -0.1544   0.0749  -0.1130
  0.0578   0.1817   0.0166  -0.1997   0.0607  -0.0549
  0.0769   0.1704   0.0266  -0.1423   0.0749  -0.0680
  0.0915   0.1911   0.0026  -0.1349   0.0742  -0.1287
  0.0773   0.1533   0.0084  -0.1006   0.0669  -0.0700
  0.0696   0.1540   0.0148  -0.1232   0.0568  -0.0667
  0.0503   0.0841   0.0057  -0.1342   0.0445  -0.0740
  0.0521   0.1068   0.0057  -0.2605   0.0191  -0.1016
  0.0614   0.0810   0.0202  -0.2335   0.0167  -0.0638
  0.0883   0.0879   0.0225  -0.1398   0.0586  -0.1401
  0.0966   0.1632   0.0388  -0.1813   0.0736  -0.1103
  0.0968   0.1075   0.0410  -0.1536   0.0816  -0.0682
  0.0943   0.1015   0.0255  -0.1416   0.0874  -0.0799
  0.0836   0.0817   0.0201  -0.1181   0.0777  -0.0994
  0.0726   0.0634   0.0280  -0.1881   0.0944  -0.1193
  0.1002   0.0590  -0.0033  -0.0804   0.0726  -0.0841
  0.1135   0.0464   0.0113  -0.0597   0.0864  -0.0997
  0.1243   0.0391   0.0128  -0.0680   0.0871  -0.0570
  0.1268   0.0098   0.0166  -0.0525   0.0765  -0.0930
  0.0978   0.0023   0.0075  -0.0590   0.0774  -0.0796
  0.0874  -0.0142  -0.0071  -0.0515   0.0532  -0.0806
  0.0854  -0.0254  -0.0080  -0.1814   0.0194  -0.0675
  0.0943  -0.0548  -0.0117  -0.0990   0.0056  -0.0848
  0.0827  -0.0665  -0.0170  -0.1773   0.0002  -0.0793
  0.0738  -0.0696  -0.0392  -0.1641  -0.0180  -0.0873
  0.0726  -0.0824  -0.0349  -0.1063  -0.0000  -0.0978
  0.0424  -0.0907  -0.0526  -0.2140  -0.0132  -0.0765
  0.0428  -0.0910  -0.0608  -0.1998  -0.0098  -0.1059
  0.0264  -0.1115  -0.0456  -0.2671  -0.0271  -0.0889
 -0.0203  -0.2286  -0.0652  -0.3787  -0.0385  -0.0859
 -0.0395  -0.2325  -0.0710  -0.4162  -0.0406  -0.0971
 -0.0372  -0.2449  -0.0930  -0.4374  -0.0329  -0.0878
 -0.0491  -0.2478  -0.0866  -0.5132  -0.0362  -0.1115
 -0.0911  -0.3804  -0.0304  -0.7289  -0.0194  -0.0796
 -0.1030  -0.4051  -0.0458  -0.7924  -0.0253  -0.0682
 -0.0826  -0.4235  -0.0556  -0.6645  -0.0146  -0.1090
 -0.1102  -0.3098  -0.0490  -0.7746  -0.0147  -0.1105
 -0.0942  -0.1896  -0.0454  -0.7429   0.0196  -0.1540
 -0.1050  -0.3167  -0.0008  -0.8432   0.0241  -0.1025
 -0.1396  -0.3750   0.0308  -0.9365   0.0192  -0.1137
 -0.1501  -0.4319   0.0685  -1.1026   0.0474  -0.0567
 -0.1467  -0.4288   0.0477  -1.0391   0.0564  -0.0944
 -0.1424  -0.4316   0.0711  -1.0667   0.0605  -0.1058
 -0.1346  -0.5224   0.0787  -1.1137   0.0761  -0.0982
 -0.1397  -0.5543   0.0883  -1.2077   0.0925  -0.1014
 -0.1448  -0.5291   0.0852  -0.9626   0.1030  -0.1163
 -0.1570  -0.5527   0.0753  -1.0179   0.0992  -0.1231
 -0.1562  -0.5618   0.0909  -1.0393   0.1112  -0.0902
 -0.1617  -0.6159   0.0828  -1.1438   0.1023  -0.1113
 -0.1791  -0.7740   0.1090  -1.3394   0.0924  -0.0683
 -0.1737  -0.7842   0.0685  -1.2123   0.0873  -0.0773
 -0.2026  -0.8212   0.1072  -1.3201   0.1199  -0.0847
 -0.1786  -0.8223   0.0339  -1.0440   0.0951  -0.0734
 -0.1755  -0.7881   0.0464  -1.0942   0.0819  -0.1014
 -0.1886  -0.9027   0.0740  -1.2656   0.1117  -0.0753
 -0.2383  -0.9395   0.0946  -1.4611   0.1300  -0.0823
 -0.2191  -0.9704   0.1152  -1.4608   0.1067  -0.0595
 -0.2179  -0.9324   0.0988  -1.3204   0.1399  -0.0662
 -0.2285  -0.9230   0.1464  -1.3893   0.1492  -0.0880
 -0.2332  -0.9655   0.0304  -1.2369   0.1100  -0.0804
 -0.2179  -0.8429   0.1139  -1.1941   0.1195  -0.1213
 -0.1844  -0.7649   0.1317  -1.2318   0.1149  -0.1125
 -0.1854  -0.5713   0.2161  -1.1822   0.1414  -0.0554
 -0.1712  -0.5645   0.2616  -1.1964   0.1433  -0.1566
 -0.1530  -0.4968   0.2417  -1.1435   0.1562  -0.1195
 -0.0973  -0.3820   0.3567  -1.1236   0.1482  -0.1614
 -0.0640  -0.4102   0.3260  -1.1399   0.1495  -0.2320
 -0.0961  -0.4604   0.3069  -1.2036   0.1487  -0.1191
 -0.1006  -0.5365   0.2843  -1.1462   0.1343  -0.1286
 -0.0976  -0.5587   0.2841  -1.1382   0.1335  -0.1104
 -0.1044  -0.6375   0.2860  -1.1539   0.1382  -0.1209
 -0.0957  -0.5904   0.2779  -1.0897   0.1410  -0.1266
 -0.1026  -0.6091   0.2991  -1.1698   0.1430  -0.1179
 -0.1099  -0.6451   0.3219  -1.2961   0.1728  -0.0998
 -0.1116  -0.7019   0.2893  -1.2878   0.1142  -0.1293
 -0.1125  -0.7478   0.2982  -1.5422   0.0578  -0.1028
 -0.1520  -0.8751   0.3522  -1.7993   0.1068  -0.0918
