  0.3187   0.6719  -0.1963  -0.1721  -0.0971   0.0222
  0.2833   0.3347  -0.1795  -0.1746  -0.1161   0.0810
  0.2916   0.2877  -0.1649  -0.0886  -0.1249   0.0088
  0.2291   0.4927  -0.0874  -0.2038  -0.1044   0.1165
  0.1416   0.4311  -0.0952  -0.1749  -0.0562   0.1528
  0.1647   0.4900  -0.0922  -0.0399  -0.0741   0.0286
  0.0576   0.5319  -0.1738  -0.2379  -0.0410   0.0594
  0.0969   0.3431  -0.1822  -0.2813  -0.0755   0.2756
  0.0813   0.4396  -0.1992  -0.2398  -0.1045   0.2089
  0.0847   0.4578  -0.1878  -0.2111  -0.1133   0.1970
  0.1118   0.3107  -0.1384  -0.1155  -0.1102   0.0692
  0.1585   0.2261  -0.1619  -0.1054  -0.1103   0.1657
  0.1503   0.3348  -0.1828  -0.1937  -0.1424   0.2456
  0.1559   0.3047  -0.1456  -0.0476  -0.1405   0.0183
  0.1691   0.2181  -0.1050  -0.0750  -0.1386   0.1277
  0.1963   0.1867  -0.0884  -0.0946  -0.1498   0.1593
  0.2162   0.1761  -0.0700   0.0606  -0.1370  -0.0304
  0.2043   0.1826  -0.1006   0.0136  -0.1061   0.1445
  0.1566   0.0984  -0.0467  -0.0884  -0.1017   0.1830
  0.1136   0.0965  -0.0692  -0.1928  -0.1087   0.2760
  0.1157   0.2013  -0.0897  -0.1798  -0.1150   0.1763
  0.1287   0.2262  -0.0760  -0.1605  -0.0980   0.1078
  0.0936   0.3569  -0.0611  -0.1371  -0.0454   0.0598
  0.1533   0.0350  -0.0371  -0.0957  -0.0718   0.2346
  0.1888  -0.0290  -0.0408  -0.0711  -0.0299   0.1090
  0.1423   0.0840  -0.0331  -0.1100  -0.0585   0.1823
  0.1707  -0.0918  -0.0235  -0.1525  -0.0546   0.1827
  0.2709  -0.1115   0.0151  -0.1468  -0.0246   0.2263
  0.2730  -0.1420   0.0146  -0.0164  -0.0475   0.0943
  0.2846  -0.1936   0.0260  -0.0284  -0.0389   0.1601
  0.2409  -0.1851   0.0087  -0.0377  -0.0187   0.1920
  0.2566  -0.1646  -0.0123  -0.0110  -0.0548   0.0968
  0.2475   0.1065  -0.0478   0.1138  -0.1308  -0.0725
  0.2752  -0.0919  -0.0075  -0.0092  -0.1266   0.2017
  0.2768  -0.1601   0.0341  -0.0155  -0.1366   0.1700
  0.2379  -0.2572  -0.0126  -0.2609  -0.0557   0.2915
  0.1926  -0.2615  -0.0291  -0.2209  -0.1190   0.3021
  0.2045  -0.2001  -0.0167  -0.1716  -0.0919   0.2022
  0.2319  -0.2856   0.0004  -0.0798  -0.1076   0.2674
  0.2215  -0.4032   0.0352  -0.1175  -0.0996   0.2980
  0.2553  -0.3262   0.0639  -0.1208  -0.0977   0.2641
  0.2611  -0.3188   0.0532  -0.1351  -0.0938   0.2869
  0.2839  -0.3110   0.0761  -0.0053  -0.0686   0.1278
  0.2738  -0.3862   0.0304  -0.0666  -0.0937   0.2532
  0.2577  -0.3535   0.0333   0.0212  -0.1043   0.1326
  0.2802  -0.3171   0.0339  -0.0517  -0.1143   0.2021
  0.2741  -0.3420   0.0257  -0.0542  -0.1106   0.1918
  0.2846  -0.3561   0.0352  -0.0270  -0.0921   0.0897
  0.2452  -0.1911  -0.0025  -0.1864  -0.1289   0.2864
  0.1766  -0.4106  -0.0697  -0.0793  -0.1683   0.2204
  0.2086  -0.4673  -0.0623   0.0036  -0.1705   0.1400
  0.1712  -0.4239  -0.0239  -0.0473  -0.1171   0.2260
  0.2496  -0.3488  -0.0238  -0.0863  -0.1226   0.2295
  0.1999  -0.6126  -0.0309  -0.0233  -0.1099   0.2497
  0.2182  -0.7700  -0.0362  -0.0468  -0.1176   0.2328
  0.0702   1.3695  -0.0176  -0.0600  -0.0858  -0.2306
 -0.0173   0.8088  -0.0485   0.2912  -0.1455  -0.0586
 -0.0368   0.5105  -0.0262   0.0655  -0.1216  -0.0234
  0.0264   0.3552  -0.0074  -0.0467  -0.0819   0.0385
  0.0338   0.3597  -0.0142  -0.0397  -0.0572   0.0058
  0.0429   0.4277   0.0164   0.0592  -0.0083  -0.0990
  0.0926   0.2791  -0.0476   0.0578  -0.0602  -0.0710
  0.0670   0.4229  -0.0051  -0.0229   0.0036  -0.0372
  0.0654   0.4534  -0.0005   0.0164  -0.0371  -0.1164
  0.0751   0.3955   0.0113   0.0043  -0.0402  -0.0738
  0.0853   0.2532   0.0272  -0.0157  -0.0520  -0.0416
  0.0674   0.3697  -0.0202   0.0223  -0.0857  -0.0616
  0.0704   0.4487  -0.0116  -0.0483  -0.1081  -0.0379
  0.0505   0.4520  -0.0284  -0.0824  -0.1113   0.0085
  0.0653   0.3289   0.0099  -0.0253  -0.1069  -0.1006
  0.0642   0.5769   0.0020  -0.1425  -0.0902   0.0193
  0.1419   0.4231   0.0446  -0.0778  -0.0507  -0.1087
  0.0878   0.3438   0.0276  -0.1054  -0.0779   0.1502
  0.0980   0.1958  -0.0087  -0.0573  -0.0866  -0.0087
  0.0315   0.4214  -0.0677  -0.2186  -0.1370   0.1621
 -0.0110   0.1134  -0.0577  -0.1276  -0.1288   0.0775
  0.0036  -0.0290   0.0797  -0.1386  -0.1039   0.1638
  0.0198  -0.0568   0.1131  -0.1272  -0.1151   0.1593
  0.0202   0.0367   0.0506  -0.2083  -0.0884   0.2642
  0.0464  -0.0338   0.0152  -0.1336  -0.0523   0.1670
  0.0400  -0.0715   0.0067  -0.1443  -0.0627   0.1824
  0.0506  -0.0359   0.0187  -0.1223  -0.0641   0.1367
  0.0563  -0.1229  -0.0009  -0.0897  -0.0820   0.1941
  0.0723  -0.2399  -0.0211  -0.0513  -0.0890   0.1342
  0.0903  -0.1332   0.0201  -0.0439  -0.0809   0.1128
  0.0562   0.0904  -0.0138  -0.1979  -0.0672   0.1833
  0.0515  -0.0037   0.0084  -0.1362  -0.0140   0.0941
  0.0562   0.0098  -0.0269  -0.1791  -0.0328   0.2004
  0.0520   0.0105  -0.0410  -0.1779  -0.0435   0.1327
  0.0124   0.1242  -0.0316  -0.1579  -0.0248   0.1117
  0.0385   0.0811  -0.0128  -0.1126  -0.0167   0.1097
  0.0323   0.0515  -0.0213  -0.1254  -0.0364   0.1058
  0.0263   0.0043   0.0031  -0.1078  -0.0203   0.0903
  0.0297  -0.0031  -0.0082  -0.1325  -0.0136   0.1690
  0.0436   0.0216   0.0145  -0.0934  -0.0239   0.0696
  0.0655   0.0143   0.0213  -0.1314  -0.0197   0.1034
  0.0407   0.0665   0.0441  -0.0970   0.0068   0.0616
  0.0472   0.1838   0.0110  -0.2405  -0.0033   0.0981
  0.0214   1.1606   0.0324  -0.2924   0.1042  -0.1322
 -0.0535   0.9085   0.1018  -0.2059   0.1727  -0.1253
 -0.0934   0.6680   0.1435  -0.1851   0.1796   0.0695
 -0.0785   0.0748   0.0106  -0.4660   0.1436   0.2905
  0.0844  -0.0013   0.1286  -0.5149   0.2200   0.3666
  0.1401  -0.1877   0.1822  -0.4112   0.2572   0.3763
  0.2097  -0.3318   0.0777  -0.3121   0.1622   0.3554
  0.2245  -0.4797  -0.0262   0.1062   0.0951   0.1158
  0.0891  -0.4319   0.0556  -0.1948   0.0670   0.4222
  0.1329  -0.4946   0.1798  -0.1522  -0.0136   0.3495
  0.2021  -0.4258   0.0847  -0.1821  -0.0011   0.1909
  0.1411  -0.0340   0.0494  -0.0455   0.0117  -0.0183
  0.0714   0.0194  -0.0000  -0.0305  -0.0302   0.0354
 -0.0058   0.4313  -0.0977  -0.1145  -0.0432  -0.0556
  0.0497   0.2847  -0.0426  -0.0331  -0.0469  -0.0498
  0.0996   0.0886  -0.0559  -0.0304  -0.0749   0.0092
  0.0796  -0.0511  -0.0558  -0.0507  -0.0683   0.0560
  0.1106  -0.1079  -0.0238  -0.0526  -0.0651   0.1042
  0.1079  -0.1912  -0.0160  -0.0460  -0.0604   0.0794
  0.0468  -0.3336   0.0663  -0.0011   0.0038   0.0367
  0.0537   1.1909   0.0052  -0.1432  -0.0461  -0.2754
  0.0576   0.8885   0.0449   0.0276   0.0011  -0.3170
  0.0637   0.6927   0.1106   0.0874   0.0838  -0.2208
 -0.2847   0.5068  -0.0589  -0.0467   0.4974  -0.1812
 -0.1038   0.3486   0.0641  -0.0194  -0.0982  -0.1464
 -0.1152   0.4229  -0.0518  -0.0103   0.0021  -0.1965
 -0.1492   0.4948  -0.1200  -0.0706   0.0005  -0.0685
 -0.0810   0.3136  -0.0725  -0.0562   0.0000  -0.0861
 -0.0649   0.2183  -0.0432  -0.0083  -0.0158  -0.1079
 -0.0770   0.1010  -0.0771  -0.0248  -0.0241  -0.0685
 -0.0293   0.1029  -0.0626  -0.0538  -0.0334  -0.0061
 -0.0091   0.0619  -0.0530  -0.0230  -0.0159  -0.0718
 -0.0526   0.3589  -0.1080  -0.1202  -0.0328  -0.1113
 -0.0491   0.2507  -0.1015  -0.1390  -0.0305  -0.0280
 -0.0892   0.2927  -0.1188  -0.2455  -0.0382   0.0167
 -0.0349   0.2481  -0.0876  -0.2228  -0.0771   0.0970
  0.0027   0.2681  -0.0480  -0.0297   0.0074  -0.1606
 -0.0290   0.1773  -0.0614  -0.0324  -0.0179  -0.0394
 -0.0043  -0.0129  -0.0588   0.0424  -0.0330  -0.0238
  0.0099   0.0762  -0.0146   0.0510  -0.0366  -0.1054
  0.0348  -0.0506   0.0334  -0.1026  -0.1111   0.1096
 -0.0257  -0.0493   0.0802   0.2481   0.0034  -0.0457
 -0.1206  -0.3378   0.0598   0.1036   0.0432   0.1840
 -0.0110  -0.2515   0.0193  -0.0072  -0.0407   0.1552
 -0.0352   0.3054  -0.0423   0.1661  -0.0561  -0.1915
 -0.0214   0.1709  -0.0014   0.1757  -0.0811  -0.1521
  0.0905   0.1733   0.1036  -0.1254   0.0019  -0.1118
  0.0381   0.0150   0.0497  -0.1016  -0.0479   0.0023
 -0.0210  -0.0950   0.0327  -0.1634  -0.0988   0.1846
  0.0417   0.0083   0.0213  -0.0163  -0.0099  -0.0971
 -0.1665   0.1487  -0.0251  -0.0549   0.1516   0.0047
 -0.2245   0.1083  -0.0528  -0.0511   0.1878   0.0743
 -0.1650  -0.1861   0.0040   0.0531   0.1730  -0.0120
 -0.1579  -0.2521  -0.0190   0.0842   0.1868   0.0315
 -0.0831  -0.0267  -0.0304   0.1001   0.1174  -0.1149
 -0.0293   1.3059   0.0799  -0.1622   0.2078  -0.3973
 -0.0481   1.6982   0.1010  -0.2783   0.1786  -0.4030
 -0.0457   0.6277   0.0528  -0.1093   0.1565  -0.1939
 -0.0413   0.4622   0.0515  -0.0457   0.1664  -0.1882
 -0.0299   0.3659   0.0449  -0.0361   0.1567  -0.1585
 -0.0293   0.2991  -0.0117   0.0521   0.1205  -0.2011
  0.0308   0.1377   0.0410   0.1975   0.0903  -0.2946
  0.0119   0.1274   0.0703   0.1531   0.0633  -0.1877
 -0.0467   0.0234   0.1095   0.1319   0.0205  -0.2098
 -0.1742   0.0471  -0.0560   0.0207   0.0162   0.0098
 -0.1470   0.0870  -0.0011   0.1468   0.0434  -0.2432
 -0.1206  -0.0172   0.0040   0.1593   0.0486  -0.1329
 -0.0628  -0.1094   0.0729   0.1429   0.0904  -0.1598
 -0.0745   0.0018   0.0096   0.1589   0.0561  -0.1411
 -0.0619  -0.0275   0.0264   0.1607   0.0567  -0.1525
 -0.0408  -0.0899   0.0456   0.1527   0.0590  -0.1564
 -0.0524  -0.1677   0.0437   0.2207   0.0504  -0.1813
 -0.0336  -0.1592   0.0326   0.2368   0.0454  -0.1732
 -0.0351  -0.1655   0.0347   0.2554   0.0389  -0.2228
 -0.0460   0.0269   0.0795   0.2223   0.0369  -0.2085
 -0.0369  -0.0842   0.0941   0.2365   0.0505  -0.2437
 -0.0367  -0.1905   0.0732   0.2299   0.0386  -0.1920
 -0.0299  -0.2255   0.0804   0.2419   0.0435  -0.2010
 -0.0233  -0.1875   0.0665   0.2635   0.0096  -0.1604
 -0.0244  -0.2902   0.0708   0.2373   0.0166  -0.1830
 -0.0015  -0.2888   0.0830   0.2425  -0.0098  -0.1748
  0.0067  -0.0654   0.0662   0.1995  -0.0163  -0.2414
 -0.0245   0.3570   0.0719   0.1234   0.0153  -0.2631
  0.0005  -0.0702   0.0848   0.1993   0.0260  -0.2240
 -0.0012  -0.3736   0.0894   0.2170   0.0043  -0.1581
  0.0061  -0.5009   0.1158   0.2720   0.0176  -0.1264
 -0.0115  -0.3554   0.0323   0.1488   0.0114  -0.0893
 -0.1130   1.2820   0.0787   0.1377   0.1739  -0.5787
 -0.0794   0.9663   0.0222   0.0874   0.1052  -0.4274
 -0.1164   0.5541  -0.0190   0.0606   0.0678  -0.3025
 -0.1210   0.4035   0.0063   0.0044   0.0532  -0.2124
 -0.0594   0.3831   0.0450   0.0188   0.0466  -0.2205
 -0.0689   0.3016   0.0496   0.0276   0.0539  -0.2810
 -0.0824   0.1383   0.0438   0.0510   0.0603  -0.1560
 -0.0824   0.1447   0.0608  -0.0143   0.0988  -0.0974
 -0.0961   0.0606   0.0439   0.1941   0.0453  -0.2138
 -0.0212  -0.7472  -0.1128   0.0801   0.0352   0.0148
  0.0392  -0.8649  -0.0831   0.0373  -0.0223   0.2008
  0.0296  -0.6697   0.0047   0.1424  -0.0111  -0.0492
 -0.0320  -0.3114  -0.0058   0.1953   0.0039  -0.1049
 -0.0149  -0.2139  -0.0373   0.0639   0.0583  -0.1829
 -0.0757  -0.1109  -0.0634   0.0099   0.0528  -0.0802
 -0.2027   0.5805   0.0260   0.2014   0.0988  -0.4322
 -0.2227  -0.0218   0.0830   0.2288   0.1291  -0.1938
 -0.2196  -0.0860   0.0433   0.1653   0.0815  -0.1021
 -0.1708  -0.3174   0.0597   0.1717   0.1239  -0.1350
 -0.1666  -0.0930  -0.0171   0.2164   0.1320  -0.2185
 -0.2009  -0.2106  -0.0495   0.0986   0.1177  -0.1107
 -0.1152  -0.3313  -0.0603   0.0115   0.0679   0.0208
 -0.1255  -0.3746  -0.0596   0.0430   0.0584  -0.0178
 -0.1267  -0.3595  -0.0314   0.2178   0.0647  -0.2116
 -0.1203  -0.1769   0.0035   0.1870   0.0942  -0.1371
 -0.1055  -0.4284  -0.0615   0.1214   0.0902  -0.0788
 -0.1197  -0.5542  -0.0774   0.1403   0.0560  -0.0734
 -0.1058  -0.6263  -0.0449   0.1035   0.0089   0.0381
 -0.0831  -0.7587  -0.0689   0.1802  -0.0391  -0.0037
 -0.1485  -0.6263  -0.0189   0.1665  -0.0178   0.0158
 -0.1796  -0.6101   0.0226   0.1991  -0.0026  -0.0967
 -0.2202  -0.3232   0.0330   0.1398   0.0397  -0.0285
 -0.2001  -0.3275   0.0154   0.1623   0.0421  -0.0985
 -0.1945  -0.2649   0.0086   0.1694   0.0350  -0.0856
 -0.2193  -0.2834   0.0943   0.2035   0.0439  -0.1499
 -0.1753  -0.3637   0.2157   0.1802   0.0799  -0.0599
 -0.2050  -0.2871   0.1399  -0.1855   0.1080   0.1688
 -0.1882  -0.2961   0.0612  -0.0279   0.0071   0.0145
 -0.1656  -0.3730   0.0236  -0.0702  -0.0061   0.0437
 -0.1033  -0.4759   0.0480   0.0665   0.0430  -0.0782
 -0.1423  -0.3353  -0.0019  -0.1740   0.0611   0.1025
 -0.1162  -0.2467  -0.0300  -0.1983   0.0303   0.1099
 -0.1188  -0.2828   0.0204  -0.0030   0.0393  -0.0440
 -0.1093  -0.2303  -0.0581   0.1102  -0.0196  -0.1185
 -0.1832   0.1327  -0.1967  -0.1535  -0.0470  -0.0243
 -0.1697  -0.1299  -0.1088   0.0158  -0.0324  -0.1401
 -0.1290  -0.2380  -0.0633   0.0144  -0.0294  -0.0346
 -0.1306  -0.2204  -0.0073   0.0441   0.0078  -0.0589
 -0.1456  -0.2515   0.0643   0.0405  -0.0129  -0.0690
 -0.1211  -0.3616   0.1737  -0.0067  -0.0144   0.0495
 -0.0970  -0.3329   0.1074  -0.0287   0.0151  -0.0057
 -0.1216  -0.3807   0.0488   0.0391   0.0248  -0.0884
 -0.1139  -0.4158   0.0524   0.0760   0.0376  -0.0658
 -0.0894  -0.3454   0.0379   0.0606   0.0329  -0.0421
 -0.1217  -0.3582   0.0529   0.1379   0.0039  -0.2183
 -0.3874   0.5698   0.0393   0.7053   0.1641  -0.1605
 -0.2838   0.4444   0.0396   0.2356   0.1789  -0.1737
 -0.2553   0.1896   0.0485   0.2575   0.1534  -0.1647
 -0.2438   0.0154   0.0615   0.3001   0.1397  -0.1302
 -0.2286   0.0160   0.0472   0.2695   0.1247  -0.1376
 -0.2007  -0.2274   0.0824   0.2877   0.1697  -0.1080
 -0.1805  -0.1882   0.0659   0.1602   0.1319  -0.0598
 -0.2257  -0.2462  -0.0179   0.2027   0.0818  -0.0542
 -0.1810  -0.2124  -0.0013   0.2259   0.0674  -0.1064
 -0.1485  -0.4171   0.0349   0.1905   0.0559  -0.0305
 -0.1316  -0.4462   0.0478   0.2044   0.0856  -0.0077
 -0.1620  -0.3622   0.0262   0.2007   0.0731  -0.0732
 -0.1747  -0.4488  -0.0018   0.1797   0.0862   0.0031
 -0.1844  -0.6521   0.0133   0.2238   0.0993   0.0243
 -0.1858  -0.6173   0.0454   0.1951   0.1138   0.0217
 -0.1787  -0.3937  -0.0612   0.1231   0.0527  -0.0060
 -0.1727  -0.5206  -0.0323   0.1510   0.0408  -0.0152
 -0.1392  -0.6169  -0.0094   0.1691  -0.0028   0.0199
 -0.1918  -0.6178   0.0068   0.1626   0.0142   0.0036
 -0.3474   0.0219   0.0970  -0.0499   0.1785   0.0261
 -0.5203   0.0508   0.0340   0.0683   0.2940  -0.0575
