 -0.0822   0.2649  -0.0299  -0.3094  -0.0327  -0.0576
 -0.0963   0.4157  -0.0672  -0.5101  -0.0613  -0.0861
 -0.0821   0.1979  -0.0192  -0.3663  -0.0388  -0.0732
 -0.0971   0.0758   0.0112  -0.0562  -0.0380   0.0065
 -0.1112   0.2063  -0.0320  -0.2256  -0.0582  -0.0026
 -0.0511   0.2193   0.0028  -0.2143  -0.0354  -0.0873
 -0.0788   0.2381  -0.0277  -0.2069  -0.0445  -0.0451
 -0.0690   0.2225  -0.0151  -0.1761  -0.0436  -0.0491
 -0.1071   0.2789  -0.0201  -0.3283  -0.0532  -0.0495
 -0.0889   0.3411   0.0225  -0.5938  -0.0471  -0.0691
 -0.0730   0.2830   0.0022  -0.4801  -0.0507  -0.0728
 -0.0649   0.2191   0.0026  -0.3564  -0.0479  -0.0103
 -0.0929   0.2053  -0.0137  -0.3273  -0.0585  -0.0491
 -0.0744   0.1842  -0.0161  -0.2779  -0.0472  -0.0136
 -0.0680   0.1868  -0.0149  -0.2066  -0.0488  -0.0308
 -0.0849   0.1824  -0.0158  -0.1950  -0.0575  -0.0232
 -0.0844   0.1868  -0.0126  -0.1795  -0.0494  -0.0308
 -0.0787   0.1726  -0.0166  -0.1584  -0.0523  -0.0108
 -0.0795   0.1839  -0.0149  -0.1647  -0.0352  -0.0150
 -0.0424   0.1815   0.0019  -0.1102   0.0015  -0.0224
 -0.0485   0.1976  -0.0223  -0.1153  -0.0284  -0.0447
 -0.0551   0.2042   0.0107  -0.1237  -0.0129  -0.0640
 -0.0481   0.1916   0.0038  -0.1122  -0.0053  -0.0587
 -0.0415   0.1941   0.0062  -0.1052  -0.0014  -0.0389
 -0.0409   0.2044  -0.0067  -0.1055   0.0015  -0.0566
 -0.0312   0.1843  -0.0021  -0.0827   0.0209  -0.0120
 -0.0503   0.2030  -0.0164  -0.0905   0.0126  -0.0358
 -0.0621   0.1896  -0.0173  -0.0615  -0.0163  -0.0100
 -0.0853   0.1973  -0.0050  -0.0798  -0.0311  -0.0177
 -0.0184   0.1463  -0.0127  -0.1124   0.0158  -0.0570
 -0.0227   0.1527  -0.0211  -0.1431   0.0031  -0.0518
 -0.0436   0.1686  -0.0239  -0.1097  -0.0124  -0.0421
 -0.0539   0.1795  -0.0214  -0.1026  -0.0095  -0.0305
 -0.0508   0.1604  -0.0208  -0.0580  -0.0162  -0.0430
 -0.0763   0.1594  -0.0047  -0.0568  -0.0522  -0.0144
 -0.0609   0.1458  -0.0126  -0.0463  -0.0345  -0.0079
 -0.1284   0.1793  -0.0159  -0.0553  -0.0612  -0.0122
 -0.0769   0.1610  -0.0304  -0.0706  -0.0219   0.0041
 -0.0621   0.1755   0.0159  -0.0350  -0.0043  -0.0113
 -0.0969   0.1596   0.0378  -0.0527  -0.0233  -0.0116
 -0.0391   0.1296  -0.0034  -0.0394  -0.0058  -0.0240
 -0.0485   0.1344   0.0320  -0.0681  -0.0024  -0.0327
 -0.0561   0.1564  -0.0232  -0.0845  -0.0202  -0.0460
 -0.0822  -0.0260  -0.0287   0.0995  -0.0399   0.0167
 -0.1164  -0.0873  -0.0966   0.0422  -0.0754   0.0587
 -0.0970   0.0954  -0.0685  -0.1009  -0.1079  -0.0445
 -0.0518   0.0814  -0.0050  -0.0232  -0.0626  -0.0021
 -0.0642   0.0935  -0.0322  -0.0419  -0.0708  -0.0168
 -0.0551   0.0706  -0.0108  -0.0058  -0.0518  -0.0008
 -0.0565   0.0851  -0.0329  -0.0305  -0.0574  -0.0064
 -0.0437   0.0733  -0.0137  -0.0067  -0.0305  -0.0033
 -0.0530   0.0802  -0.0698  -0.0413  -0.0789  -0.0082
 -0.0767   0.1254  -0.0526  -0.0483  -0.0799   0.0029
 -0.0718   0.0814   0.0143  -0.0542  -0.0392  -0.0189
 -0.0646   0.0333  -0.0258  -0.0162  -0.0537   0.0139
 -0.0658   0.0526  -0.0146  -0.0143  -0.0541  -0.0039
 -0.0697   0.0504  -0.0379  -0.0255  -0.0667  -0.0002
 -0.0922   0.0434  -0.0213  -0.0103  -0.0770   0.0045
 -0.0811   0.0324  -0.0230   0.0040  -0.0642   0.0034
 -0.0900   0.0375  -0.0270  -0.0160  -0.0691   0.0136
 -0.0853   0.0205  -0.0315  -0.0052  -0.0653   0.0020
 -0.0824   0.0390  -0.0250  -0.0340  -0.0554  -0.0019
 -0.0681   0.0219  -0.0124   0.0056  -0.0330   0.0086
 -0.0694   0.0325  -0.0123  -0.0087  -0.0260   0.0011
 -0.0920   0.0136  -0.0327   0.0197  -0.0579   0.0237
 -0.0836   0.0027  -0.0148   0.0090  -0.0513   0.0140
 -0.0723   0.0065  -0.0197   0.0002  -0.0450   0.0173
 -0.0554   0.0175  -0.0076  -0.0068  -0.0270   0.0039
 -0.0561   0.0200  -0.0162  -0.0008  -0.0288   0.0091
 -0.0533   0.0209  -0.0043  -0.0148  -0.0233  -0.0090
 -0.0386   0.0326  -0.0201  -0.0209  -0.0254  -0.0010
 -0.0504   0.0109  -0.0072   0.0018  -0.0190  -0.0128
 -0.0440   0.0126  -0.0197   0.0062  -0.0231  -0.0016
 -0.0561   0.0119  -0.0138  -0.0048  -0.0206   0.0084
 -0.0447   0.0153  -0.0285   0.0134  -0.0299  -0.0156
 -0.0536   0.0056  -0.0199   0.0075  -0.0233   0.0080
 -0.0334   0.0135  -0.0313   0.0376  -0.0228  -0.0039
 -0.0489   0.0035  -0.0226   0.0268  -0.0446   0.0284
 -0.0320   0.0265  -0.0146   0.0540  -0.0271   0.0116
 -0.0348  -0.0147  -0.0146   0.0023  -0.0275  -0.0117
 -0.0422  -0.1253   0.0171   0.3978  -0.0218   0.0746
 -0.0610  -0.1209   0.0356   0.2727  -0.0289   0.0509
 -0.0206  -0.0670   0.0256   0.0902  -0.0063   0.0097
  0.0225  -0.0526  -0.0000   0.1932   0.0095   0.0310
 -0.0507  -0.0561  -0.0013   0.1440  -0.0334   0.0297
 -0.0509  -0.0346  -0.0881  -0.0857  -0.0223   0.0095
 -0.0427  -0.0194  -0.4096  -0.3119   0.0349  -0.0069
 -0.0226  -0.0807  -0.2774   0.1612   0.1097   0.0685
  0.0586  -0.1112   0.0542   0.1772   0.0996   0.0646
  0.0815  -0.1166   0.0809   0.2623   0.0897   0.0096
  0.0794  -0.0980   0.0655   0.1879   0.0978   0.0291
  0.0480  -0.1410   0.0708   0.2545   0.0752   0.0403
  0.0483  -0.1080   0.0649   0.1995   0.0551   0.0297
  0.0577  -0.1123   0.0646   0.2338   0.0730   0.0242
  0.0690  -0.1373   0.0510   0.2013   0.0779   0.0508
  0.0734  -0.1328   0.0543   0.2310   0.0687   0.0259
  0.0588  -0.1341   0.0802   0.2062   0.0635   0.0643
  0.0279  -0.1576   0.0669   0.1774   0.0543   0.0462
  0.0078  -0.0074   0.0272  -0.1899   0.0646   0.0028
  0.0122   0.1550   0.0397  -0.9082  -0.0023  -0.0254
  0.0345   0.0079   0.0468  -0.5675  -0.0103   0.0633
  0.0322  -0.0971   0.0073  -0.1615   0.0442   0.0460
  0.0194  -0.1024  -0.0142  -0.1014   0.0334   0.0029
  0.0156  -0.1132   0.0183  -0.0280   0.0304   0.0388
  0.0278  -0.0983   0.0288  -0.0728   0.0266   0.0260
  0.0128  -0.0935   0.0003  -0.0948   0.0359   0.0398
  0.0081  -0.1336   0.0078  -0.0091   0.0278   0.0273
  0.0006  -0.1217   0.0161  -0.0102   0.0362   0.0242
  0.0074  -0.1302   0.0044  -0.0230   0.0248   0.0157
  0.0048  -0.1316   0.0068   0.0039   0.0286   0.0350
  0.0114  -0.1464   0.0049   0.0298   0.0314   0.0266
 -0.0049  -0.1145   0.0021   0.0043   0.0248   0.0424
  0.0122  -0.1418   0.0281   0.0009   0.0247   0.0283
  0.0027  -0.1181   0.0369  -0.0516   0.0176   0.0290
  0.0110  -0.1311   0.0182  -0.0513   0.0241   0.0046
  0.0456  -0.1003   0.0236  -0.0825   0.0450   0.0106
  0.0110  -0.0831  -0.0281  -0.1454   0.0315   0.0235
 -0.0178  -0.0601  -0.0620  -0.1225   0.0072   0.0317
  0.0311  -0.0989   0.0031  -0.1857   0.0163  -0.0121
  0.0691  -0.0588  -0.0170  -0.1739   0.0337  -0.0667
  0.0806   0.0014   0.0226  -0.1734   0.0900  -0.0256
  0.1142  -0.0286   0.0330  -0.0729   0.1294   0.0115
  0.0987  -0.0260   0.0435  -0.0817   0.0939   0.0042
  0.0961  -0.0422   0.0357  -0.0547   0.0906   0.0054
  0.0849  -0.0468   0.0358  -0.0160   0.0834   0.0261
  0.0959  -0.0500   0.0278   0.0004   0.0957   0.0318
  0.0346  -0.0384   0.0463  -0.0458   0.0442   0.0632
  0.0123   0.0205   0.0075  -0.0153   0.0187  -0.0275
  0.0565  -0.0266  -0.0135  -0.0038   0.0490   0.0157
  0.0260  -0.0722  -0.0197   0.0513   0.0374  -0.0139
  0.0392  -0.0677  -0.0132   0.0098   0.0468  -0.0083
  0.0633  -0.0745   0.0131   0.1351   0.0561   0.0100
  0.0430  -0.0021  -0.0755  -0.3125   0.0281   0.0091
  0.0516  -0.0087  -0.0633  -0.3087   0.0176   0.0123
  0.0663  -0.0769   0.0236   0.1017   0.0288   0.0365
  0.0403  -0.0502  -0.0039  -0.0199   0.0302   0.0055
  0.0487  -0.0788  -0.0020   0.0385   0.0372  -0.0169
  0.0437  -0.0730  -0.0076   0.0023   0.0392   0.0022
  0.0574  -0.0963  -0.0013   0.0452   0.0467  -0.0169
  0.0591  -0.0943  -0.0029   0.0250   0.0450   0.0141
  0.0634  -0.0956   0.0139   0.0557   0.0556   0.0129
  0.0579  -0.0610  -0.0006   0.0033   0.0454   0.0020
  0.0531  -0.0652   0.0019   0.0350   0.0395   0.0113
  0.0531  -0.0601   0.0019   0.0186   0.0465  -0.0045
  0.0570  -0.0636   0.0073   0.0465   0.0547   0.0210
  0.0511  -0.0718  -0.0118   0.0221   0.0485   0.0097
  0.0544  -0.1012   0.0053   0.0330   0.0474   0.0158
  0.0532  -0.0756  -0.0007  -0.0008   0.0482  -0.0034
  0.0478  -0.0703   0.0014   0.0208   0.0377   0.0062
  0.0578  -0.0582  -0.0059   0.0155   0.0481   0.0049
  0.0573  -0.0716   0.0030   0.0361   0.0481  -0.0082
  0.0558  -0.0627  -0.0055   0.0199   0.0504   0.0045
  0.0648  -0.0709   0.0185   0.0466   0.0436  -0.0213
  0.0362  -0.0490  -0.0430   0.0002   0.0568  -0.0026
  0.0380  -0.1092  -0.0816   0.0198   0.0683   0.0138
  0.0750  -0.0681  -0.0168   0.0269   0.0767  -0.0209
  0.0799  -0.0691  -0.0092   0.0470   0.0625  -0.0037
  0.0774  -0.0540  -0.0021   0.0109   0.0542  -0.0085
  0.0831  -0.0602   0.0026   0.0701   0.0538  -0.0194
  0.0679  -0.0538   0.0223   0.1016   0.0376  -0.0021
  0.0468  -0.0519   0.0586   0.1233   0.0324  -0.0099
  0.0670  -0.0573   0.0575   0.0982   0.0423  -0.0387
  0.0850  -0.0689   0.0395   0.0909   0.0508  -0.0266
  0.0943  -0.0467   0.0417   0.0765   0.0581  -0.0353
  0.0826  -0.0689   0.0313   0.1022   0.0503   0.0061
  0.0914  -0.0544   0.0355   0.0955   0.0564  -0.0126
  0.0856  -0.0718   0.0273   0.1445   0.0604   0.0277
  0.0874  -0.0626   0.0428   0.1399   0.0630  -0.0182
  0.0805  -0.0589   0.0295   0.1669   0.0529   0.0157
  0.1097  -0.0664  -0.0001   0.1408   0.0665  -0.0093
  0.0884  -0.0555  -0.0032   0.1187   0.0438  -0.0078
  0.1053  -0.0760   0.0128   0.1370   0.0641  -0.0003
  0.0683  -0.0946   0.0294   0.2031  -0.0273   0.0174
  0.0037  -0.1120   0.0680   0.2474  -0.1379   0.0161
  0.0405  -0.1079   0.0691   0.2172  -0.0688  -0.0110
  0.0446  -0.1329   0.0329   0.2280  -0.0657   0.0129
  0.0521  -0.1123   0.0499   0.2205  -0.0451  -0.0042
  0.0495  -0.1219   0.0145   0.2486  -0.0532   0.0213
  0.0725  -0.0853   0.0053   0.2409  -0.0404   0.0057
  0.0667  -0.1011   0.0308   0.2605  -0.0444   0.0396
  0.0564  -0.1206   0.0252   0.2902  -0.0358   0.0366
  0.0575  -0.1235   0.0181   0.2669  -0.0449   0.0364
  0.0447  -0.1087   0.0307   0.2483  -0.0348   0.0220
  0.0574  -0.1104   0.0455   0.2472  -0.0297  -0.0002
  0.0564  -0.1023   0.0384   0.2361  -0.0412   0.0013
  0.0477  -0.1319   0.0451   0.2767  -0.0452   0.0239
  0.0506  -0.1337   0.0322   0.2907  -0.0431   0.0146
  0.0421  -0.1213   0.0257   0.2849  -0.0580   0.0378
  0.0407  -0.1422   0.0210   0.3022  -0.0597   0.0327
  0.0449  -0.1209   0.0382   0.2818  -0.0487   0.0162
  0.0344  -0.1221   0.0352   0.2593  -0.0546   0.0269
  0.0375  -0.1266   0.0320   0.2625  -0.0497   0.0181
  0.0539  -0.1258   0.0300   0.2250  -0.0453  -0.0025
  0.0537  -0.1351   0.0365   0.2547  -0.0423   0.0090
  0.0494  -0.1258   0.0507   0.2387  -0.0377  -0.0177
  0.0373  -0.1062   0.0435   0.2281  -0.0613  -0.0082
