  0.4189   0.3361   0.1537  -0.3220   0.2100   0.1246
  0.4593   0.5724   0.1930  -0.2938   0.2267   0.0736
  0.4746   0.4903   0.1860  -0.2986   0.2109   0.0838
  0.4705   0.5266   0.1918  -0.2964   0.2369   0.0734
  0.4773   0.4955   0.1874  -0.3268   0.2204   0.0724
  0.4378   0.4644   0.1727  -0.3212   0.2146   0.0716
  0.4439   0.4426   0.1704  -0.3371   0.2189   0.0892
  0.4394   0.4614   0.1824  -0.3273   0.2265   0.0774
  0.4414   0.4227   0.1619  -0.2944   0.2109   0.0696
  0.4439   0.4284   0.1872  -0.2932   0.2170   0.0704
  0.4185   0.3632   0.1527  -0.3034   0.2107   0.0682
  0.4058   0.3326   0.1568  -0.2464   0.1998   0.0782
  0.4154   0.3306   0.1467  -0.2554   0.1953   0.0634
  0.3826   0.3138   0.1540  -0.2572   0.1833   0.0846
  0.3895   0.3212   0.1631  -0.3092   0.1949   0.0796
  0.3888   0.2911   0.1465  -0.2686   0.1947   0.0823
  0.3662   0.2779   0.1323  -0.2444   0.1931   0.0751
  0.3728   0.2867   0.1350  -0.2694   0.1926   0.0656
  0.3579   0.2813   0.1197  -0.2804   0.1849   0.0780
  0.3508   0.2653   0.1308  -0.3039   0.1886   0.0772
  0.3695   0.2473   0.1127  -0.2273   0.1657   0.0805
  0.3782   0.2299   0.1122  -0.2763   0.1829   0.0820
  0.3713   0.2065   0.1023  -0.2352   0.1733   0.0848
  0.3698   0.2117   0.0910  -0.2300   0.1813   0.0804
  0.3474   0.1886   0.0887  -0.2139   0.1713   0.0806
  0.3283   0.1661   0.0879  -0.2334   0.1732   0.0899
  0.3074   0.1525   0.0669  -0.2046   0.1460   0.0900
  0.3145   0.1411   0.0848  -0.2272   0.1624   0.0901
  0.3361   0.1401   0.0899  -0.2259   0.1637   0.0822
  0.3016   0.1464   0.0777  -0.2305   0.1567   0.0909
  0.2866   0.1302   0.0784  -0.2294   0.1433   0.0902
  0.2829   0.1310   0.0768  -0.2608   0.1467   0.1003
  0.2928   0.1110   0.0799  -0.2488   0.1514   0.0934
  0.2862   0.1125   0.0806  -0.2151   0.1551   0.0887
  0.2683   0.1076   0.0517  -0.2229   0.1456   0.0930
  0.2483   0.0821   0.0307  -0.2209   0.1319   0.0933
  0.2450   0.0689   0.0398  -0.2379   0.1327   0.1036
  0.2421   0.0660   0.0362  -0.2271   0.1355   0.1026
  0.2485   0.0693   0.0412  -0.2099   0.1339   0.0997
  0.2189   0.0651   0.0641  -0.2500   0.1217   0.1105
  0.0452  -0.0744   0.2320  -0.1896   0.0281   0.1015
  0.1392  -0.0497   0.1051  -0.1673   0.0853   0.0855
  0.1787  -0.0451   0.0433  -0.2379   0.1132   0.1024
  0.2129  -0.0349   0.0383  -0.1742   0.1131   0.0941
  0.2217  -0.0629   0.0432  -0.2151   0.1242   0.1045
  0.2243  -0.0564   0.0413  -0.1634   0.1123   0.0922
  0.2139  -0.0524   0.0535  -0.2352   0.1235   0.1124
  0.2093  -0.0541   0.0428  -0.1923   0.1174   0.0935
  0.2010  -0.0605   0.0425  -0.1885   0.1131   0.0963
  0.1960  -0.0555   0.0208  -0.1537   0.1015   0.0860
  0.1574  -0.0637   0.0558  -0.1903   0.0754   0.1072
  0.1812  -0.0443   0.0306  -0.1608   0.0929   0.0916
  0.1611  -0.0523   0.0162  -0.1927   0.0910   0.0981
  0.1570  -0.0651   0.0250  -0.1821   0.0919   0.0976
  0.1423  -0.0872   0.0128  -0.2250   0.0891   0.0915
  0.1369  -0.0841   0.0057  -0.1987   0.0831   0.1043
  0.1239  -0.0927   0.0162  -0.2967   0.0943   0.1178
  0.1381  -0.0876   0.0035  -0.2109   0.0887   0.0916
  0.1293  -0.1550   0.0149  -0.2369   0.0994   0.0958
  0.1065  -0.0769   0.0182  -0.0841   0.0786   0.0553
  0.1238  -0.1490   0.0309  -0.2078   0.0797   0.0814
  0.1057  -0.0243  -0.0108  -0.0075   0.0990   0.0581
  0.0477   0.2532  -0.0323   0.5586   0.1807  -0.0679
 -0.0264  -0.2261  -0.0748  -0.1885   0.0194   0.1159
 -0.0167  -0.1794  -0.0762  -0.1734   0.0180   0.0896
 -0.0193  -0.1703  -0.0531  -0.2383   0.0178   0.1036
 -0.0015  -0.1245  -0.0620  -0.2000   0.0328   0.0850
 -0.0106  -0.1424  -0.0397  -0.2372   0.0280   0.0866
 -0.0108  -0.0998  -0.0664  -0.2302   0.0318   0.0992
 -0.0275  -0.1599  -0.0597  -0.2331   0.0198   0.1126
 -0.0319  -0.1476  -0.0834  -0.2404   0.0134   0.0981
 -0.0426  -0.1178  -0.0472  -0.2482  -0.0192   0.0946
 -0.0317  -0.1397  -0.0489  -0.2649  -0.0049   0.1102
 -0.0128  -0.1556  -0.0711  -0.2514   0.0110   0.1023
 -0.0164  -0.1403  -0.0620  -0.2523   0.0063   0.0953
 -0.0106  -0.1533  -0.0770  -0.2224   0.0063   0.0877
  0.0105  -0.1818  -0.0904  -0.2462   0.0374   0.1120
 -0.0577  -0.1828  -0.0355  -0.2635  -0.0234   0.1199
 -0.0373  -0.1577   0.0103  -0.2795   0.0003   0.1314
 -0.0510  -0.1871  -0.0938  -0.2561   0.0104   0.1315
 -0.0946  -0.2376  -0.0574  -0.3322  -0.0136   0.1452
 -0.1138  -0.2693  -0.0915  -0.3310  -0.0303   0.1587
 -0.1123  -0.3131  -0.1117  -0.3468  -0.0132   0.1687
 -0.0767  -0.3031  -0.0942  -0.2423  -0.0157   0.1466
 -0.1228  -0.3981  -0.1213  -0.3006  -0.0103   0.1730
 -0.1313  -0.4210  -0.1227  -0.2314  -0.0278   0.1494
 -0.1055  -0.3932  -0.1270  -0.2494  -0.0203   0.1563
 -0.0936  -0.3751  -0.1135  -0.2240  -0.0383   0.1410
 -0.1295  -0.3995  -0.1420  -0.2467  -0.0631   0.1486
 -0.1569  -0.3973  -0.1602  -0.1920  -0.0618   0.1228
 -0.1389  -0.4983  -0.1534  -0.1592  -0.0616   0.1484
 -0.0547  -0.3071   0.0025   0.9401  -0.0861  -0.1585
 -0.0423  -0.0580   0.1405   1.1398  -0.0603  -0.2205
 -0.0006  -0.0159   0.1237   0.8854  -0.0444  -0.1200
 -0.1371   0.3865   0.3851   0.6785  -0.0637  -0.1336
 -0.1822   0.1498   0.3736   0.6414  -0.0223  -0.1512
 -0.2360  -0.0700   0.3008   0.7125  -0.1424  -0.1651
 -0.1456  -0.0514   0.3352   0.7296  -0.1423  -0.1865
 -0.1032  -0.0899   0.2886   0.5260  -0.0823  -0.1674
 -0.1181  -0.0159   0.3190   0.7573  -0.1690  -0.2048
 -0.0779   0.0221   0.1059   0.5367  -0.0844  -0.1790
 -0.1486   0.0385   0.0408   0.3808  -0.1246  -0.1388
 -0.1260   0.1288   0.0292   0.2877  -0.0991  -0.1506
 -0.1128   0.0489   0.0398   0.3174  -0.0886  -0.1187
 -0.1097  -0.0647  -0.0100   0.3561  -0.1079  -0.1225
 -0.1117  -0.0313  -0.0021   0.3343  -0.1077  -0.1156
 -0.1121  -0.0762  -0.0235   0.2699  -0.1025  -0.1151
 -0.1180  -0.0504  -0.0100   0.3405  -0.1336  -0.1244
 -0.1256  -0.0894  -0.0368   0.2522  -0.1082  -0.0892
 -0.1430  -0.1222  -0.0510   0.0633  -0.0738  -0.0405
 -0.1519  -0.1216  -0.0743   0.1590  -0.1004  -0.0633
 -0.1492  -0.1356  -0.0692   0.0702  -0.0891  -0.0413
 -0.1936  -0.1298  -0.0823   0.0613  -0.0922  -0.0185
 -0.1959  -0.1666  -0.1039   0.0678  -0.0953  -0.0280
 -0.1696  -0.1704  -0.0963   0.1329  -0.1092  -0.0370
 -0.1708  -0.1593  -0.0958   0.0901  -0.0940  -0.0398
 -0.1576  -0.1593  -0.1005   0.1518  -0.1031  -0.0468
 -0.1664  -0.1387  -0.0934   0.1360  -0.1001  -0.0506
 -0.1640  -0.1378  -0.1003   0.1754  -0.0961  -0.0546
 -0.1807  -0.1718  -0.0961   0.0943  -0.0895  -0.0471
 -0.2014  -0.1697  -0.1021   0.1416  -0.0991  -0.0575
 -0.1871  -0.1534  -0.1018   0.1541  -0.1045  -0.0617
 -0.1789  -0.1533  -0.1026   0.1953  -0.1134  -0.0709
 -0.1653  -0.1330  -0.0936   0.2510  -0.1196  -0.0816
 -0.1576  -0.1409  -0.0823   0.2163  -0.1023  -0.0720
 -0.1574  -0.1285  -0.0678   0.2828  -0.1097  -0.0893
 -0.1691  -0.1431  -0.0837   0.2177  -0.0974  -0.0665
 -0.1612  -0.1431  -0.0802   0.2461  -0.1064  -0.0761
 -0.1537  -0.1495  -0.0842   0.1979  -0.0925  -0.0646
 -0.1663  -0.1503  -0.0808   0.2828  -0.1142  -0.0960
 -0.1757  -0.1678  -0.0884   0.2465  -0.0913  -0.0956
 -0.1720  -0.1520  -0.0790   0.2824  -0.1119  -0.0908
 -0.1841  -0.1649  -0.0845   0.2257  -0.0971  -0.0897
 -0.1778  -0.1425  -0.0758   0.2939  -0.1156  -0.1026
 -0.1706  -0.1547  -0.0893   0.2189  -0.1011  -0.0988
 -0.1757  -0.1468  -0.0737   0.2925  -0.1200  -0.1055
 -0.1830  -0.1476  -0.0864   0.2446  -0.1106  -0.0977
 -0.1960  -0.1402  -0.0839   0.2495  -0.1232  -0.0999
 -0.1831  -0.1586  -0.0873   0.2699  -0.1187  -0.1080
 -0.1957  -0.1371  -0.0760   0.3142  -0.1298  -0.1058
 -0.1911  -0.1389  -0.0832   0.2479  -0.1155  -0.0968
 -0.1948  -0.1354  -0.0775   0.2546  -0.1201  -0.0998
 -0.2039  -0.1426  -0.0836   0.2465  -0.1155  -0.1059
 -0.2001  -0.1406  -0.0835   0.2820  -0.1268  -0.1024
 -0.2025  -0.1457  -0.0942   0.2188  -0.1185  -0.1099
 -0.2121  -0.0770  -0.0846   0.2441  -0.1206  -0.1166
 -0.2283  -0.1337  -0.0819   0.1970  -0.1266  -0.1153
 -0.2456   0.1760  -0.0638   0.0712  -0.1399  -0.1046
 -0.2359   0.2894  -0.0639   0.0049  -0.1250  -0.1169
 -0.2527   0.2455  -0.0681   0.0489  -0.1443  -0.1366
 -0.2389   0.2371  -0.0575   0.0672  -0.1143  -0.1389
 -0.2084   0.1451  -0.0786   0.0742  -0.1031  -0.1109
 -0.2241   0.1290  -0.0684   0.1215  -0.1105  -0.1252
 -0.2190   0.1234  -0.0689   0.1282  -0.1146  -0.1244
 -0.2259   0.1195  -0.0628   0.1179  -0.1093  -0.1284
 -0.2312   0.1210  -0.0600   0.0957  -0.1126  -0.1196
 -0.2199   0.1089  -0.0604   0.1126  -0.1098  -0.1164
 -0.2099   0.1033  -0.0709   0.0943  -0.0894  -0.1004
 -0.2130   0.0984  -0.0613   0.1422  -0.1102  -0.1171
 -0.2133   0.0997  -0.0633   0.0876  -0.0978  -0.0991
 -0.2176   0.1344  -0.0549   0.1699  -0.1113  -0.1146
 -0.2173   0.1262  -0.0577   0.1479  -0.0994  -0.1017
 -0.2117   0.0904  -0.0541   0.1722  -0.1114  -0.1022
 -0.2145   0.0847  -0.0659   0.1111  -0.0920  -0.0969
 -0.2229   0.0899  -0.0683   0.1608  -0.1077  -0.1066
 -0.2084   0.0885  -0.0719   0.1166  -0.1032  -0.0937
 -0.2257   0.0877  -0.0630   0.1407  -0.1057  -0.0921
 -0.2196   0.1052  -0.0733   0.1683  -0.1141  -0.0975
 -0.2270   0.0981  -0.0652   0.1116  -0.1066  -0.0838
 -0.2373   0.1052  -0.0580   0.1291  -0.1141  -0.0892
 -0.2366   0.0896  -0.0666   0.1071  -0.1193  -0.0871
 -0.2366   0.0999  -0.0639   0.0883  -0.1060  -0.0722
 -0.2417   0.0923  -0.0639   0.1217  -0.1165  -0.0882
 -0.2444   0.0791  -0.0729   0.0983  -0.1023  -0.0861
 -0.2561   0.0955  -0.0677   0.1299  -0.1205  -0.0981
 -0.2332   0.1173  -0.0545   0.0886  -0.1127  -0.0824
