  0.0551   0.0593  -0.2220  -0.1815  -0.0745   0.3429
  0.0194   0.2058  -0.2903  -0.3539  -0.1101   0.4646
  0.0385   0.1015  -0.2552  -0.3187  -0.0869   0.4419
  0.0237   0.1039  -0.2705  -0.3093  -0.0958   0.4761
  0.0218   0.0518  -0.2702  -0.3008  -0.0992   0.4477
  0.0214   0.0770  -0.2810  -0.3027  -0.0991   0.4647
  0.0353   0.0489  -0.2559  -0.2924  -0.1065   0.4065
  0.0583   0.0291  -0.2373  -0.1828  -0.1359   0.3250
  0.0246  -0.0145  -0.2207  -0.1337  -0.0906   0.3102
  0.0144  -0.0358  -0.2299  -0.1025  -0.1053   0.2737
 -0.0078  -0.0175  -0.2532  -0.0450  -0.1247   0.2634
 -0.0317  -0.0130  -0.2307  -0.0925  -0.0998   0.2676
 -0.0081  -0.0452  -0.2281  -0.0819  -0.0797   0.2829
 -0.0056  -0.0170  -0.2263  -0.1284  -0.0732   0.2840
 -0.0066  -0.0613  -0.2292  -0.0938  -0.0813   0.2728
 -0.0187  -0.0186  -0.2275  -0.1033  -0.0790   0.2841
  0.0060   0.0066  -0.1850  -0.1546  -0.0902   0.2640
 -0.0238  -0.0082  -0.1646  -0.0788  -0.0752   0.2221
 -0.0096  -0.0655  -0.1380  -0.0521  -0.0416   0.1855
  0.0102  -0.0383  -0.1359  -0.0382  -0.0381   0.1874
  0.0150  -0.0514  -0.1239  -0.0194  -0.0206   0.1654
  0.0259  -0.0513  -0.1130  -0.0537  -0.0105   0.1698
  0.0239  -0.0758  -0.1084  -0.0170  -0.0242   0.1938
  0.0210  -0.0596  -0.1118  -0.0274  -0.0090   0.1682
  0.0364  -0.1070  -0.0886  -0.0130  -0.0112   0.1668
  0.0321  -0.0609  -0.0986  -0.0360   0.0111   0.1884
 -0.0383  -0.0858  -0.0900  -0.0682  -0.0290   0.1854
 -0.0083  -0.1218  -0.0985  -0.0061  -0.0101   0.1316
  0.0187  -0.1612  -0.0818   0.0399  -0.0241   0.0982
  0.0257  -0.0972  -0.0645   0.1212   0.0050   0.0438
  0.1267  -0.1778  -0.0426   0.0249   0.0634   0.0783
  0.1617  -0.1532   0.0040  -0.0034   0.0547   0.1181
  0.0908  -0.3561  -0.0480   0.1263   0.0363   0.0673
  0.0656  -0.3856  -0.0628   0.1581   0.0214   0.0608
  0.0880  -0.3262  -0.0531   0.1263   0.0458   0.0665
  0.0725  -0.3469  -0.0404   0.1455   0.0322   0.0673
  0.0850  -0.3268  -0.0466   0.1418   0.0439   0.0453
  0.1035  -0.3280  -0.0292   0.1358   0.0313   0.0667
  0.1028  -0.3124  -0.0204   0.1279   0.0546   0.0811
  0.0948  -0.3224  -0.0362   0.1201   0.0456   0.0646
  0.1065  -0.2992  -0.0271   0.1181   0.0608   0.0763
  0.1079  -0.2852  -0.0204   0.1290   0.0383   0.0615
  0.1210  -0.2510  -0.0322   0.0679   0.0778   0.0457
  0.1259  -0.2975  -0.0158   0.1078   0.0186   0.0565
  0.1369  -0.3022  -0.0115   0.1783   0.0312   0.0378
  0.1015  -0.1753  -0.0061   0.0326   0.0949   0.0924
  0.0935  -0.1939  -0.0006   0.0429   0.0534   0.1007
  0.1066  -0.2053  -0.0092   0.0315   0.0785   0.0702
  0.1076  -0.2258  -0.0097   0.0835   0.0610   0.0443
  0.0975  -0.2050   0.0038   0.0045   0.0688   0.1178
  0.0774  -0.2223  -0.0002   0.0107   0.0565   0.1061
  0.0864  -0.2490  -0.0300   0.0884   0.0733   0.0322
  0.0998  -0.2484  -0.0022   0.0548   0.0737   0.0726
  0.1163  -0.2502   0.0056   0.0670   0.0847   0.0724
  0.1169  -0.2441   0.0088   0.0327   0.0737   0.0700
  0.1183  -0.2390   0.0012   0.0545   0.0626   0.0682
  0.1122  -0.2461   0.0137   0.0375   0.0632   0.0778
  0.1222  -0.2437   0.0057   0.0394   0.0648   0.0635
  0.1319  -0.2445   0.0147   0.0348   0.0753   0.0879
  0.1299  -0.2283   0.0082   0.0542   0.0806   0.0680
  0.1347  -0.2532   0.0108   0.0538   0.0948   0.0633
  0.1311  -0.2426   0.0114   0.0639   0.0802   0.0664
  0.1284  -0.2497   0.0293   0.0604   0.0962   0.0881
  0.1351  -0.2349   0.0163   0.0605   0.0841   0.0583
  0.1312  -0.2594   0.0257   0.0579   0.0925   0.0807
  0.1227  -0.2035   0.0218   0.0459   0.0900   0.0460
  0.1219  -0.2812   0.0291   0.0320   0.1054   0.0806
  0.1262  -0.1538   0.0383   0.0272   0.0784   0.0614
 -0.0240  -0.0868   0.0994  -0.0782   0.0105   0.1429
 -0.0150   0.0478  -0.0268  -0.0363  -0.1022   0.0153
  0.0930   0.5719  -0.1869  -0.0473  -0.1674  -0.1888
  0.0673   0.2851  -0.1091   0.0561  -0.0827  -0.1220
  0.0833   0.3402  -0.1129   0.0520  -0.0849  -0.1716
  0.0458   0.2555  -0.0665   0.0718  -0.0736  -0.1161
  0.0594   0.2531   0.0696   0.0586  -0.0328  -0.1283
  0.0765   0.1863   0.0696   0.0554  -0.0393  -0.1132
  0.0885   0.2467   0.0437   0.0760  -0.0394  -0.1378
  0.0692   0.1744   0.0414   0.0996  -0.0250  -0.1301
  0.0980   0.1775   0.0457   0.0752  -0.0410  -0.1349
  0.0759   0.1479   0.0414   0.1005  -0.0483  -0.1208
  0.0712   0.0576   0.0370   0.1478  -0.0533  -0.1577
  0.0542  -0.0219  -0.0115   0.1529  -0.0502  -0.1325
  0.0776   0.0408  -0.0068   0.1481  -0.0309  -0.1250
  0.0837   0.0120  -0.0100   0.1697  -0.0131  -0.1567
  0.1039   0.0325   0.0200   0.1539  -0.0207  -0.1585
  0.0885  -0.0185   0.0020   0.1877  -0.0299  -0.1337
  0.0859   0.0541   0.0331   0.1059  -0.0025  -0.1430
 -0.0286   0.0459   0.0414   0.1627  -0.0349  -0.1591
  0.0098  -0.0509   0.0007   0.1514  -0.0458  -0.1458
 -0.0036  -0.0354   0.0169   0.0181  -0.0246  -0.0435
  0.0403  -0.0545   0.0093   0.1361  -0.0167  -0.1398
 -0.1079  -0.0040   0.0691  -0.0069  -0.0455  -0.0127
 -0.0746  -0.0283   0.0153  -0.0020  -0.0263  -0.0220
 -0.0348  -0.0846   0.0102   0.0542   0.0031  -0.0759
 -0.0365  -0.0704   0.0076   0.0568  -0.0115  -0.0804
 -0.0214  -0.1007   0.0096   0.0963   0.0034  -0.0875
 -0.0219  -0.0946   0.0210   0.0696   0.0033  -0.0633
 -0.0184  -0.1349   0.0284   0.0666   0.0118  -0.0767
  0.0264  -0.0989   0.0305   0.1150   0.0092  -0.1141
 -0.0755  -0.1225   0.0235   0.0428   0.0591  -0.0553
 -0.0674  -0.1348   0.0347   0.0828  -0.0301  -0.0439
 -0.0344  -0.0931   0.0414   0.0817  -0.0115  -0.0683
 -0.0356  -0.1146   0.0357   0.1338  -0.0075  -0.0783
 -0.1348   0.0357   0.0637   0.0492  -0.0160  -0.0518
 -0.1526   0.0505   0.0038   0.0066  -0.0234  -0.0283
 -0.0662  -0.1106   0.0141   0.0531   0.0260  -0.0694
 -0.0846  -0.0332   0.0218   0.0482  -0.0075  -0.0851
 -0.0724  -0.1195   0.0227   0.0840   0.0135  -0.0877
 -0.0921   0.1492   0.0237  -0.0513  -0.0120  -0.0564
 -0.0642   0.1454   0.0272  -0.0567   0.0074  -0.0371
 -0.0761   0.0668   0.0182  -0.0301   0.0103  -0.0720
 -0.0689   0.0598   0.0354  -0.0293   0.0126  -0.0567
 -0.0821   0.0513   0.0384  -0.0036  -0.0078  -0.0660
 -0.0649   0.0504   0.0391  -0.0628   0.0060  -0.0566
 -0.0701   0.0801   0.0361  -0.0294  -0.0133  -0.0606
 -0.0542   0.0854   0.0401  -0.0812   0.0129   0.0002
 -0.0523   0.1285   0.0377  -0.1141  -0.0020  -0.0004
 -0.0591   0.1370   0.0536  -0.1049  -0.0258  -0.0077
 -0.0564   0.1670   0.0522  -0.0982  -0.0091  -0.0143
 -0.0539   0.1855   0.0473  -0.0979  -0.0021  -0.0152
 -0.0551   0.1515   0.0547  -0.1030  -0.0194  -0.0200
 -0.0572   0.1501   0.0582  -0.0763   0.0043  -0.0246
 -0.0725   0.1507   0.0429  -0.0896  -0.0193  -0.0406
 -0.0693   0.1455   0.0612  -0.1027  -0.0076  -0.0301
 -0.0685   0.1725   0.0568  -0.0905  -0.0161  -0.0332
 -0.0732   0.1709   0.0472  -0.1028  -0.0036  -0.0336
 -0.0748   0.1582   0.0594  -0.0838  -0.0178  -0.0252
 -0.0841   0.1629   0.0505  -0.1086   0.0105  -0.0371
 -0.0788   0.1419   0.0591  -0.0875  -0.0198  -0.0328
 -0.0899   0.1726   0.0498  -0.1093   0.0240  -0.0442
 -0.0803   0.1096   0.0606  -0.0887  -0.0207  -0.0588
 -0.0879   0.1071   0.0612  -0.0759   0.0103  -0.0489
 -0.0895   0.1134   0.0673  -0.0767  -0.0167  -0.0883
 -0.0772   0.1109   0.0646  -0.0149   0.0177  -0.0776
 -0.0730   0.1125   0.0673  -0.0001  -0.0326  -0.1235
 -0.0499   0.1114   0.0785   0.0016  -0.0410  -0.0991
 -0.0417   0.1460   0.0955   0.0460  -0.1072  -0.1636
 -0.0370   0.1551   0.0792   0.0738  -0.0430  -0.1692
 -0.0546   0.1544   0.0581   0.0406   0.0018  -0.1640
 -0.0445   0.1644   0.0612   0.0471   0.0052  -0.1779
 -0.0366   0.1923   0.0572   0.0047   0.0721  -0.1507
 -0.0333   0.2028   0.0731   0.0309   0.0192  -0.1720
 -0.0450   0.1950   0.0564  -0.0010   0.0312  -0.1628
 -0.0430   0.1794   0.0657   0.0213   0.0158  -0.1684
 -0.0552   0.1909   0.0721   0.0186   0.0263  -0.1615
 -0.0538   0.1837   0.0788   0.0110   0.0105  -0.1739
 -0.0696   0.2072   0.0689  -0.0332   0.0196  -0.1312
 -0.0710   0.2116   0.0822  -0.0343   0.0061  -0.1459
 -0.0698   0.1951   0.0767  -0.0451   0.0175  -0.1235
 -0.0677   0.1917   0.0797  -0.0211   0.0274  -0.1262
 -0.0626   0.1981   0.0852  -0.0346   0.0339  -0.1341
 -0.0443   0.1978   0.0840  -0.0238   0.0268  -0.1183
 -0.0582   0.1992   0.0913  -0.0396   0.0428  -0.1166
 -0.0531   0.1645   0.0882  -0.0370   0.0235  -0.1190
 -0.0758   0.1768   0.0875  -0.0284   0.0277  -0.1068
 -0.0765   0.1208   0.0950  -0.0180   0.0244  -0.1373
 -0.0854   0.1383   0.0954  -0.0193   0.0346  -0.1179
 -0.0770   0.1301   0.1004  -0.0389   0.0297  -0.1190
 -0.0724   0.1454   0.1035  -0.0340   0.0374  -0.1031
 -0.0758   0.1366   0.0893  -0.0372   0.0291  -0.1295
 -0.0770   0.1379   0.0861  -0.0426   0.0318  -0.1066
 -0.0748   0.1355   0.0853  -0.0288   0.0294  -0.1259
 -0.0762   0.1481   0.0881  -0.0283   0.0209  -0.1442
 -0.0725   0.1475   0.0950  -0.0132   0.0309  -0.1357
 -0.0789   0.1260   0.0931  -0.0426   0.0160  -0.1282
 -0.0709   0.1244   0.0967  -0.0212   0.0237  -0.1232
 -0.0916   0.1261   0.0946  -0.0382   0.0342  -0.1396
 -0.0762   0.1128   0.0924  -0.0058   0.0249  -0.1476
 -0.0974   0.1316   0.0935  -0.0335   0.0349  -0.1180
 -0.0858   0.0898   0.0951  -0.0031   0.0288  -0.1633
 -0.1626   0.0669   0.1519  -0.0029  -0.0061  -0.1253
 -0.1390  -0.0452   0.1453   0.0700   0.0076  -0.1535
 -0.0722  -0.0389   0.1525   0.0624   0.0075  -0.1635
 -0.0960  -0.0700   0.1238  -0.0699  -0.0028  -0.0726
 -0.0861  -0.0579   0.1277  -0.0172  -0.0012  -0.0975
 -0.0722  -0.0687   0.1348  -0.0610   0.0131  -0.0598
