  0.2631  -0.1675   0.0898   0.4362   0.1311   0.3175
  0.2136  -0.3122   0.0689   0.5268   0.0218   0.3761
  0.2291  -0.2951   0.0643   0.5133   0.0634   0.3605
  0.2259  -0.2575   0.0405   0.4859   0.0591   0.4005
  0.2382  -0.2463   0.0624   0.5515   0.0875   0.3417
  0.2379  -0.2458   0.0630   0.5659   0.0972   0.4475
  0.2503  -0.2521   0.0607   0.5339   0.1225   0.3638
  0.2723  -0.2509   0.0640   0.5813   0.1347   0.3942
  0.2623  -0.2203   0.0868   0.5868   0.1522   0.3349
  0.2756  -0.2393   0.0486   0.5287   0.1612   0.4215
  0.2657  -0.2420   0.0266   0.4926   0.1483   0.4273
  0.2844  -0.2014   0.0530   0.4333   0.1532   0.3874
  0.2905  -0.1898   0.0465   0.4347   0.1651   0.3536
  0.2641  -0.2108   0.0338   0.4463   0.1451   0.3858
  0.3538  -0.2093   0.0710   0.4593   0.1777   0.3508
  0.4189  -0.1776   0.0966   0.4346   0.2038   0.3070
  0.3985  -0.1325   0.0764   0.4751   0.2433   0.2953
  0.4096  -0.1542   0.0559   0.4786   0.2328   0.3606
  0.3879  -0.1316   0.0695   0.4490   0.2236   0.3358
  0.3890  -0.1160   0.0451   0.4712   0.2310   0.3196
  0.3719  -0.1399   0.0515   0.4320   0.2210   0.2706
  0.3677  -0.0989   0.0373   0.3469   0.2033   0.3642
  0.3448  -0.1309   0.0513   0.3413   0.1859   0.2739
  0.3481  -0.0873   0.0715   0.3086   0.2119   0.2657
  0.3514   0.0895   0.0304   0.2378   0.2179   0.3195
  0.3495   0.0633   0.0368   0.2516   0.2415   0.2380
  0.3601   0.0338   0.0577   0.2795   0.2364   0.2590
  0.3450   0.0159   0.0724   0.3575   0.2454   0.2666
  0.3073   0.0011   0.0694   0.3119   0.1905   0.2021
  0.3289  -0.0012   0.0606   0.3113   0.1992   0.2586
  0.3009  -0.0268   0.0459   0.3207   0.1973   0.2272
  0.2921  -0.0233   0.0184   0.2917   0.2000   0.2940
  0.2891  -0.0272   0.0160   0.2596   0.1784   0.2032
  0.2748  -0.0000  -0.0164   0.2511   0.1748   0.2743
  0.2588  -0.0344  -0.0101   0.2921   0.1749   0.1901
  0.2531  -0.0103  -0.0087   0.2669   0.1895   0.2597
  0.2565  -0.0063  -0.0248   0.2463   0.1648   0.1338
  0.2666   0.0258  -0.0415   0.1669   0.1835   0.2625
  0.2261   0.0154  -0.0436   0.1782   0.1776   0.3384
  0.1911   0.0038  -0.0213   0.1858   0.1171   0.1027
  0.2037   0.0075  -0.0323   0.1790   0.1374   0.2180
  0.1870   0.0105  -0.0341   0.1438   0.1255   0.1325
  0.1060  -0.0226  -0.0401   0.1675   0.1481   0.0455
  0.0866   0.0022  -0.0899   0.1596   0.1406   0.2050
  0.1085  -0.0491  -0.0562   0.2862   0.1295   0.2481
  0.1097  -0.0361  -0.0265   0.1957   0.1257   0.0396
  0.1142  -0.0454  -0.0256   0.1559   0.1131   0.1640
  0.1040  -0.0905  -0.0111   0.1715   0.0958   0.0673
  0.1065  -0.0903  -0.0100   0.3049   0.1121   0.1261
  0.1073  -0.0531   0.0001   0.2069   0.1207   0.0210
  0.0899  -0.0600   0.0078   0.2417   0.1353   0.1518
  0.1064  -0.0449   0.0151   0.2151   0.1280   0.0216
  0.0939  -0.0294   0.0114   0.2183   0.1330   0.0907
  0.0870  -0.0727   0.0173   0.1868   0.1204   0.0191
  0.0824  -0.0772   0.0039   0.1953   0.1188   0.1090
  0.0859  -0.0523   0.0040   0.1647   0.1168   0.0251
  0.1078  -0.0624   0.0090   0.1360   0.1106   0.0804
  0.1217  -0.0526   0.0227   0.1820   0.1039   0.0234
  0.0986  -0.0194   0.0146   0.1360   0.1268   0.1189
  0.0898  -0.0386   0.0219   0.1431   0.1325   0.0441
  0.0876  -0.0230   0.0131   0.1686   0.1383   0.1277
  0.0723  -0.0371   0.0312   0.2054   0.1387  -0.0744
  0.0685  -0.0199   0.0167   0.2074   0.1247   0.0409
  0.0889  -0.0189   0.0119   0.1747   0.1095   0.0928
  0.0864  -0.0163   0.0137   0.1678   0.1068   0.0535
  0.1088   0.0259   0.0396   0.0932   0.1187   0.0372
  0.0948   0.0438   0.0316   0.0420   0.1140   0.0033
  0.1024   0.0139  -0.0039   0.0695   0.0993   0.0332
  0.1087   0.0083   0.0256   0.0762   0.1065   0.0522
  0.1195  -0.0070   0.0347   0.1147   0.1133  -0.0375
  0.1210   0.0344   0.0232   0.1184   0.1142   0.0376
  0.1229   0.0075   0.0104   0.1682   0.1147   0.0939
  0.1032   0.0073   0.0154   0.1342   0.1148  -0.0378
  0.1120   0.0150   0.0126   0.0923   0.1082   0.0131
  0.1118   0.0357   0.0011   0.0539   0.0915   0.0364
  0.1128   0.0375  -0.0038   0.0613   0.0969   0.0881
  0.1109   0.0568   0.0039   0.0260   0.1098   0.0112
  0.1131   0.0426   0.0083   0.0529   0.1039   0.0366
  0.1006   0.0402   0.0144   0.0276   0.1107   0.0064
  0.1147   0.0492   0.0175   0.0535   0.1080   0.0017
  0.0750   0.0288   0.0347   0.0205   0.0691  -0.1149
  0.0484   0.0311   0.0186   0.0560   0.0486   0.0448
  0.0576   0.0195   0.0243   0.1088   0.0498   0.0770
  0.0822   0.0204   0.0407   0.0988   0.0711  -0.0840
  0.0853   0.0373   0.0407   0.1186   0.0820   0.0161
  0.0537  -0.0111   0.0343   0.0889   0.0608  -0.1044
  0.0544  -0.0095   0.0409   0.1167   0.0718  -0.0792
  0.0659  -0.0317   0.0600   0.1483   0.0821  -0.0429
  0.0652  -0.0183   0.0532   0.1590   0.0914  -0.0610
  0.0613  -0.0292   0.0565   0.1365   0.0963  -0.1182
  0.0577  -0.0186   0.0545   0.1252   0.1025  -0.0606
  0.0512  -0.0163   0.0252   0.1377   0.0974  -0.0376
  0.0535  -0.0162   0.0390   0.1110   0.0993  -0.0909
  0.0523  -0.0006   0.0393   0.0913   0.0948  -0.0127
  0.0446  -0.0181   0.0274   0.1021   0.0967  -0.0626
  0.0446  -0.0019   0.0370   0.0712   0.1008  -0.0733
  0.0566  -0.0111   0.0503   0.0888   0.0969  -0.0801
  0.0468  -0.0066   0.0359   0.0571   0.0978  -0.0841
  0.0480   0.0058   0.0422   0.0561   0.0969  -0.0514
  0.0475  -0.0099   0.0443   0.0299   0.0920  -0.0768
  0.0566  -0.0185   0.0762   0.0324   0.0937  -0.0957
  0.0706  -0.0412   0.0986   0.0303   0.0906  -0.0852
  0.0642   0.0020   0.0950   0.0365   0.1100  -0.0858
  0.0752  -0.0219   0.1000   0.0492   0.1087  -0.1343
  0.0676   0.0199   0.1002   0.0331   0.0837  -0.0766
  0.0725   0.0024   0.1093   0.0384   0.0825  -0.0474
  0.0697  -0.0091   0.0955   0.0521   0.0895  -0.0983
  0.0689  -0.0153   0.0985   0.0846   0.0926  -0.0663
  0.0643   0.0082   0.1014   0.0586   0.1015  -0.0968
  0.0517   0.0004   0.1096   0.0244   0.1012  -0.0421
  0.0504   0.0079   0.0991   0.0291   0.1060  -0.1005
  0.0380  -0.0243   0.0950   0.0291   0.0666  -0.0934
  0.0265  -0.0426   0.0959   0.0096   0.0549  -0.0948
  0.0178  -0.0159   0.0912  -0.0430   0.0635  -0.0311
  0.0167  -0.0045   0.0817  -0.1060   0.0717  -0.0819
  0.0079   0.0204   0.0697  -0.0963   0.0537  -0.0367
  0.0102   0.0244   0.0698  -0.0777   0.0456  -0.0814
  0.0017   0.0344   0.0601  -0.0557   0.0459  -0.0408
  0.0159   0.0125   0.0739  -0.0600   0.0377  -0.1216
 -0.0036   0.0347   0.0732  -0.0502   0.0398  -0.0193
  0.0053   0.0201   0.0758  -0.0190   0.0411  -0.0471
 -0.0031  -0.0156   0.0666  -0.0234   0.0167  -0.0932
 -0.0279  -0.0035   0.0504  -0.0360  -0.0089  -0.0425
 -0.0389   0.0027   0.0526  -0.0829  -0.0105  -0.0210
 -0.0379   0.0107   0.0492  -0.0672  -0.0115  -0.1023
 -0.0272   0.0038   0.0587  -0.0762  -0.0070  -0.0729
 -0.0359   0.0128   0.0492  -0.1084   0.0007  -0.0649
 -0.0237   0.0322   0.0562  -0.1403  -0.0016  -0.0429
 -0.0334   0.0427   0.0403  -0.1261   0.0088  -0.0624
 -0.0275   0.0280   0.0559  -0.1223  -0.0057  -0.0934
 -0.0247   0.0366   0.0526  -0.0911  -0.0025  -0.0713
 -0.0281   0.0210   0.0576  -0.1438  -0.0095  -0.1371
 -0.0338   0.0526   0.0488  -0.1291  -0.0121  -0.0684
 -0.0225   0.0365   0.0435  -0.1265  -0.0379  -0.1130
 -0.0160   0.0522   0.0403  -0.0978  -0.0456  -0.0509
 -0.0332   0.0749   0.0159  -0.1285  -0.0448  -0.0212
 -0.0122   0.0942   0.0252  -0.1324  -0.0428  -0.1699
 -0.0381   0.1127   0.0185  -0.2262  -0.0613  -0.0594
 -0.0295   0.0664   0.0696  -0.0309  -0.0760  -0.3014
 -0.0085   0.1592   0.0591   0.1277  -0.0727  -0.1828
 -0.0132   0.0696   0.0325   0.0643  -0.0571   0.0471
 -0.0092   0.0988   0.0330   0.0412  -0.0696  -0.1158
 -0.0166   0.0526   0.0171   0.0301  -0.0857  -0.1208
 -0.0238   0.0701   0.0340   0.0135  -0.0613  -0.1546
 -0.0336   0.0654   0.0244   0.0124  -0.0742  -0.0529
 -0.0279   0.0706   0.0198   0.0352  -0.0698  -0.1539
 -0.0302   0.0343   0.0350   0.0158  -0.0771  -0.1157
 -0.0349   0.0616   0.0326  -0.0403  -0.0780  -0.0994
 -0.0558   0.0333   0.0161  -0.1254  -0.1032  -0.1082
 -0.0539   0.0497   0.0154  -0.1531  -0.0862  -0.0812
 -0.0589   0.0489   0.0174  -0.1552  -0.0876  -0.1059
 -0.0589   0.0576   0.0232  -0.1481  -0.0883  -0.0942
 -0.0669   0.0577   0.0143  -0.1618  -0.0907  -0.1057
 -0.0818   0.0574   0.0090  -0.1636  -0.0855  -0.1036
 -0.0750   0.0529   0.0118  -0.1706  -0.0856  -0.1169
 -0.0738   0.0555   0.0078  -0.1303  -0.0906  -0.0948
 -0.0756   0.0489   0.0164  -0.1565  -0.0938  -0.1140
 -0.0681   0.0520   0.0168  -0.1497  -0.1069  -0.1005
 -0.0730   0.0620  -0.0002  -0.1580  -0.1084  -0.1418
 -0.0741   0.0659   0.0064  -0.1535  -0.1092  -0.0779
 -0.0740   0.0489   0.0062  -0.1347  -0.1106  -0.1336
 -0.0812   0.0845   0.0107  -0.1465  -0.1024  -0.1012
 -0.0821   0.0507   0.0103  -0.1309  -0.1049  -0.0997
 -0.0827   0.0630   0.0077  -0.1475  -0.0969  -0.0973
 -0.0959   0.0781   0.0000  -0.1300  -0.1032  -0.1182
 -0.0961   0.0567   0.0225  -0.1597  -0.0915  -0.1512
 -0.1339  -0.0641  -0.0681  -0.0230  -0.1244  -0.0237
 -0.1784  -0.0058  -0.0624  -0.1452  -0.1527  -0.2271
 -0.1719   0.0217  -0.0698  -0.1502  -0.1458   0.0131
 -0.1725   0.0085  -0.0668  -0.1155  -0.1455  -0.0830
 -0.1810   0.0142  -0.0701  -0.1087  -0.1618  -0.1390
 -0.1862   0.0152  -0.0649  -0.0754  -0.1742  -0.0951
 -0.1741   0.0205  -0.0629  -0.0922  -0.1696  -0.1381
 -0.1781  -0.0032  -0.0592  -0.0586  -0.1611  -0.0788
 -0.1879  -0.0098  -0.0448  -0.0767  -0.1552  -0.0979
 -0.1966   0.0174  -0.0605  -0.1019  -0.1631  -0.1102
 -0.1928  -0.0044  -0.0455  -0.0804  -0.1567  -0.0987
 -0.2047   0.0027  -0.0475  -0.1013  -0.1686  -0.1396
 -0.2086   0.0151  -0.0492  -0.1205  -0.1602  -0.0733
 -0.2066   0.0046  -0.0484  -0.1491  -0.1563  -0.0871
 -0.1975  -0.0116  -0.0492  -0.1600  -0.1650  -0.1385
 -0.2035  -0.0020  -0.0468  -0.2367  -0.1630  -0.1237
 -0.2180   0.0290  -0.0500  -0.2279  -0.1464  -0.0111
 -0.2247   0.0206  -0.0555  -0.2065  -0.1535  -0.1649
 -0.2214   0.0212  -0.0650  -0.1821  -0.1475  -0.0878
 -0.2131   0.0109  -0.0647  -0.1687  -0.1532  -0.1245
 -0.2163   0.0352  -0.0684  -0.1752  -0.1512  -0.0451
 -0.2141  -0.0027  -0.0947  -0.1630  -0.1584  -0.1166
 -0.2199  -0.0051  -0.0912  -0.1916  -0.1704  -0.1163
 -0.2224   0.0137  -0.0891  -0.2214  -0.1649  -0.0676
 -0.2224   0.0121  -0.0888  -0.2467  -0.1761  -0.1791
 -0.2255   0.0097  -0.0976  -0.2528  -0.1689  -0.0610
 -0.2269   0.0135  -0.0850  -0.2768  -0.1672  -0.0856
 -0.2315   0.0254  -0.0968  -0.2741  -0.1640  -0.1120
 -0.2229   0.0015  -0.0912  -0.2584  -0.1686  -0.1208
 -0.2250   0.0061  -0.0937  -0.2706  -0.1685  -0.0590
 -0.2159  -0.0119  -0.0822  -0.2884  -0.1765  -0.1339
 -0.2199   0.0203  -0.0797  -0.2586  -0.1769  -0.0851
 -0.1980   0.0108  -0.0926  -0.2676  -0.1870  -0.1036
 -0.1872   0.0267  -0.0842  -0.2825  -0.1848  -0.0996
 -0.1983   0.0196  -0.0759  -0.2847  -0.1849  -0.1240
 -0.1991   0.0224  -0.0763  -0.3205  -0.1772  -0.0784
 -0.2051   0.0114  -0.0792  -0.2733  -0.1770  -0.1409
 -0.1931   0.0439  -0.0814  -0.2645  -0.1840  -0.1116
 -0.2035   0.0424  -0.0777  -0.2857  -0.1962  -0.0910
 -0.2076   0.0357  -0.0905  -0.2954  -0.1902  -0.0738
 -0.2197   0.0332  -0.0828  -0.3180  -0.1879  -0.1377
 -0.2201   0.0507  -0.0837  -0.3346  -0.1772  -0.1003
 -0.2119   0.0363  -0.0810  -0.3048  -0.1881  -0.1091
 -0.2174   0.0456  -0.0859  -0.3307  -0.1848  -0.1109
 -0.2068   0.0111  -0.0751  -0.3117  -0.2010  -0.1768
 -0.2106   0.0325  -0.0765  -0.3217  -0.1868  -0.0750
 -0.2154   0.0439  -0.0787  -0.3187  -0.1752  -0.0576
 -0.2273   0.0759  -0.0912  -0.3261  -0.1538  -0.1214
 -0.2318   0.0712  -0.0878  -0.3320  -0.1596  -0.1136
 -0.2194   0.0345  -0.0851  -0.3057  -0.1564  -0.1634
 -0.2246   0.0573  -0.0861  -0.3295  -0.1565  -0.1047
 -0.2263   0.1000  -0.0588  -0.3688  -0.1405  -0.1038
 -0.2416   0.0867  -0.0674  -0.3863  -0.1669  -0.1361
 -0.2495   0.1461  -0.0990  -0.3930  -0.1891  -0.0665
 -0.2537   0.0438  -0.0895  -0.3589  -0.1904  -0.1235
 -0.2558   0.0604  -0.0903  -0.3480  -0.1698  -0.0755
 -0.2720   0.0657  -0.1016  -0.3440  -0.1673  -0.1193
 -0.2666   0.0618  -0.0997  -0.3666  -0.1791  -0.1518
 -0.2735   0.0785  -0.1164  -0.3797  -0.1662  -0.0125
 -0.2822   0.0823  -0.1140  -0.3649  -0.1696  -0.0815
 -0.2663   0.0959  -0.1324  -0.4058  -0.1858  -0.2280
 -0.2627   0.1164  -0.1454  -0.3928  -0.1911  -0.0414
 -0.2751   0.0860  -0.1332  -0.3883  -0.1840  -0.0117
 -0.2684   0.0788  -0.1369  -0.3860  -0.1714  -0.1352
 -0.2766   0.0643  -0.1407  -0.4032  -0.1807  -0.0775
 -0.2730   0.0852  -0.1423  -0.4228  -0.1654  -0.1284
 -0.2747   0.0777  -0.1429  -0.4274  -0.1879  -0.0951
 -0.2596   0.0630  -0.1440  -0.3929  -0.1874  -0.1109
 -0.2758   0.0744  -0.1406  -0.4347  -0.2001  -0.0895
 -0.2676   0.0868  -0.1492  -0.4106  -0.1763  -0.0591
