 -0.1313  -0.5053  -0.1107   0.7323  -0.1683   0.9113
 -0.1739  -0.5915  -0.0614   0.8653  -0.1671   1.0834
 -0.1511  -0.5916  -0.0655   0.8237  -0.1725   1.0271
 -0.1576  -0.5842  -0.0591   0.8183  -0.1710   1.0452
 -0.1829  -0.5989  -0.0802   0.8037  -0.1871   1.0394
 -0.1866  -0.6255  -0.0844   0.8688  -0.1940   1.0170
 -0.1716  -0.6114  -0.0816   0.8553  -0.1965   1.0264
 -0.1659  -0.6109  -0.0604   0.8177  -0.1937   0.9972
 -0.1694  -0.6228  -0.0841   0.7925  -0.2002   0.9848
 -0.1564  -0.5876  -0.0611   0.7842  -0.1818   0.9670
 -0.1802  -0.5659  -0.0553   0.7539  -0.2014   0.9435
 -0.1795  -0.6030  -0.0685   0.7657  -0.2026   0.9339
 -0.1630  -0.5775  -0.0675   0.7137  -0.1861   0.9140
 -0.1733  -0.5788  -0.0749   0.7179  -0.1811   0.9245
 -0.1667  -0.5727  -0.0633   0.7123  -0.1743   0.9068
 -0.1757  -0.5449  -0.0806   0.6670  -0.1834   0.8538
 -0.1799  -0.5373  -0.0973   0.6816  -0.1810   0.8414
 -0.1695  -0.5467  -0.0858   0.7097  -0.1737   0.8397
 -0.1600  -0.5511  -0.0835   0.6819  -0.1645   0.8221
 -0.1579  -0.5293  -0.0871   0.6991  -0.1701   0.8364
 -0.1299  -0.5531  -0.0935   0.7535  -0.1756   0.8350
 -0.1480  -0.4930  -0.0982   0.6414  -0.1748   0.8035
 -0.1400  -0.5162  -0.0898   0.6903  -0.1719   0.8062
 -0.1466  -0.5274  -0.0941   0.7074  -0.1692   0.8108
 -0.1321  -0.5019  -0.1166   0.6716  -0.1838   0.7813
 -0.1332  -0.4949  -0.1229   0.6955  -0.1856   0.7745
 -0.1327  -0.4709  -0.1026   0.6348  -0.1662   0.8162
 -0.0663  -0.3635  -0.0790   0.6202  -0.1237   0.8472
 -0.0826  -0.3253  -0.0780   0.5610  -0.1328   0.7885
 -0.1047  -0.3303  -0.1058   0.5692  -0.1465   0.8044
 -0.1269  -0.3268  -0.1196   0.5540  -0.1617   0.7685
 -0.1239  -0.3148  -0.1397   0.5508  -0.1790   0.7226
 -0.1282  -0.2415  -0.1470   0.4603  -0.1806   0.6773
 -0.1371  -0.2140  -0.1444   0.3981  -0.1761   0.6797
 -0.1295  -0.2909  -0.1110   0.4320  -0.1578   0.6512
 -0.1262  -0.3078  -0.0909   0.4342  -0.1480   0.6305
 -0.1298  -0.2907  -0.1014   0.4200  -0.1494   0.5873
 -0.1336  -0.2956  -0.0988   0.4038  -0.1422   0.5769
 -0.1163  -0.3245  -0.0974   0.4119  -0.1357   0.5740
 -0.1314  -0.3179  -0.1128   0.4011  -0.1325   0.5500
 -0.1233  -0.3119  -0.1060   0.4006  -0.1332   0.5302
 -0.1124  -0.3209  -0.0918   0.3936  -0.1296   0.5411
 -0.1021  -0.3631  -0.1056   0.5077  -0.1233   0.5145
 -0.1214  -0.3056  -0.1047   0.4251  -0.1281   0.4868
 -0.1163  -0.2958  -0.0914   0.3740  -0.1145   0.4969
 -0.1112  -0.3114  -0.1108   0.3829  -0.1267   0.4525
 -0.1126  -0.2537  -0.0983   0.3301  -0.1048   0.5026
 -0.1356  -0.2602  -0.1365   0.4006  -0.1399   0.4990
 -0.1624  -0.2244  -0.1413   0.3504  -0.1525   0.4356
 -0.1458  -0.2191  -0.1272   0.3352  -0.1352   0.4651
 -0.1343  -0.2253  -0.1374   0.3430  -0.1367   0.4062
 -0.1408  -0.2023  -0.1324   0.3101  -0.1267   0.4513
 -0.1533  -0.2210  -0.1392   0.3247  -0.1411   0.4174
 -0.1392  -0.2050  -0.1436   0.2957  -0.1334   0.4252
 -0.1440  -0.2040  -0.1369   0.2931  -0.1379   0.4034
 -0.1361  -0.1983  -0.1259   0.2807  -0.1225   0.3981
 -0.1276  -0.2226  -0.1440   0.2845  -0.1305   0.3825
 -0.1169  -0.2044  -0.1399   0.2974  -0.1173   0.4001
 -0.1247  -0.2218  -0.1336   0.3098  -0.1211   0.3782
 -0.1064  -0.2004  -0.1366   0.3045  -0.1100   0.3769
 -0.1414  -0.2309  -0.1425   0.3055  -0.1288   0.3668
 -0.0369  -0.1220  -0.1548   0.2355  -0.1119   0.3589
  0.0239  -0.1113  -0.1635   0.2305  -0.1088   0.3076
  0.0345  -0.1169  -0.1319   0.2352  -0.0675   0.3378
  0.1160  -0.0205  -0.0640   0.2191   0.0027   0.3685
  0.0879  -0.0401  -0.0777   0.1818  -0.0264   0.2954
  0.1112  -0.0302  -0.0663   0.1379  -0.0137   0.3071
  0.1180  -0.0614  -0.0480   0.2070  -0.0167   0.2745
  0.1161  -0.0435  -0.0562   0.1851  -0.0157   0.3172
  0.1095  -0.0940  -0.0596   0.2784  -0.0184   0.2413
  0.0948  -0.0850  -0.0819   0.2024  -0.0398   0.2891
  0.1146  -0.1209  -0.0772   0.2061  -0.0191   0.2654
  0.1218  -0.0915  -0.0826   0.2395  -0.0240   0.2554
  0.0993  -0.0871  -0.0949   0.2096  -0.0275   0.2618
  0.0775  -0.0809  -0.0911   0.1698  -0.0368   0.2328
  0.0712  -0.0799  -0.0940   0.1487  -0.0363   0.2089
  0.0700  -0.0685  -0.1059   0.1547  -0.0417   0.2249
  0.0684  -0.0591  -0.1243   0.0940  -0.0638   0.2086
  0.0879  -0.0499  -0.1014   0.1389  -0.0405   0.2170
  0.0948  -0.0620  -0.1017   0.1458  -0.0301   0.2152
  0.0981  -0.0583  -0.1060   0.1258  -0.0288   0.2108
  0.1047  -0.0551  -0.0913   0.1307  -0.0184   0.2122
  0.1017  -0.0518  -0.0932   0.1250  -0.0203   0.2041
  0.0951  -0.0583  -0.0967   0.1203  -0.0214   0.1708
  0.1052  -0.0665  -0.0874   0.1435  -0.0080   0.2000
  0.1137  -0.0939  -0.0740   0.1490  -0.0023   0.1749
  0.1118  -0.1390  -0.0677   0.2035   0.0042   0.1651
  0.1128  -0.1389  -0.0601   0.1897   0.0025   0.1650
  0.1021  -0.1427  -0.0646   0.1822   0.0021   0.1552
  0.0892  -0.1330  -0.0657   0.1480  -0.0028   0.1192
  0.0919  -0.1684  -0.0476   0.2014  -0.0036   0.1294
  0.0848  -0.1581  -0.0541   0.2221  -0.0016   0.1216
  0.0774  -0.1626  -0.0649   0.1958  -0.0059   0.1106
  0.0827  -0.1684  -0.0444   0.2287  -0.0048   0.0725
  0.0699  -0.1508  -0.0524   0.1745  -0.0065   0.0843
  0.0608  -0.1389  -0.0543   0.2158  -0.0089   0.0667
 -0.0110  -0.1126  -0.0780   0.1769   0.0032   0.0792
 -0.0096  -0.1089  -0.0695   0.1715  -0.0048   0.0549
 -0.0190  -0.1375  -0.0895   0.1606  -0.0225   0.1733
 -0.0227  -0.1591  -0.0907   0.1347  -0.0197   0.1390
 -0.0378  -0.1159  -0.0814   0.1061  -0.0280   0.0236
 -0.0187  -0.1088  -0.0690   0.1305  -0.0207   0.0562
 -0.0210  -0.1090  -0.0716   0.1370  -0.0203   0.0179
 -0.0198  -0.1066  -0.0648   0.1281  -0.0228   0.0323
 -0.0215  -0.1033  -0.0532   0.1019  -0.0083   0.0181
 -0.0259  -0.1022  -0.0488   0.0799  -0.0055   0.0333
 -0.0213  -0.1061  -0.0538   0.0857  -0.0037   0.0027
 -0.0188  -0.0895  -0.0386   0.0914   0.0055   0.0547
  0.0094  -0.0626  -0.0048   0.0797   0.0354   0.0347
  0.0048  -0.0503   0.0016   0.0455   0.0313   0.0006
 -0.0007  -0.0456   0.0007   0.0259   0.0414   0.0098
  0.0026  -0.0410   0.0085   0.0413   0.0329  -0.0173
  0.0022  -0.0439   0.0018   0.0430   0.0313  -0.0036
  0.0006  -0.0241   0.0040   0.0168   0.0355  -0.0507
 -0.0098  -0.0192  -0.0038  -0.0114   0.0290  -0.0056
  0.0001  -0.0404  -0.0018   0.0387   0.0287  -0.0083
 -0.0173  -0.0246  -0.0191   0.0165   0.0151  -0.0146
  0.0021  -0.0149  -0.0045   0.0167   0.0251  -0.0437
  0.0141  -0.0445  -0.0020   0.0326   0.0355  -0.0502
  0.0148  -0.0365   0.0066   0.0346   0.0325  -0.0622
  0.0130  -0.0544   0.0075   0.0192   0.0322  -0.0571
  0.0618  -0.0387   0.0183   0.0470   0.0489  -0.0743
  0.0322  -0.0405   0.0128   0.0154   0.0306  -0.0835
  0.0217  -0.0058   0.0155  -0.0289   0.0331  -0.1001
  0.0257  -0.0569   0.0168   0.0147   0.0332  -0.1232
  0.0322   0.0394  -0.0019  -0.0296   0.0320  -0.1002
  0.0281  -0.0626  -0.0068   0.0269   0.0213  -0.1470
  0.0481   0.3291   0.0135  -0.2297   0.0662  -0.0911
  0.0899   0.5982   0.0496  -0.3260   0.1103  -0.1525
  0.0539   0.1909   0.0445  -0.1118   0.0775  -0.2021
  0.0488   0.2730   0.0428  -0.2042   0.0879  -0.1618
  0.0644   0.2119   0.0547  -0.1125   0.0867  -0.1578
  0.0616   0.2081   0.0485  -0.1246   0.0812  -0.1210
  0.0546   0.1836   0.0412  -0.1120   0.0666  -0.1811
  0.0496   0.2551   0.0448  -0.2211   0.0795  -0.1362
  0.0542   0.1992   0.0377  -0.1531   0.0781  -0.2024
  0.0783   0.2285   0.0429  -0.1693   0.0897  -0.1657
  0.0897   0.2145   0.0477  -0.1681   0.1135  -0.1858
  0.0690   0.2449   0.0387  -0.2043   0.0908  -0.2304
  0.0713   0.1903   0.0429  -0.1798   0.0865  -0.1772
  0.0610   0.1783   0.0582  -0.1735   0.0800  -0.1959
  0.0649   0.1630   0.0515  -0.1548   0.0808  -0.2246
  0.0699   0.1745   0.0573  -0.1960   0.0870  -0.2336
  0.0622   0.1544   0.0577  -0.2039   0.0838  -0.2280
  0.0690   0.1744   0.0558  -0.2159   0.0832  -0.2492
  0.0654   0.1617   0.0617  -0.2077   0.0743  -0.2486
  0.0676   0.1495   0.0590  -0.2223   0.0750  -0.2544
  0.0749   0.1348   0.0583  -0.2112   0.0812  -0.2620
  0.0693   0.1477   0.0718  -0.2457   0.0888  -0.2750
  0.0643   0.1310   0.0716  -0.2189   0.0793  -0.3101
  0.0676   0.1345   0.0679  -0.2295   0.0792  -0.2891
  0.0597   0.1097   0.0644  -0.2060   0.0649  -0.2851
  0.0443   0.1372   0.0618  -0.2433   0.0688  -0.2911
  0.0603   0.0913   0.0535  -0.1776   0.0565  -0.3200
  0.0624   0.1167   0.0578  -0.2148   0.0567  -0.2893
  0.0629   0.1077   0.0615  -0.2029   0.0723  -0.3351
  0.0635   0.1267   0.0682  -0.2234   0.0767  -0.3246
  0.0619   0.1214   0.0619  -0.2323   0.0764  -0.3303
  0.0467   0.1535   0.0634  -0.2603   0.0814  -0.3142
  0.0527   0.1593   0.0570  -0.2373   0.0754  -0.3213
  0.0644   0.1562   0.0556  -0.2076   0.0691  -0.3473
  0.0426   0.1746   0.0597  -0.2811   0.0786  -0.3328
  0.0450   0.1780   0.0552  -0.2656   0.0621  -0.3408
  0.0536   0.1875   0.0584  -0.3034   0.0734  -0.3455
  0.0525   0.1990   0.0570  -0.2973   0.0691  -0.3854
  0.0420   0.2014   0.0598  -0.3288   0.0673  -0.3523
  0.0465   0.2074   0.0601  -0.3209   0.0682  -0.3571
  0.0513   0.2219   0.0576  -0.3481   0.0665  -0.3733
  0.0537   0.2130   0.0615  -0.3358   0.0763  -0.3524
  0.0464   0.1976   0.0598  -0.3315   0.0835  -0.3374
  0.0532   0.1956   0.0649  -0.3570   0.0757  -0.3702
  0.0567   0.2139   0.0596  -0.3854   0.0802  -0.3628
  0.0615   0.2087   0.0690  -0.3630   0.0793  -0.4203
  0.0627   0.2180   0.0682  -0.3734   0.0752  -0.3907
  0.0525   0.2138   0.0699  -0.3554   0.0744  -0.4185
  0.0372   0.2101   0.0632  -0.3760   0.0797  -0.3892
  0.0513   0.2011   0.0918  -0.3647   0.1034  -0.4303
  0.0556   0.2278   0.0880  -0.3913   0.0978  -0.4389
  0.0348   0.2524   0.0717  -0.4202   0.0833  -0.4400
  0.0296   0.2482   0.0699  -0.4346   0.0817  -0.4382
  0.0467   0.2405   0.0678  -0.3879   0.0838  -0.4464
  0.0367   0.2466   0.0640  -0.3942   0.0847  -0.4515
  0.0216   0.2548   0.0654  -0.3962   0.0795  -0.4455
  0.0217   0.2585   0.0578  -0.4273   0.0780  -0.4523
  0.0191   0.2427   0.0644  -0.3877   0.0716  -0.4631
 -0.0083   0.2190   0.0530  -0.3692   0.0597  -0.4548
 -0.0103   0.2496   0.0488  -0.4085   0.0642  -0.4618
  0.0041   0.2528   0.0673  -0.4048   0.0713  -0.4566
 -0.0063   0.2557   0.0565  -0.4252   0.0687  -0.4862
 -0.0007   0.2709   0.0621  -0.4427   0.0677  -0.5078
 -0.0005   0.2879   0.0667  -0.4464   0.0722  -0.5107
  0.0008   0.2904   0.0688  -0.4428   0.0695  -0.5338
  0.0066   0.3104   0.0877  -0.4703   0.0763  -0.5280
 -0.0029   0.3141   0.0791  -0.4929   0.0747  -0.5140
  0.0026   0.3369   0.0912  -0.5235   0.0799  -0.5629
  0.0011   0.3499   0.0926  -0.5422   0.0762  -0.5340
 -0.0035   0.3492   0.0936  -0.5368   0.0771  -0.5365
  0.0025   0.3328   0.0906  -0.5277   0.0876  -0.5374
  0.0053   0.3434   0.0978  -0.5061   0.0902  -0.5710
  0.0024   0.3582   0.0932  -0.5378   0.0928  -0.5597
  0.0051   0.3517   0.0968  -0.5251   0.0910  -0.5745
  0.0104   0.3715   0.0931  -0.5387   0.0779  -0.5607
  0.0110   0.3430   0.0908  -0.4984   0.0751  -0.5533
  0.0112   0.3182   0.0952  -0.4724   0.0770  -0.5444
  0.0043   0.3091   0.0925  -0.4892   0.0779  -0.5623
  0.0004   0.3176   0.0914  -0.5265   0.0758  -0.5601
 -0.0044   0.3164   0.0972  -0.5144   0.0735  -0.5785
 -0.0004   0.3250   0.0910  -0.5166   0.0653  -0.5836
  0.0006   0.2957   0.1066  -0.4689   0.0695  -0.5909
  0.0038   0.2907   0.1041  -0.4915   0.0799  -0.5752
  0.0267   0.2778   0.1137  -0.4424   0.0802  -0.6146
  0.0299   0.2888   0.1139  -0.4531   0.0822  -0.6108
  0.0345   0.2653   0.1423  -0.4638   0.0911  -0.6208
  0.0392   0.2738   0.1435  -0.4560   0.0923  -0.6203
  0.0221   0.2785   0.1528  -0.5213   0.0931  -0.6260
  0.0530   0.3012   0.1364  -0.4717   0.0845  -0.6768
  0.0381   0.3650   0.1256  -0.4942   0.0740  -0.7070
  0.0325   0.3132   0.1576  -0.5038   0.0848  -0.6623
  0.0386   0.3182   0.1650  -0.4918   0.0858  -0.6595
  0.0334   0.3288   0.1721  -0.5282   0.0986  -0.6236
  0.0339   0.3018   0.1638  -0.4371   0.0963  -0.6578
  0.0337   0.2835   0.1649  -0.4516   0.1017  -0.6485
  0.0050   0.3156   0.1506  -0.5438   0.0927  -0.6713
  0.0564   0.2700   0.1817  -0.5070   0.1295  -0.5769
  0.0948   0.2743   0.1964  -0.5198   0.1496  -0.5744
  0.0542   0.2803   0.1818  -0.5324   0.1272  -0.5872
  0.0481   0.2995   0.1687  -0.5631   0.1357  -0.6165
  0.0466   0.2686   0.1718  -0.4903   0.1246  -0.6415
  0.0479   0.2735   0.1735  -0.4960   0.1398  -0.6211
  0.0525   0.2583   0.1793  -0.4910   0.1314  -0.6518
  0.0347   0.2905   0.1681  -0.5457   0.1343  -0.6629
  0.0466   0.3009   0.1708  -0.5379   0.1315  -0.7445
  0.0670   0.3245   0.2022  -0.5724   0.1673  -0.6421
  0.0714   0.3481   0.2191  -0.5737   0.1736  -0.6795
  0.0652   0.3630   0.1977  -0.5993   0.1523  -0.7118
  0.0687   0.3227   0.2052  -0.5642   0.1564  -0.6218
