 -0.1493   1.0034  -0.3896  -0.3940  -0.1906  -0.0220
 -0.0744   1.2529  -0.3607  -0.5286  -0.1688  -0.0529
 -0.0771   1.1250  -0.3649  -0.4591  -0.1649  -0.0453
 -0.0699   1.1827  -0.3657  -0.4930  -0.1616  -0.0321
 -0.0731   1.0963  -0.3678  -0.4433  -0.1709  -0.0200
 -0.0848   1.1348  -0.3273  -0.4548  -0.1561  -0.0344
 -0.0963   1.1913  -0.3023  -0.4912  -0.1524  -0.0233
 -0.0937   1.1452  -0.2963  -0.5136  -0.1570  -0.0047
 -0.1151   1.0389  -0.2738  -0.4756  -0.1615  -0.0185
 -0.1109   0.9655  -0.2760  -0.4358  -0.1680  -0.0093
 -0.1136   0.9268  -0.2937  -0.3933  -0.1539  -0.0115
 -0.0960   0.9365  -0.3129  -0.4111  -0.1554   0.0107
 -0.1251   0.9755  -0.3098  -0.3995  -0.1562  -0.0024
 -0.1397   1.0147  -0.3142  -0.4055  -0.1610  -0.0219
 -0.1299   0.9384  -0.3014  -0.3729  -0.1495  -0.0200
 -0.1275   0.9335  -0.2975  -0.3800  -0.1478  -0.0065
 -0.1431   0.8556  -0.2985  -0.3583  -0.1494  -0.0126
 -0.1438   0.8218  -0.3109  -0.3221  -0.1463  -0.0173
 -0.1344   0.8287  -0.3288  -0.3372  -0.1496  -0.0066
 -0.1257   0.8351  -0.3330  -0.3361  -0.1494   0.0013
 -0.1388   0.7968  -0.3296  -0.3064  -0.1538  -0.0308
 -0.1362   0.7571  -0.3451  -0.2720  -0.1479  -0.0302
 -0.1322   0.7548  -0.3390  -0.2906  -0.1479  -0.0031
 -0.1355   0.7433  -0.3286  -0.2851  -0.1437  -0.0102
 -0.1427   0.7121  -0.3283  -0.2750  -0.1442  -0.0114
 -0.1471   0.6993  -0.3079  -0.2978  -0.1439   0.0143
 -0.1446   0.6710  -0.3095  -0.2960  -0.1450   0.0175
 -0.1294   0.6712  -0.3131  -0.2635  -0.1242   0.0024
 -0.1260   0.6352  -0.3093  -0.2264  -0.1063  -0.0269
 -0.1192   0.6418  -0.3224  -0.2294  -0.1062   0.0019
 -0.1179   0.6732  -0.3208  -0.2347  -0.1032  -0.0015
 -0.1226   0.6614  -0.3260  -0.2444  -0.1016  -0.0037
 -0.1314   0.6605  -0.3293  -0.2315  -0.1028  -0.0135
 -0.1271   0.6977  -0.3213  -0.2330  -0.0836   0.0071
 -0.1225   0.7282  -0.3145  -0.2822  -0.0859   0.0157
 -0.1176   0.7019  -0.3258  -0.2678  -0.0961   0.0089
 -0.1190   0.6712  -0.3263  -0.2502  -0.0877  -0.0071
 -0.1342   0.6535  -0.3316  -0.2131  -0.1082  -0.0207
 -0.1505   0.6608  -0.3237  -0.2118  -0.1328  -0.0018
 -0.1640   0.6273  -0.3175  -0.1827  -0.1388  -0.0186
 -0.1729   0.6332  -0.3160  -0.1722  -0.1309  -0.0503
 -0.1424   0.6276  -0.3154  -0.2106  -0.1357   0.0030
 -0.1009   0.6011  -0.3004  -0.2585  -0.1208   0.0166
 -0.1342   0.5398  -0.2897  -0.2364  -0.1359  -0.0265
 -0.1378   0.5757  -0.2929  -0.1924  -0.1432  -0.0082
 -0.1449   0.5666  -0.2998  -0.1510  -0.1210  -0.0385
 -0.1639   0.5368  -0.3077  -0.1276  -0.1306  -0.0490
 -0.1371   0.5150  -0.3173  -0.1476  -0.1273  -0.0105
 -0.1391   0.4962  -0.2956  -0.1468  -0.1384  -0.0194
 -0.1567   0.4599  -0.2993  -0.1140  -0.1270  -0.0439
 -0.1461   0.4256  -0.2895  -0.1113  -0.1201  -0.0329
 -0.1391   0.3768  -0.2634  -0.1135  -0.1115  -0.0260
 -0.1470   0.3136  -0.2699  -0.0805  -0.1074  -0.0367
 -0.1456   0.2972  -0.2665  -0.0723  -0.1058  -0.0464
 -0.1300   0.3280  -0.2501  -0.1148  -0.0970  -0.0067
 -0.1210   0.3444  -0.2484  -0.1062  -0.0910  -0.0097
 -0.1370   0.2787  -0.2552  -0.0713  -0.0993  -0.0280
 -0.1398   0.2582  -0.2390  -0.0649  -0.1102  -0.0285
 -0.1280   0.2540  -0.2448  -0.0615  -0.1099  -0.0015
 -0.1293   0.2301  -0.2609  -0.0448  -0.1069  -0.0073
 -0.1380   0.2162  -0.2633  -0.0434  -0.1003  -0.0211
 -0.1220   0.2356  -0.2535  -0.0508  -0.0990  -0.0066
 -0.1291   0.2196  -0.2354  -0.0674  -0.1139  -0.0117
 -0.1381   0.2157  -0.2413  -0.0424  -0.1084  -0.0350
 -0.1225   0.2120  -0.2585  -0.0523  -0.1073  -0.0103
 -0.1480   0.1993  -0.2480  -0.0385  -0.1063  -0.0249
 -0.1415   0.1849  -0.2581  -0.0302  -0.1102  -0.0327
 -0.1264   0.1997  -0.2607  -0.0355  -0.1026  -0.0082
 -0.1228   0.1842  -0.2489  -0.0572  -0.1181  -0.0032
 -0.1175   0.1680  -0.2519  -0.0451  -0.1177  -0.0139
 -0.1175   0.1566  -0.2337  -0.0469  -0.1108  -0.0234
 -0.1231   0.1735  -0.2200  -0.0267  -0.1115  -0.0091
 -0.1308   0.1599  -0.2322  -0.0254  -0.1025  -0.0163
 -0.1397   0.1545  -0.2281  -0.0086  -0.1110  -0.0382
 -0.1454   0.1262  -0.2319   0.0058  -0.1089  -0.0164
 -0.1270   0.1131  -0.2263  -0.0103  -0.1153  -0.0011
 -0.1216   0.1086  -0.2294   0.0072  -0.1097  -0.0236
 -0.1185   0.1104  -0.2184   0.0162  -0.1008  -0.0175
 -0.1215   0.1100  -0.2386   0.0061  -0.0989   0.0006
 -0.1199   0.1016  -0.2281   0.0266  -0.0970  -0.0224
 -0.1178   0.1008  -0.2391   0.0229  -0.0983  -0.0127
 -0.1245   0.1148  -0.2345   0.0416  -0.0917  -0.0063
 -0.1178   0.0893  -0.2423   0.0104  -0.0986   0.0161
 -0.1145   0.0983  -0.2466  -0.0143  -0.1109  -0.0043
 -0.1229   0.1075  -0.2271   0.0348  -0.1010  -0.0240
 -0.0971   0.0987  -0.2375   0.0314  -0.1007   0.0029
 -0.1049   0.1101  -0.2442   0.0361  -0.0900  -0.0158
 -0.1146   0.1072  -0.2431   0.0476  -0.0877  -0.0352
 -0.1248   0.1101  -0.2357   0.0207  -0.0784  -0.0100
 -0.1284   0.0870  -0.2125   0.0300  -0.0844  -0.0414
 -0.1149   0.1050  -0.2266   0.0336  -0.0850  -0.0188
 -0.1294   0.0979  -0.2126   0.0271  -0.0884  -0.0218
 -0.1342   0.0902  -0.2170   0.0312  -0.0884  -0.0317
 -0.1324   0.0838  -0.2189   0.0042  -0.0873   0.0011
 -0.1353   0.0723  -0.2221  -0.0009  -0.0833   0.0096
 -0.1309   0.0591  -0.2162  -0.0008  -0.0919   0.0033
 -0.1300   0.0649  -0.2223   0.0219  -0.0872  -0.0116
 -0.1123   0.0650  -0.2148  -0.0093  -0.0958   0.0080
 -0.0997   0.0649  -0.2230   0.0184  -0.0805   0.0014
 -0.1141   0.0665  -0.2228   0.0357  -0.0769  -0.0200
 -0.1131   0.0600  -0.2063   0.0103  -0.0801  -0.0069
 -0.1011   0.0611  -0.2072   0.0012  -0.0800   0.0084
 -0.1142   0.0427  -0.2038   0.0288  -0.0806  -0.0052
 -0.1093   0.0484  -0.2003   0.0157  -0.0862  -0.0129
 -0.1102   0.0572  -0.1898   0.0328  -0.0817  -0.0170
 -0.1193   0.0346  -0.1790   0.0463  -0.0793  -0.0251
 -0.1191   0.0403  -0.1862   0.0493  -0.0655  -0.0312
 -0.0982   0.0444  -0.1565  -0.0040  -0.0780  -0.0052
 -0.1043   0.0181  -0.1507   0.0061  -0.0752  -0.0316
 -0.0734  -0.0055  -0.1384   0.0014  -0.0711  -0.0213
 -0.0781   0.0069  -0.1369  -0.0062  -0.0847   0.0070
 -0.0874   0.0208  -0.1623   0.0400  -0.0841  -0.0172
 -0.0655  -0.0093  -0.1312  -0.0246  -0.0805   0.0022
 -0.0473  -0.0351  -0.1074  -0.0491  -0.0819   0.0300
 -0.0683  -0.0609  -0.0701  -0.0229  -0.0615   0.0098
 -0.0853  -0.0543  -0.0598   0.0056  -0.0838   0.0112
 -0.0822  -0.0415  -0.0595  -0.0155  -0.0726   0.0170
 -0.0887  -0.0385  -0.0850   0.0345  -0.0671  -0.0131
 -0.0742  -0.0323  -0.0781   0.0002  -0.0591   0.0044
 -0.0708  -0.0349  -0.0896  -0.0069  -0.0822   0.0057
 -0.0723  -0.0363  -0.0966  -0.0151  -0.0903   0.0057
 -0.0619  -0.0621  -0.0764   0.0087  -0.0597  -0.0093
 -0.0311  -0.0816  -0.0430  -0.0575  -0.0634   0.0238
 -0.0527  -0.0899  -0.0375  -0.0078  -0.0649  -0.0109
 -0.0043  -0.0956  -0.0107  -0.0557  -0.0303   0.0210
  0.0191  -0.1158   0.0303  -0.0636   0.0154   0.0100
 -0.0108  -0.0891   0.0054  -0.0146   0.0030   0.0232
 -0.0217  -0.0986   0.0024  -0.0316   0.0078   0.0277
 -0.0298  -0.0796   0.0062  -0.0326  -0.0020   0.0102
 -0.0225  -0.0605  -0.0191   0.0105   0.0062  -0.0047
 -0.0038  -0.0505  -0.0104  -0.0188  -0.0006   0.0376
 -0.0081  -0.0809  -0.0073   0.0684   0.0072  -0.0116
 -0.0214  -0.0873  -0.0239   0.1025   0.0103  -0.0306
 -0.0131  -0.0779  -0.0252   0.0845   0.0058  -0.0142
 -0.0023  -0.0963  -0.0116   0.0481  -0.0080   0.0109
 -0.0100  -0.1183  -0.0149   0.0480  -0.0120  -0.0166
 -0.0114  -0.1083  -0.0123   0.0582  -0.0229  -0.0123
 -0.0075  -0.1294  -0.0082   0.0499  -0.0376  -0.0160
 -0.0255  -0.1177  -0.0122   0.0904  -0.0096  -0.0453
 -0.0150  -0.1086  -0.0157   0.0995  -0.0071  -0.0108
 -0.0354  -0.1220  -0.0108   0.1001   0.0088  -0.0053
 -0.0223  -0.1290  -0.0096   0.0572   0.0008  -0.0220
 -0.0291  -0.0881  -0.0193   0.0938   0.0036  -0.0235
 -0.0281  -0.0964  -0.0084   0.0884   0.0079   0.0035
 -0.0410  -0.0925  -0.0086   0.1079   0.0173  -0.0090
 -0.0368  -0.0982  -0.0268   0.1169   0.0098  -0.0206
 -0.0422  -0.0731  -0.0248   0.1013   0.0215  -0.0007
 -0.0392  -0.1121  -0.0308   0.1073   0.0167  -0.0200
 -0.0406  -0.1026  -0.0311   0.0811   0.0274  -0.0023
 -0.0165  -0.0988  -0.0338   0.0889   0.0207   0.0090
 -0.0320  -0.0897  -0.0239   0.0879   0.0243  -0.0060
 -0.0458  -0.1058  -0.0356   0.1223   0.0172  -0.0377
 -0.0237  -0.0763  -0.0230   0.0831   0.0294  -0.0008
 -0.0119  -0.1110  -0.0396   0.1105   0.0151  -0.0140
 -0.0346  -0.0802  -0.0216   0.1047   0.0290   0.0008
 -0.0070  -0.1452  -0.0412   0.1209  -0.0164  -0.0353
 -0.0252   0.1464   0.1012  -0.1223   0.0852   0.1037
  0.0010   0.1925   0.3590  -0.2032   0.1279   0.1179
  0.0505  -0.0221   0.2880   0.0124   0.0368  -0.0086
  0.0338  -0.0052   0.2441   0.0015   0.0466  -0.0038
  0.0545  -0.0318   0.1869   0.0527   0.0155  -0.0118
  0.0573  -0.0059   0.1982   0.0685   0.0399  -0.0051
  0.0597  -0.0163   0.1682   0.1158   0.0174  -0.0152
  0.0413  -0.0678   0.2231   0.0110   0.0085  -0.0018
  0.0577  -0.0804   0.2569  -0.0873   0.0004   0.1064
  0.0739  -0.0883   0.2344  -0.0983   0.0038   0.1092
  0.0822  -0.1354   0.2311  -0.0741   0.0180   0.0564
  0.0743  -0.1058   0.2565  -0.0572   0.0176   0.0734
  0.0786  -0.1193   0.2441  -0.0420   0.0035   0.0492
  0.0763  -0.1451   0.2439  -0.0372   0.0002   0.0531
  0.0710  -0.1650   0.2402  -0.0381  -0.0010   0.0444
  0.0565  -0.1557   0.2445  -0.0543   0.0032   0.0555
  0.0595  -0.1877   0.2362  -0.0423  -0.0056   0.0588
  0.0549  -0.1860   0.2137  -0.0267  -0.0084   0.0283
  0.0616  -0.1895   0.2145   0.0070  -0.0029   0.0365
  0.0575  -0.1751   0.2180  -0.0005  -0.0038   0.0600
  0.0581  -0.2034   0.2238   0.0099  -0.0141   0.0336
  0.0484  -0.2109   0.2298   0.0121  -0.0144   0.0397
  0.0462  -0.2067   0.2243   0.0197  -0.0231   0.0266
  0.0480  -0.2034   0.2326   0.0191  -0.0225   0.0489
  0.0442  -0.2278   0.2345   0.0441  -0.0315   0.0371
  0.0376  -0.2381   0.2483   0.0461  -0.0262   0.0306
  0.0251  -0.2513   0.2275   0.0341  -0.0350   0.0494
  0.0581  -0.2361   0.2529   0.0344  -0.0254   0.0533
  0.0770  -0.2737   0.2620   0.0465  -0.0199   0.0287
  0.0457  -0.2998   0.2590   0.0609  -0.0191   0.0238
  0.0622  -0.3117   0.2553   0.0595  -0.0126   0.0370
  0.0603  -0.3162   0.2430   0.0428  -0.0144   0.0437
  0.0663  -0.3233   0.2550   0.0531  -0.0106   0.0364
  0.0385  -0.3271   0.2767   0.0648  -0.0138   0.0196
  0.0293  -0.3657   0.2969   0.0812  -0.0142   0.0106
  0.0447  -0.3694   0.3099   0.0896   0.0048   0.0154
  0.0565  -0.3619   0.3127   0.0983   0.0106   0.0215
  0.0413  -0.3666   0.3008   0.0999   0.0014   0.0184
  0.0419  -0.3808   0.3043   0.1013  -0.0008   0.0189
  0.0389  -0.3858   0.2962   0.0819   0.0054   0.0489
  0.0396  -0.4124   0.2932   0.0767   0.0057   0.0415
  0.0440  -0.4300   0.2910   0.0715   0.0059   0.0420
  0.0449  -0.4331   0.2861   0.0852  -0.0003   0.0296
  0.0473  -0.4153   0.2821   0.0908   0.0006   0.0445
  0.0636  -0.4308   0.2993   0.1104   0.0195   0.0402
  0.0671  -0.4346   0.2926   0.1087   0.0223   0.0331
  0.0637  -0.4445   0.3003   0.1290   0.0280   0.0208
  0.0652  -0.4322   0.2912   0.1194   0.0348   0.0275
  0.0820  -0.4332   0.3073   0.1190   0.0403   0.0344
  0.0665  -0.4479   0.2913   0.1241   0.0264   0.0028
  0.0711  -0.4445   0.2721   0.1230   0.0306   0.0075
  0.0869  -0.4495   0.2799   0.1097   0.0457   0.0265
  0.0935  -0.4684   0.2865   0.1635   0.0674  -0.0173
  0.1149  -0.4535   0.2915   0.1872   0.1119   0.0065
  0.1438  -0.4726   0.2901   0.1859   0.1233   0.0108
  0.1309  -0.4596   0.2913   0.1821   0.1313  -0.0165
  0.1879  -0.4644   0.3274   0.2123   0.2112  -0.0131
  0.2083  -0.4870   0.3363   0.2306   0.2641  -0.0010
  0.1810  -0.4890   0.3085   0.2373   0.2473  -0.0144
  0.2111  -0.4847   0.3147   0.1980   0.2594   0.0110
  0.2015  -0.4811   0.3085   0.2133   0.2549   0.0048
  0.1995  -0.4827   0.3095   0.2209   0.2548  -0.0113
  0.2195  -0.4705   0.3014   0.2216   0.2528  -0.0128
  0.2324  -0.4542   0.3079   0.2009   0.2601   0.0145
  0.2253  -0.4773   0.3099   0.2085   0.2513  -0.0298
  0.2283  -0.4648   0.3335   0.2351   0.2659  -0.0271
  0.2296  -0.4988   0.3270   0.2590   0.2739  -0.0363
  0.2316  -0.4898   0.3217   0.2722   0.2711  -0.0451
  0.2405  -0.4880   0.3283   0.2734   0.2737  -0.0144
  0.2361  -0.5153   0.3169   0.2669   0.2751  -0.0300
  0.2358  -0.5229   0.3181   0.2405   0.2588  -0.0041
  0.2468  -0.5413   0.3289   0.2212   0.2768   0.0117
  0.2297  -0.5175   0.3096   0.2819   0.2547  -0.0336
  0.2489  -0.5308   0.3225   0.2987   0.2770  -0.0173
  0.2536  -0.5273   0.3312   0.2610   0.2806  -0.0067
  0.2457  -0.5199   0.3334   0.2703   0.2759  -0.0163
  0.2584  -0.5111   0.3304   0.2406   0.2799   0.0158
  0.2504  -0.5305   0.3483   0.2596   0.2781  -0.0266
  0.2533  -0.5348   0.3447   0.2533   0.3002  -0.0284
  0.2610  -0.5404   0.3392   0.2458   0.2980  -0.0056
  0.2562  -0.5531   0.3404   0.2575   0.2921  -0.0183
  0.2592  -0.5419   0.3330   0.2372   0.2841  -0.0043
  0.2623  -0.5277   0.3256   0.2201   0.2769   0.0178
  0.2567  -0.5527   0.3363   0.2383   0.2813  -0.0063
  0.2685  -0.5413   0.3247   0.2535   0.2867  -0.0026
  0.2753  -0.5527   0.3359   0.2202   0.2809   0.0139
  0.2636  -0.5604   0.3407   0.2368   0.2835  -0.0239
  0.2620  -0.5557   0.3431   0.2427   0.2789  -0.0164
  0.2810  -0.5644   0.3305   0.2338   0.2746   0.0086
  0.2730  -0.5757   0.3499   0.2645   0.2708  -0.0262
  0.2921  -0.5703   0.3357   0.2388   0.2632   0.0143
  0.2940  -0.5598   0.3515   0.2213   0.2778  -0.0008
  0.2737  -0.5509   0.3451   0.2382   0.2601  -0.0207
  0.2805  -0.5623   0.3552   0.2221   0.2767   0.0046
  0.2544  -0.5525   0.3536   0.2393   0.2091  -0.0306
  0.2977  -0.5721   0.3839   0.2187   0.2005  -0.0032
  0.3371  -0.6178   0.4283   0.2006   0.2897   0.0026
  0.2925  -0.6035   0.4301   0.2254   0.2704  -0.0187
  0.3094  -0.6101   0.4050   0.2230   0.2757  -0.0148
  0.2816  -0.6103   0.3944   0.2144   0.2687  -0.0330
  0.2888  -0.6105   0.4150   0.2239   0.2846  -0.0167
  0.2976  -0.6154   0.3987   0.2259   0.2831   0.0144
  0.2833  -0.6168   0.3990   0.1963   0.2716  -0.0017
  0.2821  -0.6036   0.4028   0.1993   0.2673   0.0048
  0.2969  -0.6040   0.4292   0.1739   0.2916   0.0105
