  0.1526  -0.0557   0.2007   0.7625   0.0970  -0.2112
  0.1324  -0.0814   0.2705   1.0154   0.0874  -0.2226
  0.1133   0.0084   0.2415   0.9372   0.0231  -0.2271
  0.0765  -0.0565   0.2078   0.7872   0.0579  -0.1996
  0.0911  -0.0936   0.1784   0.6463   0.0312  -0.1803
 -0.0043   0.0093   0.2351   0.5700  -0.2358  -0.1465
  0.1190  -0.0319   0.1866   0.5150  -0.0483  -0.1390
  0.1603  -0.1346   0.1823   0.5326   0.0479  -0.1096
  0.1185  -0.1864   0.1133   0.4754   0.0360  -0.0801
  0.1959  -0.1797   0.1209   0.4010   0.0220  -0.0873
  0.1764  -0.1992   0.1635   0.6012   0.0889  -0.1426
  0.1449  -0.2304   0.1563   0.5797   0.0004  -0.1329
  0.2245  -0.1543   0.1499   0.7212   0.0837  -0.1872
  0.2167  -0.0723   0.1946   0.6403   0.0917  -0.1649
  0.1492  -0.1282   0.0520   0.5928   0.1179  -0.1656
  0.1510  -0.1666  -0.1000   0.6918   0.1931  -0.1873
  0.1232  -0.1437  -0.0297   0.6818   0.1499  -0.1832
  0.1371  -0.1594  -0.0032   0.5038   0.1441  -0.1445
  0.1347  -0.1297   0.0032   0.6099   0.1631  -0.1703
  0.1018  -0.0761   0.0216   0.4716   0.1024  -0.1465
 -0.0356   0.0571  -0.0158   0.3552  -0.1354  -0.1504
 -0.0100   0.0280   0.0499   0.2996  -0.0622  -0.1016
  0.1195  -0.0320   0.0004   0.4157   0.1475  -0.1268
  0.0936  -0.0371  -0.0314   0.4449   0.0840  -0.1369
  0.1115  -0.0303  -0.0166   0.3420   0.0994  -0.1249
  0.0997  -0.0001  -0.0021   0.4431   0.0821  -0.1479
  0.0981   0.0015  -0.0161   0.3533   0.0703  -0.1506
  0.1193  -0.0144   0.0012   0.4437   0.1120  -0.1276
  0.1436   0.0077  -0.0201   0.4296   0.1531  -0.1236
  0.0862  -0.0034   0.0075   0.4148   0.0730  -0.1297
  0.0752   0.0288   0.0035   0.2557   0.0369  -0.0891
  0.0953   0.0318   0.0031   0.4618   0.1234  -0.1722
  0.0820   0.0017   0.0357   0.4279   0.1028  -0.1549
  0.0925   0.0492   0.0406   0.4731   0.1282  -0.1760
  0.0602   0.0303   0.0541   0.4348   0.0645  -0.1493
  0.0861   0.0689   0.0518   0.4621   0.1122  -0.1773
  0.0780   0.0508   0.0744   0.5187   0.0949  -0.1872
  0.0531   0.0283   0.0583   0.3623   0.0023  -0.1540
  0.1010   0.0554   0.0636   0.5751   0.1039  -0.1901
  0.0934   0.0470   0.0767   0.5862   0.0967  -0.2127
  0.0492   0.0197   0.0436   0.5286   0.0872  -0.1765
  0.0442   0.0185   0.0382   0.5105   0.1180  -0.1735
  0.0705   0.0213   0.0456   0.4384   0.1115  -0.1631
  0.0709   0.0374   0.0455   0.4930   0.1216  -0.1690
  0.0634   0.0245   0.0476   0.4027   0.0791  -0.1421
  0.0703   0.0375   0.0494   0.4325   0.1297  -0.1576
  0.0631   0.0535   0.0409   0.3893   0.1074  -0.1371
  0.0651   0.0804   0.0464   0.4547   0.1370  -0.1676
  0.0541   0.0580   0.0452   0.4291   0.0999  -0.1575
  0.0667   0.0725   0.0483   0.4581   0.1248  -0.1572
  0.0469   0.0458   0.0601   0.4317   0.1071  -0.1575
  0.0549   0.0970   0.0538   0.4611   0.1227  -0.1590
  0.0231   0.2969   0.0153   0.5006   0.0568  -0.2015
  0.0364   0.2043   0.0207   0.4594   0.0812  -0.1897
  0.0486   0.1959   0.0217   0.4620   0.1051  -0.1781
  0.0539   0.1889   0.0309   0.4227   0.0995  -0.1763
  0.0470   0.1688   0.0272   0.3888   0.0914  -0.1588
  0.0564   0.1743   0.0170   0.3912   0.1030  -0.1622
  0.0547   0.1389   0.0322   0.3809   0.1190  -0.1551
  0.0557   0.1313   0.0303   0.3455   0.0990  -0.1513
  0.0614   0.1161   0.0257   0.3133   0.1172  -0.1458
  0.0521   0.1198   0.0284   0.2884   0.1086  -0.1407
  0.0603   0.1242   0.0317   0.2768   0.1170  -0.1210
  0.0619   0.1296   0.0514   0.2813   0.1190  -0.1302
  0.0544   0.1086   0.0477   0.2506   0.1155  -0.1134
  0.0629   0.1302   0.0548   0.2552   0.1027  -0.1219
  0.0652   0.1267   0.0625   0.2126   0.0789  -0.1011
  0.0688   0.1324   0.0567   0.2224   0.0953  -0.0987
  0.0792   0.0982   0.0569   0.1637   0.0902  -0.0800
  0.0784   0.0981   0.0575   0.1948   0.1200  -0.0746
  0.0872   0.1052   0.0560   0.1464   0.1031  -0.0752
  0.0910   0.1117   0.0603   0.1642   0.1205  -0.0821
  0.0671   0.1033   0.0470   0.1523   0.0705  -0.0823
  0.0708   0.0841   0.0356   0.1763   0.1013  -0.0912
  0.0826   0.0417   0.0431   0.1656   0.0872  -0.0730
  0.0911   0.0659   0.0395   0.1816   0.1193  -0.0825
  0.0729   0.0605   0.0521   0.0975   0.0650  -0.0563
  0.0938   0.0478   0.0409   0.1324   0.1376  -0.0545
  0.0808   0.0511   0.0583   0.0909   0.0921  -0.0417
  0.0961   0.0364   0.0449   0.1171   0.1452  -0.0562
  0.0838   0.0357   0.0528   0.1019   0.0859  -0.0482
  0.0899   0.0282   0.0402   0.1435   0.1241  -0.0584
  0.0822   0.0198   0.0603   0.0739   0.0704  -0.0239
  0.0892   0.0283   0.0395   0.0799   0.1273  -0.0192
  0.0596   0.0097   0.0615   0.0458   0.0525   0.0092
  0.0909   0.0210   0.0405   0.0434   0.1250  -0.0116
  0.0810   0.0235   0.0524   0.0653   0.0900  -0.0121
  0.0636  -0.0015   0.0298  -0.0342   0.1280   0.0029
  0.0615   0.0054   0.0307  -0.0388   0.1181   0.0275
  0.0878   0.0010   0.0001  -0.0834   0.0891   0.0262
  0.0785   0.0219  -0.0055  -0.0625   0.0777   0.0229
  0.0977  -0.0486   0.0272  -0.1852   0.0918   0.0626
  0.1552  -0.0978   0.0300  -0.2402   0.1138   0.0890
  0.1187  -0.1163   0.0276  -0.2542   0.0949   0.1028
  0.0989  -0.1012   0.0340  -0.2606   0.0543   0.1062
  0.1289  -0.1026   0.0393  -0.2979   0.1198   0.1288
  0.1243  -0.0873   0.0242  -0.1973   0.0809   0.0948
  0.1048  -0.0757   0.0090  -0.2022   0.0992   0.0838
  0.1062  -0.0870   0.0190  -0.2207   0.0967   0.0996
  0.1336  -0.0594  -0.0084  -0.2909   0.1158   0.1084
  0.1258  -0.0605   0.0091  -0.2284   0.0928   0.0914
  0.1173  -0.0813  -0.0044  -0.2616   0.1042   0.0946
  0.0918  -0.0897  -0.0157  -0.3353   0.0650   0.1266
  0.0739  -0.0788  -0.0027  -0.2990   0.0603   0.1140
  0.0765  -0.0729   0.0059  -0.2796   0.0519   0.1074
  0.0820  -0.0743  -0.0033  -0.3754   0.0214   0.1413
  0.0765  -0.0805  -0.0268  -0.3393   0.0563   0.1200
  0.0599  -0.0664   0.0012  -0.3689  -0.0032   0.1330
  0.0935  -0.0551  -0.0553  -0.4708   0.0506   0.1727
  0.0653   0.0026  -0.0717  -0.4506   0.0094   0.1696
 -0.0142  -0.0310  -0.1138  -0.5153  -0.0872   0.1845
 -0.0239  -0.0338  -0.1210  -0.4461  -0.0272   0.1701
 -0.0459  -0.0349  -0.1155  -0.4735  -0.0762   0.1633
 -0.0581  -0.0315  -0.1083  -0.4571  -0.0367   0.1597
 -0.0713  -0.0289  -0.1215  -0.4319  -0.0837   0.1516
 -0.0690   0.0110  -0.1171  -0.4243  -0.0518   0.1551
 -0.0571   0.0177  -0.1363  -0.5159  -0.0956   0.1547
 -0.0374  -0.0217  -0.1439  -0.4711  -0.0674   0.1614
 -0.1005  -0.0670  -0.1468  -0.5295  -0.1187   0.1974
 -0.0900  -0.0358  -0.1155  -0.5511  -0.1318   0.1919
 -0.0651  -0.0322  -0.0931  -0.5091  -0.0899   0.1773
 -0.0827  -0.0338  -0.1098  -0.4897  -0.1089   0.1517
 -0.0876  -0.0277  -0.0980  -0.4461  -0.1043   0.1535
 -0.0971  -0.0081  -0.1016  -0.4523  -0.1044   0.1433
 -0.0955  -0.0392  -0.1114  -0.4302  -0.1023   0.1430
 -0.0891  -0.0198  -0.0917  -0.4326  -0.0993   0.1371
 -0.0778  -0.0008  -0.0999  -0.4376  -0.1133   0.1434
 -0.1012  -0.0360  -0.1195  -0.4794  -0.1177   0.1578
 -0.1034  -0.0262  -0.1078  -0.5065  -0.1337   0.1605
 -0.0919   0.0228  -0.1541  -0.5314  -0.1156   0.1765
 -0.1127   0.0299  -0.1199  -0.5773  -0.1386   0.1817
 -0.1080   0.0350  -0.1214  -0.5653  -0.1444   0.1762
 -0.1047   0.0076  -0.1286  -0.5147  -0.1407   0.1722
 -0.1136   0.0201  -0.1282  -0.4769  -0.1840   0.1378
 -0.1141   0.0297  -0.0937  -0.3840  -0.1485   0.1223
 -0.1250   0.0287  -0.0879  -0.4879  -0.1544   0.1488
 -0.1260   0.0332  -0.0751  -0.4336  -0.1364   0.1325
 -0.1325   0.0503  -0.0853  -0.4423  -0.1590   0.1366
 -0.1383   0.0436  -0.0795  -0.3919  -0.1513   0.1240
 -0.1387   0.0220  -0.0809  -0.4179  -0.1603   0.1277
 -0.1387   0.0296  -0.0725  -0.3965  -0.1444   0.1151
 -0.1480   0.0213  -0.0854  -0.4332  -0.1632   0.1294
 -0.1444   0.0075  -0.0700  -0.3802  -0.1496   0.1207
 -0.1563   0.0323  -0.0787  -0.4386  -0.1642   0.1371
 -0.1600   0.0252  -0.0610  -0.3286  -0.1465   0.1045
 -0.1590   0.0289  -0.0487  -0.2834  -0.1442   0.0984
 -0.1788   0.0088  -0.0469  -0.3488  -0.1681   0.1117
 -0.1763  -0.0131  -0.0486  -0.3877  -0.1779   0.1219
 -0.1833  -0.0266  -0.0398  -0.3583  -0.1582   0.1198
 -0.1893  -0.0184  -0.0399  -0.3807  -0.1618   0.1227
 -0.2011   0.0143  -0.0222  -0.2746  -0.1360   0.0914
 -0.1996  -0.0065  -0.0226  -0.3057  -0.1795   0.1044
 -0.1963   0.0025  -0.0206  -0.3300  -0.1596   0.1097
 -0.1941  -0.0242  -0.0202  -0.3418  -0.1829   0.1092
 -0.1708  -0.0369  -0.0596  -0.2996  -0.1399   0.1005
 -0.1877  -0.0186  -0.0472  -0.3123  -0.1614   0.1024
 -0.1914  -0.0421  -0.0483  -0.3602  -0.1772   0.1117
 -0.1860  -0.0300  -0.0444  -0.3403  -0.1767   0.1090
 -0.1924  -0.0269  -0.0333  -0.3404  -0.1768   0.1118
 -0.1924  -0.0166  -0.0325  -0.3295  -0.1730   0.1105
 -0.1941  -0.0285  -0.0309  -0.3193  -0.1551   0.1075
 -0.1992  -0.0430  -0.0296  -0.3068  -0.1563   0.1110
 -0.1983  -0.0338  -0.0271  -0.2990  -0.1871   0.1053
 -0.2002  -0.0421  -0.0332  -0.2894  -0.1587   0.1030
 -0.1949  -0.0511  -0.0183  -0.3737  -0.1707   0.1256
 -0.2167  -0.0650  -0.0655  -0.3969  -0.1669   0.1316
 -0.2295  -0.0093  -0.0650  -0.4896  -0.1896   0.1531
 -0.2115  -0.0335  -0.0455  -0.4251  -0.1745   0.1392
 -0.2174  -0.0437  -0.0448  -0.4491  -0.1652   0.1561
 -0.2201  -0.0250  -0.0540  -0.4403  -0.1658   0.1487
 -0.2129   0.0201  -0.0609  -0.4583  -0.1781   0.1452
 -0.2152  -0.0180  -0.0584  -0.4593  -0.1706   0.1411
 -0.2235  -0.0163  -0.0430  -0.4691  -0.1950   0.1520
 -0.2163  -0.0089  -0.0487  -0.4693  -0.1598   0.1486
 -0.2091  -0.0300  -0.0558  -0.5148  -0.1770   0.1608
 -0.2354  -0.0204  -0.0362  -0.4826  -0.1772   0.1495
