  0.3444   0.5883   0.0222  -0.3170   0.2264   0.1509
  0.3771   0.6641  -0.0214  -0.4203   0.2843   0.1787
  0.3572   0.6565  -0.0063  -0.3844   0.2649   0.1643
  0.3639   0.6571  -0.0120  -0.3907   0.2620   0.1602
  0.3266   0.6442  -0.0198  -0.3975   0.2788   0.1755
  0.3366   0.6254  -0.0133  -0.3792   0.2864   0.1587
  0.3218   0.5792   0.0106  -0.3547   0.2899   0.1745
  0.3232   0.5344   0.0305  -0.3217   0.2811   0.1669
  0.3298   0.5008   0.0333  -0.2892   0.2671   0.1365
  0.3439   0.5047   0.0472  -0.2779   0.2813   0.1554
  0.3489   0.5327   0.0360  -0.3430   0.2870   0.1611
  0.3678   0.5139   0.0667  -0.3034   0.2715   0.1459
  0.3524   0.5115   0.0653  -0.3057   0.2759   0.1515
  0.3537   0.5096   0.0553  -0.3125   0.2673   0.1297
  0.3511   0.4958   0.0648  -0.3258   0.2637   0.1455
  0.3356   0.4937   0.0577  -0.3031   0.2438   0.1477
  0.3181   0.4715   0.0528  -0.2910   0.2366   0.1330
  0.3293   0.4403   0.0576  -0.2588   0.2306   0.1253
  0.3183   0.4560   0.0583  -0.2630   0.2416   0.1445
  0.3103   0.4580   0.0565  -0.2287   0.2261   0.1221
  0.3054   0.4491   0.0502  -0.2535   0.2185   0.1145
  0.2971   0.4606   0.0597  -0.2345   0.2024   0.1051
  0.2925   0.4722   0.0586  -0.2433   0.2153   0.1071
  0.2741   0.4575   0.0395  -0.2418   0.1893   0.0949
  0.2780   0.4533   0.0593  -0.2664   0.1887   0.1213
  0.2664   0.4476   0.0453  -0.2339   0.1792   0.1099
  0.2504   0.4531   0.0307  -0.2208   0.1815   0.0953
  0.2528   0.4367   0.0252  -0.1980   0.1748   0.0578
  0.2454   0.4401   0.0333  -0.2303   0.1807   0.0887
  0.2402   0.4489   0.0284  -0.2088   0.1804   0.0648
  0.2345   0.4322   0.0262  -0.2476   0.1717   0.0661
  0.2104   0.3705   0.0263  -0.1886   0.1388   0.0552
  0.1964   0.3430   0.0223  -0.2192   0.1502   0.0958
  0.2027   0.3451   0.0137  -0.1826   0.1386   0.0658
  0.1955   0.3409   0.0198  -0.1797   0.1383   0.0736
  0.1876   0.3539   0.0171  -0.1377   0.1318   0.0618
  0.1908   0.3382   0.0057  -0.1527   0.1319   0.0835
  0.1895   0.3226   0.0137  -0.1493   0.1182   0.0795
  0.1720   0.2998  -0.0023  -0.1580   0.1092   0.0711
  0.1658   0.2770   0.0136  -0.1484   0.0990   0.0720
  0.1553   0.2956   0.0073  -0.1395   0.1091   0.0733
  0.1525   0.2672   0.0055  -0.1636   0.0982   0.0725
  0.1424   0.2765  -0.0054  -0.1205   0.1020   0.0298
  0.1310   0.2336   0.0063  -0.1486   0.0907   0.0640
  0.1348   0.2710  -0.0055  -0.1205   0.0866   0.0427
  0.1183   0.1880   0.0133  -0.1038   0.0806   0.0561
  0.1213   0.1480   0.0156  -0.0566   0.0821   0.0457
  0.1111   0.1385   0.0218  -0.0681   0.0757   0.0577
  0.1082   0.1392   0.0195  -0.0421   0.0770   0.0366
  0.1123   0.1385   0.0284  -0.0694   0.0693   0.0639
  0.1015   0.1413   0.0139  -0.1089   0.0705   0.0754
  0.1004   0.1326   0.0087  -0.0419   0.0660   0.0604
  0.0890   0.1311   0.0152  -0.0021   0.0735   0.0433
  0.0720   0.1370  -0.0088  -0.0077   0.0635   0.0335
  0.0724   0.1367  -0.0033  -0.0329   0.0643   0.0240
  0.0686   0.1231  -0.0018  -0.0293   0.0651   0.0082
  0.0542   0.1086  -0.0032  -0.0643   0.0551   0.0322
  0.0540   0.1027  -0.0005  -0.0455   0.0396   0.0126
  0.0553   0.0748  -0.0015  -0.0763   0.0479   0.0400
  0.0646   0.0866   0.0065  -0.0191   0.0378   0.0023
  0.0520   0.0829   0.0069  -0.0310   0.0430   0.0159
  0.0378   0.0098   0.0124   0.0026   0.0249   0.0337
  0.0284   0.0231   0.0058   0.0276   0.0318   0.0055
  0.0359   0.0019   0.0070   0.0379   0.0323   0.0046
  0.0414  -0.0182   0.0172  -0.0219   0.0379   0.0166
  0.0328  -0.0267   0.0120   0.0085   0.0237  -0.0119
  0.0337  -0.0114   0.0204  -0.0242   0.0255   0.0098
  0.0193  -0.0192   0.0043   0.0235   0.0056   0.0031
  0.0204  -0.0132   0.0179  -0.0576   0.0397   0.0589
  0.0128  -0.0594   0.0204   0.0557  -0.0254   0.0126
  0.0485   0.1345   0.0294  -0.1669   0.0484   0.1102
  0.0622   0.2555   0.0075  -0.4281   0.0682   0.2337
  0.0498   0.1863  -0.0013  -0.3349   0.0500   0.2093
  0.0320   0.1887   0.0168  -0.3717   0.0653   0.2417
  0.0075   0.0502   0.0206  -0.1752   0.0093   0.1542
  0.0032   0.0082   0.0341  -0.1264   0.0150   0.1270
 -0.0004   0.0078   0.0225  -0.0591   0.0008   0.0764
  0.0028   0.0137   0.0277  -0.0715   0.0134   0.0712
  0.0033  -0.0094   0.0137  -0.0375   0.0057   0.0589
  0.0025  -0.0150   0.0199  -0.0619   0.0044   0.0449
 -0.0101  -0.0095   0.0138  -0.0728   0.0040   0.0685
 -0.0181  -0.0320   0.0117  -0.0791  -0.0012   0.0660
 -0.0197  -0.0658   0.0058  -0.0051  -0.0062   0.0327
 -0.0291  -0.0633   0.0133  -0.0713  -0.0033   0.0820
 -0.0329  -0.0625   0.0047  -0.0018  -0.0256   0.0388
 -0.0319  -0.0235  -0.0083   0.0100  -0.0269   0.0062
 -0.0463  -0.0301  -0.0254   0.0643  -0.0248  -0.0181
 -0.0456  -0.0103  -0.0185   0.0657  -0.0331  -0.0329
 -0.0474  -0.0392   0.0010   0.0784  -0.0387  -0.0253
 -0.0429  -0.0358   0.0075   0.0557  -0.0365  -0.0212
 -0.0500  -0.0716   0.0084   0.0585  -0.0381  -0.0257
 -0.0455  -0.0535  -0.0043   0.0808  -0.0383  -0.0508
 -0.0521  -0.0758   0.0038   0.0391  -0.0340  -0.0290
 -0.0528  -0.0781   0.0072   0.0075  -0.0285  -0.0154
 -0.0553  -0.0802  -0.0037   0.0596  -0.0511  -0.0732
 -0.0514  -0.0656  -0.0038   0.0538  -0.0279  -0.0648
 -0.0608  -0.0863   0.0004   0.0218  -0.0363  -0.0509
 -0.0656  -0.0884   0.0005   0.0211  -0.0399  -0.0482
 -0.0611  -0.0547  -0.0101   0.1014  -0.0494  -0.1094
 -0.0640  -0.0683  -0.0032   0.0504  -0.0449  -0.0694
 -0.0659  -0.0651  -0.0106   0.1054  -0.0611  -0.0963
 -0.0624  -0.0740   0.0024   0.0704  -0.0572  -0.0585
 -0.0611  -0.0727  -0.0056   0.1291  -0.0705  -0.1045
 -0.0632  -0.0760  -0.0041   0.1012  -0.0614  -0.0980
 -0.0721  -0.0896   0.0004   0.1097  -0.0767  -0.1022
 -0.0629  -0.0761   0.0283   0.0406  -0.0832  -0.0547
 -0.0840  -0.1214   0.0163   0.0462  -0.0760  -0.0293
 -0.0847  -0.1480   0.0133   0.0200  -0.0674  -0.0143
 -0.0845  -0.1226  -0.0048   0.1372  -0.0913  -0.0778
 -0.0909  -0.1541  -0.0042   0.0710  -0.0793  -0.0387
 -0.1025  -0.2110   0.0178   0.0266  -0.0894  -0.0295
 -0.1064  -0.1497   0.0002   0.0483  -0.0964  -0.0368
 -0.1131  -0.1515   0.0061   0.0079  -0.0990  -0.0048
 -0.1155  -0.1550  -0.0002   0.0780  -0.1060  -0.0247
 -0.1131  -0.1630   0.0052   0.0981  -0.1004  -0.0473
 -0.1143  -0.1633   0.0016   0.0919  -0.1108  -0.0308
 -0.1223  -0.1527  -0.0173   0.1309  -0.1034  -0.0675
 -0.1192  -0.1730  -0.0053   0.0905  -0.1013  -0.0581
 -0.1194  -0.1719  -0.0056   0.0876  -0.1001  -0.0540
 -0.1261  -0.1772  -0.0189   0.1123  -0.1043  -0.0561
 -0.1455  -0.2281  -0.0137   0.0946  -0.1028  -0.0294
 -0.1316  -0.2230  -0.0202   0.1420  -0.1066  -0.0738
 -0.1412  -0.2300  -0.0184   0.1370  -0.1107  -0.0933
 -0.1421  -0.2655  -0.0174   0.1026  -0.1038  -0.0451
 -0.1465  -0.2713  -0.0244   0.1260  -0.0942  -0.0568
 -0.1483  -0.2443  -0.0221   0.0900  -0.1055  -0.0626
 -0.1427  -0.2657  -0.0134   0.0629  -0.1082  -0.0368
 -0.1499  -0.2757  -0.0312   0.1018  -0.1045  -0.0399
 -0.1504  -0.2828  -0.0295   0.1396  -0.1180  -0.0237
 -0.1617  -0.2853  -0.0222   0.1439  -0.1203  -0.0269
 -0.1630  -0.2742  -0.0288   0.1547  -0.1192  -0.0342
 -0.1592  -0.2960  -0.0322   0.1734  -0.1086  -0.0455
 -0.1719  -0.3094  -0.0216   0.2202  -0.1372  -0.1013
 -0.1685  -0.3117  -0.0184   0.1826  -0.1221  -0.0897
 -0.1593  -0.3112  -0.0250   0.2346  -0.1264  -0.1234
 -0.1802  -0.3119  -0.0234   0.1961  -0.1269  -0.0913
 -0.1742  -0.3265  -0.0299   0.2288  -0.1250  -0.0906
 -0.1780  -0.3123  -0.0284   0.2470  -0.1227  -0.1031
 -0.1724  -0.3020  -0.0319   0.2564  -0.1242  -0.1058
 -0.1770  -0.3065  -0.0285   0.2672  -0.1293  -0.1049
 -0.1740  -0.3171  -0.0279   0.2632  -0.1328  -0.1204
 -0.1828  -0.3203  -0.0203   0.2021  -0.1291  -0.1021
 -0.1807  -0.3301  -0.0276   0.1790  -0.1204  -0.0790
 -0.1757  -0.3144  -0.0296   0.2370  -0.1307  -0.1171
 -0.1826  -0.3256  -0.0303   0.2112  -0.1283  -0.0976
 -0.1876  -0.3381  -0.0353   0.2082  -0.1368  -0.0949
 -0.1842  -0.3345  -0.0341   0.2150  -0.1246  -0.1119
 -0.1929  -0.3382  -0.0329   0.2053  -0.1336  -0.1067
 -0.1832  -0.3301  -0.0381   0.2055  -0.1306  -0.1060
 -0.1788  -0.3391  -0.0425   0.2035  -0.1247  -0.1128
 -0.1823  -0.3381  -0.0479   0.2112  -0.1333  -0.1011
 -0.2001  -0.3785  -0.0361   0.1920  -0.1393  -0.0604
 -0.1957  -0.3557  -0.0357   0.2127  -0.1369  -0.0992
 -0.1907  -0.3562  -0.0362   0.2221  -0.1504  -0.1164
 -0.1985  -0.3654  -0.0299   0.1969  -0.1405  -0.0813
 -0.2036  -0.3594  -0.0256   0.2069  -0.1509  -0.0857
 -0.2009  -0.3527  -0.0349   0.2351  -0.1559  -0.1066
 -0.2042  -0.3914  -0.0248   0.1913  -0.1478  -0.0922
 -0.2002  -0.3799  -0.0216   0.2095  -0.1512  -0.0989
 -0.2109  -0.3506  -0.0268   0.2542  -0.1733  -0.1219
 -0.2162  -0.3841  -0.0214   0.1610  -0.1527  -0.0770
 -0.2030  -0.3794  -0.0279   0.1978  -0.1419  -0.1069
 -0.2202  -0.3766  -0.0348   0.2059  -0.1472  -0.0893
 -0.2103  -0.3527  -0.0371   0.2768  -0.1723  -0.1351
 -0.2235  -0.3696  -0.0368   0.2574  -0.1692  -0.1394
 -0.2337  -0.3744  -0.0401   0.2463  -0.1606  -0.1352
 -0.2236  -0.3671  -0.0402   0.2887  -0.1765  -0.1553
 -0.2109  -0.3654  -0.0262   0.3002  -0.1669  -0.1420
 -0.2235  -0.3758  -0.0273   0.2805  -0.1651  -0.1215
 -0.2193  -0.3693  -0.0341   0.2775  -0.1699  -0.1323
 -0.2324  -0.4135  -0.0153   0.2227  -0.1854  -0.1106
 -0.2285  -0.3983  -0.0263   0.2525  -0.1742  -0.1192
 -0.2274  -0.3898  -0.0324   0.2709  -0.1750  -0.1276
 -0.2339  -0.3907  -0.0275   0.2013  -0.1712  -0.0972
 -0.2500  -0.3951  -0.0288   0.2113  -0.1832  -0.1154
 -0.2406  -0.3985  -0.0310   0.2366  -0.1816  -0.1243
