 -0.1219   0.0188   0.0978   0.2394   0.0139   0.3745
 -0.1880  -0.0213   0.0864   0.2379  -0.0140   0.4560
 -0.1515  -0.0615   0.1069   0.2543  -0.0096   0.3633
 -0.1585  -0.0019   0.1207   0.2654   0.0142   0.3852
 -0.1353  -0.0267   0.1352   0.2573   0.0225   0.4103
 -0.1372  -0.0459   0.1253   0.2740   0.0199   0.3634
 -0.1262  -0.0199   0.1318   0.2893   0.0274   0.3160
 -0.1223  -0.0040   0.1246   0.2545   0.0160   0.3731
 -0.1079  -0.0381   0.1212   0.2372   0.0187   0.2985
 -0.1046  -0.0140   0.1101   0.2247   0.0059   0.3168
 -0.0887  -0.0362   0.1076   0.1974  -0.0017   0.3003
 -0.0899  -0.0305   0.1022   0.1987  -0.0239   0.2661
 -0.0785  -0.0320   0.1231   0.1855  -0.0218   0.3550
 -0.0669  -0.0703   0.1373   0.1938   0.0042   0.2991
 -0.0746  -0.0204   0.1390   0.1831  -0.0069   0.3650
 -0.0662  -0.0262   0.1434   0.1782  -0.0126   0.3503
 -0.0563  -0.0362   0.1414   0.1849  -0.0069   0.2832
 -0.0433  -0.0206   0.1606   0.1676   0.0058   0.3327
 -0.0469  -0.0417   0.1467   0.2199   0.0028   0.2700
 -0.0579  -0.0047   0.1331   0.2006  -0.0051   0.3037
 -0.0499  -0.0079   0.1231   0.1998  -0.0161   0.2895
 -0.0492  -0.0119   0.1234   0.1991  -0.0129   0.3016
 -0.0485  -0.0180   0.1169   0.2055  -0.0222   0.2680
 -0.0461   0.0007   0.1257   0.1828  -0.0188   0.3216
 -0.0380  -0.0230   0.1124   0.1763  -0.0229   0.2401
 -0.0523   0.0349   0.1142   0.1687  -0.0208   0.3277
 -0.0472  -0.0197   0.1058   0.1712  -0.0406   0.2727
 -0.0679   0.0649   0.1168   0.1503  -0.0236   0.3452
 -0.0522   0.0091   0.1135   0.1435  -0.0156   0.2953
 -0.0516   0.0919   0.1257   0.1272  -0.0152   0.3228
 -0.0472   0.0186   0.1178   0.1371   0.0026   0.2903
 -0.0460   0.0402   0.1177   0.1456  -0.0065   0.2542
 -0.0469   0.0503   0.1082   0.1636  -0.0009   0.2213
 -0.0523   0.0782   0.1034   0.1267  -0.0030   0.2813
 -0.0430   0.0197   0.0849   0.1299  -0.0157   0.2127
 -0.0376   0.0656   0.0849   0.1480  -0.0075   0.1967
 -0.0390   0.0387   0.0814   0.0939  -0.0092   0.2412
 -0.0385   0.0334   0.0754   0.1314  -0.0012   0.1537
 -0.0370   0.0242   0.0604   0.0868  -0.0016   0.1278
 -0.0372   0.0079   0.0636   0.1165   0.0043   0.0958
 -0.0289   0.0458   0.0765   0.1109  -0.0059   0.2398
 -0.0291   0.0225   0.0639   0.1031  -0.0130   0.1746
 -0.0184   0.0869   0.0921   0.0996  -0.0108   0.2240
 -0.0156   0.0810   0.0869   0.0761  -0.0157   0.2139
 -0.0121   0.0171   0.0706   0.1098  -0.0030   0.1949
 -0.0174   0.0301   0.0618   0.1328  -0.0090   0.1455
 -0.0142   0.0497   0.0668   0.1251  -0.0082   0.2351
  0.0075  -0.0201   0.0654   0.1865  -0.0251   0.0875
  0.0150  -0.0084   0.0729   0.1661  -0.0279   0.0997
  0.0263   0.0048   0.0905   0.1047  -0.0409   0.1653
  0.0338   0.0455   0.1041   0.0718  -0.0303   0.1852
  0.0264   0.0452   0.0956   0.0649  -0.0152   0.2062
  0.0265   0.0307   0.0985   0.0943  -0.0131   0.1260
  0.0138   0.0536   0.0883   0.1067  -0.0045   0.1750
  0.0107   0.0207   0.0823   0.1168  -0.0008   0.1722
  0.0050   0.0059   0.0798   0.1385  -0.0001   0.1212
  0.0059   0.0316   0.0753   0.0946   0.0092   0.1765
  0.0073   0.0134   0.0707   0.1036   0.0036   0.1575
 -0.0011   0.0497   0.0702   0.0999   0.0101   0.1855
  0.0010   0.0223   0.0691   0.0997   0.0144   0.1806
 -0.0098  -0.0048   0.0645   0.0979   0.0137   0.1234
 -0.0077   0.0333   0.0619   0.0839   0.0176   0.1446
  0.0062  -0.0284   0.0516   0.0428   0.0134   0.0592
 -0.0071   0.0091   0.0566   0.0517   0.0091   0.0831
  0.0026   0.0229   0.0732   0.0629   0.0143   0.1759
  0.0143   0.0065   0.0629   0.0619   0.0078   0.0844
  0.0076   0.0402   0.0603   0.0643   0.0336   0.1755
  0.0055   0.0008   0.0579   0.1106   0.0325   0.0969
  0.0105   0.0421   0.0487   0.1019   0.0402   0.1616
  0.0195  -0.0003   0.0413   0.1100   0.0316   0.1046
 -0.0031   0.0290   0.0525   0.1073   0.0259   0.1416
  0.0066  -0.0061   0.0443   0.0804   0.0206   0.1216
 -0.0024  -0.0081   0.0517   0.1276   0.0295   0.0915
  0.0170  -0.0331   0.0331   0.1054   0.0217   0.0360
  0.0168  -0.0460   0.0230   0.1205   0.0092   0.0207
  0.0045   0.0109   0.0174   0.0951   0.0116   0.1146
  0.0172  -0.0038   0.0186   0.1016   0.0078   0.1019
  0.0152   0.0212   0.0256   0.0899   0.0133   0.1157
  0.0189   0.0367   0.0200   0.0863   0.0190   0.1156
  0.0187  -0.0183   0.0181   0.0946   0.0423   0.0975
  0.0271  -0.0226   0.0120   0.1111   0.0706   0.0735
  0.0273   0.0140   0.0122   0.0803   0.0923   0.1180
  0.0208  -0.0213   0.0138   0.0999   0.0813   0.0976
  0.0241  -0.0088   0.0009   0.1058   0.0728   0.0490
  0.0169  -0.0208  -0.0007   0.0676   0.0609   0.1050
  0.0205  -0.0557  -0.0062   0.1012   0.0476  -0.0122
  0.0247  -0.0290  -0.0033   0.0904   0.0526   0.0084
  0.0273  -0.0795  -0.0081   0.0818   0.0477  -0.0124
  0.0269  -0.0144   0.0019   0.1029   0.0631   0.0329
  0.0341  -0.0528  -0.0041   0.0715   0.0530   0.0286
  0.0257   0.0001   0.0092   0.0861   0.0469   0.0272
  0.0164   0.0001   0.0035   0.0701   0.0308   0.0871
  0.0261  -0.0532   0.0009   0.1016   0.0540   0.0023
 -0.0043   0.0572  -0.0055   0.0204   0.0427   0.1012
  0.0172   0.0330  -0.0078   0.0539   0.0322   0.0052
  0.0028   0.0523  -0.0097   0.0137   0.0244   0.0973
  0.0186  -0.0194  -0.0168   0.0349   0.0358   0.0250
  0.0242   0.0392  -0.0058  -0.0134   0.0650   0.0753
  0.0392  -0.0395  -0.0010   0.0395   0.0436   0.0338
  0.0236   0.0282  -0.0020   0.0220   0.0457   0.0793
  0.0310   0.0149   0.0056   0.0067   0.0326   0.0696
  0.0249  -0.0007   0.0057  -0.0007   0.0419  -0.0117
  0.0139  -0.0246   0.0032  -0.0316   0.0523   0.0345
  0.0293  -0.0741  -0.0067   0.0378   0.0463  -0.0476
  0.0237  -0.0247  -0.0053   0.0630   0.0426  -0.0372
  0.0230  -0.0214  -0.0115   0.0106   0.0281  -0.0157
  0.0236  -0.0006  -0.0073  -0.0305   0.0174   0.0147
  0.0344   0.0231  -0.0034  -0.0206   0.0247   0.0196
  0.0362  -0.0046  -0.0147   0.0231   0.0416   0.0028
  0.0329   0.0014  -0.0232   0.0352   0.0273  -0.0037
  0.0246   0.0019  -0.0272   0.0555   0.0265  -0.0136
  0.0166   0.0289  -0.0218   0.0191   0.0186   0.0365
  0.0107  -0.0373  -0.0262   0.0265   0.0106   0.0244
  0.0246  -0.0038  -0.0264   0.0396   0.0128  -0.0612
  0.0169   0.0078  -0.0114   0.0070   0.0078  -0.0186
  0.0244   0.2068  -0.0148  -0.0941   0.0123   0.0444
  0.0253   0.3240  -0.0364  -0.1450   0.0233   0.0519
  0.0334   0.1239   0.0066  -0.0412   0.0282   0.0497
  0.0471   0.0894   0.0097  -0.0267   0.0417   0.0287
  0.0324   0.0794  -0.0062   0.0046   0.0377   0.0047
  0.0250   0.0833  -0.0214  -0.0097   0.0462   0.0417
  0.0223   0.0272  -0.0398  -0.0025   0.0371  -0.0438
  0.0125   0.0896  -0.0299  -0.0115   0.0493  -0.0175
  0.0213   0.0334  -0.0371  -0.0609   0.0425   0.0133
  0.0188   0.0249  -0.0502  -0.0319   0.0263  -0.0397
  0.0111   0.0583  -0.0464  -0.0179   0.0274   0.0083
  0.0131   0.0475  -0.0598  -0.0322   0.0226  -0.0157
  0.0112   0.0510  -0.0476   0.0020   0.0238  -0.0372
  0.0133   0.0535  -0.0504  -0.0273   0.0186   0.0012
  0.0100   0.0051  -0.0475   0.0218   0.0184  -0.0490
  0.0167   0.0484  -0.0492   0.0056   0.0208  -0.0375
  0.0157   0.0362  -0.0449  -0.0235   0.0240  -0.0105
  0.0185   0.0354  -0.0372  -0.0252   0.0047  -0.0679
  0.0082   0.0959  -0.0383  -0.0546   0.0140  -0.0281
  0.0144   0.0435  -0.0498  -0.0358   0.0109  -0.0628
  0.0184   0.0727  -0.0421  -0.0278   0.0108  -0.0559
  0.0254   0.0435  -0.0356  -0.0103   0.0094  -0.0225
  0.0194   0.0510  -0.0353  -0.0049   0.0189  -0.0487
  0.0191   0.0518  -0.0438  -0.0167   0.0106  -0.0102
  0.0143   0.0118  -0.0462  -0.0086   0.0118  -0.0591
  0.0195   0.0458  -0.0415   0.0052   0.0146  -0.0407
 -0.0181   0.1258  -0.0540  -0.0810   0.0566   0.0423
  0.0233   0.0870  -0.0398  -0.0693   0.0949   0.0447
  0.0587   0.1004  -0.0523  -0.1263   0.1121   0.1607
  0.0298   0.0040  -0.0151  -0.0892   0.0999   0.1418
  0.0375  -0.0366   0.0007  -0.0486   0.0482   0.0457
  0.0907   0.0061   0.0079   0.0003   0.0527   0.0139
  0.0766   0.0092  -0.0186  -0.0342   0.0355   0.0360
  0.0741   0.0017  -0.0324  -0.0072   0.0276  -0.0739
  0.0729   0.0755  -0.0284  -0.0358   0.0354   0.0044
  0.0914   0.0219  -0.0276  -0.0154   0.0432  -0.0260
  0.0898   0.0216  -0.0356   0.0330   0.0521  -0.0765
  0.0858   0.0370  -0.0480  -0.0093   0.0489  -0.0070
  0.0894   0.0160  -0.0345   0.0139   0.0426  -0.0458
  0.0862   0.0297  -0.0363  -0.0145   0.0492  -0.0114
  0.0723  -0.0103  -0.0414   0.0091   0.0272  -0.0665
  0.0626   0.0386  -0.0476  -0.0179   0.0258  -0.0481
  0.0594   0.0004  -0.0587  -0.0628   0.0164  -0.0297
  0.0639   0.0029  -0.0579  -0.0238   0.0303  -0.1118
  0.0559   0.0270  -0.0589  -0.0370   0.0173  -0.0352
  0.0668  -0.0094  -0.0574  -0.0371   0.0140  -0.0816
  0.0688   0.0180  -0.0553  -0.0381   0.0077  -0.0735
  0.0635   0.0220  -0.0608  -0.0743   0.0262  -0.0661
  0.0639  -0.0358  -0.0663  -0.0191   0.0158  -0.1366
  0.0566   0.0300  -0.0776  -0.0351   0.0317  -0.0900
  0.0498   0.0155  -0.0726  -0.0523  -0.0007  -0.0826
 -0.0031   0.0769  -0.0767  -0.0058   0.0336  -0.1078
 -0.0085   0.1849  -0.0464  -0.2197   0.0143   0.0316
  0.0052   0.1329  -0.0888  -0.2225  -0.0081   0.0072
  0.0142   0.1303  -0.1002  -0.2097  -0.0351  -0.0286
 -0.0166   0.0918  -0.0721  -0.2990  -0.0616  -0.0268
  0.0140   0.0054  -0.0713  -0.2973  -0.0486  -0.0990
  0.0139   0.0932  -0.0779  -0.1949  -0.0435  -0.0716
  0.0148   0.0279  -0.1079  -0.1793  -0.0428  -0.1047
  0.0065   0.0132  -0.1266  -0.1869  -0.0498  -0.1498
  0.0052   0.0262  -0.1192  -0.1689  -0.0378  -0.1243
  0.0075  -0.0005  -0.1308  -0.2069  -0.0454  -0.1037
  0.0050  -0.0427  -0.1349  -0.1666  -0.0462  -0.1709
  0.0046  -0.0085  -0.1361  -0.1925  -0.0538  -0.1176
  0.0095  -0.0804  -0.1342  -0.1614  -0.0649  -0.1837
  0.0000   0.0005  -0.1276  -0.1736  -0.0588  -0.1200
  0.0061  -0.0756  -0.1389  -0.1602  -0.0643  -0.1464
 -0.0034  -0.0479  -0.1346  -0.1291  -0.0682  -0.1709
 -0.0016  -0.0679  -0.1485  -0.2109  -0.0683  -0.1408
 -0.0153  -0.0879  -0.1544  -0.1353  -0.0662  -0.2343
 -0.0213  -0.0518  -0.1527  -0.1547  -0.0632  -0.1826
 -0.0208  -0.0546  -0.1509  -0.1694  -0.0664  -0.1658
 -0.0267  -0.0680  -0.1648  -0.1724  -0.0667  -0.1845
 -0.0150  -0.0240  -0.1479  -0.1075  -0.0633  -0.2192
 -0.0259  -0.0636  -0.1541  -0.1830  -0.0705  -0.1504
 -0.0181  -0.0683  -0.1467  -0.1243  -0.0689  -0.2296
 -0.0148  -0.0941  -0.1529  -0.2033  -0.0772  -0.1982
 -0.0189  -0.0314  -0.1348  -0.1572  -0.0791  -0.2405
 -0.0303   0.0266  -0.1220  -0.2532  -0.0823  -0.1537
  0.0023  -0.0823  -0.0864  -0.1137  -0.0805  -0.3179
  0.0022   0.1187  -0.0468  -0.2453  -0.0743  -0.1910
  0.0174   0.0572  -0.0379  -0.3529  -0.0824  -0.1580
 -0.0025   0.0306  -0.0774  -0.3461  -0.0874  -0.1720
  0.0034   0.0359  -0.0776  -0.2698  -0.0901  -0.1956
 -0.0001   0.1336  -0.0937  -0.5903  -0.0987  -0.0701
  0.0107   0.0574  -0.0564  -0.6032  -0.0867  -0.1274
 -0.0031   0.1451   0.0134  -0.4068  -0.0503  -0.1264
  0.0046  -0.0025   0.0021  -0.2974  -0.0651  -0.1765
 -0.0025  -0.0329  -0.0071  -0.1972  -0.0490  -0.3298
 -0.0058  -0.0157  -0.0171  -0.1806  -0.0499  -0.2410
  0.0023  -0.0968  -0.0244  -0.1278  -0.0518  -0.3270
  0.0131  -0.0741  -0.0297  -0.1206  -0.0324  -0.3191
  0.0184  -0.0862  -0.0326  -0.1384  -0.0293  -0.3039
  0.0190  -0.1040  -0.0362  -0.1076  -0.0434  -0.3545
  0.0078  -0.0859  -0.0372  -0.1300  -0.0307  -0.2879
  0.0160  -0.1476  -0.0530  -0.0989  -0.0410  -0.3789
  0.0108  -0.0637  -0.0286  -0.1096  -0.0183  -0.3216
  0.0088  -0.1120  -0.0186  -0.1215  -0.0198  -0.3256
  0.0095  -0.1174  -0.0171  -0.0776  -0.0251  -0.3983
  0.0078  -0.0410  -0.0004  -0.1325  -0.0191  -0.2966
  0.0028  -0.0845   0.0005  -0.0998  -0.0124  -0.3373
  0.0049  -0.0821  -0.0089  -0.0759  -0.0176  -0.3672
  0.0043  -0.0739  -0.0087  -0.1154  -0.0293  -0.3182
  0.0001  -0.1311  -0.0188  -0.0797  -0.0427  -0.3791
  0.0074  -0.0810  -0.0122  -0.0939  -0.0194  -0.3743
  0.0075  -0.0960  -0.0084  -0.1261  -0.0407  -0.3468
  0.0102  -0.1154  -0.0121  -0.0688  -0.0381  -0.3982
 -0.0025  -0.0770  -0.0017  -0.0662  -0.0386  -0.3486
 -0.0042  -0.1044  -0.0176  -0.0934  -0.0405  -0.3553
 -0.0118  -0.1221  -0.0232  -0.0676  -0.0351  -0.4192
 -0.0190  -0.0870  -0.0362  -0.1054  -0.0255  -0.3662
 -0.0260  -0.1340  -0.0381  -0.0609  -0.0236  -0.4196
 -0.0337  -0.0929  -0.0439  -0.0807  -0.0146  -0.4016
 -0.0271  -0.1202  -0.0455  -0.1218  -0.0169  -0.3865
 -0.0078  -0.1495  -0.0397  -0.0328  -0.0248  -0.4546
 -0.0182  -0.0914  -0.0371  -0.0638  -0.0268  -0.3834
 -0.0108  -0.1239  -0.0338  -0.0835  -0.0412  -0.3836
 -0.0258  -0.1328  -0.0499  -0.0501  -0.0283  -0.4495
 -0.0209  -0.1094  -0.0366  -0.0671  -0.0268  -0.4028
 -0.0274  -0.1566  -0.0392  -0.0535  -0.0318  -0.4417
 -0.0258  -0.1397  -0.0299  -0.0153  -0.0309  -0.4415
