 -0.0227  -0.3428  -0.0753  -0.2202  -0.0229   0.1657
 -0.0532  -0.3494  -0.0882  -0.1085   0.0012   0.1416
 -0.0509  -0.2776  -0.0627  -0.1483  -0.0893   0.1419
 -0.0540  -0.2811  -0.0873  -0.2141  -0.0903   0.1537
 -0.0544  -0.2697  -0.0759  -0.1601  -0.0728   0.1215
 -0.0793  -0.2709  -0.0765  -0.1826  -0.0302   0.1453
 -0.0782  -0.2534  -0.0932  -0.1983  -0.0372   0.1400
 -0.0943  -0.2139  -0.1010  -0.1559  -0.0484   0.1399
 -0.1044  -0.2142  -0.1026  -0.1553  -0.0689   0.1288
 -0.0928  -0.2027  -0.1134  -0.1684  -0.0937   0.1362
 -0.0868  -0.1865  -0.1008  -0.1444  -0.0801   0.1114
 -0.1071  -0.2379  -0.1088  -0.2250  -0.0940   0.1375
 -0.0775  -0.2183  -0.0875  -0.2497  -0.1073   0.1394
 -0.0805  -0.2115  -0.0869  -0.2209  -0.0836   0.1346
 -0.0863  -0.2073  -0.0953  -0.2335  -0.0721   0.1462
 -0.0879  -0.2009  -0.0966  -0.2095  -0.0704   0.1492
 -0.0756  -0.1753  -0.0873  -0.2113  -0.0972   0.1412
 -0.0677  -0.1834  -0.0892  -0.1460  -0.1023   0.1124
 -0.0360  -0.0806  -0.0553  -0.1515  -0.0860   0.1160
  0.0272  -0.1027  -0.0635  -0.2482   0.0728   0.1771
 -0.0475  -0.2077  -0.0731  -0.2694   0.0025   0.1648
 -0.0406  -0.1488  -0.0510  -0.2129  -0.0504   0.1398
  0.0439  -0.1382  -0.0199  -0.1008  -0.0783   0.0789
  0.0088  -0.1529  -0.0373  -0.1147  -0.0404   0.0976
 -0.0235  -0.1385  -0.0507  -0.1283  -0.0524   0.1021
 -0.0161  -0.1233  -0.0508  -0.1397  -0.0750   0.1053
 -0.0230  -0.1316  -0.0640  -0.1390  -0.1021   0.0963
 -0.0237  -0.1288  -0.0530  -0.1116  -0.0756   0.0925
 -0.0445  -0.1413  -0.0348  -0.0960  -0.0959   0.0783
 -0.0445  -0.1215  -0.0657  -0.1396  -0.0598   0.0963
 -0.0455  -0.1116  -0.0563  -0.1465  -0.0977   0.0784
  0.0194  -0.3110  -0.1285  -0.1382   0.0824   0.1256
 -0.0261  -0.3688  -0.1096  -0.2679   0.0104   0.2113
 -0.0787  -0.2379  -0.0753  -0.3608  -0.1233   0.1816
 -0.1036  -0.2459  -0.1147  -0.2678  -0.0686   0.1359
 -0.1081  -0.2095  -0.1052  -0.2886  -0.0907   0.1506
 -0.1096  -0.2057  -0.1174  -0.2880  -0.0347   0.1532
 -0.1071  -0.1652  -0.1129  -0.2719  -0.0532   0.1502
 -0.0988  -0.1714  -0.1064  -0.1891  -0.0406   0.1068
 -0.0702  -0.1773  -0.0758  -0.2215  -0.1253   0.1253
 -0.0280  -0.2093  -0.0534  -0.2529  -0.0774   0.1215
 -0.0597  -0.1802  -0.0388  -0.2193  -0.1367   0.1208
 -0.0673  -0.1757  -0.0676  -0.2654  -0.0675   0.1310
 -0.1005  -0.1767  -0.0641  -0.2795  -0.0711   0.1371
 -0.0859  -0.1716  -0.0670  -0.2611  -0.0504   0.1366
 -0.0999  -0.1576  -0.0648  -0.2434  -0.0819   0.1239
 -0.0704  -0.1672  -0.0466  -0.1946  -0.0747   0.1053
 -0.0918  -0.1622  -0.0627  -0.2367  -0.0718   0.1234
 -0.0988  -0.1724  -0.0639  -0.2150  -0.0571   0.1277
 -0.0969  -0.1362  -0.0484  -0.2039  -0.0804   0.1133
 -0.0238  -0.3128  -0.1233  -0.1631   0.1068   0.0772
 -0.0764  -0.3169  -0.0541  -0.1888  -0.0029   0.1247
 -0.1042  -0.1602  -0.0319  -0.2472  -0.0725   0.1252
 -0.1486  -0.1588  -0.0452  -0.0225  -0.0609   0.0378
 -0.0715  -0.0809  -0.1102  -0.0768  -0.0551   0.0557
 -0.0960  -0.0938  -0.0856  -0.1502  -0.0429   0.0830
 -0.0833  -0.0906  -0.0337  -0.1438  -0.0510   0.0789
 -0.0451  -0.1102  -0.0129  -0.0634  -0.0718   0.0523
 -0.0289  -0.0072   0.0875   0.2480  -0.3469  -0.0867
  0.0034  -0.0158   0.0448   0.1311  -0.1414  -0.0534
 -0.0045   0.0255   0.0273   0.0383  -0.0766  -0.0361
 -0.0107  -0.0456  -0.0041   0.0175  -0.0274  -0.0006
  0.0470   0.0104  -0.0099   0.0264   0.0087  -0.0066
 -0.0087  -0.1866  -0.0456   0.0660   0.0167   0.0116
 -0.0296  -0.2130   0.0205   0.0770  -0.1129   0.0084
  0.0167  -0.1530   0.0732   0.1053  -0.1292  -0.0286
  0.0820  -0.0363   0.0219   0.0418  -0.0825   0.0182
  0.1669   0.0713   0.1044  -0.0339   0.0454   0.0300
  0.0994  -0.0073   0.1235  -0.0075  -0.0789   0.0063
  0.0767   0.0524   0.0741  -0.0819   0.0279   0.0344
  0.1204   0.0582   0.0895   0.0719   0.0207  -0.0083
  0.2029  -0.0049   0.0485  -0.0360   0.1351   0.0207
  0.0726  -0.0598   0.1058  -0.0044   0.0080   0.0203
  0.1264   0.0647   0.0937   0.0312  -0.0347  -0.0092
  0.0845   0.0325   0.0929  -0.0270   0.0361   0.0120
  0.1000   0.0491   0.0867  -0.0147   0.0101   0.0024
  0.1083   0.0267   0.1149  -0.0167   0.0044   0.0001
  0.1014   0.0576   0.0764  -0.0672   0.0339   0.0180
  0.0696   0.0577   0.0799  -0.0729   0.0582   0.0252
  0.1055   0.0427   0.1062  -0.0279  -0.0113   0.0049
  0.0745   0.0514   0.1173   0.0341  -0.0219  -0.0425
  0.0476   0.0661   0.0929   0.0376  -0.0192  -0.0811
  0.0675   0.0591   0.1119   0.0229   0.0123  -0.0586
  0.0467   0.0450   0.0895   0.0395  -0.0267  -0.0706
  0.1049   0.0407   0.0996   0.0138   0.0384  -0.0545
  0.0859   0.0564   0.0451   0.0818  -0.0270  -0.0818
  0.2191   0.0461   0.2911   0.0570   0.2615  -0.0084
  0.2512   0.0300   0.3245   0.0003   0.2100   0.0124
  0.1244   0.0716   0.1886   0.0000  -0.0028  -0.0136
  0.1272   0.1061   0.2119  -0.0175   0.0785  -0.0030
  0.1049   0.1075   0.1667  -0.0544   0.0344   0.0046
  0.1181   0.1348   0.1841  -0.0178   0.0789  -0.0044
  0.0986   0.1009   0.1619  -0.0395   0.0440   0.0078
  0.0903   0.0926   0.1643  -0.0368   0.0720   0.0017
  0.0800   0.0930   0.1452  -0.0254   0.0358   0.0092
  0.0871   0.1001   0.1567  -0.0673   0.0583   0.0192
  0.0643   0.0914   0.1538  -0.0383   0.0332   0.0101
  0.0818   0.1113   0.1539  -0.0446   0.0632   0.0020
  0.0628   0.1167   0.1467  -0.0357   0.0369   0.0031
  0.0750   0.1113   0.1428  -0.0411   0.0360   0.0040
  0.0958   0.0798   0.1486  -0.0893  -0.0013   0.0206
  0.0659   0.1245   0.1190  -0.0972   0.0482   0.0229
  0.0541   0.1555   0.1180  -0.1185   0.0231   0.0200
  0.0714   0.1578   0.1263  -0.1023   0.0386   0.0189
  0.0593   0.1376   0.1270  -0.0952   0.0158   0.0149
  0.0649   0.1520   0.1252  -0.0290   0.0484  -0.0144
  0.0541   0.1661   0.1229   0.0060   0.0358  -0.0165
  0.0321   0.1410   0.0985  -0.0769   0.0733   0.0009
  0.0090   0.1655   0.0767  -0.0661   0.0688   0.0220
  0.0148   0.1641   0.0838  -0.0763   0.0620   0.0186
  0.0059   0.1674   0.0762  -0.0645   0.0482   0.0224
  0.0255   0.1626   0.0913  -0.0526   0.0478   0.0097
  0.0138   0.1408   0.0787  -0.0882   0.0277   0.0216
  0.0907   0.1594   0.0396  -0.1802   0.1487   0.0385
 -0.0387  -0.0533  -0.0891  -0.1699   0.0586   0.0452
 -0.0781   0.0498  -0.0541  -0.1790   0.0039   0.0597
 -0.0410   0.0543  -0.0488  -0.2109   0.0364   0.0570
 -0.0309   0.0753  -0.0127  -0.0926  -0.0301   0.0354
 -0.0011   0.0960   0.0012  -0.1459   0.0384   0.0406
 -0.0206   0.1272   0.0482   0.0433  -0.1768   0.0123
  0.0008   0.1610  -0.0016   0.1008  -0.2709  -0.0424
  0.0034   0.1418  -0.0355  -0.0412  -0.0487  -0.0172
 -0.0441   0.1880  -0.0540  -0.0281  -0.0471  -0.0009
 -0.0297   0.1734  -0.0676  -0.0758   0.0056   0.0045
 -0.0044   0.2152  -0.0377   0.0636   0.0272  -0.0241
  0.0413   0.1644   0.0076   0.2230  -0.0291  -0.0968
  0.0161   0.2203  -0.0039   0.1547  -0.0260  -0.0534
  0.0114   0.1871  -0.0018   0.1734  -0.0195  -0.0782
  0.0197   0.2159  -0.0083   0.1476   0.0120  -0.0605
  0.0054   0.1999  -0.0119   0.1440  -0.0004  -0.0762
 -0.0182   0.2179  -0.0458   0.1056   0.0331  -0.0469
 -0.0131   0.1841  -0.0059   0.2160  -0.0112  -0.0892
 -0.0068   0.2145  -0.0319   0.1486   0.0264  -0.0767
 -0.0080   0.1671  -0.0018   0.2060  -0.0346  -0.0908
  0.0603   0.1633  -0.0527   0.2063   0.1118  -0.0735
  0.0514  -0.0864  -0.1115   0.1225   0.1652  -0.0378
 -0.0286   0.0662  -0.0327  -0.1176  -0.0491   0.0378
 -0.0040   0.1617  -0.0319   0.0812   0.0227  -0.0404
 -0.0395   0.1834  -0.0606   0.0837  -0.0123  -0.0420
 -0.0340   0.1541  -0.0784   0.0501   0.0678  -0.0293
 -0.0353   0.2056  -0.0751  -0.0082  -0.0068  -0.0263
 -0.0012   0.1174  -0.0453   0.0527   0.0363  -0.0624
 -0.0376   0.2390  -0.0764   0.0149  -0.0016  -0.0292
  0.0845  -0.2928   0.0981   0.4911   0.0254  -0.2137
  0.0880  -1.2283   0.2280   1.4064   0.0022  -0.3908
  0.0429  -0.1869   0.1550   0.7216   0.0158  -0.3276
  0.0697  -0.2064   0.1598   0.7327   0.0139  -0.3635
  0.0875  -0.1587   0.1385   0.6446  -0.0135  -0.3356
  0.0592  -0.1341   0.1321   0.6479   0.0299  -0.3288
  0.0566  -0.0589   0.1014   0.6150   0.0314  -0.3262
  0.0443  -0.0779   0.1036   0.5860   0.0466  -0.3158
  0.0458  -0.0390   0.0795   0.5656   0.0562  -0.3119
  0.0306  -0.0744   0.0813   0.5578   0.0613  -0.3100
  0.0429  -0.0347   0.0767   0.5530   0.0527  -0.3117
  0.0216  -0.0186   0.0732   0.4974   0.0669  -0.3043
  0.0423  -0.0215   0.1282   0.5702   0.0039  -0.3024
 -0.2066   0.4832   0.0986   0.3052   0.0245  -0.0325
 -0.0212   0.6146  -0.2123   0.0852   0.1295   0.0124
 -0.0178   0.0878  -0.2155   0.1179   0.1415  -0.0852
 -0.0776   0.1849  -0.1249   0.1766   0.0815  -0.0843
 -0.0361   0.2394  -0.1092   0.1041   0.0528  -0.0956
 -0.0748   0.2528  -0.1166   0.1467   0.1152  -0.1028
 -0.0433   0.2639  -0.0989   0.2633   0.1109  -0.1589
 -0.0638   0.2915  -0.0985   0.1062   0.1287  -0.0962
 -0.0487   0.2844  -0.1017   0.1573   0.1175  -0.1223
 -0.0547   0.2997  -0.0920   0.1126   0.1291  -0.1132
 -0.0322   0.2891  -0.1209   0.1168   0.1091  -0.1215
  0.0081   0.2913  -0.2072   0.0141   0.2615  -0.0543
 -0.0720   0.1917  -0.1395   0.0689   0.1177  -0.0769
  0.0024   0.2110  -0.0519   0.1236   0.0266  -0.1398
  0.0177   0.1785  -0.0420   0.1912   0.0192  -0.1876
 -0.0387   0.2370  -0.0504   0.0709   0.0573  -0.1061
 -0.0271   0.2599  -0.0562   0.0402   0.0827  -0.1196
  0.0363   0.1012  -0.1157   0.1121   0.1262  -0.1176
 -0.0132   0.1430  -0.1158   0.0840   0.1845  -0.1145
 -0.0656   0.1658  -0.1670   0.0564   0.1398  -0.0897
