  0.1230  -0.3497   0.0240   0.4809  -0.0332   0.4341
  0.1659  -0.4565   0.0296   0.5692  -0.0311   0.5660
  0.1668  -0.4329   0.0340   0.5048  -0.0203   0.4767
  0.1743  -0.4441   0.0356   0.5665  -0.0230   0.5007
  0.1498  -0.3877   0.0261   0.5102  -0.0176   0.5131
  0.1406  -0.4128   0.0213   0.5635  -0.0195   0.4696
  0.1282  -0.4142   0.0199   0.5437  -0.0227   0.4677
  0.1460  -0.3849   0.0358   0.4763  -0.0232   0.5225
  0.1344  -0.3805   0.0296   0.4160  -0.0133   0.4323
  0.1378  -0.3528   0.0451   0.4001  -0.0104   0.4727
  0.1390  -0.3675   0.0458   0.4098  -0.0119   0.4836
  0.1360  -0.3367   0.0294   0.3628  -0.0194   0.4300
  0.1117  -0.3501   0.0148   0.3584  -0.0381   0.3998
  0.1126  -0.3114   0.0211   0.3213  -0.0312   0.4406
  0.1096  -0.3801   0.0211   0.4047  -0.0377   0.4357
  0.0808  -0.3283   0.0227   0.3815  -0.0286   0.4199
  0.0816  -0.3329   0.0018   0.3525  -0.0327   0.2985
  0.1026  -0.3763  -0.0107   0.4274  -0.0310   0.4345
  0.0824  -0.3355   0.0012   0.4105  -0.0254   0.4131
  0.0811  -0.3313  -0.0041   0.4468  -0.0321   0.3712
  0.0816  -0.3285  -0.0026   0.5085  -0.0472   0.3633
  0.0911  -0.3586  -0.0093   0.5301  -0.0488   0.4197
  0.0581  -0.3357  -0.0014   0.5168  -0.0503   0.3715
  0.0721  -0.3226   0.0188   0.5016  -0.0408   0.3413
  0.0551  -0.3277   0.0194   0.5011  -0.0358   0.3958
  0.0709  -0.3378   0.0208   0.4769  -0.0309   0.3797
  0.0622  -0.3139   0.0201   0.4397  -0.0297   0.3508
  0.0634  -0.3151   0.0184   0.4165  -0.0244   0.3572
  0.0667  -0.3141   0.0136   0.4554  -0.0336   0.3644
  0.0933  -0.2418   0.0289   0.3542  -0.0044   0.3589
  0.0937  -0.2802   0.0074   0.3915  -0.0257   0.2776
  0.0770  -0.2767   0.0257   0.3716  -0.0298   0.2893
  0.0660  -0.2475   0.0268   0.3684  -0.0180   0.3223
  0.0509  -0.2289   0.0228   0.3415  -0.0132   0.3205
  0.0361  -0.2293   0.0214   0.3103  -0.0071   0.3449
  0.0191  -0.2470   0.0263   0.3067  -0.0015   0.2731
  0.0279  -0.2611   0.0184   0.3342  -0.0161   0.2535
  0.0424  -0.2747   0.0177   0.3409  -0.0174   0.2989
  0.0330  -0.2534   0.0119   0.3585  -0.0091   0.2679
  0.0344  -0.2343   0.0104   0.3695  -0.0079   0.3007
  0.0224  -0.2074   0.0139   0.3483  -0.0110   0.2728
  0.0449  -0.2265   0.0215   0.3872  -0.0242   0.2205
  0.0411  -0.2041   0.0102   0.4212  -0.0250   0.2698
  0.0409  -0.1892   0.0122   0.3237  -0.0098   0.2882
  0.0540  -0.1000   0.0453   0.3252  -0.0317   0.2217
  0.0533  -0.1275   0.0312   0.3006  -0.0422   0.1633
  0.0446  -0.1807   0.0249   0.3064  -0.0509   0.1952
  0.0367  -0.1604   0.0201   0.3546  -0.0421   0.2312
  0.0293  -0.1915   0.0145   0.3177  -0.0408   0.2266
  0.0671  -0.1612   0.0140   0.1751  -0.0142   0.2313
  0.0385  -0.0935   0.0067   0.1278  -0.0690   0.1683
  0.0432  -0.1733   0.0028   0.1104  -0.0543   0.1254
  0.0445  -0.1792   0.0026   0.1267  -0.0305   0.1279
  0.0315  -0.1610  -0.0014   0.1250  -0.0401   0.1870
  0.0244  -0.2125  -0.0016   0.1241  -0.0342   0.2382
  0.0087  -0.1898  -0.0021   0.0950  -0.0285   0.1658
 -0.0068  -0.1690  -0.0063   0.0901  -0.0156   0.2057
 -0.0147  -0.1517   0.0078   0.0623  -0.0069   0.2041
 -0.0190  -0.1767   0.0059   0.1033  -0.0150   0.1670
 -0.0296  -0.1687  -0.0011   0.1135  -0.0208   0.1351
 -0.0263  -0.1686  -0.0009   0.1351  -0.0151   0.1727
 -0.0461  -0.1667  -0.0019   0.0400  -0.0067   0.1811
 -0.0338  -0.1736   0.0045   0.0321  -0.0074   0.1562
 -0.0413  -0.1929   0.0102   0.0326  -0.0117   0.1570
 -0.0182  -0.2015   0.0179   0.0001   0.0045   0.1314
 -0.0187  -0.2282  -0.0222   0.0920  -0.0245   0.1536
 -0.0187  -0.1949  -0.0356   0.1019  -0.0352   0.1369
 -0.0189  -0.1667  -0.0261   0.0892  -0.0318   0.1332
 -0.0051  -0.1884  -0.0129   0.1503  -0.0199   0.1460
 -0.0046  -0.2184  -0.0136   0.1687  -0.0297   0.0741
 -0.0157  -0.1699  -0.0359   0.1225  -0.0157   0.1546
 -0.0082  -0.1310  -0.0049   0.0915   0.0289   0.1910
 -0.0176  -0.1269  -0.0222   0.1099  -0.0007   0.0178
 -0.0134  -0.1489  -0.0159   0.0824   0.0067   0.0931
 -0.0163  -0.1352  -0.0279   0.1015  -0.0005   0.0843
 -0.0159  -0.1445  -0.0235   0.0885  -0.0043   0.2031
 -0.0162  -0.1403  -0.0146   0.0698  -0.0059   0.0802
 -0.0202  -0.1403  -0.0204   0.0684  -0.0095   0.1237
 -0.0170  -0.1295  -0.0207   0.0842   0.0026   0.0936
 -0.0124  -0.1676  -0.0256   0.1212   0.0048   0.0745
 -0.0250  -0.1364  -0.0185   0.0668   0.0110   0.0626
 -0.0116  -0.1182  -0.0196   0.0769   0.0036   0.1198
 -0.0207  -0.0986  -0.0053   0.0635   0.0126   0.1218
 -0.0203  -0.0940  -0.0013   0.0563   0.0253  -0.0012
 -0.0165  -0.0874  -0.0058   0.0711   0.0146   0.1198
 -0.0138  -0.1013  -0.0024   0.0746   0.0143  -0.0434
 -0.0279  -0.0911  -0.0068   0.0480   0.0024   0.1678
 -0.0287  -0.0963  -0.0008   0.0167   0.0143  -0.0169
 -0.0303  -0.0762  -0.0085   0.0106   0.0158   0.1065
 -0.0171  -0.0908  -0.0048   0.0443   0.0228   0.0208
 -0.0233  -0.0820  -0.0074   0.0317   0.0205   0.0733
  0.0176  -0.0938  -0.0036   0.0651   0.0173   0.0263
  0.0211  -0.0440   0.0025   0.0441  -0.0024   0.0785
 -0.0095  -0.0380   0.0077   0.0332   0.0091   0.0287
  0.0090  -0.0073   0.0222  -0.0136  -0.0130   0.1082
  0.0208   0.0370   0.0292  -0.1018  -0.0222   0.0052
  0.0229   0.0781   0.0281  -0.1413   0.0139  -0.0263
  0.0113   0.0874   0.0203  -0.0112  -0.0132   0.0057
  0.0124   0.0963   0.0118  -0.0095  -0.0026  -0.0315
  0.0049   0.0600   0.0069  -0.0543  -0.0066   0.0244
  0.0138   0.0558   0.0090  -0.0179  -0.0107  -0.0233
  0.0135   0.0722   0.0014   0.0009  -0.0133  -0.0394
  0.0107   0.0881   0.0081  -0.0103  -0.0024  -0.0043
  0.0084   0.0985   0.0164  -0.0522   0.0098   0.0071
  0.0046   0.0924   0.0093  -0.0288   0.0040  -0.0902
 -0.0165   0.0568   0.0033  -0.0646   0.0101  -0.0036
  0.0264   0.1165   0.0101  -0.0641   0.0064  -0.0221
  0.0248   0.1362   0.0259  -0.0492   0.0068  -0.0118
  0.0175   0.1129   0.0197  -0.0289   0.0054  -0.0753
  0.0076   0.1134   0.0184  -0.0313   0.0166  -0.0271
  0.0141   0.0853   0.0178  -0.0537   0.0119  -0.0019
  0.0207   0.1145   0.0257   0.0052   0.0110  -0.0399
  0.0317   0.1359   0.0253  -0.0052   0.0193  -0.0920
  0.0321   0.1903   0.0194  -0.0843   0.0077  -0.0276
  0.0214   0.1481   0.0203  -0.0279   0.0106  -0.0245
  0.0225   0.1403   0.0198  -0.0070   0.0149  -0.0384
  0.0285   0.1495   0.0157   0.0636   0.0023  -0.0608
  0.0137   0.1619   0.0185   0.0660   0.0035  -0.0508
  0.0319   0.1652   0.0307  -0.0086   0.0168  -0.0898
  0.0279   0.1669   0.0290  -0.0245   0.0115  -0.0705
  0.0304   0.1893   0.0267  -0.0846   0.0221  -0.1015
  0.0150   0.1615   0.0152  -0.1081   0.0125  -0.0666
  0.0379   0.1473   0.0332  -0.1119   0.0163  -0.0308
  0.0413   0.1381   0.0216  -0.1149   0.0038  -0.1138
  0.0439   0.1607   0.0146  -0.0876  -0.0229  -0.0920
  0.0310   0.1674   0.0250  -0.0916   0.0061  -0.0897
  0.0286   0.1643   0.0275  -0.0814   0.0090  -0.0217
  0.0267   0.1536   0.0231  -0.0735   0.0171  -0.0766
  0.0305   0.1543   0.0247  -0.0835   0.0045  -0.0402
  0.0333   0.1464   0.0018  -0.0852  -0.0024  -0.1256
  0.0329   0.1979   0.0289  -0.0849   0.0292   0.0136
  0.0222   0.1548   0.0098  -0.0802   0.0163  -0.1714
  0.0389   0.2152   0.0216  -0.1296   0.0297   0.0377
  0.0180   0.2597   0.0358  -0.2027   0.0211  -0.1665
  0.0131   0.1784   0.0204  -0.1445   0.0144  -0.1591
  0.0143   0.1895   0.0179  -0.0802   0.0173  -0.0617
  0.0183   0.2059   0.0196  -0.1046   0.0185  -0.1089
  0.0301   0.2143   0.0207  -0.0914   0.0215  -0.1389
  0.0088   0.2254   0.0171  -0.0857   0.0354  -0.1122
 -0.0058   0.2112   0.0028  -0.0754   0.0369  -0.1102
 -0.0038   0.2132   0.0212  -0.0831   0.0459  -0.1130
  0.0002   0.1965   0.0123  -0.0927   0.0371  -0.1671
  0.0100   0.2293   0.0164  -0.1083   0.0482  -0.0934
  0.0129   0.1990   0.0220  -0.1034   0.0498  -0.1120
 -0.0003   0.2013   0.0116  -0.1190   0.0477  -0.1169
 -0.0020   0.2060   0.0083  -0.1380   0.0594  -0.1319
 -0.0024   0.2050   0.0069  -0.1527   0.0583  -0.2191
  0.0115   0.1859   0.0111  -0.1111   0.0480  -0.1289
  0.0044   0.2085   0.0033  -0.0977   0.0400  -0.0744
  0.0089   0.2806   0.0214  -0.1868   0.0585  -0.1118
  0.0133   0.2525   0.0285  -0.1732   0.0513  -0.1887
  0.0090   0.2346   0.0297  -0.1695   0.0655  -0.1857
 -0.0058   0.2564   0.0138  -0.2022   0.0263  -0.1359
 -0.0399   0.2968   0.0147  -0.2379  -0.0420  -0.1675
 -0.0264   0.2395   0.0296  -0.1784   0.0263  -0.2204
 -0.0364   0.2362   0.0137  -0.1401   0.0066  -0.1218
 -0.0178   0.1906   0.0067  -0.0913  -0.0124  -0.2096
 -0.0080   0.1872   0.0055  -0.1096  -0.0186  -0.1133
 -0.0117   0.1711   0.0049  -0.1111  -0.0200  -0.1441
 -0.0162   0.1673   0.0047  -0.1352  -0.0149  -0.1782
 -0.0344   0.1448   0.0053  -0.0855  -0.0158  -0.1724
 -0.0314   0.1855   0.0051  -0.1427  -0.0125  -0.2072
 -0.0165   0.1727   0.0124  -0.1233  -0.0183  -0.1773
 -0.0142   0.1552   0.0165  -0.1339  -0.0119  -0.1553
 -0.0289   0.1410   0.0014  -0.1378  -0.0174  -0.1750
 -0.0381   0.0949  -0.0107  -0.1069  -0.0155  -0.1401
 -0.0302   0.0599  -0.0206  -0.0780  -0.0108  -0.2223
 -0.0264   0.1289  -0.0073  -0.1470   0.0054  -0.1130
 -0.0333   0.1055   0.0181  -0.3204   0.0188  -0.1735
 -0.0278   0.1596   0.0020  -0.2348   0.0193  -0.2548
 -0.0241   0.1301   0.0100  -0.2095   0.0130  -0.1476
 -0.0148   0.1187   0.0154  -0.1836   0.0053  -0.2169
 -0.0208   0.1142   0.0213  -0.2177   0.0160  -0.2053
 -0.0217   0.0857   0.0074  -0.2139   0.0129  -0.2064
 -0.0214   0.0339   0.0085  -0.2342   0.0129  -0.1961
 -0.0216   0.0250   0.0013  -0.2290   0.0131  -0.1882
 -0.0326   0.0100  -0.0057  -0.2283   0.0154  -0.1843
 -0.0299  -0.0065  -0.0030  -0.1915   0.0090  -0.2268
 -0.0235   0.0134  -0.0066  -0.1906   0.0029  -0.1345
 -0.0371  -0.0143  -0.0121  -0.1959  -0.0029  -0.1762
 -0.0517  -0.0038  -0.0097  -0.2157   0.0234  -0.1653
 -0.0607  -0.0282  -0.0112  -0.1745   0.0198  -0.2071
 -0.0630  -0.0043  -0.0179  -0.1635   0.0157  -0.1735
 -0.0678  -0.0664  -0.0187  -0.1250   0.0062  -0.2335
 -0.0335   0.1141  -0.0292  -0.2263  -0.0087  -0.1145
  0.0068   0.2527  -0.1065  -0.2553  -0.0511  -0.2898
 -0.0093   0.1490  -0.0704  -0.1884  -0.0459  -0.2487
 -0.0266   0.1125  -0.0621  -0.2509  -0.0340  -0.2246
 -0.0275   0.0924  -0.0609  -0.2191  -0.0299  -0.1725
 -0.0295   0.2265  -0.0432  -0.3666  -0.0178  -0.1831
 -0.0549   0.2107  -0.0433  -0.3753  -0.0221  -0.3398
 -0.0698   0.1635  -0.0384  -0.3355  -0.0258  -0.1451
 -0.0869   0.1248  -0.0307  -0.2609   0.0006  -0.2745
 -0.0614   0.1409  -0.0455  -0.2186  -0.0198  -0.2563
 -0.0717   0.0789  -0.0414  -0.2058  -0.0244  -0.2613
 -0.0508   0.0634  -0.0622  -0.2657  -0.0067  -0.2406
 -0.0541   0.1601  -0.0350  -0.3564   0.0044  -0.1921
 -0.0608   0.1551  -0.0447  -0.3360  -0.0084  -0.2825
 -0.0645   0.1459  -0.0564  -0.2951  -0.0014  -0.2118
 -0.0594   0.1855  -0.0490  -0.2950   0.0055  -0.2146
 -0.0543   0.0731  -0.0296  -0.2488   0.0024  -0.2642
 -0.0496   0.0844  -0.0285  -0.2818   0.0082  -0.2641
 -0.0562   0.1497  -0.0324  -0.3042   0.0116  -0.1229
 -0.0562   0.1025  -0.0279  -0.2175   0.0165  -0.3148
 -0.0597   0.1664  -0.0254  -0.2465   0.0206  -0.1206
 -0.0664   0.1954  -0.0188  -0.2678   0.0300  -0.2373
 -0.0824   0.1834  -0.0154  -0.2492   0.0315  -0.2669
 -0.0916   0.1900  -0.0158  -0.2552   0.0354  -0.2272
 -0.0853   0.1796  -0.0178  -0.2564   0.0387  -0.2648
 -0.0762   0.2572  -0.0061  -0.3081   0.0517  -0.1351
 -0.0676   0.2622   0.0098  -0.2922   0.0563  -0.3330
 -0.0785   0.2376  -0.0235  -0.2524   0.0344  -0.2812
 -0.0839   0.1990  -0.0196  -0.2598   0.0418  -0.2089
 -0.0544   0.1643  -0.0296  -0.1912   0.0077  -0.3075
 -0.0511   0.1689  -0.0256  -0.1996   0.0188  -0.2599
 -0.0598   0.1662  -0.0383  -0.2236   0.0197  -0.1813
 -0.0607   0.1398  -0.0285  -0.2336   0.0290  -0.3092
 -0.0414   0.1355  -0.0343  -0.2516   0.0135  -0.2110
 -0.0575   0.1458  -0.0414  -0.2561   0.0224  -0.2166
 -0.0578   0.2243   0.0025  -0.3156   0.0229  -0.3018
 -0.0624   0.1691  -0.0022  -0.2731   0.0218  -0.2514
 -0.0643   0.1792  -0.0037  -0.2761   0.0312  -0.2656
 -0.0637   0.1790   0.0028  -0.2802   0.0299  -0.2285
 -0.0589   0.1031  -0.0125  -0.2159   0.0200  -0.2432
 -0.0613   0.1008  -0.0238  -0.2219   0.0270  -0.2522
 -0.0715   0.1272  -0.0183  -0.2539   0.0208  -0.2361
 -0.0653   0.1021  -0.0249  -0.2326   0.0151  -0.2501
 -0.0730   0.1027  -0.0430  -0.2623   0.0107  -0.2413
 -0.1059   0.0656  -0.0574  -0.2119   0.0132  -0.2354
 -0.1044   0.0548  -0.0519  -0.2182   0.0112  -0.2748
 -0.0984   0.0307  -0.0551  -0.2336   0.0043  -0.2549
 -0.1064   0.0578  -0.0552  -0.2771   0.0219  -0.2349
 -0.1089   0.0374  -0.0603  -0.3086   0.0225  -0.2474
 -0.1035   0.0208  -0.0626  -0.2634   0.0161  -0.1948
 -0.0969   0.0025  -0.0646  -0.2164   0.0066  -0.2912
 -0.0956  -0.0136  -0.0627  -0.1873  -0.0060  -0.2571
