  0.0983  -0.3890   0.0308  -0.1156   0.0315   0.3061
  0.1684  -0.4418   0.1527  -0.2992   0.0696   0.4028
  0.1419  -0.3715   0.1074  -0.3226   0.0520   0.3818
  0.1085  -0.4362   0.0953  -0.2372   0.0250   0.3832
  0.1071  -0.3346   0.0485  -0.1406  -0.0006   0.2956
  0.0807  -0.3703   0.0307  -0.1583  -0.0177   0.3175
  0.0671  -0.3671  -0.0026  -0.1588  -0.0524   0.2930
  0.0743  -0.3528   0.0087  -0.0707  -0.0487   0.2544
  0.0745  -0.3215   0.0048  -0.0563  -0.0528   0.2358
  0.0502  -0.3340  -0.0209  -0.2500  -0.0203   0.3062
  0.0575  -0.2849  -0.0584  -0.0686  -0.0643   0.2183
  0.0520  -0.2890  -0.0743  -0.0270  -0.0752   0.2179
  0.0590  -0.2948  -0.0392  -0.0225  -0.0421   0.2120
  0.0697  -0.2893  -0.0001   0.0168  -0.0297   0.1935
  0.0494  -0.2867  -0.0203  -0.0254  -0.0296   0.2149
  0.0695  -0.2891  -0.0184   0.0512  -0.0349   0.1634
  0.0842  -0.2817  -0.0122   0.0063  -0.0246   0.1845
  0.0645  -0.2684  -0.0113  -0.0204  -0.0364   0.2012
  0.0598  -0.2345  -0.0207  -0.0372  -0.0306   0.1829
  0.0948  -0.2670   0.1086  -0.1183   0.0493   0.2374
  0.0948  -0.2020   0.0823   0.0683   0.0294   0.1096
  0.0411  -0.2652   0.0234   0.0518  -0.0187   0.1464
  0.0283  -0.2271  -0.0071   0.0558  -0.0555   0.1517
  0.0403  -0.2090  -0.0330   0.0539  -0.0508   0.1376
  0.0485  -0.1915  -0.0448   0.1398  -0.0699   0.0941
  0.0390  -0.1987  -0.0574   0.0538  -0.0458   0.1171
  0.0437  -0.1880  -0.0496   0.1048  -0.0567   0.1048
  0.0181  -0.2031  -0.0610  -0.0077  -0.0445   0.1578
  0.0601  -0.2162  -0.0037   0.0338  -0.0173   0.1496
  0.0712  -0.2088   0.0210   0.0674   0.0030   0.1364
  0.0519  -0.2006  -0.0079   0.0636  -0.0096   0.1378
  0.0609  -0.1813   0.0185   0.0724  -0.0142   0.1352
  0.0747  -0.2051   0.0054   0.0393   0.0020   0.1507
  0.0794  -0.1883   0.0167   0.0916  -0.0044   0.1201
  0.0662  -0.1531   0.0013   0.1516  -0.0079   0.0948
  0.0634  -0.1448  -0.0008   0.1927   0.0069   0.0620
  0.0560  -0.1434  -0.0171   0.1783  -0.0057   0.0638
  0.0448  -0.1028  -0.0162   0.2214  -0.0083   0.0290
  0.0444  -0.1355  -0.0015   0.1414  -0.0010   0.0706
  0.0517  -0.1468  -0.0082   0.1148  -0.0067   0.0771
  0.0402  -0.1386  -0.0342   0.1637  -0.0255   0.0407
  0.0432  -0.1161  -0.0222   0.1463  -0.0112   0.0465
  0.0602  -0.1439  -0.0038   0.1338  -0.0282   0.0573
  0.0544  -0.1293  -0.0129   0.1496  -0.0339   0.0430
  0.0459  -0.1209  -0.0243   0.0912  -0.0374   0.0726
  0.0585  -0.1221  -0.0091   0.0641  -0.0255   0.0825
  0.0346  -0.1058  -0.0352   0.1388  -0.0464   0.0507
  0.0392  -0.0860  -0.0287   0.0490  -0.0222   0.0750
  0.0513  -0.0743  -0.0131   0.1330  -0.0102   0.0261
  0.0473  -0.1024  -0.0167   0.1253  -0.0071   0.0438
  0.0489  -0.0945  -0.0420   0.1565  -0.0178   0.0288
  0.0612  -0.1125  -0.0381   0.0837  -0.0137   0.0535
  0.0556  -0.1131  -0.0259   0.1839  -0.0125   0.0205
  0.0333  -0.1060  -0.0367   0.0776  -0.0002   0.0583
  0.0594  -0.1326  -0.0296   0.1334  -0.0154   0.0371
  0.0412  -0.1004  -0.0335   0.0861  -0.0160   0.0361
  0.0500  -0.0991  -0.0228   0.0907  -0.0067   0.0227
  0.0278  -0.1006  -0.0337   0.0564  -0.0125   0.0469
  0.0219  -0.1027  -0.0337   0.0424  -0.0081   0.0417
  0.0212  -0.0745  -0.0197   0.0559   0.0093   0.0325
  0.0230  -0.0696  -0.0379   0.0864  -0.0013   0.0185
  0.0085  -0.0728  -0.0616   0.0803  -0.0119   0.0347
  0.0560  -0.0645  -0.0291   0.0813   0.0365   0.0431
  0.0766  -0.0443  -0.0099   0.1325   0.0713   0.0011
  0.0660  -0.0600  -0.0018   0.1615   0.0678  -0.0018
  0.0526  -0.0390  -0.0415   0.1341   0.0548  -0.0093
  0.0479  -0.0574  -0.0403   0.1388   0.0386  -0.0009
  0.0550  -0.0603  -0.0291   0.1569   0.0308  -0.0103
  0.0296  -0.0505  -0.0616   0.1456   0.0283  -0.0208
  0.0400  -0.0309  -0.0599   0.1633   0.0234  -0.0337
  0.0484  -0.0341  -0.0441   0.1572   0.0157  -0.0249
  0.0529  -0.0360  -0.0333   0.1776   0.0161  -0.0378
  0.0533  -0.0593  -0.0453   0.1862   0.0025  -0.0444
  0.0381  -0.0233  -0.0624   0.1164  -0.0090  -0.0347
  0.0300  -0.0060  -0.0779   0.1054  -0.0140  -0.0364
  0.0404  -0.0251  -0.0445   0.0696   0.0049  -0.0228
  0.0368  -0.0432  -0.0331   0.1854   0.0238  -0.0627
  0.0359  -0.0381  -0.0153   0.1760   0.0143  -0.0563
  0.0162  -0.0147  -0.0356   0.1152   0.0045  -0.0372
  0.0457  -0.0137   0.0105   0.1831   0.0159  -0.0704
  0.0524   0.0019   0.0376   0.1722   0.0356  -0.0563
  0.0387   0.0071   0.0079   0.1153   0.0314  -0.0307
  0.0401   0.0164   0.0086   0.1508   0.0279  -0.0481
  0.0335   0.0123  -0.0174   0.1000   0.0171  -0.0332
  0.0351   0.0104  -0.0075   0.1381   0.0085  -0.0595
  0.0271   0.0237  -0.0077   0.0974   0.0179  -0.0706
  0.0286   0.0184  -0.0068   0.0590   0.0218  -0.0558
  0.0216   0.0358  -0.0177   0.0926   0.0034  -0.0735
  0.0272   0.0519  -0.0213   0.0735   0.0032  -0.0792
  0.0203   0.0420  -0.0273   0.0917   0.0087  -0.0741
  0.0096   0.0399  -0.0267   0.0495   0.0066  -0.0505
  0.0064   0.0487  -0.0198   0.0345  -0.0031  -0.0405
  0.0090   0.0634  -0.0167  -0.0096   0.0266  -0.0231
  0.0154   0.0855   0.0034   0.0175   0.0142  -0.0413
  0.0104   0.1070  -0.0136   0.0042   0.0046  -0.0388
  0.0155   0.1222   0.0007  -0.0232   0.0369  -0.0276
  0.0238   0.0907   0.0232   0.0372   0.0344  -0.0545
  0.0180   0.0850  -0.0063  -0.0361   0.0134  -0.0310
  0.0151   0.1032   0.0011  -0.0691   0.0280  -0.0433
 -0.0007   0.0991  -0.0189  -0.0084  -0.0119  -0.0629
  0.0101   0.0853  -0.0118   0.0518  -0.0115  -0.0763
  0.0070   0.1138  -0.0220  -0.0157   0.0003  -0.0576
  0.0132   0.1024  -0.0033  -0.0252   0.0124  -0.0424
  0.0541   0.1025   0.0489  -0.0546   0.0329  -0.0334
  0.0492   0.1239   0.0659  -0.0645   0.0470  -0.0309
  0.0139   0.0997   0.0385  -0.0904   0.0283  -0.0308
  0.0097   0.1132   0.0277  -0.0995   0.0285  -0.0500
  0.0024   0.1222   0.0313  -0.0587   0.0090  -0.0536
  0.0131   0.1579   0.0121   0.0122   0.0269  -0.0921
 -0.0008   0.1144  -0.0029  -0.0639   0.0120  -0.0484
  0.0239   0.1218   0.0185  -0.0189   0.0473  -0.0725
  0.0084   0.1374   0.0085   0.0095   0.0474  -0.0866
  0.0336   0.1302   0.0383  -0.0171   0.0950  -0.0787
  0.0315   0.1231   0.0312   0.0094   0.0800  -0.0820
  0.0688   0.1371   0.0230   0.0137   0.0854  -0.0923
  0.0083   0.1313   0.0543   0.1182   0.0333  -0.1210
 -0.2621   0.1141  -0.1329  -0.0778  -0.2664  -0.0336
 -0.0857   0.1149  -0.0476   0.0513  -0.0597  -0.0929
 -0.0934   0.1137  -0.0380  -0.0162  -0.0384  -0.0741
 -0.0671   0.1309  -0.0406  -0.0775  -0.0124  -0.0519
 -0.0709   0.1347  -0.0252  -0.0168  -0.0279  -0.0851
 -0.0814   0.1315  -0.0356  -0.0589  -0.0028  -0.0790
 -0.0725   0.1267  -0.0276  -0.0486  -0.0062  -0.0882
 -0.0597   0.1273  -0.0127  -0.0161   0.0193  -0.1012
 -0.0450   0.1260   0.0136  -0.0037   0.0084  -0.0992
 -0.0449   0.1224   0.0105  -0.0271   0.0149  -0.0864
 -0.0551   0.1163   0.0249  -0.0395  -0.0039  -0.0744
 -0.0576   0.1156   0.0184  -0.0955   0.0090  -0.0619
 -0.0697   0.1174   0.0886  -0.0660   0.0092  -0.0738
 -0.0747   0.1391   0.1115  -0.1156   0.0176  -0.0813
 -0.0660   0.1122   0.0552  -0.1264   0.0041  -0.0644
 -0.0655   0.0919   0.0588  -0.1077  -0.0128  -0.0477
 -0.0736   0.1041   0.0575  -0.1478   0.0072  -0.0356
 -0.0700   0.0938   0.0732  -0.1059   0.0152  -0.0430
 -0.0657   0.1494   0.0614  -0.1239   0.0177  -0.0697
 -0.0750   0.1602   0.0535  -0.1213   0.0252  -0.0692
 -0.0680   0.1700   0.0416  -0.0766   0.0120  -0.0909
 -0.0684   0.1877   0.0381  -0.1174   0.0305  -0.0791
 -0.0611   0.1576   0.0280  -0.0951   0.0166  -0.0766
 -0.0744   0.1599   0.0259  -0.1164   0.0207  -0.0670
 -0.0842   0.1632  -0.0162  -0.0509  -0.0098  -0.0937
 -0.0951   0.1407  -0.0164  -0.1062  -0.0419  -0.0775
 -0.0946   0.1026   0.0125  -0.1781  -0.0267  -0.0482
 -0.1110   0.1176   0.0055  -0.1694  -0.0262  -0.0319
 -0.1264   0.1227   0.0147  -0.1449  -0.0093  -0.0462
 -0.1272   0.1340  -0.0042  -0.1138  -0.0183  -0.0539
 -0.1162   0.1383  -0.0157  -0.0973  -0.0234  -0.0655
 -0.1017   0.1602  -0.0025  -0.1037  -0.0246  -0.0796
 -0.0843   0.1812   0.0190  -0.0662  -0.0089  -0.1315
 -0.0771   0.2224  -0.0099  -0.1006   0.0007  -0.1312
 -0.0690   0.1992   0.0023  -0.1488   0.0024  -0.0890
 -0.0765   0.1745   0.0186  -0.1817   0.0287  -0.0708
 -0.0872   0.1881   0.0054  -0.1305   0.0085  -0.0816
 -0.0915   0.1815   0.0118  -0.1118  -0.0003  -0.0869
 -0.0936   0.1788   0.0132  -0.1130   0.0122  -0.0748
 -0.0936   0.1734   0.0454  -0.1101   0.0189  -0.0840
 -0.0796   0.1878   0.0390  -0.1176   0.0174  -0.0986
 -0.0747   0.1971   0.0238  -0.1660   0.0275  -0.0983
 -0.0787   0.2002   0.0092  -0.1558   0.0110  -0.1030
 -0.0746   0.1722   0.0069  -0.0713   0.0033  -0.1190
 -0.0768   0.2060   0.0105  -0.0801  -0.0034  -0.1278
 -0.0870   0.1944   0.0329  -0.0741   0.0067  -0.1254
 -0.0859   0.1844   0.0162  -0.1087   0.0004  -0.1138
 -0.0860   0.1857   0.0165  -0.0925  -0.0008  -0.1179
 -0.0958   0.1951   0.0151  -0.0910   0.0225  -0.1243
 -0.0845   0.1992   0.0329  -0.1234   0.0321  -0.1065
 -0.0918   0.2011   0.0333  -0.1588   0.0280  -0.1112
 -0.0961   0.2244   0.0128  -0.1285   0.0051  -0.1395
 -0.1082   0.2121   0.0010  -0.1163  -0.0071  -0.1410
 -0.0946   0.2162   0.0023  -0.0891  -0.0081  -0.1554
 -0.0831   0.2147   0.0207  -0.0629  -0.0016  -0.1566
 -0.0857   0.2308   0.0226  -0.0827  -0.0070  -0.1522
 -0.0946   0.2144   0.0344  -0.0531   0.0011  -0.1666
 -0.0896   0.1995   0.0342   0.0141  -0.0064  -0.1862
 -0.1138   0.2255   0.0108  -0.0630  -0.0124  -0.1629
 -0.1083   0.2404   0.0155  -0.0526  -0.0139  -0.1720
