  0.0745   0.7818  -0.2727  -0.1835  -0.0242  -0.0143
  0.1002   0.7716  -0.3447  -0.1709  -0.0291  -0.0135
  0.0767   0.7584  -0.3262  -0.1311  -0.0385  -0.0143
  0.0861   0.7373  -0.3295  -0.1425  -0.0386  -0.0072
  0.0624   0.7184  -0.3206  -0.1506  -0.0418  -0.0068
  0.0644   0.7062  -0.3286  -0.1384  -0.0494  -0.0214
  0.0631   0.7326  -0.3135  -0.1402  -0.0527  -0.0253
  0.0635   0.7338  -0.3077  -0.1332  -0.0460  -0.0111
  0.0651   0.7224  -0.2941  -0.1358  -0.0459  -0.0263
  0.0627   0.7338  -0.3000  -0.1701  -0.0426  -0.0151
  0.0649   0.7429  -0.2891  -0.2087  -0.0409  -0.0212
  0.0648   0.7157  -0.2983  -0.2024  -0.0447  -0.0257
  0.0669   0.6904  -0.2872  -0.1857  -0.0441  -0.0306
  0.0634   0.6745  -0.2760  -0.1828  -0.0205  -0.0339
  0.0547   0.6384  -0.2707  -0.1842  -0.0206  -0.0085
  0.0502   0.6322  -0.2713  -0.1626  -0.0224  -0.0155
  0.0508   0.6031  -0.2735  -0.1760  -0.0201  -0.0350
  0.0465   0.6243  -0.2759  -0.1825  -0.0172  -0.0103
  0.0535   0.5991  -0.2647  -0.1768  -0.0257  -0.0115
  0.0667   0.5932  -0.2727  -0.1622  -0.0190  -0.0367
  0.0627   0.5860  -0.2423  -0.1630  -0.0210  -0.0310
  0.0628   0.5936  -0.2275  -0.1595  -0.0310  -0.0186
  0.0568   0.6033  -0.2271  -0.1735  -0.0183  -0.0378
  0.0458   0.6009  -0.2254  -0.2038  -0.0050  -0.0109
  0.0563   0.5946  -0.2126  -0.1749  -0.0011  -0.0341
  0.0553   0.5895  -0.2255  -0.1981  -0.0153  -0.0269
  0.0567   0.5866  -0.2205  -0.2115  -0.0138  -0.0069
  0.0671   0.5494  -0.2168  -0.1531  -0.0152  -0.0477
  0.0562   0.5827  -0.2259  -0.2199  -0.0154  -0.0155
  0.0453   0.5555  -0.2157  -0.1956  -0.0116  -0.0316
  0.0385   0.5339  -0.2116  -0.1783  -0.0107  -0.0294
  0.0297   0.5424  -0.2106  -0.2058  -0.0078  -0.0247
  0.0321   0.5261  -0.2161  -0.2174  -0.0095  -0.0175
  0.0277   0.4931  -0.2150  -0.1859  -0.0128  -0.0392
  0.0281   0.5263  -0.2017  -0.1824  -0.0137  -0.0337
  0.0353   0.5405  -0.2027  -0.2111  -0.0145  -0.0164
  0.0338   0.5417  -0.1936  -0.2131  -0.0054  -0.0233
  0.0367   0.5161  -0.2015  -0.1897  -0.0072  -0.0282
  0.0281   0.5210  -0.1979  -0.1839  -0.0195  -0.0263
  0.0288   0.5162  -0.1850  -0.1813  -0.0175  -0.0261
  0.0380   0.5417  -0.1903  -0.1767  -0.0192  -0.0176
  0.0393   0.5390  -0.1996  -0.1992  -0.0180  -0.0187
  0.0359   0.5193  -0.1913  -0.1906  -0.0110  -0.0252
  0.0344   0.4913  -0.1820  -0.1904  -0.0110  -0.0208
  0.0315   0.4820  -0.1758  -0.1905  -0.0049  -0.0235
  0.0307   0.5039  -0.1727  -0.1814  -0.0013  -0.0252
  0.0257   0.5128  -0.1788  -0.2090  -0.0033  -0.0116
  0.0170   0.5074  -0.1684  -0.1818  -0.0108  -0.0094
  0.0201   0.5012  -0.1596  -0.1781  -0.0124  -0.0310
  0.0105   0.5183  -0.1432  -0.2198  -0.0256  -0.0021
  0.0069   0.5291  -0.1417  -0.1910  -0.0293  -0.0012
  0.0101   0.5129  -0.1425  -0.1822  -0.0293  -0.0135
  0.0185   0.4980  -0.1499  -0.1478  -0.0392  -0.0325
  0.0144   0.5305  -0.1439  -0.1695  -0.0326  -0.0103
  0.0175   0.5196  -0.1451  -0.1767  -0.0301   0.0015
  0.0234   0.4861  -0.1358  -0.1675  -0.0313  -0.0255
  0.0189   0.5021  -0.1298  -0.1647  -0.0294  -0.0183
  0.0094   0.4982  -0.1286  -0.1921  -0.0228  -0.0154
  0.0150   0.4806  -0.1021  -0.1830  -0.0253  -0.0229
  0.0165   0.4570  -0.1051  -0.1712  -0.0312  -0.0286
  0.0124   0.4525  -0.1072  -0.1703  -0.0241  -0.0296
  0.0086   0.4743  -0.1050  -0.1735  -0.0216  -0.0154
  0.0138   0.4901  -0.1042  -0.1731  -0.0186  -0.0161
  0.0158   0.4773  -0.0994  -0.1833  -0.0162  -0.0090
  0.0201   0.4619  -0.1021  -0.1738  -0.0140  -0.0120
  0.0149   0.4534  -0.1044  -0.1648  -0.0066  -0.0170
  0.0015   0.4350  -0.0978  -0.1634  -0.0085  -0.0205
  0.0032   0.4408  -0.0953  -0.1725  -0.0069  -0.0236
 -0.0004   0.4620  -0.0971  -0.1812  -0.0152  -0.0082
  0.0016   0.4420  -0.0899  -0.1796  -0.0211  -0.0054
  0.0045   0.3979  -0.0835  -0.1548  -0.0210  -0.0347
 -0.0024   0.4271  -0.0812  -0.1810  -0.0188  -0.0248
 -0.0110   0.4282  -0.0768  -0.1756  -0.0217  -0.0138
 -0.0013   0.3953  -0.0679  -0.1061  -0.0213  -0.0327
 -0.0095   0.4149  -0.0621  -0.1171  -0.0175  -0.0335
  0.0002   0.4428  -0.0749  -0.1240  -0.0235  -0.0097
 -0.0006   0.4244  -0.0675  -0.1279  -0.0165  -0.0115
 -0.0050   0.3978  -0.0684  -0.0948  -0.0107  -0.0193
 -0.0261   0.3911  -0.0558  -0.0734  -0.0316  -0.0322
 -0.0391   0.4295  -0.0537  -0.1126  -0.0367  -0.0199
 -0.0219   0.4525  -0.0676  -0.1144  -0.0330  -0.0116
 -0.0196   0.4144  -0.0524  -0.1108  -0.0348  -0.0094
 -0.0150   0.3966  -0.0498  -0.1079  -0.0237  -0.0192
 -0.0306   0.3885  -0.0384  -0.1392  -0.0182  -0.0225
 -0.0234   0.3953  -0.0352  -0.1051   0.0049  -0.0360
 -0.0356   0.4012  -0.0331  -0.0793   0.0074  -0.0172
 -0.0362   0.3767  -0.0386  -0.0732   0.0017  -0.0042
 -0.0380   0.3706  -0.0382  -0.0519   0.0012  -0.0146
 -0.0369   0.3797  -0.0346  -0.0611  -0.0037  -0.0001
 -0.0401   0.3668  -0.0248  -0.0575   0.0014  -0.0044
 -0.0317   0.3529  -0.0349  -0.0517  -0.0047  -0.0229
 -0.0138   0.3668  -0.0407  -0.0214  -0.0131  -0.0247
 -0.0133   0.3568  -0.0497  -0.0201  -0.0242  -0.0085
 -0.0217   0.3375  -0.0438  -0.0338  -0.0154  -0.0036
 -0.0190   0.3162  -0.0403  -0.0415  -0.0186  -0.0136
 -0.0129   0.3101  -0.0394  -0.0191  -0.0137  -0.0219
 -0.0195   0.3215  -0.0323  -0.0134  -0.0131  -0.0165
 -0.0238   0.3139  -0.0310  -0.0122  -0.0068  -0.0121
 -0.0157   0.2897  -0.0337  -0.0085  -0.0109  -0.0067
 -0.0177   0.2763  -0.0317  -0.0088  -0.0139  -0.0192
 -0.0127   0.2707  -0.0418  -0.0155  -0.0214  -0.0229
  0.0024   0.2569  -0.0446  -0.0117  -0.0261  -0.0330
 -0.0061   0.2628  -0.0416  -0.0083  -0.0277  -0.0089
  0.0017   0.2877  -0.0287  -0.0133  -0.0373  -0.0033
  0.0084   0.2733  -0.0265  -0.0070  -0.0339  -0.0115
  0.0156   0.2798  -0.0179   0.0201  -0.0253  -0.0231
  0.0090   0.2807  -0.0192   0.0132  -0.0226  -0.0216
 -0.0022   0.2811  -0.0093   0.0075  -0.0153  -0.0119
  0.0030   0.2604  -0.0121   0.0037  -0.0136  -0.0075
  0.0043   0.2450  -0.0189   0.0038  -0.0143  -0.0219
  0.0023   0.2571  -0.0167  -0.0071   0.0001  -0.0230
 -0.0010   0.2710  -0.0118   0.0020  -0.0027  -0.0148
 -0.0037   0.2712  -0.0079  -0.0033  -0.0052  -0.0042
 -0.0004   0.2692  -0.0162  -0.0087  -0.0005  -0.0206
 -0.0020   0.2663  -0.0052  -0.0153   0.0001  -0.0120
 -0.0066   0.2691  -0.0048  -0.0005  -0.0005  -0.0178
 -0.0063   0.2783  -0.0009  -0.0008  -0.0005  -0.0093
  0.0022   0.2699  -0.0052   0.0027  -0.0035  -0.0030
  0.0077   0.2332  -0.0048   0.0129   0.0061  -0.0298
  0.0041   0.2476   0.0089   0.0226  -0.0009  -0.0021
  0.0049   0.2154   0.0227   0.0234   0.0056   0.0120
  0.0122   0.2023   0.0321   0.0159   0.0128  -0.0047
  0.0090   0.1819   0.0360   0.0174   0.0126  -0.0098
  0.0086   0.1976   0.0357   0.0228   0.0029  -0.0143
  0.0017   0.2093   0.0341   0.0314  -0.0011  -0.0101
 -0.0016   0.1734   0.0460   0.0242   0.0017  -0.0023
 -0.0133   0.1410   0.0618   0.0200   0.0134   0.0079
 -0.0104   0.1330   0.0609   0.0176   0.0199   0.0029
 -0.0094   0.1093   0.0593   0.0373   0.0152  -0.0068
 -0.0073   0.1371   0.0636   0.0484   0.0124  -0.0043
 -0.0093   0.1316   0.0643   0.0472   0.0132   0.0166
  0.0013   0.1218   0.0670   0.0518   0.0120  -0.0146
  0.0073   0.1327   0.0573   0.0630   0.0071  -0.0159
 -0.0016   0.1267   0.0658   0.0715   0.0100   0.0031
  0.0005   0.1073   0.0672   0.0681   0.0127   0.0105
  0.0002   0.1055   0.0595   0.0615   0.0073  -0.0235
 -0.0064   0.1079   0.0639   0.0725  -0.0036  -0.0045
 -0.0051   0.0926   0.0725   0.0844  -0.0003   0.0018
 -0.0040   0.0596   0.0781   0.0746   0.0103  -0.0060
 -0.0053   0.0526   0.0810   0.0608   0.0043  -0.0144
 -0.0027   0.0674   0.0829   0.0621   0.0153  -0.0018
 -0.0052   0.0480   0.0867   0.0594   0.0166   0.0025
 -0.0076   0.0297   0.0903   0.0439   0.0226   0.0050
  0.0011   0.0273   0.0824   0.0625   0.0163  -0.0195
 -0.0067   0.0421   0.0944   0.0803   0.0195   0.0014
 -0.0045   0.0355   0.0884   0.0839   0.0124  -0.0030
 -0.0089   0.0831   0.0602   0.0283   0.0128   0.0174
 -0.0091   0.0919   0.0534   0.0040   0.0171  -0.0020
 -0.0031   0.0900   0.0494   0.0020   0.0100   0.0011
 -0.0008   0.0884   0.0449   0.1299   0.0184  -0.0322
  0.0129   0.0523   0.0237   0.0965   0.0121  -0.0145
 -0.0063   0.0680   0.0398  -0.0004   0.0112   0.0466
 -0.0134   0.0191   0.0330   0.0173   0.0066  -0.0109
 -0.0123   0.0535   0.0396   0.0054   0.0022   0.0083
 -0.0118   0.0420   0.0559   0.0193   0.0122   0.0049
 -0.0005   0.0380   0.0438   0.0673   0.0094   0.0029
 -0.0059   0.0459   0.0527   0.0542   0.0016  -0.0054
 -0.0057   0.0188   0.0624   0.0641   0.0065   0.0075
 -0.0075  -0.0118   0.0613   0.0559   0.0086  -0.0119
  0.0112   0.0155   0.0568   0.0219  -0.0035  -0.0121
  0.0031  -0.0090   0.0767   0.0291  -0.0065   0.0022
  0.0077  -0.0250   0.0900   0.0456  -0.0039   0.0001
  0.0058  -0.0285   0.0809   0.0327  -0.0056  -0.0200
  0.0192  -0.0325   0.0670   0.0370  -0.0175  -0.0193
  0.0325  -0.0325   0.0622   0.0542  -0.0209  -0.0048
  0.0292  -0.0760   0.0562   0.0639  -0.0158  -0.0001
  0.0309  -0.0951   0.0486   0.0626  -0.0132  -0.0195
  0.0294  -0.0770   0.0621   0.0625  -0.0149  -0.0096
  0.0232  -0.0645   0.0741   0.0777  -0.0052   0.0069
  0.0219  -0.0741   0.0837   0.0798   0.0013   0.0028
  0.0191  -0.0963   0.0880   0.0649   0.0073   0.0065
  0.0253  -0.1298   0.0915   0.0873   0.0119   0.0041
  0.0180  -0.1377   0.0922   0.1048   0.0103  -0.0093
  0.0237  -0.1226   0.1162   0.0799   0.0139   0.0095
  0.0172  -0.1805   0.1017   0.0792   0.0229   0.0264
  0.0241  -0.2080   0.0932   0.0899   0.0093  -0.0084
  0.0316  -0.2450   0.1016   0.1118   0.0185  -0.0024
  0.0315  -0.2743   0.1005   0.1090   0.0233  -0.0059
  0.0374  -0.2743   0.1158   0.1019   0.0292   0.0124
  0.0383  -0.2973   0.1260   0.1101   0.0405   0.0136
  0.0408  -0.3196   0.1343   0.0984   0.0530   0.0256
  0.0469  -0.3356   0.1339   0.0996   0.0630   0.0090
  0.0540  -0.3600   0.1360   0.1392   0.0632   0.0095
  0.0555  -0.3794   0.1637   0.1481   0.0896   0.0272
  0.0573  -0.3959   0.1756   0.1444   0.0891   0.0280
  0.0585  -0.4096   0.1857   0.1359   0.0980   0.0320
  0.0519  -0.4154   0.1836   0.1226   0.0775   0.0258
  0.0329  -0.3978   0.1744   0.1068   0.0505   0.0101
  0.0215  -0.3868   0.1835   0.0925   0.0508   0.0349
  0.0281  -0.4088   0.1860   0.1353   0.0539   0.0294
  0.0330  -0.4093   0.1839   0.1570   0.0545   0.0094
  0.0333  -0.3904   0.1763   0.1537   0.0443   0.0259
  0.0285  -0.4097   0.1821   0.1468   0.0414   0.0378
  0.0339  -0.3951   0.1836   0.1374   0.0495   0.0231
  0.0280  -0.4069   0.1863   0.1352   0.0484   0.0142
  0.0365  -0.3974   0.1845   0.1576   0.0498   0.0043
  0.0166  -0.4368   0.1781   0.1544   0.0375   0.0255
  0.0068  -0.3701   0.1702   0.0540   0.0225   0.0300
 -0.0193  -0.4676   0.2041   0.1727  -0.0156   0.0595
 -0.0486  -0.5530   0.2590   0.2698  -0.0304   0.0581
 -0.0299  -0.5651   0.2537   0.2369  -0.0160   0.0401
 -0.0313  -0.5804   0.2632   0.2362  -0.0090   0.0625
 -0.0086  -0.5896   0.2534   0.2166   0.0009   0.0662
 -0.0137  -0.6504   0.2478   0.2370   0.0064   0.0634
 -0.0158  -0.6214   0.2453   0.2366   0.0095   0.0514
 -0.0135  -0.6434   0.2530   0.2309   0.0118   0.0672
 -0.0084  -0.6839   0.2415   0.2339   0.0127   0.0668
 -0.0226  -0.7110   0.2474   0.2260   0.0210   0.0467
 -0.0175  -0.7638   0.2557   0.2345   0.0115   0.0659
 -0.0143  -0.8133   0.2683   0.2279   0.0103   0.0724
 -0.0167  -0.8486   0.2584   0.2234   0.0176   0.0708
 -0.0205  -0.8694   0.2628   0.2246   0.0132   0.0693
 -0.0188  -0.9030   0.2523   0.2245   0.0149   0.0624
 -0.0136  -0.7862   0.2537   0.1934   0.0084   0.0460
 -0.0251  -0.7188   0.2322   0.1578   0.0083   0.0580
 -0.0375  -0.7787   0.2385   0.1976   0.0107   0.0694
 -0.0425  -0.7506   0.2253   0.1725   0.0127   0.0841
 -0.0420  -0.7911   0.2466   0.1979   0.0141   0.0693
 -0.0271  -0.7643   0.2324   0.2049   0.0017   0.0598
 -0.0368  -0.7574   0.2498   0.2158  -0.0140   0.0668
 -0.0257  -0.7543   0.2356   0.1792  -0.0069   0.0803
 -0.0401  -0.7711   0.2704   0.1897   0.0028   0.0307
 -0.0375  -0.7014   0.1654   0.0888   0.0315   0.0742
 -0.0447  -0.6955   0.0781  -0.0120   0.0411   0.1250
 -0.0680  -0.6932   0.0699   0.0331   0.0124   0.0754
 -0.0577  -0.6784   0.0488   0.0422   0.0085   0.0350
 -0.0542  -0.7050   0.0704   0.0895   0.0056   0.0485
 -0.0585  -0.7856   0.0796   0.0911   0.0058   0.0744
 -0.0534  -0.8230   0.0765   0.1057   0.0077   0.0591
 -0.0580  -0.8212   0.0766   0.1290   0.0106   0.0596
 -0.0544  -0.8190   0.0939   0.1154   0.0022   0.0769
 -0.0448  -0.8622   0.0780   0.1250   0.0022   0.0614
 -0.0543  -0.8596   0.0879   0.1349   0.0010   0.0585
 -0.0558  -0.9308   0.1045   0.1302  -0.0035   0.0830
 -0.0444  -0.9960   0.0899   0.1692   0.0003   0.0596
 -0.0460  -0.9864   0.1000   0.1726  -0.0016   0.0539
 -0.0396  -0.9941   0.0932   0.1888  -0.0065   0.0448
 -0.0403  -1.0442   0.1024   0.1977  -0.0107   0.0634
 -0.0389  -1.0742   0.0979   0.2117  -0.0027   0.0680
 -0.0518  -1.0673   0.1042   0.1776   0.0038   0.0836
 -0.0352  -1.1316   0.0983   0.1740  -0.0033   0.0664
 -0.0507  -1.1120   0.1058   0.2095  -0.0037   0.0566
 -0.0430  -1.1608   0.0976   0.2608   0.0030   0.0577
 -0.0604  -1.1643   0.1087   0.2361   0.0083   0.0740
 -0.0762  -1.1724   0.1102   0.2069   0.0083   0.0946
 -0.0764  -1.2375   0.1076   0.2202   0.0045   0.0623
 -0.0664  -1.2151   0.0738   0.1835   0.0174   0.0798
 -0.1015  -1.0152   0.0647  -0.0347   0.0409   0.1242
 -0.1183  -1.0487   0.0264  -0.0081   0.0275   0.0710
 -0.0980  -1.1053   0.0197   0.0825   0.0282   0.0739
 -0.0951  -1.1583   0.0169   0.1088   0.0208   0.0656
 -0.1000  -1.1771   0.0408   0.0868   0.0141   0.0755
 -0.1152  -1.2207   0.0418   0.1326   0.0219   0.0764
 -0.1015  -1.2295   0.0325   0.1064   0.0181   0.0714
 -0.1087  -1.2755   0.0291   0.1018   0.0151   0.0706
 -0.1126  -1.2922   0.0385   0.1077   0.0127   0.0903
 -0.1199  -1.3563   0.0353   0.0768   0.0039   0.0887
 -0.1110  -1.3954   0.0441   0.1156   0.0069   0.0942
 -0.1188  -1.4676   0.0448   0.1115   0.0151   0.0799
 -0.1116  -1.4134   0.0571   0.1121   0.0156   0.0947
 -0.1261  -1.4892   0.0370   0.1116   0.0083   0.1212
