  0.0790   0.2079   0.1003   0.0064   0.0439   0.0231
  0.0823   0.1774   0.1058   0.0133   0.0399   0.0152
  0.1012   0.1282   0.0783   0.0366   0.0464   0.0490
  0.1075   0.0823   0.0466   0.0630   0.0447   0.0153
  0.0582   0.0840   0.0438   0.1047   0.0280   0.0680
  0.0697   0.1013   0.0549   0.1017   0.0906   0.0085
  0.0556   0.0621   0.0800   0.1096   0.0836   0.0309
  0.0402   0.0672   0.1053   0.1333   0.0696   0.0196
  0.0302   0.0683   0.0946   0.0921   0.0348   0.0496
 -0.0325   0.0844   0.1240   0.0453   0.0022   0.0376
 -0.0356   0.1132   0.1141   0.0639   0.0220   0.0421
 -0.0437   0.1013   0.0869   0.0272   0.0171   0.0223
 -0.0175   0.1173   0.0850   0.0124   0.0383   0.0185
 -0.0334   0.0944   0.0717   0.0404   0.0377   0.0112
 -0.0285   0.0887   0.0808   0.0783   0.0341  -0.0062
 -0.0138   0.0933   0.1158   0.0816   0.0485   0.0311
 -0.0114   0.0854   0.1147   0.0764   0.0487   0.0181
 -0.0105   0.0774   0.0991   0.0871   0.0444   0.0191
  0.0099   0.0591   0.0380   0.0808   0.0287   0.0168
  0.0228   0.0430  -0.0123   0.0554   0.0321   0.0242
  0.0176   0.0515   0.0014   0.0490   0.0338   0.0177
  0.0300   0.0034   0.0503   0.0491   0.0327   0.0343
 -0.0222   0.0394   0.0447   0.0707   0.0158   0.0516
 -0.0018   0.0371   0.0399   0.0474  -0.0009  -0.0192
  0.0139   0.0440   0.0604   0.0171  -0.0110   0.0121
  0.0165   0.0712   0.0708  -0.0303  -0.0002   0.0492
 -0.0120   0.0470   0.0309  -0.0230  -0.0164  -0.0065
  0.0370   0.0712   0.0477   0.0752  -0.0364   0.0067
  0.0404   0.0709   0.0351  -0.0146  -0.0047  -0.0101
  0.0124   0.0553   0.0159   0.0050  -0.0012   0.0002
  0.0146   0.0464   0.0341   0.0374   0.0012   0.0129
  0.0202   0.0507   0.0453   0.0531   0.0100  -0.0120
  0.0141   0.0741   0.0687   0.0077   0.0119   0.0039
  0.0202   0.0662   0.0750   0.0216   0.0233  -0.0294
 -0.0385   0.1023  -0.0166  -0.0147  -0.0161  -0.0299
  0.0059   0.1254   0.0441  -0.0201   0.0116  -0.0327
  0.0221   0.1070   0.0281  -0.0729   0.0204  -0.0179
  0.0148   0.0388   0.0599  -0.0432   0.0053  -0.0700
 -0.0113   0.0724   0.0450   0.0107   0.0070  -0.0593
 -0.0076   0.1131   0.1001  -0.0184  -0.0033  -0.0258
 -0.0324   0.0936   0.1323   0.0215  -0.0036  -0.0485
 -0.0105   0.1491   0.0904  -0.0107   0.0157  -0.0124
 -0.0081   0.0650   0.0666  -0.0705   0.0116  -0.0162
 -0.0279   0.0914   0.0519  -0.0345  -0.0190  -0.0347
 -0.0229   0.1021   0.0611  -0.0532   0.0003  -0.0367
 -0.0043   0.0922   0.0736  -0.0397   0.0071  -0.0150
 -0.0326   0.1179  -0.0082  -0.0955   0.0352  -0.0413
 -0.0663   0.1324  -0.0711  -0.0822  -0.0240   0.0217
 -0.0525   0.0668  -0.0954  -0.0620  -0.0701  -0.0141
 -0.0615   0.0231  -0.0800  -0.1071  -0.0258  -0.0361
 -0.0231   0.0368  -0.0676  -0.0922   0.0520  -0.0581
 -0.0006   0.0491  -0.0513  -0.0562   0.0327  -0.0584
 -0.0174   0.0696  -0.0861  -0.0596   0.0277  -0.0515
  0.0065   0.0521  -0.1330  -0.1035   0.0339  -0.0548
  0.0007  -0.0900  -0.0706  -0.1051  -0.0094  -0.0057
  0.0279  -0.1012  -0.0188  -0.0823  -0.0147   0.0240
 -0.0063  -0.1467  -0.0314  -0.0249  -0.0357   0.0029
 -0.0195  -0.1649  -0.0456   0.0054  -0.0426  -0.0036
  0.0071  -0.1385  -0.0524  -0.0205  -0.0439   0.0028
  0.0065  -0.1456  -0.0422  -0.0218  -0.0300  -0.0170
 -0.0182  -0.1590  -0.0583  -0.0233  -0.0350  -0.0067
 -0.0582  -0.1639  -0.0801  -0.0605  -0.1087   0.0272
 -0.0338  -0.2094  -0.0898  -0.0457  -0.0805  -0.0018
 -0.0476  -0.1238  -0.1589  -0.1142  -0.0993   0.0276
  0.0026  -0.1746  -0.1233  -0.0513  -0.0540  -0.0286
  0.0142  -0.1771  -0.0959  -0.0221  -0.0425  -0.0186
  0.0438  -0.1772  -0.1039   0.0010  -0.0203  -0.0129
  0.0145  -0.1739  -0.1353  -0.0045  -0.0275   0.0162
 -0.0182  -0.1837  -0.1550  -0.0415  -0.0298   0.0081
 -0.0071  -0.2054  -0.1398   0.0143  -0.0243  -0.0064
  0.0043  -0.2321  -0.1018   0.0279  -0.0300  -0.0253
  0.0252  -0.2475  -0.1011  -0.0375  -0.0264  -0.0030
 -0.0197  -0.2706  -0.1376   0.0173  -0.0116  -0.0021
 -0.0492  -0.2939  -0.1529   0.0363  -0.0524   0.0224
 -0.0387  -0.2768  -0.1424   0.0081  -0.0496   0.0304
 -0.0521  -0.2705  -0.1641  -0.0414  -0.0631   0.0377
 -0.0283  -0.2611  -0.1992  -0.0868  -0.0737  -0.0000
