 -0.0679   0.6512  -0.0136  -1.9873  -0.2484   0.0444
 -0.0376   0.5655   0.0408  -1.6137  -0.2127  -0.0272
 -0.0592   0.6164   0.0183  -1.7489  -0.2205  -0.0059
 -0.0806   0.5290  -0.0436  -1.6292  -0.2156  -0.0101
 -0.0715   0.5569  -0.0333  -1.6487  -0.2104   0.0169
 -0.0829   0.5807  -0.0520  -1.6824  -0.2222   0.0343
 -0.0769   0.6038  -0.0490  -1.6938  -0.2071  -0.0527
 -0.0933   0.6437  -0.0508  -1.7130  -0.2212   0.0833
 -0.0926   0.6321  -0.0667  -1.7417  -0.2123  -0.1027
 -0.0763   0.6572  -0.0652  -1.7055  -0.2019   0.0943
 -0.0970   0.6563  -0.0815  -1.7675  -0.2156  -0.0216
 -0.0747   0.6012  -0.0715  -1.7124  -0.2134  -0.0657
 -0.1000   0.6404  -0.1254  -1.7484  -0.1978   0.1300
 -0.0619   0.5955  -0.1078  -1.6585  -0.1827   0.0709
 -0.0530   0.6257  -0.1011  -1.6329  -0.1395  -0.0326
 -0.0978   0.5922  -0.1052  -1.5909  -0.1923   0.0584
 -0.0838   0.5285  -0.1341  -1.7638  -0.1169  -0.0237
 -0.1034   0.4639  -0.0751  -1.7484  -0.1233  -0.0128
 -0.0460   0.4926   0.0181  -1.7836  -0.2202   0.0345
 -0.0533   0.5069   0.0169  -1.6391  -0.1765   0.0747
 -0.0615   0.7053   0.0313  -2.0354  -0.2602  -0.0163
  0.0091   0.6742   0.0508  -1.8556  -0.2025  -0.0567
  0.0618   0.6570   0.1447  -1.4541  -0.1879   0.0521
  0.0298   0.6499   0.1425  -1.5196  -0.2286  -0.1183
  0.0403   0.4883   0.0745  -1.3963  -0.1919  -0.1843
  0.0497   0.4233   0.0523  -1.2275  -0.1546  -0.1560
  0.0581   0.2579   0.0439  -1.1499  -0.1317  -0.0891
  0.0752   0.1189   0.0820  -1.1409  -0.1338  -0.1831
  0.0717   0.2367   0.0748  -1.1495  -0.1137   0.0604
  0.0364   0.1816   0.0446  -1.1136  -0.1353   0.0032
  0.0311   0.2353  -0.0088  -1.1069  -0.1375  -0.1815
  0.0087   0.3945  -0.0638  -1.1148  -0.1324  -0.0226
 -0.0098   0.2459  -0.0717  -1.1375  -0.1271  -0.0235
 -0.0155   0.3539  -0.0119  -1.1620  -0.1407   0.0576
 -0.0002   0.3775  -0.0138  -1.2020  -0.1377  -0.0140
 -0.0089   0.1144  -0.0215  -0.7045  -0.0307  -0.3060
 -0.0964   0.2081  -0.0144  -0.2595   0.0290   0.1945
 -0.0976   0.1311  -0.1220  -0.5417  -0.0685   0.0803
 -0.1295   0.0546  -0.2193  -0.7640  -0.1346  -0.0432
 -0.1252  -0.1601  -0.2202  -0.3985  -0.0818  -0.0045
 -0.0740  -0.3416  -0.1751  -0.2566  -0.0693  -0.0284
 -0.0916  -0.1714  -0.1997  -0.3000  -0.0659   0.0594
 -0.0770  -0.2094  -0.1778  -0.3408  -0.0802   0.0461
 -0.1073  -0.2133  -0.1970  -0.3151  -0.0727  -0.0154
 -0.0634  -0.0476  -0.0902  -0.3346  -0.0989  -0.1540
 -0.0171   0.0597  -0.0329  -0.4057  -0.1263  -0.0089
  0.0424  -0.0165   0.0516  -0.4123  -0.1417  -0.0972
  0.0215   0.0038   0.0544  -0.5518  -0.1820  -0.0568
  0.0022  -0.0315   0.0494  -0.5232  -0.1878  -0.0778
  0.0033   0.0021   0.0131  -0.5101  -0.1969  -0.0274
 -0.0036  -0.0353  -0.0098  -0.5362  -0.1705  -0.0798
 -0.0291   0.0857  -0.0118  -0.6286  -0.2012   0.0223
 -0.0579   0.0111  -0.0646  -0.6464  -0.1924  -0.0609
 -0.0206  -0.0336  -0.0291  -0.4469  -0.1314  -0.0624
  0.0556  -0.8110  -0.0176   0.5630   0.0852  -0.2067
  0.2386  -2.5019  -0.2127   2.6616   0.4676  -0.3211
  0.1911  -3.0105  -0.3961   2.8775   0.4198  -0.0444
  0.3903  -3.1821  -0.4262   3.8772   0.5432   0.0988
  0.5118  -3.0740  -0.5014   5.7695   0.5767  -0.1874
  0.9725  -4.9549  -0.4870   8.9870   1.0510  -0.0608
  1.1640  -5.6167  -0.2699  11.3568   1.3578   0.5788
  1.3286  -7.8887  -1.2470  17.0851   1.7053   1.5319
  1.2852  -8.8490   0.3435  22.7086   3.2388   2.9150
  1.1352  -9.4720   0.7759  22.7644   3.4575   4.4411
  1.0819  -9.4469   0.5145  22.1186   3.3199   4.0852
  1.0693  -9.2227   0.5010  22.0921   3.3542   3.7453
  0.6149  -4.9753   0.0089  17.1368   2.4085   1.4984
  0.5074  -4.3847   0.0375  15.4920   2.2120   0.2807
  0.4696  -4.2949   0.0099  15.4543   2.1988  -0.0027
  0.4867  -4.2715  -0.0380  15.3310   2.0796  -0.0733
  0.4393  -4.0315  -0.2646  14.9584   2.0013  -0.3206
  0.4155  -3.8411  -0.3902  14.2464   1.8877  -0.2074
  0.4015  -3.8620  -0.4166  14.6626   1.9065  -0.3837
  0.3981  -3.8252  -0.4145  14.4320   1.8646  -0.2967
  0.3921  -3.7594  -0.4347  14.6209   1.8771  -0.4182
  0.3920  -3.6623  -0.3724  14.4135   1.8642  -0.3744
  0.3807  -3.6682  -0.3879  14.5769   1.8931  -0.4625
  0.4007  -3.6682  -0.4126  14.5017   1.8709  -0.4368
