 -0.0589   0.3415  -0.2052   0.3443  -0.0330   0.1366
 -0.0407   0.4536  -0.2295  -0.1213  -0.0530   0.0650
 -0.0454   0.4243  -0.2122  -0.0065  -0.0536   0.0580
 -0.0426   0.4254  -0.1961  -0.0513  -0.0535   0.0564
 -0.0434   0.4116  -0.1781  -0.0360  -0.0619   0.0685
 -0.0475   0.3811  -0.1609   0.0289  -0.0525   0.0528
 -0.0365   0.3020  -0.1627   0.1653  -0.0596   0.0642
 -0.0280   0.1599  -0.1724   0.4790  -0.0364   0.0640
 -0.0314   0.2173  -0.1632   0.3497  -0.0310   0.0819
 -0.0386   0.1594  -0.1420   0.4180  -0.0114   0.0698
 -0.0635   0.1408  -0.1429   0.5876  -0.0185   0.0841
 -0.0900   0.1103  -0.1187   0.5573  -0.0407   0.1595
 -0.0518   0.0358  -0.1223   0.5890  -0.0023   0.1753
 -0.0359   0.0608  -0.1520   0.5910   0.0158   0.1513
 -0.0430   0.1305  -0.1328   0.4812  -0.0234   0.2185
 -0.0491   0.1366  -0.1404   0.3198  -0.0408   0.1127
 -0.0369   0.1086  -0.1624   0.5231  -0.0188   0.1256
 -0.0366   0.0311  -0.0929   0.5872  -0.0060   0.1286
 -0.0304   0.0952  -0.1160   0.3971  -0.0203   0.1349
 -0.0342  -0.0954  -0.0808   0.6479   0.0023   0.1135
 -0.0348   0.0653  -0.1405   0.7403   0.0145   0.1776
 -0.0298   0.0692  -0.1125   0.9659   0.0402   0.1907
 -0.0305   0.1690  -0.1289   0.6798  -0.0194   0.3215
 -0.0382  -0.1518  -0.1558   1.0449   0.0312   0.0177
 -0.0143   0.0292  -0.3011   1.1369   0.0332   0.1905
 -0.0151   0.3318  -0.2902   0.8072   0.0307   0.2095
 -0.0395   0.4474  -0.2273   1.2423   0.0873   0.1251
 -0.0627   0.4098  -0.2391   1.3944   0.0432   0.0706
 -0.0493   0.0076  -0.0579   1.2049   0.0205   0.1720
 -0.0160   0.0981  -0.0146   0.6098   0.0043   0.0419
 -0.0948  -0.2483  -0.0559   0.9924  -0.0359   0.0243
 -0.0875  -0.5454   0.0540   0.8156  -0.0214  -0.0056
  0.0032  -0.3641   0.1166   0.5361   0.0376   0.2136
 -0.0006  -0.1571   0.0280   0.0262   0.0471   0.1108
  0.0139  -0.1559   0.1014   0.1143   0.0409  -0.0535
 -0.0011  -0.1115   0.0709   0.0625   0.0548   0.1740
  0.0195  -0.1381   0.0393   0.2268   0.0267   0.1402
 -0.0221   0.0781  -0.0897  -0.0135   0.0639   0.4181
 -0.0093   0.2304  -0.0428  -0.2761   0.0777   0.2640
 -0.0239   0.2563  -0.0375  -0.4331   0.1021  -0.5406
 -0.0909   0.3376   0.0119  -0.3932   0.0201  -0.4766
 -0.0229   0.2312  -0.0506  -0.2137   0.0230   0.1860
 -0.0719   0.0980  -0.0301  -0.1950  -0.0008  -0.0795
 -0.0088  -0.0809  -0.0605  -0.0519   0.0481   0.1264
 -0.0449  -0.1574   0.2983   0.0234  -0.0717  -0.1391
 -0.0527  -0.0636   0.4115   0.4087  -0.0408   0.1009
  0.0460   0.0155   0.1871  -0.1423   0.0822   0.1020
  0.0442   0.1861   0.2343  -0.7884   0.0045  -0.0650
  0.0492   0.0221   0.1598  -0.6090   0.0022  -0.1315
  0.0502   0.0555   0.2298  -0.5736  -0.0230  -0.1767
  0.0759   0.0819   0.1552  -0.3971  -0.0023   0.1896
  0.0723   0.0681   0.1704  -0.3505  -0.0044  -0.0599
  0.0603   0.0817   0.1238  -0.4410   0.0030   0.0205
  0.0645   0.0122   0.2260  -0.5264  -0.0226  -0.2567
 -0.0248   0.0438   0.1701  -1.1551  -0.0670  -0.4196
 -0.0167  -0.0385   0.0774  -1.2092  -0.0496  -0.2615
  0.0442  -0.2046   0.0410  -0.6597  -0.0046  -0.2386
  0.0630  -0.1969   0.0758  -0.6548   0.0443  -0.1235
  0.0700  -0.2389   0.0617  -0.5388   0.0356  -0.0259
  0.0436  -0.2266   0.0461  -0.6169   0.0168  -0.0767
  0.0472  -0.2518   0.0835  -0.5135   0.0206  -0.1383
  0.0503  -0.2377   0.0988  -0.5858   0.0170  -0.1524
  0.0586  -0.2551   0.1041  -0.5418   0.0208  -0.1387
  0.0480  -0.2440   0.1066  -0.5894   0.0146  -0.1552
  0.0455  -0.2490   0.0938  -0.5348   0.0149  -0.1442
  0.0454  -0.2210   0.0888  -0.5646   0.0077  -0.1461
  0.0529  -0.2430   0.0813  -0.4842   0.0078  -0.1455
  0.0495  -0.2368   0.0744  -0.5367  -0.0038  -0.1294
  0.0527  -0.2644   0.0789  -0.5045   0.0066  -0.1381
  0.0480  -0.1797   0.0762  -0.6407  -0.0140  -0.1521
  0.0516  -0.1362   0.0694  -0.6988  -0.0149  -0.1526
  0.0580  -0.1718   0.0792  -0.5892  -0.0193  -0.1399
  0.0579  -0.1736   0.0728  -0.5475  -0.0277  -0.1782
  0.0413  -0.1742   0.0873  -0.5512  -0.0438  -0.1691
  0.0746  -0.2067   0.0874  -0.4544  -0.0103  -0.1586
  0.0717  -0.2352   0.0947  -0.2899  -0.0261  -0.1562
  0.0790  -0.2340   0.1239  -0.3668  -0.0195  -0.1451
  0.0762  -0.2404   0.1141  -0.2864  -0.0223  -0.1256
