  0.1339  -0.2031   0.1009   0.1461  -0.0081   0.0680
  0.1137  -0.2179   0.0918   0.1239   0.0016   0.0934
  0.1056  -0.1910   0.1003   0.1358   0.0043   0.0901
  0.1084  -0.2130   0.1031   0.1195   0.0008   0.0947
  0.1101  -0.2375   0.0823   0.1590  -0.0028   0.0818
  0.1154  -0.2067   0.0791   0.1425  -0.0061   0.0807
  0.0996  -0.2134   0.0853   0.1526   0.0034   0.0763
  0.1144  -0.2077   0.0901   0.1549   0.0011   0.0799
  0.1172  -0.2121   0.0922   0.1597  -0.0071   0.0684
  0.1166  -0.1912   0.0881   0.1535  -0.0003   0.0615
  0.1214  -0.1900   0.0832   0.1325   0.0033   0.0617
  0.1139  -0.1926   0.0837   0.1359  -0.0050   0.0618
  0.1160  -0.1822   0.0774   0.1368  -0.0065   0.0589
  0.1218  -0.1822   0.0777   0.1236  -0.0017   0.0643
  0.1269  -0.1743   0.0786   0.1330  -0.0108   0.0646
  0.1230  -0.1269   0.0800   0.0993  -0.0091   0.0691
  0.1215  -0.1479   0.0813   0.1136  -0.0053   0.0599
  0.1141  -0.1758   0.0884   0.1240   0.0146   0.0584
  0.1130  -0.1628   0.0842   0.1255   0.0053   0.0640
  0.1103  -0.1298   0.0957   0.0951   0.0089   0.0694
  0.1140  -0.1337   0.0745   0.1036  -0.0246   0.0525
  0.1417  -0.1129   0.0309   0.0535  -0.0015   0.0698
  0.1438  -0.0779   0.0523   0.0651   0.0031   0.0571
  0.1412  -0.0800   0.0456   0.0683  -0.0076   0.0617
  0.1244  -0.0562   0.0591   0.0772   0.0003   0.0522
  0.1330  -0.0824   0.0551   0.0965  -0.0238   0.0406
  0.1141  -0.1102   0.0514   0.0815  -0.0036   0.0519
  0.1222  -0.0986   0.0517   0.0948  -0.0075   0.0498
  0.1187  -0.0968   0.0505   0.0893  -0.0088   0.0436
  0.1140  -0.0923   0.0441   0.0813  -0.0057   0.0476
  0.1065  -0.0788   0.0451   0.0790  -0.0003   0.0523
  0.0990  -0.0738   0.0472   0.0738  -0.0001   0.0518
  0.0998  -0.0718   0.0424   0.0677  -0.0107   0.0484
  0.0998  -0.0825   0.0397   0.0794  -0.0152   0.0371
  0.1057  -0.0780   0.0369   0.0720  -0.0118   0.0292
  0.1040  -0.0494   0.0464   0.0521  -0.0100   0.0455
  0.0957  -0.0418   0.0449   0.0503  -0.0066   0.0486
  0.0953  -0.0503   0.0500   0.0533  -0.0063   0.0462
  0.0964  -0.0480   0.0506   0.0350  -0.0194   0.0454
  0.0934  -0.1018   0.0474   0.0565  -0.0094   0.0363
  0.1019  -0.1094   0.0417   0.0973   0.0071   0.0147
  0.0990  -0.1085   0.0506   0.0761   0.0021   0.0237
  0.0803  -0.1243   0.0374   0.0685   0.0064   0.0229
  0.0815  -0.1071   0.0380   0.0849   0.0077   0.0124
  0.0783  -0.0735   0.0402   0.0643   0.0048   0.0148
  0.0713  -0.0726   0.0383   0.0646  -0.0021   0.0125
  0.0677  -0.0631   0.0360   0.0649   0.0006   0.0117
  0.0731  -0.0575   0.0365   0.0554  -0.0005   0.0145
  0.0690  -0.0570   0.0286   0.0492   0.0045   0.0182
  0.0809  -0.1011   0.0226   0.0734   0.0041   0.0099
  0.0814  -0.0809   0.0341   0.0725   0.0001   0.0069
  0.0693  -0.0699   0.0366   0.0436  -0.0064   0.0291
  0.0699  -0.0802   0.0301   0.0572   0.0049   0.0216
  0.0668  -0.0603   0.0407   0.0494   0.0110   0.0258
  0.0752  -0.0292   0.0388   0.0623   0.0186   0.0114
  0.0701  -0.0270   0.0448   0.0549   0.0090   0.0190
  0.0654  -0.0277   0.0329   0.0385   0.0219   0.0099
  0.0550  -0.0360   0.0295   0.0554   0.0126   0.0088
  0.0584  -0.0340   0.0378   0.0486   0.0127   0.0179
  0.0577  -0.0272   0.0405   0.0514   0.0179   0.0100
  0.0627  -0.0192   0.0506   0.0531   0.0034   0.0091
  0.0622  -0.0166   0.0477   0.0532   0.0095   0.0137
  0.0565  -0.0045   0.0565   0.0579   0.0113   0.0084
  0.0518   0.0054   0.0533   0.0436   0.0234   0.0057
  0.0470   0.0026   0.0542   0.0440   0.0148   0.0106
  0.0378   0.0049   0.0400   0.0398   0.0238   0.0013
  0.0391   0.0136   0.0560   0.0366   0.0217  -0.0121
  0.0202  -0.0247   0.0492   0.0982   0.0009  -0.0547
  0.0366  -0.0735   0.0084   0.0950   0.0062  -0.0520
  0.0551  -0.0698   0.0193   0.0987   0.0008  -0.0602
  0.0604  -0.0689   0.0208   0.1023   0.0075  -0.0537
  0.0505  -0.0621   0.0302   0.0950   0.0017  -0.0396
  0.0452  -0.0202   0.0270   0.0783   0.0105  -0.0322
  0.0488  -0.0161   0.0338   0.1044   0.0052  -0.0376
  0.0388  -0.0490   0.0247   0.1147   0.0006  -0.0473
  0.0229  -0.0452   0.0194   0.0943   0.0103  -0.0355
  0.0240  -0.0641   0.0168   0.0905   0.0129  -0.0420
  0.0294  -0.0479   0.0169   0.0608   0.0173  -0.0261
  0.0405  -0.0603   0.0200   0.0611   0.0021  -0.0244
  0.0475  -0.0513   0.0291   0.0680   0.0142  -0.0337
  0.0447  -0.0306   0.0277   0.0587   0.0104  -0.0329
  0.0372  -0.0386   0.0297   0.0522   0.0142  -0.0252
  0.0358  -0.0450   0.0366   0.0629   0.0159  -0.0243
  0.0381  -0.0281   0.0374   0.0570   0.0173  -0.0197
  0.0202   0.0262   0.0339   0.0115   0.0180  -0.0046
  0.0323  -0.0866   0.0050  -0.0268   0.0154   0.0225
  0.0193  -0.0722   0.0179   0.0284   0.0119  -0.0123
  0.0154  -0.0702   0.0280   0.0225  -0.0021  -0.0140
  0.0070  -0.0514   0.0183   0.0247   0.0150  -0.0136
 -0.0037  -0.0288   0.0123   0.0126   0.0172  -0.0147
 -0.0284  -0.0274   0.0033   0.0088   0.0237  -0.0156
 -0.0267  -0.0250   0.0080   0.0200   0.0035  -0.0226
 -0.0270  -0.0282   0.0045   0.0215   0.0030  -0.0220
 -0.0319  -0.0255   0.0061   0.0235   0.0053  -0.0241
 -0.0350  -0.0212   0.0003   0.0313   0.0020  -0.0138
 -0.0349  -0.0243  -0.0009   0.0321  -0.0074  -0.0245
 -0.0430  -0.0290  -0.0122   0.0009  -0.0050  -0.0127
 -0.0319  -0.0239  -0.0060   0.0005   0.0016  -0.0117
 -0.0231  -0.0178   0.0053   0.0058   0.0078  -0.0196
 -0.0267  -0.0374  -0.0100  -0.0098   0.0100  -0.0032
 -0.0264  -0.0245  -0.0227  -0.0098   0.0159  -0.0056
 -0.0311  -0.0136  -0.0160   0.0134   0.0105  -0.0121
 -0.0390  -0.0161  -0.0139   0.0178   0.0114  -0.0295
 -0.0344  -0.0223  -0.0227   0.0017   0.0097  -0.0343
 -0.0327  -0.0221  -0.0242   0.0104  -0.0005  -0.0334
 -0.0057  -0.0193  -0.0499  -0.0092  -0.0132  -0.0176
 -0.0202  -0.0172  -0.0687  -0.0633   0.0134   0.0156
 -0.0383   0.0046  -0.0226  -0.0029  -0.0101  -0.0206
 -0.0329  -0.0038  -0.0425  -0.0055   0.0145  -0.0219
 -0.0463  -0.0066  -0.0309  -0.0166   0.0067  -0.0146
 -0.0495   0.0157  -0.0393  -0.0194   0.0115  -0.0127
 -0.0535   0.0178  -0.0467  -0.0182   0.0075  -0.0142
 -0.0605   0.0152  -0.0450  -0.0383   0.0123  -0.0110
 -0.0614   0.0202  -0.0422  -0.0308   0.0123  -0.0117
 -0.0689   0.0151  -0.0489  -0.0224  -0.0077  -0.0218
 -0.0710   0.0151  -0.0511  -0.0166   0.0084  -0.0217
 -0.0634   0.0205  -0.0464  -0.0208  -0.0068  -0.0272
 -0.0690   0.0261  -0.0510  -0.0312   0.0018  -0.0223
 -0.0698   0.0259  -0.0442  -0.0319  -0.0085  -0.0217
 -0.0834   0.0385  -0.0515  -0.0405   0.0080  -0.0167
 -0.0813   0.0186  -0.0385  -0.0265   0.0033  -0.0296
 -0.0728   0.0534  -0.0496  -0.0695   0.0079  -0.0219
 -0.0816   0.0869  -0.0345  -0.0991   0.0123  -0.0100
 -0.0786   0.1022  -0.0354  -0.0865   0.0116  -0.0219
 -0.0785   0.1034  -0.0341  -0.0816   0.0073  -0.0222
 -0.0730   0.1330  -0.0418  -0.1116   0.0045  -0.0172
 -0.0559   0.1553  -0.0510  -0.1369   0.0046  -0.0122
 -0.0683   0.1315  -0.0548  -0.1248  -0.0038  -0.0063
 -0.0628   0.1263  -0.0519  -0.1218  -0.0041  -0.0075
 -0.0722   0.1367  -0.0548  -0.1246   0.0012  -0.0151
 -0.0765   0.1479  -0.0409  -0.1210   0.0023  -0.0182
 -0.0849   0.1605  -0.0303  -0.1322   0.0105  -0.0017
 -0.0839   0.1418  -0.0311  -0.1119   0.0024   0.0024
 -0.0763   0.1391  -0.0407  -0.1155  -0.0005  -0.0039
 -0.0792   0.1349  -0.0649  -0.1142   0.0036  -0.0077
 -0.0760   0.0961  -0.0599  -0.1155   0.0038  -0.0115
 -0.0837   0.0840  -0.0566  -0.1052   0.0125  -0.0235
 -0.0852   0.1092  -0.0593  -0.1080   0.0006  -0.0170
 -0.0830   0.1419  -0.0531  -0.1310   0.0094  -0.0095
 -0.0771   0.1516  -0.0531  -0.1243   0.0039  -0.0210
 -0.0890   0.1385  -0.0514  -0.1085   0.0014  -0.0351
 -0.0948   0.1425  -0.0454  -0.1099   0.0088  -0.0294
 -0.0901   0.1694  -0.0359  -0.1402  -0.0017  -0.0301
 -0.0985   0.1481  -0.0563  -0.1296   0.0040  -0.0325
 -0.0994   0.1216  -0.0529  -0.1443  -0.0098  -0.0247
 -0.1031   0.1095  -0.0601  -0.1154  -0.0022  -0.0300
 -0.1044   0.1431  -0.0609  -0.1139  -0.0057  -0.0298
 -0.1053   0.1286  -0.0624  -0.1041  -0.0063  -0.0310
 -0.0965   0.1442  -0.0586  -0.1081  -0.0172  -0.0232
 -0.0989   0.1413  -0.0627  -0.1024  -0.0062  -0.0338
 -0.1068   0.1664  -0.0660  -0.1169  -0.0062  -0.0319
 -0.1032   0.1729  -0.0685  -0.1198  -0.0084  -0.0316
 -0.1108   0.1512  -0.0687  -0.1284  -0.0079  -0.0305
 -0.1109   0.1719  -0.0723  -0.1329  -0.0038  -0.0301
 -0.1104   0.1820  -0.0630  -0.1332  -0.0095  -0.0303
 -0.1157   0.1899  -0.0693  -0.1388  -0.0098  -0.0346
 -0.1175   0.1754  -0.0737  -0.1260  -0.0112  -0.0299
 -0.1134   0.1725  -0.0762  -0.1242  -0.0160  -0.0311
 -0.1177   0.1914  -0.0728  -0.1317  -0.0184  -0.0337
 -0.1236   0.1757  -0.0764  -0.1311  -0.0053  -0.0283
 -0.1363   0.1682  -0.0760  -0.1227  -0.0124  -0.0333
 -0.1278   0.1795  -0.0747  -0.1248  -0.0346  -0.0325
 -0.1349   0.1760  -0.0683  -0.1420  -0.0246  -0.0359
 -0.1273   0.1851  -0.0739  -0.1388  -0.0227  -0.0430
 -0.1337   0.1710  -0.0794  -0.1391  -0.0176  -0.0502
 -0.1389   0.1524  -0.0825  -0.1215  -0.0375  -0.0438
 -0.1390   0.1611  -0.0662  -0.1285  -0.0368  -0.0414
 -0.1087   0.1361  -0.0875  -0.1415  -0.0373  -0.0406
 -0.1168   0.1407  -0.1084  -0.1917  -0.0153  -0.0042
 -0.1395   0.1781  -0.0699  -0.1510  -0.0214  -0.0326
 -0.1476   0.1529  -0.0918  -0.1572  -0.0201  -0.0331
 -0.1531   0.1656  -0.0918  -0.1523  -0.0208  -0.0383
 -0.1581   0.1558  -0.0889  -0.1481  -0.0274  -0.0376
 -0.1596   0.1302  -0.0900  -0.1315  -0.0141  -0.0424
 -0.1540   0.1285  -0.0934  -0.1305  -0.0281  -0.0419
 -0.1560   0.0745  -0.1126  -0.1134  -0.0199  -0.0488
