  0.3796  -0.0186   0.2663  -0.1685   0.1267   0.1043
  0.4507  -0.0440   0.4025  -0.1789   0.1983   0.1784
  0.4431  -0.1256   0.3930  -0.1393   0.2101   0.1520
  0.4514  -0.1396   0.3933  -0.1187   0.1822   0.1810
  0.4371  -0.1266   0.3687  -0.1213   0.1641   0.1730
  0.4379  -0.1396   0.3755  -0.1163   0.1562   0.1576
  0.4215  -0.1047   0.3522  -0.1968   0.1695   0.1483
  0.4216  -0.1215   0.3555  -0.1562   0.1626   0.1613
  0.4061  -0.1171   0.3452  -0.1862   0.1820   0.1624
  0.4070  -0.1133   0.3293  -0.1778   0.1675   0.1780
  0.3933  -0.1219   0.3181  -0.1678   0.1609   0.1683
  0.4015  -0.1029   0.3317  -0.1514   0.1635   0.1651
  0.3293  -0.1354   0.3180  -0.1583   0.1324   0.1613
  0.3093  -0.1530   0.3093  -0.1834   0.1438   0.2009
  0.3352  -0.0852   0.3020  -0.2243   0.1394   0.1557
  0.3177  -0.0617   0.2947  -0.2054   0.1353   0.1913
  0.3254  -0.0732   0.2992  -0.1425   0.1491   0.1530
  0.3027  -0.0474   0.2631  -0.1150   0.1388   0.1799
  0.3194  -0.0037   0.2842  -0.0842   0.1578   0.1215
  0.2771  -0.0471   0.3101   0.1095   0.1887   0.1915
  0.1813  -0.1959   0.1016   0.2595  -0.0189  -0.1014
  0.2783  -0.0634   0.1276  -0.0427   0.1014  -0.0962
  0.2686   0.0326   0.1530   0.0582   0.0921   0.0575
  0.2499  -0.0255   0.1457   0.0790   0.0833   0.0110
  0.2470  -0.0119   0.1634   0.0522   0.1043   0.0573
  0.2410  -0.0298   0.1558   0.0990   0.1100   0.0420
  0.2528  -0.0148   0.1777   0.0649   0.1235   0.0357
  0.2467  -0.0284   0.1675   0.0732   0.1238   0.0392
  0.2443  -0.0599   0.1511  -0.0106   0.1109   0.0606
  0.2295  -0.0566   0.1600   0.0058   0.1187   0.0572
  0.2238  -0.0385   0.1485   0.0097   0.1140   0.0588
  0.2192  -0.0584   0.1577   0.0207   0.1151   0.0578
  0.1923  -0.0803   0.1474   0.0524   0.0829   0.0518
  0.1296  -0.0777   0.1222   0.0915   0.0582   0.0678
  0.1422  -0.0793   0.1197   0.1122   0.0395   0.0521
  0.1221  -0.0767   0.1502   0.1297   0.0459   0.0758
  0.1443  -0.1564   0.1833   0.1911   0.0429   0.0513
  0.1717  -0.1369   0.2434   0.0622   0.1176   0.0684
  0.1549  -0.1986   0.2460   0.1976   0.0872   0.0707
  0.1545  -0.1843   0.2077   0.1342   0.1111   0.0937
  0.1512  -0.2340   0.2090   0.1352   0.0946   0.0812
  0.1535  -0.2198   0.1973   0.0667   0.1239   0.1149
  0.1444  -0.2736   0.2070   0.1510   0.1005   0.0994
  0.1551  -0.1892   0.1798   0.1603   0.1309   0.0978
  0.1437  -0.1953   0.1748   0.1783   0.1002   0.0761
  0.1089   0.0030   0.1047   0.0807   0.0545   0.0958
  0.0379   0.1963  -0.0137  -0.2015  -0.0115   0.0841
  0.0158   0.1541  -0.0163  -0.1186   0.0325   0.1191
  0.0178   0.1482  -0.0025  -0.0453  -0.0218   0.0498
  0.0240   0.1924  -0.0269  -0.1353   0.0596   0.1122
  0.0321   0.1722  -0.0266  -0.2332  -0.0678   0.0292
  0.0816   0.0642  -0.2218  -0.4214  -0.3154  -0.2073
  0.1465   0.5271  -0.1853   0.0635  -0.2350  -0.4407
  0.1249   0.5858  -0.1074   0.0906  -0.1808  -0.2748
  0.0796   0.5480  -0.1542  -0.1124  -0.1253  -0.1660
  0.0599   0.5514  -0.1134   0.0633  -0.1352  -0.1724
  0.0491   0.5364  -0.1473  -0.0114  -0.1162  -0.1768
  0.0485   0.4971  -0.1060   0.0612  -0.1130  -0.1373
  0.0201   0.4209  -0.1438  -0.0524  -0.1251  -0.1864
  0.0266   0.5177  -0.1084  -0.0138  -0.1100  -0.0521
 -0.0168   0.2072  -0.2198  -0.1340  -0.2008  -0.4456
 -0.0229   0.2045  -0.1752  -0.3919  -0.2398  -0.5214
  0.0969   0.4340  -0.0923  -0.0692  -0.0047  -0.0062
  0.1068   0.3378  -0.1012   0.2651  -0.0329  -0.2073
  0.0751   0.1599  -0.0764  -0.1270  -0.0698  -0.0485
  0.0354  -0.0055  -0.0803  -0.1913  -0.1120  -0.0811
  0.0217   0.1115  -0.0958   0.0661  -0.1046  -0.0554
  0.0069   0.0982  -0.1226  -0.0381  -0.1084  -0.1057
  0.0056   0.1446  -0.1205   0.0199  -0.0924  -0.0638
 -0.0063   0.0821  -0.1307  -0.0959  -0.0860  -0.0826
 -0.0061   0.0994  -0.1210  -0.0453  -0.0778  -0.0513
 -0.0086   0.0645  -0.1007  -0.0782  -0.0903  -0.0832
 -0.0028   0.0930  -0.1183  -0.0826  -0.0713  -0.0447
 -0.0167   0.0996  -0.1309  -0.0695  -0.0873  -0.0894
 -0.0233   0.1019  -0.1179  -0.0143  -0.0837  -0.0721
 -0.0221   0.0710  -0.1291   0.0079  -0.0771  -0.0794
 -0.0318   0.0912  -0.1155  -0.0177  -0.0645  -0.0591
 -0.0103   0.0516  -0.1086  -0.0145  -0.0942  -0.0859
  0.0076   0.0701  -0.1026   0.0796  -0.0832  -0.0704
 -0.0060   0.0735  -0.0976  -0.0530  -0.0869  -0.0908
 -0.0153   0.0543  -0.1014   0.0007  -0.0840  -0.0493
 -0.0258   0.0659  -0.0981   0.0295  -0.0831  -0.0926
  0.0097   0.0522  -0.0659  -0.0120  -0.0579  -0.0545
  0.0032   0.0341  -0.0811  -0.0059  -0.0577  -0.0785
  0.0114   0.0220  -0.0660   0.0026  -0.0548  -0.0722
  0.0233   0.0242  -0.0833  -0.0184  -0.0562  -0.0780
  0.0070   0.0419  -0.0916  -0.0085  -0.0510  -0.0728
 -0.0018   0.0280  -0.0803  -0.0035  -0.0578  -0.0841
 -0.0018   0.0221  -0.0907   0.0158  -0.0421  -0.0608
 -0.0128   0.0140  -0.0845   0.0237  -0.0557  -0.0852
 -0.0126   0.0292  -0.0881  -0.0308  -0.0412  -0.0516
 -0.0078   0.0063  -0.0937   0.0234  -0.0502  -0.0627
 -0.0096  -0.0008  -0.0840  -0.0115  -0.0392  -0.0568
 -0.0177   0.0043  -0.0938   0.0084  -0.0507  -0.0493
 -0.0201  -0.0058  -0.0957  -0.0162  -0.0481  -0.0485
 -0.0203  -0.0082  -0.0659   0.0074  -0.0490  -0.0584
 -0.0210  -0.0063  -0.0870  -0.0042  -0.0320  -0.0548
 -0.0298   0.0034  -0.0719   0.0169  -0.0483  -0.0705
 -0.0387  -0.0016  -0.0909  -0.0040  -0.0505  -0.0495
 -0.0258   0.0155  -0.0889   0.0158  -0.0418  -0.0604
 -0.0213   0.0651   0.0151   0.2147   0.0790  -0.0254
 -0.0733  -0.0320  -0.0764   0.1399  -0.0588  -0.0421
 -0.0458   0.0001  -0.1116   0.0752  -0.0442  -0.0577
 -0.0643  -0.0111  -0.1160   0.0755  -0.0418  -0.0564
 -0.0405  -0.0212  -0.1123   0.0245  -0.0252  -0.0730
 -0.0738  -0.0392  -0.1231   0.0159  -0.0283  -0.0570
 -0.0999  -0.0343  -0.1072   0.0509  -0.0423  -0.0365
 -0.0881  -0.0359  -0.1198   0.0110  -0.0385  -0.0478
 -0.0964  -0.0429  -0.1269  -0.0263  -0.0366  -0.0282
 -0.1026  -0.0612  -0.1278  -0.0518  -0.0522  -0.0454
 -0.0941  -0.0549  -0.1234  -0.0389  -0.0334  -0.0323
 -0.0882  -0.0517  -0.1130  -0.0310  -0.0412  -0.0305
 -0.0881  -0.0599  -0.1226  -0.0226  -0.0493  -0.0198
 -0.0998  -0.0483  -0.1200  -0.0282  -0.0584  -0.0323
 -0.0995  -0.0580  -0.1132  -0.0346  -0.0533  -0.0164
 -0.1026  -0.0598  -0.1215  -0.0494  -0.0454  -0.0218
 -0.1044  -0.0616  -0.1073  -0.0664  -0.0494  -0.0158
 -0.1201  -0.0569  -0.1179  -0.0454  -0.0585  -0.0128
 -0.1210  -0.0681  -0.1174  -0.0247  -0.0567  -0.0223
 -0.1251  -0.0549  -0.1253  -0.0610  -0.0505  -0.0034
 -0.1253  -0.0626  -0.1337  -0.0501  -0.0527  -0.0073
 -0.1283  -0.0493  -0.1379  -0.0517  -0.0453  -0.0257
 -0.1369  -0.0595  -0.1232  -0.0080  -0.0525  -0.0110
 -0.1325  -0.0499  -0.1341  -0.0294  -0.0579  -0.0062
 -0.1373  -0.0511  -0.1306  -0.0250  -0.0547  -0.0320
 -0.1345  -0.0501  -0.1234  -0.0354  -0.0640  -0.0198
 -0.1368  -0.0640  -0.1356  -0.0517  -0.0498  -0.0149
 -0.1373  -0.0761  -0.1227   0.0096  -0.0722  -0.0174
 -0.1344  -0.0626  -0.1323  -0.0301  -0.0571  -0.0225
 -0.1629  -0.1123  -0.1149  -0.0871  -0.1614  -0.0304
 -0.1191  -0.0169   0.2353   0.1715   0.1258   0.0797
 -0.1513  -0.0527   0.0369   0.0145   0.0639   0.0163
 -0.1555  -0.0196   0.0160   0.0881   0.0287   0.0292
 -0.1567  -0.0304  -0.0091   0.0612   0.0427   0.0057
 -0.1652  -0.0135  -0.0168  -0.0045   0.0204   0.0168
 -0.1688  -0.0253  -0.0226   0.0178   0.0352   0.0259
 -0.1779  -0.0301  -0.0354  -0.0026   0.0252   0.0218
 -0.1802  -0.0438  -0.0290   0.0018   0.0266   0.0157
 -0.1798  -0.0313  -0.0194   0.0148   0.0266   0.0351
 -0.1857  -0.0366  -0.0419   0.0486   0.0180   0.0232
 -0.1802  -0.0321  -0.0306   0.1091   0.0143   0.0101
 -0.1770  -0.0339  -0.0414   0.0581   0.0376   0.0297
 -0.1806  -0.0432  -0.0364   0.0498   0.0119   0.0322
 -0.1811  -0.0453  -0.0417   0.0290   0.0129   0.0256
 -0.1826  -0.0375  -0.0433   0.0223   0.0205   0.0335
 -0.1828  -0.0493  -0.0360   0.0137  -0.0009   0.0216
 -0.1821  -0.0396  -0.0366   0.0273   0.0143   0.0381
 -0.1859  -0.0376  -0.0337   0.0417   0.0232   0.0340
 -0.1928  -0.0500  -0.0335   0.0639   0.0230   0.0253
 -0.2089  -0.0412  -0.0603   0.0944  -0.0081   0.0211
 -0.2168  -0.0271  -0.0531   0.0884  -0.0130   0.0097
 -0.2123  -0.0216  -0.0523   0.0833  -0.0089   0.0221
 -0.2084  -0.0432  -0.0504   0.0875  -0.0138   0.0160
 -0.2088  -0.0624  -0.0340   0.1195  -0.0078   0.0158
 -0.2332  -0.0527  -0.0841   0.0833  -0.0415   0.0291
 -0.2054  -0.0496  -0.0246   0.1049  -0.0096   0.0073
 -0.2081  -0.0318  -0.0228   0.1427   0.0296   0.0178
 -0.2142  -0.0315  -0.0325   0.1073   0.0125   0.0163
 -0.2242  -0.0267  -0.0347   0.1028   0.0026   0.0269
 -0.2191  -0.0369  -0.0487   0.0710   0.0011   0.0320
 -0.2229  -0.0467  -0.0428   0.0830  -0.0104   0.0224
 -0.2244  -0.0391  -0.0477   0.0752  -0.0016   0.0343
 -0.2218  -0.0501  -0.0496   0.0646   0.0009   0.0328
 -0.2229  -0.0543  -0.0426   0.0285  -0.0085   0.0188
 -0.2296  -0.0417  -0.0529   0.0428  -0.0030   0.0289
 -0.2327  -0.0489  -0.0501   0.0733  -0.0172   0.0199
 -0.2255  -0.0466  -0.0391   0.0385  -0.0078   0.0431
 -0.2229  -0.0464  -0.0439   0.0278  -0.0035   0.0398
 -0.2256  -0.0450  -0.0493   0.0327  -0.0068   0.0347
 -0.2272  -0.0374  -0.0523   0.0496   0.0033   0.0400
 -0.2223  -0.0513  -0.0525   0.0499   0.0031   0.0143
 -0.2333  -0.0382  -0.0453   0.0304   0.0053   0.0234
 -0.2412  -0.0489  -0.0547   0.0608  -0.0041   0.0320
 -0.2318  -0.0456  -0.0438  -0.0224   0.0144   0.0271
 -0.2579  -0.0605  -0.0502   0.0459  -0.0238   0.0460
 -0.2530  -0.0546  -0.0605   0.0296  -0.0159   0.0455
