  0.1915   0.2581   0.0937   0.0535  -0.0028  -0.1557
  0.2277   0.2663   0.0861   0.0932   0.0601  -0.1745
  0.2143   0.2554   0.1018   0.0703   0.0123  -0.1533
  0.2195   0.2354   0.0833   0.0886   0.0360  -0.1597
  0.2264   0.2558   0.0981   0.0696   0.0349  -0.1557
  0.2213   0.2533   0.0995   0.0812   0.0350  -0.1615
  0.2154   0.2456   0.0905   0.0846   0.0436  -0.1567
  0.2123   0.2540   0.0996   0.0733   0.0310  -0.1613
  0.2041   0.2316   0.0809   0.0718   0.0553  -0.1538
  0.1984   0.2469   0.0900   0.0678   0.0332  -0.1792
  0.1982   0.2033   0.1026   0.0732   0.0225  -0.1599
  0.2053   0.1785   0.0977   0.0515   0.0351  -0.1285
  0.1941   0.2498   0.1076   0.0247   0.0170  -0.1447
  0.2004   0.2374   0.0959   0.0283   0.0230  -0.1394
  0.1857   0.2388   0.0795   0.0682   0.0323  -0.1431
  0.1917   0.2472   0.0832   0.0477   0.0272  -0.1515
  0.1801   0.2292   0.0764   0.0649   0.0278  -0.1469
  0.1835   0.2595   0.0800   0.0607   0.0288  -0.1395
  0.1812   0.2771   0.0862   0.0490   0.0398  -0.1495
  0.1785   0.2727   0.0842   0.0550   0.0402  -0.1506
  0.1748   0.2593   0.0855   0.0535   0.0253  -0.1464
  0.1658   0.2702   0.0792   0.0421   0.0275  -0.1631
  0.1647   0.2894   0.0851   0.0268   0.0241  -0.1656
  0.1583   0.2574   0.0800   0.0415   0.0257  -0.1576
  0.1665   0.2692   0.0808   0.0303   0.0400  -0.1681
  0.1563   0.2926   0.0768   0.0290   0.0471  -0.1608
  0.1533   0.2810   0.0850   0.0062   0.0278  -0.1527
  0.1599   0.2733   0.0840   0.0351   0.0280  -0.1597
  0.1502   0.2590   0.0831   0.0268  -0.0032  -0.1456
  0.1489   0.2761   0.0852   0.0257   0.0196  -0.1442
  0.1561   0.2583   0.0857   0.0270   0.0178  -0.1237
  0.1491   0.2715   0.0801   0.0286   0.0208  -0.1281
  0.1362   0.2802   0.0704   0.0114   0.0279  -0.1291
  0.1466   0.2724   0.0809   0.0237   0.0149  -0.1303
  0.1348   0.2787   0.0684   0.0174   0.0293  -0.1235
  0.1386   0.2766   0.0800   0.0307   0.0166  -0.1356
  0.1258   0.2727   0.0778   0.0466   0.0176  -0.1355
  0.1298   0.2811   0.0826   0.0419   0.0156  -0.1345
  0.1215   0.2874   0.0804   0.0374   0.0040  -0.1360
  0.1134   0.2781   0.0662   0.0484   0.0193  -0.1397
  0.1051   0.2844   0.0613   0.0495   0.0369  -0.1457
  0.1121   0.2985   0.0652   0.0428   0.0100  -0.1391
  0.1076   0.2741   0.0607   0.0471   0.0112  -0.1494
  0.1034   0.2825   0.0675   0.0304   0.0164  -0.1358
  0.0971   0.2682   0.0714   0.0261  -0.0085  -0.1290
  0.0866   0.2905   0.0780   0.0383  -0.0056  -0.1355
  0.0790   0.2646   0.0707   0.0323   0.0050  -0.1320
  0.0759   0.2748   0.0674   0.0221   0.0025  -0.1388
  0.0786   0.2730   0.0735   0.0137   0.0052  -0.1275
  0.0823   0.2850   0.0614   0.0023   0.0098  -0.1324
  0.0837   0.2759   0.0680   0.0097   0.0150  -0.1392
  0.0740   0.2816   0.0529   0.0258   0.0194  -0.1351
  0.0636   0.2607   0.0539   0.0356  -0.0050  -0.1410
  0.0693   0.2644   0.0541   0.0300   0.0062  -0.1356
  0.0695   0.2373   0.0457   0.0304   0.0009  -0.1196
  0.0762   0.2537   0.0439   0.0607   0.0231  -0.1511
  0.0635   0.2354   0.0547   0.0362  -0.0023  -0.1382
  0.0658   0.2551   0.0453   0.0399   0.0232  -0.1455
  0.0572   0.2131   0.0375   0.0249   0.0036  -0.1098
  0.0614   0.2916   0.0375   0.0462   0.0320  -0.1638
  0.0369   0.1420   0.0617   0.0580  -0.0734  -0.0863
  0.0384   0.1612   0.0577   0.1029  -0.0995  -0.1223
 -0.1185  -0.1578  -0.0277  -0.0731   0.0100   0.0970
 -0.1641  -0.6164  -0.0719  -0.0082   0.0081   0.2102
 -0.1243  -0.4447  -0.1147   0.0863   0.0004   0.0947
 -0.1695  -0.4787  -0.0516   0.0470  -0.1084   0.1576
 -0.1591  -0.4368  -0.0373   0.0686  -0.1040   0.1279
 -0.1539  -0.4608  -0.0444   0.0668  -0.1121   0.1338
 -0.1596  -0.4414  -0.0508   0.0864  -0.0879   0.1068
 -0.1621  -0.4645  -0.0389   0.0825  -0.0939   0.1199
 -0.1554  -0.4319  -0.0405   0.0764  -0.0769   0.1163
 -0.1390  -0.4342  -0.0218   0.0598  -0.0955   0.1216
 -0.1438  -0.4080  -0.0284   0.0650  -0.0772   0.1071
 -0.1335  -0.4070  -0.0196   0.0482  -0.0520   0.1138
 -0.1237  -0.4231  -0.0240   0.0634  -0.0737   0.1029
 -0.1153  -0.3766  -0.0389   0.0478  -0.0466   0.0883
 -0.1275  -0.3588  -0.0312   0.0721  -0.0278   0.0765
 -0.1165  -0.3172  -0.0183   0.0579  -0.0217   0.0774
 -0.1041  -0.2834  -0.0009   0.0650  -0.0331   0.0715
 -0.1016  -0.2731   0.0107   0.0442  -0.0309   0.0761
 -0.1066  -0.2790   0.0141   0.0565  -0.0396   0.0698
 -0.1059  -0.2667   0.0204   0.0397  -0.0243   0.0619
 -0.1050  -0.2770   0.0162   0.0433  -0.0309   0.0647
 -0.1054  -0.2506   0.0145   0.0308  -0.0199   0.0604
 -0.1090  -0.2693   0.0201   0.0457  -0.0340   0.0644
 -0.1039  -0.2064  -0.0043  -0.0007   0.0443   0.0428
 -0.1091  -0.2092   0.0202   0.0314   0.0015   0.0508
 -0.1272  -0.1571   0.0279   0.0009  -0.0250   0.0568
 -0.1460  -0.2226   0.0295   0.0244  -0.0313   0.0723
 -0.1591  -0.1424   0.0301   0.0113  -0.0193   0.0578
 -0.1208  -0.1725   0.0399   0.0292  -0.0451   0.0635
 -0.1034  -0.0713   0.0285  -0.0013  -0.0552   0.0542
 -0.1341  -0.1467   0.0110   0.0400  -0.0022   0.0484
 -0.1109  -0.0129   0.0339  -0.0175  -0.0415   0.0279
 -0.1079  -0.7180  -0.0431   0.2652   0.0393   0.0279
 -0.0448  -0.2166  -0.0148  -0.0743  -0.0082   0.0508
 -0.0262   1.2383  -0.1294  -0.4473  -0.0551  -0.0398
 -0.0203   1.1293  -0.1553  -0.2604  -0.0448  -0.0746
 -0.0304   1.1019  -0.1172  -0.3012  -0.0662  -0.0550
 -0.0569   0.9160  -0.1273  -0.2410  -0.0532  -0.0365
 -0.0746   0.9736  -0.1340  -0.2900  -0.0231  -0.0545
 -0.0824   0.8239  -0.1303  -0.2468  -0.0338  -0.0286
 -0.0938   0.8921  -0.1342  -0.2986  -0.0273  -0.0211
 -0.0930   0.8037  -0.1374  -0.2786  -0.0303  -0.0160
 -0.0990   0.8529  -0.1293  -0.3105  -0.0397  -0.0106
 -0.1061   0.7479  -0.1292  -0.2670  -0.0288   0.0003
 -0.1007   0.8133  -0.1275  -0.2805  -0.0446  -0.0174
 -0.0915   0.7178  -0.1174  -0.2235  -0.0553  -0.0153
 -0.0776   0.7944  -0.1082  -0.2609  -0.0474  -0.0355
 -0.0723   0.6574  -0.0988  -0.2081  -0.0525  -0.0215
 -0.0868   0.8018  -0.1168  -0.2790  -0.0399  -0.0165
 -0.0954   0.6468  -0.1084  -0.2523  -0.0199   0.0115
 -0.0922   0.8587  -0.1250  -0.3125  -0.0265  -0.0161
 -0.0536   0.0013  -0.0352  -0.0838   0.0173   0.0516
 -0.0370  -0.4751  -0.0097   0.0191   0.0084   0.0841
 -0.0238  -0.6214   0.0233   0.0535   0.0228   0.1441
 -0.0464  -0.7250   0.0638   0.0635   0.0304   0.1978
 -0.0580  -0.5829   0.0361   0.0196   0.0218   0.1666
 -0.0519  -0.5976   0.0440   0.0324   0.0269   0.1831
 -0.0448  -0.5196   0.0390   0.0157   0.0249   0.1651
 -0.0640  -0.5272   0.0372   0.0186   0.0300   0.1765
 -0.0571  -0.4886   0.0193  -0.0007   0.0270   0.1697
 -0.0487  -0.4840   0.0146   0.0381   0.0394   0.1457
 -0.0516  -0.4583   0.0087   0.0252   0.0204   0.1411
 -0.0495  -0.4618   0.0067   0.0441   0.0255   0.1299
 -0.0579  -0.4547  -0.0123   0.0287   0.0264   0.1247
 -0.0480  -0.4645  -0.0104   0.0326   0.0350   0.1167
 -0.0250  -0.4397  -0.0116   0.0670   0.0298   0.0943
 -0.0296  -0.3824  -0.0285   0.0447   0.0446   0.0966
 -0.0252  -0.3409  -0.0464   0.0236   0.0215   0.0758
 -0.0197  -0.3367  -0.0343   0.0672   0.0178   0.0635
 -0.0267  -0.2935  -0.0434   0.0406   0.0152   0.0821
 -0.0223  -0.2865  -0.0375   0.0096   0.0195   0.0780
 -0.0226  -0.2364  -0.0369   0.0137   0.0141   0.0890
 -0.0214  -0.2897  -0.0233   0.0111   0.0210   0.0771
 -0.0342  -0.4236  -0.0007   0.0699   0.0470   0.0641
 -0.0414  -0.3556  -0.0412   0.0373   0.0518   0.0809
 -0.0361  -0.2929  -0.0325   0.0314   0.0394   0.0753
 -0.0517  -0.2559  -0.0463   0.0252   0.0338   0.0775
 -0.0418  -0.2388  -0.0478   0.0168   0.0208   0.0626
 -0.0480  -0.2519  -0.0350   0.0138   0.0291   0.0585
 -0.0465  -0.2673  -0.0429   0.0346   0.0269   0.0631
 -0.0349  -0.2542  -0.0475   0.0421   0.0099   0.0593
 -0.0457  -0.2874  -0.0569   0.0398   0.0151   0.0804
 -0.0534  -0.2425  -0.0471   0.0095  -0.0168   0.0992
 -0.0606  -0.2281  -0.0514  -0.0025   0.0027   0.0757
 -0.0560  -0.2344  -0.0484   0.0086  -0.0088   0.0917
 -0.0707  -0.2405  -0.0464  -0.0112   0.0076   0.1137
 -0.0656  -0.2251  -0.0555  -0.0256  -0.0042   0.1015
 -0.0612  -0.2170  -0.0649  -0.0294   0.0040   0.0966
 -0.0516  -0.2122  -0.0588  -0.0116  -0.0007   0.1002
 -0.0508  -0.1857  -0.0553  -0.0130   0.0086   0.0907
 -0.0510  -0.1851  -0.0535  -0.0189   0.0036   0.0954
 -0.0357  -0.1752  -0.0583   0.0008   0.0125   0.0763
 -0.0441  -0.1732  -0.0560  -0.0069   0.0108   0.0845
 -0.0446  -0.1869  -0.0546   0.0116   0.0019   0.0693
 -0.0440  -0.1946  -0.0554   0.0124   0.0224   0.0772
 -0.0571  -0.1902  -0.0697  -0.0008   0.0192   0.0873
 -0.0689  -0.1895  -0.0733  -0.0027   0.0430   0.0901
 -0.0578  -0.1947  -0.0618  -0.0079   0.0091   0.0851
 -0.0662  -0.1961  -0.0471  -0.0331  -0.0287   0.1155
 -0.0653  -0.1789  -0.0530  -0.0338  -0.0071   0.1015
 -0.0627  -0.1795  -0.0553  -0.0200  -0.0155   0.1023
 -0.0661  -0.1773  -0.0505  -0.0189  -0.0072   0.1123
 -0.0672  -0.1772  -0.0524  -0.0407  -0.0078   0.1232
 -0.0593  -0.1797  -0.0386  -0.0532  -0.0157   0.1184
 -0.0658  -0.1863  -0.0679  -0.0500  -0.0004   0.1060
 -0.0486  -0.1681  -0.0628  -0.0456   0.0082   0.0995
 -0.0567  -0.1700  -0.0667  -0.0243   0.0090   0.0887
 -0.0623  -0.1737  -0.0687  -0.0168   0.0063   0.0853
 -0.0581  -0.1950  -0.0671   0.0027   0.0094   0.0866
 -0.0469  -0.1843  -0.0576  -0.0243  -0.0185   0.0932
 -0.0483  -0.1747  -0.0567  -0.0149  -0.0191   0.0950
 -0.0529  -0.1717  -0.0666  -0.0099   0.0064   0.0905
 -0.0518  -0.2005  -0.0674  -0.0099  -0.0224   0.1029
 -0.0497  -0.1771  -0.0705  -0.0081   0.0037   0.0852
