  0.0113   0.1703  -0.1376   0.1505  -0.0721   0.0309
  0.0644   0.1988  -0.1222   0.1715  -0.0400   0.0057
  0.0477   0.1993  -0.1177   0.1566  -0.0419   0.0168
  0.0624   0.1799  -0.0931   0.1595  -0.0131   0.0216
  0.0251   0.1881  -0.1075   0.1851  -0.0556   0.0128
  0.0340   0.2362  -0.1276   0.1566  -0.0624  -0.0023
  0.0201   0.1720  -0.1181   0.1659  -0.0622   0.0243
 -0.0235   0.1467  -0.0738   0.1176  -0.0827   0.0398
  0.0085   0.1655  -0.0820   0.1322  -0.0898   0.0185
 -0.0042   0.1419  -0.0731   0.1136  -0.0590   0.0436
  0.0137   0.1400  -0.0841   0.1914  -0.0779   0.0186
  0.0233   0.1428  -0.0740   0.0968  -0.0417   0.0495
  0.0718   0.1159  -0.1028   0.0940  -0.0543   0.0261
  0.0337   0.0743  -0.1092   0.0555  -0.0316   0.0562
  0.0379   0.1010  -0.0639   0.1113  -0.0874   0.0269
  0.0392   0.0852  -0.0740   0.0983  -0.0639   0.0369
  0.0352   0.0946  -0.0648   0.1264  -0.0737   0.0174
  0.0131   0.0820  -0.0697   0.1264  -0.0604   0.0191
  0.0227   0.0677  -0.0741   0.1229  -0.0645   0.0097
  0.0061   0.0598  -0.0480   0.1149  -0.0573   0.0341
  0.0215   0.0587  -0.0435   0.1356  -0.0579   0.0307
  0.0058   0.0729  -0.0555   0.1333  -0.0430   0.0394
  0.0085   0.0750  -0.0623   0.1127  -0.0541   0.0271
  0.0250   0.0679  -0.0487   0.1378  -0.0423   0.0241
  0.0085   0.0607  -0.0418   0.1376  -0.0343   0.0283
  0.0269   0.0358  -0.0415   0.1398  -0.0227   0.0391
  0.0407   0.0358  -0.0459   0.1342  -0.0133   0.0368
  0.0126   0.0634  -0.0651   0.1280  -0.0193   0.0343
  0.0065   0.0637  -0.0753   0.1448  -0.0240   0.0219
 -0.0054   0.0741  -0.0774   0.1379  -0.0222   0.0291
  0.0051   0.0797  -0.0668   0.1237  -0.0259   0.0195
 -0.0059   0.0659  -0.0709   0.1085  -0.0275   0.0201
 -0.0002   0.0887  -0.0751   0.0987  -0.0396   0.0171
 -0.0095   0.0831  -0.0801   0.0824  -0.0278   0.0232
  0.0279   0.0889  -0.0789   0.0789  -0.0325   0.0047
 -0.0168   0.0785  -0.1226   0.0522  -0.0433   0.0224
 -0.0325   0.1105  -0.1001   0.0548  -0.0617   0.0290
 -0.0275   0.1049  -0.0907   0.0818  -0.0684   0.0197
 -0.0233   0.0888  -0.0830   0.0800  -0.0587   0.0222
 -0.0226   0.0976  -0.0888   0.0799  -0.0703   0.0179
 -0.0304   0.0960  -0.0927   0.0558  -0.0636   0.0225
 -0.0163   0.1015  -0.0966   0.0610  -0.0570   0.0148
 -0.0417   0.1187  -0.1011   0.0376  -0.0668   0.0195
 -0.0485   0.1037  -0.0950   0.0345  -0.0676   0.0314
 -0.0408   0.1091  -0.1091   0.0443  -0.0638   0.0211
 -0.0409   0.0930  -0.0989   0.0338  -0.0526   0.0337
 -0.0383   0.1093  -0.0960   0.0271  -0.0694   0.0249
 -0.0467   0.1161  -0.1008   0.0374  -0.0636   0.0121
 -0.0408   0.1090  -0.1057   0.0138  -0.0638   0.0178
 -0.0486   0.1157  -0.1024   0.0152  -0.0604   0.0267
 -0.0555   0.1243  -0.1097   0.0526  -0.0795   0.0163
 -0.0591   0.1232  -0.1141   0.0314  -0.0761   0.0186
 -0.0576   0.1034  -0.1006   0.0553  -0.0659   0.0101
 -0.0442   0.1207  -0.1140   0.0229  -0.0647   0.0252
 -0.0605   0.1337  -0.1098   0.0321  -0.0724   0.0270
 -0.0629   0.1196  -0.1137   0.0427  -0.0655  -0.0031
 -0.0688   0.1233  -0.1003   0.0455  -0.0695  -0.0106
 -0.0843   0.1136  -0.0977   0.0106  -0.0655  -0.0073
 -0.0719   0.1040  -0.0878   0.0070  -0.0636   0.0074
 -0.0614   0.0912  -0.0906   0.0350  -0.0626   0.0011
 -0.0783   0.0904  -0.0857   0.0709  -0.0747   0.0053
 -0.0883   0.0826  -0.0809   0.0448  -0.0723   0.0150
 -0.0880   0.0990  -0.0847   0.0559  -0.0797   0.0207
 -0.1049   0.1028  -0.0912   0.0468  -0.0941   0.0240
 -0.1044   0.0729  -0.0987   0.0790  -0.1060   0.0167
 -0.1055   0.0886  -0.1005   0.0794  -0.1081   0.0069
 -0.1154   0.0693  -0.0985   0.0689  -0.0914   0.0126
 -0.0868   0.0589  -0.0867   0.0195  -0.0779   0.0259
 -0.0862   0.0666  -0.0878   0.0466  -0.0832   0.0183
 -0.0959   0.0619  -0.0951   0.0425  -0.0869   0.0176
 -0.0940   0.0659  -0.0850   0.0441  -0.0783   0.0175
 -0.1031   0.0691  -0.0888   0.0734  -0.0808   0.0088
 -0.0983   0.0590  -0.0752   0.0580  -0.0732   0.0141
 -0.1094   0.0656  -0.0821   0.0687  -0.0738   0.0092
 -0.1066   0.0710  -0.0971   0.0279  -0.0772   0.0170
 -0.1225   0.0740  -0.0947   0.0918  -0.0882   0.0036
 -0.1205   0.0781  -0.0849   0.0672  -0.0737   0.0053
 -0.1124   0.0713  -0.0808   0.0817  -0.0901  -0.0115
 -0.1077   0.0712  -0.0840   0.0540  -0.0626   0.0066
 -0.0902   0.0458  -0.0812   0.0802  -0.0614  -0.0105
 -0.0626   0.0446  -0.1103   0.0398  -0.0369  -0.0009
 -0.0698   0.0140  -0.0739  -0.0014  -0.0532   0.0097
 -0.0818   0.0236  -0.0351   0.0446  -0.0871  -0.0092
 -0.0588   0.0407  -0.0518   0.0087  -0.0472  -0.0048
 -0.0451   0.0409  -0.0391   0.0013  -0.0480  -0.0047
 -0.0327  -0.0137  -0.0791  -0.0152   0.0002   0.0106
  0.0024  -0.0480  -0.0711  -0.0233   0.0046  -0.0061
 -0.0016  -0.0328  -0.0240   0.0073  -0.0118  -0.0039
 -0.0105  -0.0374  -0.0153   0.0262  -0.0027  -0.0170
 -0.0669  -0.0082  -0.0599   0.1229  -0.0297  -0.0468
 -0.0483  -0.0182  -0.0539   0.0643  -0.0281  -0.0325
 -0.0327  -0.0221  -0.0301   0.0258  -0.0020  -0.0319
 -0.0512  -0.0093  -0.0026  -0.0638  -0.0161  -0.0017
  0.0367  -0.0785  -0.0401  -0.0622   0.0413   0.0247
 -0.0040  -0.1000   0.0396  -0.0616   0.0196   0.0501
 -0.0122  -0.0613   0.0625  -0.0206  -0.0165   0.0090
  0.0033  -0.0877   0.0471  -0.0360   0.0040   0.0260
 -0.0416  -0.0536   0.0530  -0.0396  -0.0227   0.0024
 -0.0195  -0.0446   0.0495  -0.0675   0.0089   0.0106
 -0.0156  -0.0609   0.0708  -0.0514  -0.0108   0.0061
  0.0054  -0.0706   0.0737  -0.0776   0.0214   0.0155
  0.0107  -0.0830   0.0909  -0.0371   0.0063   0.0105
 -0.0105  -0.0674   0.0846  -0.0757   0.0351   0.0197
  0.0177  -0.0939   0.0926  -0.0105  -0.0011   0.0061
  0.0447  -0.0882   0.0448  -0.0199   0.0363  -0.0010
  0.0522  -0.1345   0.0115  -0.1230   0.0932   0.0402
  0.0376  -0.1319   0.0678  -0.0909   0.0383   0.0275
  0.0778  -0.1425   0.0480  -0.0074   0.0266   0.0018
  0.0533  -0.1227   0.0540  -0.0410   0.0530   0.0082
  0.0578  -0.1144   0.0518  -0.0458   0.0481   0.0055
  0.0491  -0.1185   0.0564  -0.0545   0.0497   0.0102
  0.0444  -0.1128   0.0636  -0.0636   0.0459   0.0059
  0.0335  -0.1120   0.0623  -0.0732   0.0545   0.0060
  0.0362  -0.1128   0.0741  -0.0256   0.0490   0.0031
  0.0229  -0.1098   0.0756  -0.0307   0.0592   0.0049
  0.0459  -0.1350   0.0683  -0.0579   0.0692   0.0133
  0.0247  -0.1448   0.0454  -0.0939   0.0675   0.0210
  0.0306  -0.0976   0.0652  -0.0914   0.0240   0.0045
  0.0367  -0.1006   0.0730  -0.0627   0.0174   0.0022
  0.0157  -0.0964   0.0527  -0.0863   0.0327   0.0109
  0.0284  -0.0811   0.0658  -0.0536   0.0345  -0.0054
  0.0285  -0.0848   0.0527  -0.0879   0.0546   0.0014
  0.0165  -0.0838   0.0585  -0.0967   0.0311  -0.0031
  0.0166  -0.0797   0.0666  -0.1022   0.0383  -0.0014
  0.0107  -0.1037   0.0856  -0.0678   0.0491   0.0012
  0.0201  -0.0918   0.0836  -0.0398   0.0519  -0.0027
  0.0187  -0.1076   0.0807  -0.0513   0.0515   0.0036
  0.0371  -0.0892   0.0820  -0.0413   0.0508  -0.0021
  0.0457  -0.0647   0.0843  -0.0715   0.0616  -0.0182
  0.0854  -0.0833   0.1047  -0.1060   0.0969  -0.0096
  0.0559  -0.0285   0.0588  -0.0850   0.0243  -0.0539
  0.0479  -0.0345   0.0678  -0.1232   0.0625  -0.0346
  0.0562  -0.0356   0.0796  -0.1017   0.0559  -0.0313
  0.0338  -0.0571   0.0694  -0.0926   0.0583  -0.0412
  0.0214  -0.0396   0.0702  -0.0874   0.0431  -0.0224
  0.0198  -0.0447   0.0807  -0.0725   0.0554  -0.0237
  0.0301  -0.0352   0.0749  -0.0716   0.0485  -0.0241
  0.0333  -0.0562   0.0748  -0.0567   0.0653  -0.0338
  0.0531  -0.0440   0.0749  -0.1049   0.0812  -0.0355
  0.1006  -0.1204   0.0287  -0.0745   0.1007  -0.0344
  0.0408  -0.0920   0.0794  -0.1212   0.0621  -0.0153
  0.0468  -0.0694   0.0863  -0.1091   0.0632  -0.0249
  0.0329  -0.0597   0.0659  -0.1126   0.0530  -0.0194
  0.0217  -0.0846   0.0703  -0.0732   0.0550  -0.0336
  0.0294  -0.0748   0.0761  -0.0976   0.0552  -0.0404
  0.0402  -0.0804   0.0728  -0.0874   0.0637  -0.0397
  0.0192  -0.0489   0.0802  -0.1392   0.0491  -0.0313
  0.0724  -0.1611   0.0705  -0.1257   0.1253  -0.0134
  0.0232  -0.1807   0.0919  -0.1913   0.1172   0.0298
  0.0534  -0.1170   0.1727   0.0907  -0.0410  -0.0906
  0.1046  -0.1311   0.1557   0.0739  -0.0012  -0.1178
  0.0353  -0.0950   0.1161  -0.1655   0.1078  -0.0226
  0.0595  -0.1179   0.1420  -0.0690   0.0754  -0.0586
  0.0560  -0.0880   0.1159  -0.1415   0.0865  -0.0364
  0.0619  -0.1192   0.1320  -0.0817   0.0812  -0.0601
  0.0523  -0.1306   0.1371  -0.0582   0.0749  -0.0570
  0.0577  -0.1287   0.1341  -0.0845   0.0929  -0.0442
  0.0527  -0.1219   0.1222  -0.1314   0.1117  -0.0418
  0.0377  -0.1702   0.1386  -0.1078   0.1077  -0.0420
  0.0554  -0.1335   0.1569  -0.1249   0.0864  -0.0464
  0.0575  -0.1112   0.1335  -0.1105   0.0873  -0.0632
  0.0724  -0.1200   0.1512  -0.1224   0.1044  -0.0447
  0.0658  -0.1540   0.1683  -0.1102   0.1183  -0.0380
  0.0488  -0.1190   0.1614  -0.1292   0.1180  -0.0357
  0.0261  -0.1080   0.1577  -0.1112   0.1301  -0.0344
  0.0318  -0.0969   0.1528  -0.1241   0.1136  -0.0379
  0.0347  -0.0994   0.1504  -0.1181   0.1245  -0.0390
  0.0259  -0.0938   0.1520  -0.1241   0.1167  -0.0311
  0.0291  -0.0868   0.1481  -0.1181   0.1179  -0.0317
  0.0462  -0.0936   0.1268  -0.1130   0.1239  -0.0202
  0.0457  -0.0773   0.1244  -0.1238   0.1158  -0.0343
  0.0521  -0.1005   0.1370  -0.1248   0.1234  -0.0347
  0.0473  -0.0920   0.1567  -0.1335   0.1132  -0.0302
  0.0361  -0.0854   0.1476  -0.1061   0.1095  -0.0380
  0.0326  -0.0923   0.1542  -0.1174   0.1204  -0.0340
  0.0310  -0.0755   0.1665  -0.1256   0.1292  -0.0353
