  0.1562   0.4776  -0.0554  -0.4266   0.0826   0.1312
  0.1970   0.5984  -0.0014  -0.5275   0.0868   0.1342
  0.1960   0.5127  -0.0495  -0.5542   0.0853   0.1573
  0.1723   0.4565  -0.0292  -0.4633   0.0726   0.1545
  0.1746   0.4237  -0.0546  -0.4152   0.0370   0.1417
  0.1356   0.4411  -0.0428  -0.4635   0.0593   0.1434
  0.1394   0.3947  -0.0282  -0.3824   0.0257   0.1478
  0.1479   0.3841  -0.0079  -0.4209   0.0218   0.1421
  0.1346   0.3767  -0.0001  -0.3653  -0.0043   0.1433
  0.1249   0.2845   0.0058  -0.3097   0.0061   0.1261
  0.1626   0.2726   0.0107  -0.2955   0.0230   0.1040
  0.1323   0.3312  -0.0032  -0.3350   0.0271   0.1100
  0.1493   0.3008   0.0037  -0.3338   0.0451   0.1275
  0.1320   0.2844   0.0127  -0.3107   0.0146   0.1357
  0.1351   0.3007   0.0074  -0.3203   0.0349   0.1460
  0.1272   0.2866   0.0175  -0.2829  -0.0033   0.1260
  0.1216   0.2587   0.0115  -0.2649   0.0066   0.1431
  0.0996   0.2675   0.0050  -0.2665  -0.0249   0.1302
  0.0916   0.2792  -0.0002  -0.2920  -0.0083   0.1545
  0.0785   0.2606   0.0154  -0.2612  -0.0261   0.1348
  0.0924   0.2759  -0.0175  -0.3085   0.0322   0.1657
  0.0993   0.2594  -0.0255  -0.3205   0.0435   0.1618
  0.1247   0.2892  -0.0070  -0.3297  -0.0131   0.1541
  0.0742   0.2590   0.0355  -0.2876  -0.0157   0.1326
  0.0723   0.1899   0.0359  -0.2027  -0.0499   0.1138
  0.1083   0.2336  -0.0025  -0.2917   0.0036   0.1239
  0.1092   0.2190  -0.0236  -0.2146   0.0078   0.1084
  0.1250   0.1789  -0.0199  -0.1559   0.0266   0.0818
  0.1043   0.1709  -0.0193  -0.1255   0.0121   0.0661
  0.1207   0.2468  -0.0140  -0.2421   0.0274   0.1065
  0.1108   0.1404  -0.0223  -0.0800   0.0069   0.0315
  0.0871   0.0973  -0.0115  -0.0305  -0.0075   0.0020
  0.1328   0.0987   0.0332  -0.0240  -0.0006   0.0068
  0.1264   0.0689   0.0214  -0.0108   0.0146  -0.0016
  0.0963   0.0921   0.0177   0.0053  -0.0100   0.0085
  0.0249   0.1944  -0.0583  -0.1364  -0.0513   0.0732
  0.0496   0.1421  -0.0380  -0.0863  -0.0409   0.0260
  0.0511   0.1071  -0.0098  -0.0237  -0.0376   0.0196
  0.0600   0.0923  -0.0058  -0.0369  -0.0160   0.0145
  0.0655   0.0888   0.0065  -0.0105  -0.0257   0.0231
  0.0662   0.0784  -0.0129  -0.0284  -0.0231   0.0057
  0.0737   0.0731  -0.0148   0.0135  -0.0182  -0.0122
  0.1085   0.0579   0.0040   0.0040  -0.0063  -0.0098
  0.0540   0.0636  -0.0140  -0.0105  -0.0197   0.0060
  0.0478   0.0468  -0.0198  -0.0142  -0.0522   0.0009
  0.0650   0.0634  -0.0008  -0.0320  -0.0264   0.0119
  0.0691   0.0671   0.0085  -0.0400  -0.0200   0.0085
  0.0604   0.0693   0.0064  -0.0231  -0.0314   0.0141
  0.0646   0.0721   0.0101  -0.0144  -0.0142   0.0150
  0.0396   0.0782   0.0267  -0.0070  -0.0378   0.0078
  0.0456   0.0674   0.0225  -0.0081  -0.0306   0.0090
  0.0431   0.0896   0.0142  -0.0512  -0.0340   0.0321
  0.0457   0.0697   0.0046  -0.0282  -0.0273   0.0121
  0.0444   0.0753   0.0091  -0.0272  -0.0064   0.0230
  0.0576   0.0744   0.0055  -0.0346  -0.0191   0.0086
  0.0376   0.0837   0.0025  -0.0278  -0.0122   0.0233
  0.0774   0.1017   0.0196  -0.0341   0.0119   0.0009
  0.0538   0.0823   0.0104  -0.0137   0.0163   0.0058
  0.0371   0.0669  -0.0075   0.0003  -0.0025   0.0009
  0.0302   0.0708  -0.0009   0.0012   0.0119   0.0117
  0.0468   0.0175  -0.0919   0.0058   0.0606   0.0117
 -0.0533  -0.0356   0.0414   0.0127   0.0048   0.0391
  0.0309  -0.0250   0.1056   0.0049  -0.0233   0.0534
  0.0328  -0.0422  -0.0112  -0.0560   0.0622   0.0463
 -0.0267  -0.1040   0.1461   0.0313   0.0389   0.0418
  0.0044  -0.0969   0.0562   0.0268   0.0334   0.0440
 -0.0280  -0.0698   0.0459   0.0275   0.0466   0.0338
  0.0467  -0.0580  -0.0571   0.0098   0.0954   0.0147
 -0.0255   0.0078   0.0067  -0.0259   0.0490   0.0259
 -0.0126  -0.0732   0.0575   0.0385   0.0017   0.0203
  0.0149  -0.0702   0.0245   0.0197   0.0197   0.0189
 -0.0065  -0.0903   0.0734   0.0342  -0.0157   0.0274
  0.0102  -0.0637   0.0561   0.0098  -0.0265   0.0182
  0.0154  -0.0453   0.0161   0.0072   0.0041   0.0157
  0.0048  -0.0487   0.0345   0.0094   0.0164   0.0328
  0.0115  -0.0276   0.0348   0.0158   0.0135   0.0118
 -0.0072  -0.0443   0.0678   0.0356  -0.0011   0.0133
  0.0195  -0.0525   0.0368   0.0719   0.0079  -0.0149
  0.0282  -0.0265   0.0571   0.0652   0.0287  -0.0172
  0.0354  -0.0355   0.0554   0.0314   0.0265   0.0073
  0.0050  -0.0424   0.0709   0.0519   0.0211   0.0036
  0.0224  -0.0233   0.0582   0.0242   0.0373   0.0167
  0.0105  -0.0407   0.0567   0.0491   0.0252   0.0025
  0.0063  -0.0162   0.0630   0.0411   0.0262   0.0188
  0.0071  -0.0453   0.0577   0.0380   0.0268   0.0098
  0.0123  -0.0358   0.0486   0.0290   0.0278   0.0031
  0.0032  -0.0381   0.0622   0.0236   0.0157   0.0015
  0.0145  -0.0364   0.0501  -0.0014   0.0390   0.0107
  0.0017  -0.0510   0.0485   0.0127   0.0280   0.0068
 -0.0017  -0.0598   0.0661   0.0150   0.0047   0.0035
  0.0125  -0.0521   0.0413   0.0142   0.0255   0.0097
  0.0081  -0.0500   0.0710   0.0304   0.0182  -0.0143
  0.0141  -0.0497   0.0519   0.0329   0.0438  -0.0007
  0.0170  -0.0617   0.0467   0.0430   0.0365  -0.0084
 -0.0095  -0.0392   0.0202   0.0312   0.0624  -0.0041
 -0.0193  -0.0168   0.0777   0.0424   0.0415   0.0196
 -0.0020  -0.0229   0.0598   0.0083   0.0399   0.0273
 -0.0242  -0.0101   0.0662   0.0071   0.0186   0.0271
  0.0492  -0.0735  -0.0163   0.0118   0.0499  -0.0097
  0.0586  -0.0855   0.0219   0.0717   0.0337  -0.0452
 -0.0193  -0.0609   0.0501   0.1044   0.0437  -0.0353
 -0.0003  -0.0372   0.0418   0.0633   0.0691  -0.0223
 -0.0133  -0.0483   0.0292   0.0307   0.0150  -0.0099
  0.0240  -0.0687   0.0085   0.0518   0.0436  -0.0215
  0.0657  -0.0731  -0.0526   0.0477   0.0458  -0.0323
  0.0501  -0.0788  -0.0730   0.0151   0.0630  -0.0204
  0.0481  -0.0589  -0.0709  -0.0094   0.0445  -0.0186
  0.0471  -0.0751  -0.0718  -0.0108   0.0504  -0.0432
  0.0371  -0.0809  -0.0815   0.0077   0.0451  -0.0510
  0.0344  -0.0791  -0.0675   0.0447   0.0625  -0.0382
  0.0388  -0.1025  -0.0485   0.0720  -0.0015  -0.0737
  0.0688  -0.1145  -0.0111   0.0787   0.0314  -0.0656
  0.0157  -0.1310  -0.0959   0.0849   0.0149  -0.0614
  0.0055  -0.1289  -0.1264   0.0954  -0.0187  -0.0425
  0.0191  -0.1123  -0.0862   0.0377   0.0101  -0.0602
 -0.0364  -0.1506  -0.1562   0.1988  -0.0193  -0.1025
  0.0031  -0.1510  -0.1074   0.1649  -0.0026  -0.0989
  0.0002  -0.1694  -0.0926   0.1329   0.0022  -0.0995
  0.0122  -0.1780  -0.1025   0.1680   0.0053  -0.1097
  0.0121  -0.1834  -0.1066   0.1656   0.0097  -0.1034
 -0.0142  -0.1478  -0.1134   0.1297   0.0108  -0.0760
 -0.0194  -0.1358  -0.1024   0.1201   0.0096  -0.0783
 -0.0201  -0.1461  -0.0911   0.1429   0.0129  -0.0818
 -0.0204  -0.1452  -0.1063   0.1470   0.0096  -0.0816
 -0.0261  -0.1756  -0.1086   0.1714   0.0010  -0.0963
 -0.0261  -0.1574  -0.1183   0.1692   0.0058  -0.0899
 -0.0315  -0.1904  -0.1143   0.2118   0.0081  -0.1028
 -0.0370  -0.1821  -0.1195   0.1918  -0.0026  -0.0929
 -0.0438  -0.1940  -0.1116   0.1889  -0.0052  -0.0952
 -0.0420  -0.1978  -0.1187   0.1825  -0.0127  -0.1018
 -0.0280  -0.1838  -0.0844   0.1547  -0.0045  -0.0842
 -0.0538  -0.1703  -0.0863   0.1381  -0.0017  -0.0850
 -0.0641  -0.1790  -0.1096   0.1321  -0.0161  -0.0750
 -0.0591  -0.1927  -0.1018   0.1441  -0.0225  -0.0788
 -0.0568  -0.1755  -0.1046   0.1626  -0.0109  -0.0656
 -0.0774  -0.1922  -0.1169   0.1784  -0.0227  -0.0756
 -0.0743  -0.1901  -0.1152   0.1786  -0.0268  -0.0994
 -0.0677  -0.1840  -0.0950   0.1652  -0.0262  -0.0957
 -0.0619  -0.1848  -0.0967   0.1600  -0.0351  -0.0805
 -0.0523  -0.1480  -0.0779   0.0895  -0.0334  -0.0569
 -0.0607  -0.1579  -0.1066   0.1295  -0.0270  -0.0796
 -0.0907  -0.1540  -0.0685   0.1440  -0.0355  -0.0815
 -0.1126  -0.1238  -0.0496   0.1346  -0.0208  -0.0552
 -0.1622  -0.0839   0.1313   0.0948  -0.0587  -0.0243
 -0.1342  -0.0961   0.0691   0.1104  -0.0309  -0.0646
 -0.1192  -0.1179   0.0408   0.1577  -0.0083  -0.0890
 -0.1553  -0.0894   0.0687   0.1312  -0.0274  -0.0584
 -0.1277  -0.0908   0.0639   0.1285  -0.0046  -0.0656
 -0.1430  -0.0866   0.0643   0.1529  -0.0186  -0.0603
 -0.1338  -0.1111   0.0451   0.1551  -0.0209  -0.0694
 -0.1341  -0.1115   0.0711   0.1754  -0.0142  -0.0639
 -0.1448  -0.1254   0.0523   0.1878  -0.0276  -0.0743
 -0.1570  -0.1009   0.0667   0.1696  -0.0259  -0.0573
 -0.1634  -0.1142   0.0481   0.1560  -0.0338  -0.0440
 -0.1737  -0.1032   0.0647   0.1650  -0.0394  -0.0562
 -0.1631  -0.1033   0.0523   0.1493  -0.0391  -0.0433
 -0.1759  -0.1013   0.0680   0.1168  -0.0404  -0.0321
 -0.1678  -0.1071   0.0742   0.1449  -0.0459  -0.0478
 -0.1775  -0.1051   0.0743   0.1269  -0.0388  -0.0392
 -0.1642  -0.1092   0.0677   0.1269  -0.0524  -0.0493
 -0.1660  -0.1050   0.0680   0.0978  -0.0396  -0.0460
 -0.1664  -0.0959   0.0530   0.1018  -0.0459  -0.0460
 -0.1745  -0.0959   0.0524   0.0942  -0.0433  -0.0518
 -0.1442  -0.0948   0.0415   0.1071  -0.0392  -0.0576
 -0.1625  -0.0806   0.0316   0.0776  -0.0407  -0.0437
 -0.1623  -0.0986   0.0577   0.1142  -0.0537  -0.0470
 -0.1713  -0.0828   0.0551   0.0983  -0.0527  -0.0502
 -0.1648  -0.0913   0.0660   0.1137  -0.0526  -0.0478
 -0.1560  -0.0980   0.0472   0.1202  -0.0440  -0.0427
 -0.1556  -0.1290   0.0491   0.1558  -0.0582  -0.0664
 -0.1537  -0.1193   0.0505   0.1358  -0.0485  -0.0645
 -0.1558  -0.1219   0.0500   0.1322  -0.0609  -0.0641
 -0.1632  -0.1287   0.0556   0.1321  -0.0607  -0.0772
 -0.1587  -0.1299   0.0565   0.1150  -0.0700  -0.0688
 -0.1582  -0.1244   0.0588   0.1237  -0.0672  -0.0556
 -0.1537  -0.1111   0.0585   0.0825  -0.0577  -0.0442
