  0.0205  -0.1256  -0.0350   0.0279   0.0683  -0.0980
 -0.0169  -0.1033  -0.0275  -0.0052   0.0835  -0.1012
 -0.0009  -0.1087  -0.0361  -0.0042   0.0690  -0.1190
  0.0074  -0.0885  -0.0433  -0.0215   0.0628  -0.1282
  0.0073  -0.0845  -0.0445  -0.0482   0.0554  -0.1346
  0.0049  -0.0944  -0.0417  -0.0496   0.0505  -0.1351
 -0.0001  -0.0775  -0.0312  -0.0487   0.0547  -0.1199
  0.0016  -0.0876  -0.0393  -0.0347   0.0533  -0.1052
  0.0077  -0.0847  -0.0503  -0.0353   0.0537  -0.0946
 -0.0004  -0.1094  -0.0463  -0.0001   0.0607  -0.0963
  0.0318  -0.0516  -0.0396  -0.0133   0.0647  -0.0740
  0.0455  -0.0065  -0.0280  -0.0376   0.0528  -0.0777
  0.0428  -0.0712  -0.0251  -0.0149   0.0474  -0.0792
  0.0391  -0.0573  -0.0273  -0.0179   0.0521  -0.0738
  0.0422  -0.0777  -0.0173   0.0115   0.0517  -0.0620
  0.0396  -0.0941  -0.0161   0.0197   0.0453  -0.0747
  0.0378  -0.0853  -0.0106   0.0416   0.0425  -0.0687
  0.0387  -0.0643  -0.0161   0.0208   0.0508  -0.0712
  0.0461  -0.0500  -0.0107   0.0160   0.0429  -0.0713
  0.0470  -0.0568   0.0023   0.0481   0.0440  -0.0603
  0.0443  -0.0668  -0.0031   0.0519   0.0459  -0.0534
  0.0399  -0.0694  -0.0142   0.0378   0.0412  -0.0407
  0.0416  -0.0623  -0.0238   0.0238   0.0450  -0.0562
  0.0303  -0.0752  -0.0219   0.0284   0.0501  -0.0675
  0.0373  -0.0837  -0.0170   0.0344   0.0378  -0.0673
  0.0523  -0.1089  -0.0228   0.0541   0.0234  -0.0664
  0.0377  -0.0863  -0.0163   0.0390   0.0184  -0.0601
  0.0465  -0.0914  -0.0175   0.0439   0.0211  -0.0588
  0.0252  -0.0527  -0.0219  -0.0040   0.0014  -0.0814
 -0.0061  -0.0541  -0.0269  -0.0401   0.0067  -0.0889
  0.0154  -0.1266  -0.0227   0.0210   0.0185  -0.0457
  0.0016  -0.0990  -0.0161   0.0144   0.0182  -0.0499
 -0.0059  -0.1171  -0.0174  -0.0201   0.0476  -0.0572
  0.0264  -0.0932  -0.0100   0.0421   0.0281  -0.0609
  0.0225  -0.0915  -0.0040   0.0614   0.0206  -0.0122
  0.0181  -0.0622  -0.0021   0.0386   0.0284  -0.0321
  0.0208  -0.0774  -0.0092   0.0412   0.0360  -0.0764
  0.0220  -0.0754  -0.0087  -0.0006   0.0347  -0.0668
  0.0379  -0.0713   0.0011   0.0541   0.0173  -0.0539
  0.0375  -0.0679  -0.0025   0.0506   0.0079  -0.0461
  0.0391  -0.0807  -0.0073   0.0408   0.0089  -0.0486
  0.0338  -0.0560  -0.0086   0.0246   0.0092  -0.0371
  0.0440  -0.0739  -0.0074   0.0485   0.0179  -0.0341
  0.0349  -0.0790  -0.0087   0.0663   0.0095  -0.0249
  0.0417  -0.1065  -0.0008   0.0920   0.0082  -0.0067
  0.0308  -0.1156  -0.0185   0.0937   0.0100   0.0002
  0.0256  -0.0941  -0.0236   0.0938   0.0116  -0.0053
  0.0223  -0.0803  -0.0117   0.0985   0.0172  -0.0045
  0.0280  -0.0467  -0.0143   0.0763   0.0188  -0.0092
  0.0318  -0.0352  -0.0106   0.0666   0.0161  -0.0089
  0.0278  -0.0570  -0.0077   0.0893   0.0129   0.0064
  0.0295  -0.0536  -0.0095   0.0674   0.0133   0.0157
  0.0311  -0.0587  -0.0199   0.0626   0.0110   0.0103
  0.0274  -0.0513  -0.0151   0.0636   0.0179   0.0112
  0.0288  -0.0579  -0.0214   0.0406   0.0187   0.0001
  0.0203  -0.0389  -0.0177   0.0331   0.0071   0.0017
  0.0263  -0.0583  -0.0207   0.0572  -0.0014   0.0074
  0.0147  -0.0345   0.0041   0.0392   0.0073   0.0182
  0.0088  -0.0724  -0.0023   0.0410  -0.0023   0.0126
  0.0175  -0.1282  -0.0107   0.0773  -0.0017   0.0037
  0.0106  -0.1044   0.0040   0.0853   0.0040   0.0069
  0.0163  -0.1089  -0.0114   0.0837   0.0177   0.0299
  0.0070  -0.0949  -0.0121   0.0528   0.0144   0.0187
  0.0031  -0.0967  -0.0105   0.0769   0.0089   0.0189
  0.0150  -0.1000  -0.0093   0.0703   0.0099   0.0120
  0.0041  -0.1070  -0.0132   0.0667   0.0083   0.0287
 -0.0109  -0.1035  -0.0281   0.0454   0.0068   0.0127
 -0.0018  -0.0959  -0.0344   0.0562  -0.0019   0.0090
  0.0111  -0.1104  -0.0322   0.0285  -0.0141   0.0017
  0.0339  -0.1068  -0.0201   0.0604  -0.0219   0.0179
  0.0284  -0.0932  -0.0208   0.0633  -0.0156   0.0348
  0.0257  -0.0965  -0.0174   0.0604  -0.0096   0.0188
 -0.0109  -0.0902  -0.0261   0.0352  -0.0391  -0.0036
 -0.0167  -0.1116  -0.0483  -0.0045  -0.0483  -0.0104
 -0.0006  -0.1136  -0.0428   0.0218  -0.0418  -0.0138
 -0.0057  -0.1250  -0.0402   0.0202  -0.0494   0.0099
 -0.0066  -0.0489  -0.0284  -0.0180  -0.0388   0.0169
 -0.0088   0.1017   0.0060  -0.0540  -0.0368   0.0085
 -0.0160   0.1133   0.0192  -0.0457  -0.0318   0.0149
 -0.0142   0.0994   0.0206  -0.0594  -0.0366  -0.0001
 -0.0122   0.1146   0.0267  -0.0343  -0.0326   0.0022
 -0.0156   0.1413   0.0393  -0.0376  -0.0342   0.0118
 -0.0207   0.1776   0.0230  -0.0387  -0.0158   0.0221
 -0.0078   0.1789   0.0315  -0.0387  -0.0074   0.0129
 -0.0180   0.1735   0.0487  -0.0147  -0.0184   0.0104
 -0.0027   0.1847   0.0441  -0.0082  -0.0352   0.0367
  0.0056   0.1926   0.0511   0.0138  -0.0490   0.0549
  0.0059   0.1855   0.0534   0.0137  -0.0436   0.0593
  0.0052   0.1853   0.0517   0.0293  -0.0479   0.0669
 -0.0003   0.1773   0.0575   0.0155  -0.0484   0.0579
 -0.0156   0.1700   0.0707   0.0131  -0.0521   0.0605
 -0.0090   0.1601   0.0654   0.0231  -0.0513   0.0705
 -0.0109   0.1615   0.0690   0.0265  -0.0520   0.0745
 -0.0062   0.1606   0.0655   0.0210  -0.0458   0.0712
 -0.0147   0.1632   0.0643   0.0098  -0.0612   0.0721
 -0.0129   0.1859   0.0442  -0.0528  -0.0435   0.0580
 -0.0116   0.1641   0.0455  -0.0434  -0.0413   0.0387
 -0.0355   0.1726   0.0511  -0.0759  -0.0623   0.0404
 -0.0280   0.1957   0.0520  -0.1518  -0.0500   0.0293
 -0.0326   0.1914   0.0542  -0.1307  -0.0492   0.0317
 -0.0329   0.1906   0.0462  -0.1091  -0.0312   0.0453
 -0.0368   0.1775   0.0423  -0.0954  -0.0203   0.0677
 -0.0526   0.1538   0.0379  -0.1055  -0.0184   0.0507
 -0.0513   0.1399   0.0383  -0.1277  -0.0138   0.0592
 -0.0561   0.1178   0.0284  -0.0869  -0.0083   0.0657
 -0.0540   0.1013   0.0233  -0.0804  -0.0203   0.0717
 -0.0617   0.1025   0.0203  -0.0821  -0.0244   0.0732
 -0.0588   0.0926   0.0218  -0.0791  -0.0261   0.0715
 -0.0580   0.0941   0.0183  -0.0803  -0.0308   0.0776
 -0.0613   0.1017   0.0193  -0.0692  -0.0250   0.0830
 -0.0594   0.1009   0.0157  -0.0780  -0.0306   0.0756
 -0.0642   0.0897   0.0127  -0.0760  -0.0309   0.0758
 -0.0651   0.0925   0.0124  -0.0724  -0.0289   0.0856
 -0.0682   0.0875   0.0091  -0.0730  -0.0303   0.0959
 -0.0658   0.0892   0.0134  -0.0518  -0.0308   0.0981
 -0.0612   0.0832   0.0105  -0.0597  -0.0328   0.0943
 -0.0710   0.0904   0.0095  -0.0724  -0.0268   0.0793
 -0.0661   0.0812   0.0086  -0.0679  -0.0264   0.0799
 -0.0652   0.0901   0.0078  -0.0836  -0.0303   0.0893
 -0.0581   0.0992   0.0044  -0.0866  -0.0291   0.0972
 -0.0575   0.1061   0.0071  -0.0912  -0.0352   0.0966
 -0.0545   0.0965   0.0113  -0.0611  -0.0483   0.0995
 -0.0471   0.0959   0.0133  -0.0522  -0.0566   0.1145
 -0.0508   0.0939   0.0110  -0.0493  -0.0516   0.1120
