 -0.1740   0.2255  -0.0167   0.0610  -0.1121  -0.5182
 -0.1390   0.2902   0.0080   0.1418  -0.0763  -0.4729
 -0.1594   0.2563   0.0073   0.1675  -0.0736  -0.4929
 -0.1420   0.1945   0.0071   0.1343  -0.0728  -0.4643
 -0.1440   0.2215  -0.0005   0.1400  -0.0714  -0.4524
 -0.1487   0.2297  -0.0041   0.1558  -0.0688  -0.4467
 -0.1538   0.2441  -0.0093   0.1635  -0.0801  -0.4410
 -0.1521   0.2340  -0.0082   0.1509  -0.0764  -0.4284
 -0.1672   0.2852  -0.0183   0.1541  -0.0806  -0.4577
 -0.1488   0.2680  -0.0275   0.0391  -0.0694  -0.4470
 -0.1320   0.2626  -0.0553   0.0144  -0.0524  -0.4398
 -0.1304   0.2398  -0.0836   0.0965  -0.0540  -0.4593
 -0.1191   0.1754  -0.0980   0.1195  -0.0554  -0.4436
 -0.1220   0.1547  -0.0887   0.1304  -0.0628  -0.4300
 -0.1277   0.1556  -0.0961   0.1402  -0.0588  -0.4191
 -0.1304   0.1394  -0.0686   0.1368  -0.0620  -0.4275
 -0.1324   0.1142  -0.0813   0.1701  -0.0578  -0.3940
 -0.1536   0.1589  -0.0440  -0.0647  -0.0959  -0.4433
 -0.1530   0.1878  -0.0020  -0.2710  -0.1218  -0.4849
 -0.1332   0.1396  -0.0129  -0.1495  -0.1097  -0.4485
 -0.1320   0.1251  -0.0061  -0.1626  -0.1082  -0.4381
 -0.1129   0.1360  -0.0125  -0.0852  -0.0809  -0.4269
 -0.1181   0.1914  -0.0187  -0.1097  -0.0896  -0.4215
 -0.1079   0.1936  -0.0163  -0.0973  -0.0912  -0.3945
 -0.1191   0.2152  -0.0163  -0.1242  -0.0993  -0.4083
 -0.0953   0.2628  -0.0258  -0.1160  -0.0799  -0.4157
 -0.0922   0.1969  -0.0099  -0.1019  -0.0827  -0.4079
 -0.0711   0.1010  -0.0078  -0.0791  -0.0745  -0.3639
 -0.0859   0.1792  -0.0025  -0.1223  -0.0813  -0.3804
 -0.0972   0.1854  -0.0048  -0.0647  -0.0742  -0.3894
 -0.0836   0.1530  -0.0080  -0.0660  -0.0617  -0.3664
 -0.0990   0.1212  -0.0305  -0.0360  -0.0819  -0.3571
 -0.1144   0.1831  -0.0224  -0.0545  -0.0915  -0.3701
 -0.1184   0.2725  -0.0479  -0.0450  -0.0892  -0.3724
 -0.0900   0.1693  -0.0307  -0.0526  -0.0717  -0.3535
 -0.0978   0.1539  -0.0351  -0.0480  -0.0789  -0.3383
 -0.0923   0.1508  -0.0444  -0.0610  -0.0778  -0.3275
 -0.0827   0.1361  -0.0300  -0.0362  -0.0734  -0.3208
 -0.0920   0.1303  -0.0518  -0.0420  -0.0802  -0.3009
 -0.1047   0.1422  -0.0601  -0.0343  -0.0851  -0.3126
 -0.0850   0.1413  -0.0436  -0.0417  -0.0680  -0.3022
 -0.0756   0.1426  -0.0368  -0.0432  -0.0663  -0.2936
 -0.0887   0.1448  -0.0422  -0.0367  -0.0765  -0.2928
 -0.0815   0.1314  -0.0388  -0.0218  -0.0789  -0.2740
 -0.0936   0.1489  -0.0477  -0.0224  -0.0789  -0.2751
 -0.0949   0.1260  -0.0423  -0.0274  -0.0713  -0.2803
 -0.0958   0.1067  -0.0408  -0.0176  -0.0723  -0.2697
 -0.0891   0.0908  -0.0424   0.0048  -0.0732  -0.2535
 -0.0862   0.0915  -0.0395   0.0021  -0.0723  -0.2476
 -0.0994   0.0984  -0.0472   0.0110  -0.0757  -0.2553
 -0.1036   0.1044  -0.0353  -0.0117  -0.0758  -0.2575
 -0.1064   0.0790  -0.0393   0.0039  -0.0821  -0.2420
 -0.0935   0.0570  -0.0360   0.0220  -0.0806  -0.2193
 -0.0992   0.0521  -0.0415   0.0113  -0.0850  -0.1954
 -0.1054   0.0514  -0.0407  -0.0099  -0.0782  -0.2029
 -0.1058   0.0515  -0.0403   0.0050  -0.0866  -0.1975
 -0.1005   0.0413  -0.0355   0.0084  -0.0890  -0.1849
 -0.0948   0.0318  -0.0423   0.0326  -0.0882  -0.1672
 -0.0947   0.0226  -0.0451   0.0319  -0.0914  -0.1527
 -0.0857   0.0264  -0.0418   0.0356  -0.0768  -0.1459
 -0.1049   0.0430  -0.0274  -0.0078  -0.0866  -0.1423
 -0.1131   0.0017  -0.0232   0.0095  -0.0925  -0.1308
 -0.1079  -0.0127  -0.0189   0.0145  -0.0932  -0.1254
 -0.1062  -0.0277  -0.0231  -0.0025  -0.0921  -0.1164
 -0.1126  -0.0280  -0.0176   0.0369  -0.0940  -0.1081
 -0.1082  -0.0161  -0.0120   0.0347  -0.0844  -0.1047
 -0.1053  -0.0528   0.0071   0.0216  -0.0747  -0.0957
 -0.0984  -0.1296   0.0151   0.0601  -0.0742  -0.0761
 -0.1000  -0.1254   0.0191   0.0347  -0.0642  -0.0691
 -0.0772  -0.1340   0.0282   0.0901  -0.0494  -0.0397
 -0.0733  -0.1789   0.0405   0.0705  -0.0544  -0.0330
 -0.0781  -0.1803   0.0290   0.0799  -0.0625  -0.0158
 -0.0898  -0.1420   0.0303   0.0843  -0.0640  -0.0053
 -0.0744  -0.1333   0.0086   0.0851  -0.0583  -0.0213
 -0.1182  -0.0718   0.0598   0.0533  -0.0627  -0.0032
 -0.1053  -0.0687   0.0813  -0.0752  -0.0486   0.0145
 -0.0586  -0.1810   0.0746  -0.1766  -0.0381  -0.0081
 -0.0796  -0.1640   0.0998  -0.1795  -0.0392  -0.0089
 -0.0762  -0.0912   0.0584  -0.1433  -0.0421  -0.0091
 -0.0983   0.0088   0.0580  -0.1379  -0.0455  -0.0197
 -0.0834  -0.0215   0.0501  -0.1159  -0.0444   0.0020
 -0.0779  -0.0756   0.0443  -0.1144  -0.0464   0.0054
 -0.0581  -0.0576   0.0525  -0.1183  -0.0361   0.0117
 -0.0705  -0.0432   0.0618  -0.1145  -0.0276   0.0140
 -0.0669  -0.0500   0.0561  -0.1168  -0.0264   0.0138
 -0.0624  -0.0617   0.0569  -0.1253  -0.0252   0.0356
 -0.0540  -0.0916   0.0650  -0.1209  -0.0276   0.0414
 -0.0297  -0.1371   0.0735  -0.0762  -0.0040   0.0775
  0.0001  -0.1229   0.0714  -0.0842   0.0099   0.0778
 -0.0134  -0.1054   0.0778  -0.0931   0.0142   0.0611
  0.0049  -0.1151   0.1022  -0.1257  -0.0025   0.0653
  0.0206  -0.1227   0.1071  -0.1314  -0.0101   0.0774
  0.0146  -0.1116   0.0951  -0.1197  -0.0104   0.0891
  0.0117  -0.0930   0.0969  -0.1312  -0.0032   0.0846
  0.0110  -0.0931   0.0997  -0.1195  -0.0016   0.0933
  0.0234  -0.1036   0.1029  -0.1565  -0.0043   0.0932
  0.0212  -0.1107   0.0976  -0.0956   0.0108   0.0995
  0.0697   0.0093   0.0900   0.0884   0.0543   0.1553
  0.0939   0.0024   0.0748   0.1006   0.0659   0.1895
  0.0767  -0.0321   0.0789   0.0869   0.0768   0.1801
  0.0819  -0.0209   0.0823   0.0959   0.0799   0.2077
  0.0846  -0.0176   0.0677   0.0750   0.0888   0.2179
  0.0941   0.0059   0.0659  -0.0061   0.0892   0.1986
  0.1197   0.0124   0.0395  -0.0430   0.1006   0.2084
  0.1550  -0.0702   0.0110   0.0213   0.1093   0.2480
  0.1490  -0.2042   0.0275   0.0410   0.1085   0.2546
  0.1572  -0.3202   0.0214   0.0830   0.1117   0.2787
  0.1548  -0.3737   0.0311   0.0778   0.1131   0.2777
  0.1565  -0.3270   0.0291   0.0533   0.1155   0.2679
  0.1569  -0.3482   0.0264   0.0812   0.1242   0.2986
  0.1627  -0.3813   0.0408   0.0992   0.1267   0.3086
  0.1683  -0.4182   0.0381   0.0973   0.1310   0.3169
  0.1681  -0.3391   0.0362   0.0553   0.1279   0.3239
  0.1536  -0.3320   0.0362   0.0430   0.1270   0.3112
  0.1165  -0.2675   0.0279   0.0435   0.0910   0.3470
  0.1057  -0.1549   0.0257   0.0066   0.0784   0.3480
  0.1054  -0.1604   0.0249   0.0375   0.0917   0.3268
  0.1081  -0.1489   0.0286  -0.0683   0.1068   0.3171
  0.1304  -0.2171   0.0569  -0.1453   0.1364   0.3133
  0.1044  -0.2710   0.0535  -0.1188   0.0843   0.2985
  0.1113  -0.2973   0.0512  -0.1484   0.0593   0.3025
  0.1405  -0.3229   0.0538  -0.1326   0.0912   0.3432
  0.1338  -0.2417   0.0311  -0.1312   0.0952   0.3349
  0.1254  -0.1852   0.0321  -0.1400   0.0867   0.3371
  0.1288  -0.2205   0.0324  -0.1327   0.0951   0.3546
  0.1388  -0.2122   0.0361  -0.1254   0.0958   0.3761
  0.1378  -0.2661   0.0339  -0.1159   0.0972   0.3796
  0.1290  -0.2627   0.0401  -0.1250   0.0967   0.3868
  0.1234  -0.2541   0.0332  -0.1382   0.0983   0.3828
  0.1565  -0.1419   0.0127  -0.1132   0.1103   0.4111
  0.1931  -0.0979  -0.0043  -0.0157   0.1291   0.4466
  0.1818  -0.1107  -0.0187   0.0144   0.1190   0.4440
  0.1797  -0.0637  -0.0209  -0.0087   0.1280   0.4195
  0.1694   0.0010  -0.0152  -0.0017   0.1170   0.4285
  0.1815   0.0031  -0.0105   0.0153   0.1198   0.4508
  0.1616   0.0095  -0.0361   0.0585   0.1067   0.4699
  0.1835   0.0314  -0.0532   0.0361   0.1154   0.4589
  0.2133   0.1259  -0.0274   0.0793   0.1341   0.4803
  0.2269   0.1178  -0.0564   0.1129   0.1385   0.5177
  0.2352   0.1258  -0.0719   0.1299   0.1472   0.5011
  0.2322   0.1359  -0.0751   0.1405   0.1507   0.5111
  0.2516   0.1094  -0.0808   0.1533   0.1459   0.5338
  0.2515   0.0524  -0.0863   0.1398   0.1497   0.5540
  0.2582   0.0929  -0.0856   0.1434   0.1567   0.5631
  0.2413   0.1097  -0.0620   0.0713   0.1507   0.5626
  0.2541   0.0710  -0.0652   0.0912   0.1611   0.5615
  0.2566   0.0444  -0.0817   0.1544   0.1528   0.5910
  0.2567   0.0093  -0.0909   0.1452   0.1558   0.5924
  0.2621   0.0012  -0.0802   0.2052   0.1503   0.5920
  0.2704  -0.0026  -0.0782   0.2565   0.1468   0.6101
  0.2728  -0.0497  -0.0732   0.2633   0.1512   0.6267
  0.2915  -0.0265  -0.0865   0.3093   0.1427   0.6535
