  0.1028  -0.0505   0.1466  -0.3211   0.0313   0.0207
  0.1004  -0.1324   0.1423  -0.0703   0.0226   0.0077
  0.1036  -0.1112   0.1308  -0.1144   0.0350   0.0356
  0.1007  -0.1311   0.1431  -0.0887   0.0337   0.0100
  0.1082  -0.1208   0.1387  -0.1010   0.0289   0.0172
  0.0998  -0.1402   0.1378  -0.0645   0.0277   0.0292
  0.1119  -0.1287   0.1342  -0.1031   0.0405   0.0280
  0.1136  -0.1386   0.1356  -0.0663   0.0400   0.0122
  0.1038  -0.1161   0.1321  -0.0996   0.0356   0.0293
  0.1146  -0.1267   0.1429  -0.0751   0.0375   0.0232
  0.1101  -0.1360   0.1421  -0.0810   0.0308   0.0130
  0.1075  -0.1239   0.1368  -0.0837   0.0295   0.0230
  0.1127  -0.1300   0.1314  -0.0723   0.0372   0.0286
  0.0983  -0.1368   0.1348  -0.0631   0.0275   0.0089
  0.0957  -0.1304   0.1330  -0.0539   0.0222   0.0145
  0.0971  -0.1143   0.1461  -0.0917   0.0441   0.0298
  0.1074  -0.1442   0.1283  -0.0540   0.0262   0.0237
  0.0975   0.0083   0.1253  -0.2378   0.0304   0.0199
  0.0734   0.2489   0.0844  -0.4610   0.0472   0.0313
  0.0694   0.1114   0.0840  -0.2860   0.0321   0.0012
  0.0799   0.0760   0.0937  -0.2936   0.0408   0.0293
  0.0742   0.0276   0.0946  -0.2086   0.0334   0.0165
  0.0762   0.0465   0.1067  -0.2715   0.0343   0.0061
  0.0860   0.0198   0.1047  -0.2111   0.0340   0.0165
  0.0668  -0.0070   0.0978  -0.1969   0.0367   0.0265
  0.0763  -0.0158   0.0972  -0.1777   0.0328   0.0053
  0.0812  -0.0222   0.1019  -0.1909   0.0250   0.0145
  0.0805  -0.0352   0.0893  -0.1715   0.0329   0.0170
  0.0820  -0.0171   0.0949  -0.1813   0.0450   0.0325
  0.0899   0.0019   0.0989  -0.1962   0.0324  -0.0043
  0.0771   0.0640   0.1075  -0.2689   0.0458   0.0417
  0.0833  -0.0441   0.1091  -0.1903   0.0532   0.0623
  0.0852  -0.1432   0.1112  -0.0652   0.0354   0.0149
  0.0839  -0.1045   0.0923  -0.0933   0.0322   0.0442
  0.0751  -0.1105   0.0940  -0.0776   0.0370   0.0255
  0.0829  -0.0986   0.1018  -0.0940   0.0316   0.0188
  0.0856  -0.1138   0.0947  -0.0583   0.0294   0.0272
  0.0870  -0.1022   0.0857  -0.0739   0.0465   0.0357
  0.0811  -0.1103   0.0969  -0.0712   0.0310   0.0094
  0.0747  -0.1311   0.0916  -0.0400   0.0329   0.0307
  0.0717  -0.1163   0.0873  -0.0614   0.0337   0.0307
  0.0806  -0.1333   0.0981  -0.0223   0.0259   0.0090
  0.0769  -0.1384   0.0987  -0.0086   0.0216   0.0127
  0.0860  -0.1279   0.1020  -0.0109   0.0206   0.0284
  0.0838  -0.1388   0.1100  -0.0056   0.0164   0.0137
  0.0672  -0.2050   0.0932   0.0572   0.0081   0.0165
  0.0751  -0.1336   0.0969   0.0046   0.0104   0.0157
  0.0731  -0.1164   0.0896  -0.0187   0.0237   0.0251
  0.0721  -0.1300   0.1000  -0.0310   0.0218   0.0164
  0.0671  -0.1217   0.0936  -0.0298   0.0197   0.0168
  0.0714  -0.1191   0.0833  -0.0106   0.0165   0.0335
  0.0693  -0.1292   0.0889  -0.0190   0.0184   0.0273
  0.0769  -0.1226   0.0976  -0.0169   0.0138   0.0103
  0.0753  -0.1368   0.0939   0.0033   0.0227   0.0287
  0.0763  -0.1250   0.0896  -0.0076   0.0286   0.0270
  0.0647  -0.1467   0.1041   0.0059   0.0249   0.0136
  0.0519  -0.1445   0.1033   0.0251   0.0185   0.0266
  0.0635  -0.1271   0.0921  -0.0113   0.0264   0.0337
  0.0669  -0.1398   0.1093  -0.0054   0.0282   0.0164
  0.0615  -0.1298   0.0884  -0.0218   0.0207   0.0200
  0.0632  -0.0968   0.0962  -0.0484   0.0166   0.0292
  0.0566  -0.1231   0.0976  -0.0200   0.0080   0.0166
  0.0522  -0.1201   0.0924  -0.0029   0.0026   0.0223
  0.0604  -0.1198   0.1020   0.0170   0.0197   0.0316
  0.0579  -0.1321   0.0951  -0.0017   0.0162   0.0228
  0.0678  -0.1447   0.1066   0.0145   0.0142   0.0151
  0.0572  -0.1329   0.0810   0.0036   0.0067   0.0270
  0.0685  -0.1328   0.1009   0.0121   0.0208   0.0307
  0.0694  -0.1322   0.1028  -0.0053   0.0182   0.0126
  0.0680  -0.1436   0.0940   0.0137   0.0102   0.0156
  0.0705  -0.1203   0.0984   0.0089   0.0171   0.0383
  0.0737  -0.1463   0.1007   0.0054   0.0203   0.0224
  0.0728  -0.1324   0.1204  -0.0314   0.0107   0.0152
  0.0832  -0.1303   0.0990   0.0121   0.0060   0.0251
  0.0737  -0.1155   0.0979  -0.0278   0.0130   0.0344
  0.0796  -0.1130   0.0900  -0.0410   0.0220   0.0128
  0.0665  -0.0888   0.0882  -0.0758   0.0273   0.0480
  0.0737  -0.1230   0.0858  -0.0136   0.0262   0.0270
  0.0502  -0.0076   0.1046  -0.2022   0.0384   0.0668
  0.0260   0.1366   0.0689  -0.4134   0.0437   0.0691
  0.0402   0.0948   0.0386  -0.3031   0.0383   0.0279
  0.0472   0.0663   0.0422  -0.2655   0.0338   0.0394
  0.0404   0.0879   0.0547  -0.2944   0.0373   0.0290
  0.0348   0.0987   0.0551  -0.2859   0.0241   0.0369
  0.0375   0.0924   0.0486  -0.2968   0.0330   0.0339
  0.0357   0.1145   0.0533  -0.2989   0.0372   0.0462
  0.0505   0.0913   0.0597  -0.2885   0.0307   0.0203
  0.0585   0.0811   0.0847  -0.2899   0.0342   0.0253
  0.0413   0.1032   0.0733  -0.2923   0.0439   0.0384
  0.0456   0.0849   0.0579  -0.2705   0.0350   0.0350
  0.0377   0.0997   0.0847  -0.2943   0.0396   0.0212
  0.0335   0.1294   0.0860  -0.2799   0.0333   0.0358
  0.0361   0.1238   0.0754  -0.2876   0.0420   0.0391
  0.0335   0.1105   0.0938  -0.2683   0.0305   0.0191
  0.0235   0.0899   0.0706  -0.2445   0.0326   0.0245
  0.0423   0.0771   0.0738  -0.2449   0.0393   0.0466
  0.0448   0.0891   0.0751  -0.2868   0.0447   0.0288
  0.0543   0.0913   0.0900  -0.2745   0.0398   0.0259
  0.0087   0.1459   0.0326  -0.3880   0.0425   0.0484
  0.0189   0.1652   0.0091  -0.4336   0.0466   0.0361
  0.0503   0.1402   0.0511  -0.3665   0.0427   0.0208
  0.0464   0.1295   0.0330  -0.3443   0.0445   0.0349
  0.0418   0.1091   0.0547  -0.3267   0.0425   0.0302
  0.0380   0.0878   0.0558  -0.3067   0.0382   0.0254
  0.0391   0.0922   0.0650  -0.3020   0.0316   0.0235
  0.0182   0.0847   0.0601  -0.3142   0.0329   0.0324
  0.0215   0.0959   0.0627  -0.3164   0.0348   0.0317
  0.0278   0.0966   0.0561  -0.3306   0.0378   0.0375
  0.0344   0.0973   0.0648  -0.3230   0.0366   0.0201
  0.0363   0.0931   0.0688  -0.3159   0.0364   0.0193
  0.0304   0.1063   0.0722  -0.3210   0.0440   0.0347
  0.0352   0.1052   0.0619  -0.3175   0.0375   0.0380
  0.0205   0.0939   0.0709  -0.3069   0.0345   0.0222
  0.0192   0.0939   0.0691  -0.2978   0.0283   0.0344
  0.0212   0.0916   0.0725  -0.2995   0.0369   0.0410
  0.0269   0.0850   0.0765  -0.3065   0.0318   0.0304
  0.0185   0.0782   0.0739  -0.2819   0.0307   0.0291
  0.0153   0.0927   0.0611  -0.2999   0.0324   0.0408
  0.0215   0.0773   0.0767  -0.3000   0.0338   0.0252
  0.0238   0.0722   0.0690  -0.2911   0.0289   0.0234
  0.0181   0.0843   0.0655  -0.3094   0.0321   0.0282
  0.0193   0.0935   0.0611  -0.3017   0.0306   0.0453
  0.0150   0.0878   0.0592  -0.3037   0.0285   0.0291
  0.0240   0.0689   0.0681  -0.2849   0.0230   0.0200
  0.0195   0.0764   0.0610  -0.2701   0.0228   0.0237
  0.0264   0.0818   0.0581  -0.2916   0.0244   0.0428
  0.0242   0.0600   0.0663  -0.2799   0.0259   0.0172
  0.0372   0.0803   0.0575  -0.2757   0.0100   0.0290
  0.0174   0.0771   0.0479  -0.2770   0.0184   0.0251
  0.0251   0.0802   0.0440  -0.2760   0.0127   0.0311
  0.0378   0.0594   0.0526  -0.2389  -0.0011   0.0041
  0.0401   0.0689   0.0462  -0.2557  -0.0007   0.0265
  0.0404   0.0728   0.0635  -0.2683   0.0028   0.0196
  0.0337   0.0633   0.0569  -0.2895   0.0061   0.0132
  0.0326   0.0942   0.0608  -0.3046   0.0048   0.0170
  0.0349   0.0807   0.0618  -0.3049   0.0155   0.0295
  0.0265   0.0993   0.0582  -0.2935   0.0200   0.0203
  0.0372   0.0737   0.0717  -0.2917   0.0152   0.0195
  0.0273   0.0919   0.0539  -0.3099   0.0151   0.0129
  0.0313   0.0681   0.0419  -0.3443   0.0193   0.0240
  0.0223   0.2132   0.0353  -0.4220   0.0353   0.0514
  0.0240   0.2983   0.0043  -0.5300   0.0359   0.0307
  0.0259   0.2378   0.0289  -0.4767   0.0332   0.0114
  0.0279   0.2365   0.0250  -0.5038   0.0297   0.0218
  0.0285   0.2260   0.0364  -0.4690   0.0344   0.0264
  0.0293   0.1790   0.0385  -0.4230   0.0370   0.0298
  0.0213   0.2163   0.0509  -0.4691   0.0359   0.0031
  0.0241   0.2222   0.0428  -0.4919   0.0281   0.0316
  0.0113   0.3585   0.0361  -0.5414   0.0253   0.0212
  0.0372   0.3998   0.0378  -0.6005   0.0496   0.0183
  0.0431   0.2499   0.0460  -0.4381   0.0398  -0.0134
  0.0368   0.3051   0.0320  -0.5754   0.0337   0.0345
  0.0418   0.1998   0.0237  -0.3479   0.0131  -0.0232
  0.0614   0.3713  -0.0874  -0.7264  -0.0241   0.0358
  0.0001   0.4753  -0.1137  -1.0693  -0.0527   0.0295
 -0.0026   0.3801  -0.1309  -0.7482  -0.0621   0.0143
 -0.0121   0.3501  -0.1196  -0.8090  -0.0447  -0.0220
  0.0149   0.3244  -0.3376  -0.8614  -0.1328   0.0171
  0.0785   0.5985  -0.2644  -0.8190  -0.1499   0.0212
  0.0333   0.5631  -0.2049  -0.4437  -0.1135  -0.0368
  0.0418   0.5628  -0.2060  -0.8287  -0.0745   0.0263
 -0.0076   0.6045  -0.2235  -1.1654  -0.0295   0.0053
  0.0359   0.3568  -0.1765  -0.8279  -0.0139   0.0206
  0.0289   0.3086  -0.0803  -0.6982  -0.0073   0.0026
  0.0067   0.2601  -0.0909  -0.6653  -0.0292   0.0045
 -0.0036   0.2820  -0.1068  -0.6799  -0.0274   0.0124
 -0.0037   0.2624  -0.0894  -0.6890  -0.0332  -0.0007
  0.0024   0.2925  -0.1006  -0.6870  -0.0401   0.0096
 -0.0239   0.2256  -0.0949  -0.5567  -0.0720   0.0122
 -0.0773   0.1391  -0.1264  -0.4391  -0.1186   0.0079
 -0.0694   0.1501  -0.1217  -0.5249  -0.1108   0.0127
 -0.0480   0.1606  -0.1129  -0.5070  -0.1028   0.0127
 -0.0529   0.1216  -0.1120  -0.4054  -0.0853  -0.0030
 -0.0794   0.1894  -0.2186  -0.3695  -0.1408   0.0139
 -0.0981   0.1344  -0.2928  -0.0622  -0.1922   0.0351
 -0.1406   0.1255  -0.2756   0.0391  -0.0818  -0.0286
 -0.0604   0.0996  -0.1529  -0.0951  -0.0407  -0.0544
 -0.0802   0.0464  -0.1531  -0.0208  -0.0906  -0.0479
 -0.0577   0.0449  -0.1716  -0.0892  -0.1109  -0.0416
 -0.0969   0.1652  -0.2857  -0.2342  -0.1717  -0.1233
 -0.1171   0.1743  -0.2635  -0.0419  -0.1101  -0.1774
 -0.0753   0.2242  -0.1993  -0.2448  -0.0881  -0.0565
 -0.0702   0.1689  -0.1584  -0.3035  -0.0266  -0.0497
 -0.1618   0.1584  -0.3967  -0.3772   0.0808   0.0902
 -0.1950   0.2576  -0.4246  -0.7596  -0.0114   0.0939
 -0.1019   0.3271  -0.2237  -1.0912  -0.1174   0.0243
 -0.0606   0.3592  -0.2079  -1.0066  -0.1128   0.0588
 -0.0041   0.3002  -0.1430  -0.8795  -0.1031   0.0020
 -0.0291   0.2130  -0.1393  -0.6988  -0.0550   0.0132
  0.0308   0.1985  -0.0333  -0.6977  -0.0939  -0.0096
 -0.2390   0.2244  -0.3199  -0.7113   0.0679  -0.0119
 -0.5731   0.1679  -0.4197  -0.2328   0.1573   0.0127
 -0.2612   0.1900  -0.2445  -0.4513  -0.0207   0.0175
 -0.1475   0.3577  -0.1668  -0.8381   0.0050   0.0117
 -0.1394   0.1797  -0.1506  -0.4101   0.0136   0.0046
 -0.1695   0.0645  -0.1620  -0.0230   0.0244  -0.0467
 -0.1075   0.0870  -0.1303  -0.2167  -0.0048   0.0027
 -0.0909   0.1306  -0.1174  -0.4337  -0.0182   0.0098
 -0.1047   0.1410  -0.1546  -0.3525  -0.0307  -0.0170
 -0.1150   0.0908  -0.1565  -0.1048  -0.0328  -0.0335
 -0.1448   0.0476  -0.1595   0.0201  -0.0373  -0.0458
 -0.1387   0.0979  -0.1374  -0.2093  -0.0256   0.0079
 -0.1274   0.1055  -0.1176  -0.2857  -0.0256   0.0087
 -0.1303   0.0875  -0.1324  -0.2075  -0.0214  -0.0163
 -0.1390   0.0685  -0.1351  -0.1526  -0.0244  -0.0336
 -0.1308   0.1080  -0.1412  -0.3224  -0.0347  -0.0110
 -0.1166   0.0902  -0.1707  -0.2941  -0.0495   0.0025
 -0.1284   0.1042  -0.1521  -0.3330  -0.0427   0.0008
 -0.1304   0.0726  -0.1331  -0.2536  -0.0465  -0.0188
 -0.1413   0.0656  -0.1196  -0.1194  -0.0448  -0.0303
 -0.1341   0.0498  -0.1025  -0.0937  -0.0622  -0.0244
 -0.1158   0.1020  -0.1426  -0.2414  -0.0427  -0.0090
 -0.0844   0.1095  -0.1039  -0.2989  -0.0544  -0.0081
 -0.1469   0.0775  -0.1625  -0.2874  -0.0020  -0.0175
 -0.1509   0.1177  -0.1167  -0.4051  -0.0113  -0.0266
 -0.1072   0.2222  -0.1020  -0.1376  -0.0401  -0.0577
 -0.0960   0.1851  -0.1512  -0.1154  -0.0256  -0.0139
 -0.0394  -0.0054  -0.1405  -0.2917  -0.1222  -0.0201
 -0.0522   0.0479  -0.1456  -0.1350  -0.1146  -0.0297
 -0.0377  -0.0288  -0.0570   0.4913  -0.0277  -0.0858
 -0.0784  -0.2598  -0.0614   0.8934   0.0010  -0.0178
 -0.0652  -0.1908  -0.1131   0.7162  -0.0432   0.0031
 -0.0496  -0.3402  -0.0677   1.3745  -0.0245  -0.0622
 -0.0668  -0.3729  -0.0563   1.7102  -0.0525  -0.0677
 -0.0792  -0.4334   0.0749   1.7493  -0.0171  -0.0106
 -0.0945  -0.2132  -0.2387   1.3290  -0.1408  -0.0012
 -0.1496  -0.0603  -0.3739   0.7375  -0.2115   0.0349
 -0.1014  -0.2205  -0.0191   0.7727  -0.0643  -0.0388
 -0.0278  -0.2379  -0.0274   1.0389  -0.0269  -0.1057
 -0.0667  -0.2233  -0.0056   0.8554  -0.0349  -0.0329
 -0.0811  -0.0896  -0.0596   0.8881  -0.0338  -0.0057
 -0.1851   0.1135  -0.2224   1.2809  -0.1204  -0.0042
 -0.1479  -0.0013  -0.2723   0.7403  -0.1323  -0.0773
 -0.2565  -0.0704  -0.1448   0.2954  -0.0257  -0.0167
 -0.2682  -0.0132  -0.2036   0.5921   0.0089  -0.0773
 -0.1733  -0.0904  -0.0975   1.0652  -0.0616  -0.0678
 -0.1215  -0.1338  -0.2217   0.8887  -0.1328  -0.0150
 -0.1754   0.0957  -0.2454   0.4484  -0.0590   0.0027
 -0.0668  -0.0731  -0.1604   0.7136  -0.0501  -0.1618
  0.0016  -0.5916  -0.0623   2.4447   0.0067  -0.2069
 -0.0175  -0.9396  -0.0726   2.2722   0.0154  -0.0160
 -0.1894  -0.8470   0.0278   2.0716   0.2006  -0.0760
 -0.1672  -0.6127   0.1436   2.2388   0.1531  -0.0963
 -0.0670  -0.8213   0.0156   1.7169  -0.1170  -0.0485
 -0.0280  -0.6517  -0.0454   1.6842  -0.0016   0.0040
 -0.0406  -0.5792   0.0940   2.1246  -0.0584  -0.1464
 -0.0993  -0.6374   0.0437   2.4518  -0.0658  -0.1306
 -0.0438  -0.9071   0.0576   2.4240   0.0295  -0.0292
 -0.0512  -0.9421   0.0858   2.6641   0.0321  -0.0612
 -0.0231  -0.9118   0.0947   2.5348   0.0386  -0.0562
 -0.0341  -0.9271   0.1048   2.6779   0.0447  -0.0659
 -0.0247  -0.9209   0.1166   2.6353   0.0446  -0.0558
 -0.0366  -0.9240   0.1241   2.7311   0.0542  -0.0556
 -0.0240  -0.9063   0.1496   2.6466   0.0530  -0.0419
 -0.0389  -0.9020   0.1358   2.6949   0.0543  -0.0601
 -0.0239  -0.8907   0.1638   2.6045   0.0473  -0.0481
 -0.0562  -0.8596   0.0809   2.7227   0.0478  -0.0861
 -0.0095  -0.8514   0.1442   2.5303   0.0372  -0.0665
 -0.1800  -0.8457  -0.0631   2.3588   0.0166   0.0012
 -0.2741  -0.7784  -0.2664   1.9716  -0.1410  -0.0450
 -0.0819  -0.8475  -0.0216   2.8742  -0.0830  -0.1450
