  0.0017  -0.1058  -0.0968   0.1604  -0.1583   0.1397
  0.0476  -0.0976  -0.0424   0.1633  -0.0892   0.0956
  0.0523  -0.0867  -0.0559   0.1337  -0.0778   0.0995
  0.0577  -0.0919  -0.0480   0.1513  -0.0724   0.1306
  0.0549  -0.0934  -0.0478   0.1518  -0.0936   0.0983
  0.0582  -0.0752  -0.0460   0.1353  -0.0828   0.1172
  0.0512  -0.0794  -0.0581   0.1267  -0.0785   0.0776
  0.0361  -0.0930  -0.0480   0.1043  -0.0801   0.0899
  0.0539  -0.1207  -0.0450   0.1815  -0.0734   0.1000
  0.0490  -0.1185  -0.0486   0.1923  -0.0777   0.1084
  0.0420  -0.1084  -0.0558   0.1700  -0.0829   0.0981
  0.0448  -0.1118  -0.0587   0.1552  -0.0799   0.1056
  0.0377  -0.1048  -0.0623   0.1574  -0.0857   0.0824
  0.0469  -0.1079  -0.0552   0.1683  -0.0902   0.0994
  0.0452  -0.1153  -0.0682   0.1573  -0.0943   0.1013
 -0.0051  -0.1105  -0.1102   0.1487  -0.1499   0.1000
 -0.0144  -0.1038  -0.1018   0.1167  -0.1633   0.0728
 -0.0231  -0.0973  -0.1031   0.1078  -0.1731   0.1022
 -0.0275  -0.1066  -0.0965   0.1189  -0.1818   0.0947
 -0.0108  -0.1038  -0.0983   0.0874  -0.1853   0.0883
 -0.0148  -0.0991  -0.0960   0.0673  -0.1858   0.0734
 -0.0215  -0.0977  -0.1080   0.0721  -0.1974   0.0499
 -0.0195  -0.1012  -0.0910   0.0992  -0.1802   0.0280
 -0.0105  -0.1054  -0.0987   0.0852  -0.1781   0.0623
 -0.0554  -0.1091  -0.1200   0.1128  -0.2096   0.0747
 -0.0568  -0.1052  -0.1008   0.0984  -0.1922   0.0708
 -0.0534  -0.1037  -0.1032   0.0897  -0.1939   0.0660
 -0.0434  -0.0888  -0.1103   0.0854  -0.1916   0.0924
 -0.0489  -0.1068  -0.1148   0.1334  -0.2059   0.0520
 -0.0481  -0.1007  -0.1162   0.1651  -0.1954   0.0780
 -0.0469  -0.0957  -0.1053   0.1323  -0.1972   0.0485
 -0.0477  -0.1020  -0.1124   0.1511  -0.1996   0.0730
 -0.0628  -0.1212  -0.1070   0.1525  -0.1834   0.0724
 -0.0692  -0.1081  -0.1163   0.1162  -0.1865   0.0782
 -0.0718  -0.1111  -0.1175   0.1539  -0.1790   0.0602
 -0.0535  -0.0919  -0.1018   0.1223  -0.1780   0.0560
 -0.0657  -0.1027  -0.1078   0.1406  -0.1910   0.0805
 -0.0499  -0.1016  -0.1073   0.0899  -0.1966   0.0771
 -0.0519  -0.0866  -0.1021   0.0949  -0.1841   0.0646
 -0.0593  -0.0969  -0.0998   0.1203  -0.1864   0.0533
 -0.0670  -0.1020  -0.0944   0.1322  -0.1914   0.0499
 -0.0686  -0.0972  -0.1112   0.1193  -0.1908   0.1106
 -0.0766  -0.1124  -0.1079   0.1412  -0.1908   0.0344
 -0.0772  -0.1148  -0.1074   0.0946  -0.1954   0.0131
 -0.0670  -0.1129  -0.0999   0.1524  -0.1843   0.0631
 -0.0832  -0.1239  -0.0875   0.0792  -0.1820  -0.0344
 -0.0733  -0.0814  -0.1078   0.0129  -0.1645   0.1652
 -0.0794  -0.0990  -0.1097   0.1474  -0.1683   0.0806
 -0.0786  -0.0992  -0.1121   0.1484  -0.1839   0.0380
 -0.0933  -0.0981  -0.1168   0.1673  -0.1892   0.0645
 -0.0921  -0.1065  -0.1168   0.1877  -0.1955   0.0715
 -0.0994  -0.1025  -0.1255   0.1939  -0.1994   0.0815
 -0.0947  -0.0925  -0.1198   0.1420  -0.1902   0.0651
 -0.0989  -0.0982  -0.1234   0.1197  -0.1970   0.0827
 -0.0811  -0.0934  -0.0922   0.1348  -0.1630   0.0995
 -0.0394  -0.0822  -0.0720   0.1236  -0.1331   0.0410
 -0.0494  -0.0840  -0.0710   0.1214  -0.1231   0.0643
 -0.0583  -0.0749  -0.0763   0.1251  -0.1427   0.0840
 -0.0825  -0.0774  -0.0968   0.1241  -0.1666   0.0454
 -0.0831  -0.0829  -0.0943   0.1527  -0.1680   0.0296
 -0.0949  -0.0974  -0.1141   0.1688  -0.1869   0.0770
 -0.0923  -0.1234  -0.0924   0.1737  -0.1619   0.0239
 -0.0933  -0.0946  -0.0850   0.1419  -0.1522   0.0344
 -0.1042  -0.0938  -0.0892   0.1583  -0.1586   0.0661
 -0.0962  -0.0922  -0.0980   0.1375  -0.1629   0.0535
 -0.0890  -0.0978  -0.0908   0.1523  -0.1652   0.0576
 -0.0895  -0.0975  -0.1051   0.1575  -0.1697   0.0337
 -0.0979  -0.0914  -0.1057   0.1371  -0.1717   0.0414
 -0.1118  -0.0868  -0.1184   0.1316  -0.1805   0.0394
 -0.1161  -0.0864  -0.1143   0.1375  -0.1788   0.0362
 -0.1133  -0.0828  -0.1094   0.1430  -0.1746   0.0463
 -0.1202  -0.0737  -0.1144   0.1384  -0.1765   0.0274
 -0.1262  -0.0920  -0.1237   0.1591  -0.1888   0.0298
 -0.1212  -0.0915  -0.1141   0.1449  -0.1799   0.0460
 -0.1257  -0.0933  -0.1131   0.1423  -0.1696   0.0305
 -0.1271  -0.0816  -0.1135   0.1292  -0.1754   0.0269
 -0.1331  -0.0787  -0.1153   0.1368  -0.1797   0.0303
 -0.1336  -0.0834  -0.1171   0.1702  -0.1861   0.0216
 -0.1294  -0.0881  -0.1178   0.1681  -0.1902   0.0365
 -0.1176  -0.0912  -0.1014   0.1577  -0.1714   0.0298
 -0.1093  -0.0838  -0.0954   0.1280  -0.1517   0.0428
 -0.1189  -0.0794  -0.1223   0.1117  -0.1551   0.0476
 -0.1267  -0.0941  -0.1020   0.1277  -0.1578   0.0103
 -0.1171  -0.0720  -0.0887   0.0929  -0.1386  -0.0055
 -0.1111  -0.0727  -0.1008   0.1015  -0.1459   0.0318
 -0.1061  -0.0690  -0.0844   0.0952  -0.1347   0.0206
 -0.0914  -0.0651  -0.0719   0.0807  -0.1053   0.0472
 -0.0172  -0.0147  -0.0260  -0.0015  -0.0446   0.0448
 -0.0342  -0.0338  -0.0444   0.0802  -0.0504   0.0229
 -0.0342  -0.0475  -0.0498   0.0966  -0.0551  -0.0060
 -0.0338  -0.0439  -0.0374   0.0667  -0.0278   0.0117
 -0.0301  -0.0290  -0.0488   0.0502  -0.0256  -0.0172
 -0.0239  -0.0199  -0.0403   0.0432  -0.0072  -0.0071
 -0.0278  -0.0240  -0.0349   0.0430  -0.0151  -0.0080
 -0.0254  -0.0200  -0.0255   0.0296   0.0013  -0.0246
 -0.0119  -0.0184  -0.0239   0.0336   0.0090   0.0010
 -0.0148  -0.0145  -0.0216   0.0130   0.0172  -0.0128
 -0.0043  -0.0119  -0.0182   0.0229   0.0197  -0.0061
 -0.0066  -0.0139  -0.0139   0.0315   0.0199  -0.0033
 -0.0098  -0.0188  -0.0190   0.0199   0.0167   0.0144
 -0.0076  -0.0168  -0.0202   0.0174   0.0183  -0.0127
  0.0057   0.0043  -0.0132   0.0111   0.0220  -0.0083
  0.0270   0.0051  -0.0040   0.0422   0.0230   0.0181
  0.0205  -0.0141  -0.0107   0.0392   0.0229   0.0130
  0.0157  -0.0080  -0.0046   0.0129   0.0270   0.0178
  0.0123  -0.0035  -0.0099   0.0088   0.0186  -0.0092
  0.0213   0.0032   0.0050   0.0153   0.0169   0.0125
  0.0207  -0.0045   0.0015   0.0175   0.0187   0.0003
  0.0182   0.0003   0.0061   0.0045   0.0226   0.0180
  0.0238   0.0007   0.0072  -0.0096   0.0202  -0.0020
  0.0332   0.0140   0.0099  -0.0190   0.0191   0.0131
  0.0310   0.0084   0.0112  -0.0171   0.0200  -0.0167
  0.0414   0.0152   0.0123  -0.0507   0.0290  -0.0016
  0.0356   0.0046   0.0067  -0.0389   0.0334  -0.0054
  0.0517   0.0187   0.0201  -0.0557   0.0444  -0.0183
  0.0392   0.0318   0.0255  -0.0502   0.0512  -0.0489
  0.0492   0.0445   0.0206  -0.1061   0.0661   0.0327
  0.0330   0.0305   0.0185  -0.0793   0.0719  -0.0292
  0.0322   0.0450   0.0309  -0.0823   0.0710  -0.0467
  0.0376   0.0409   0.0284  -0.1037   0.0701   0.0017
  0.0410   0.0389   0.0311  -0.0957   0.0665  -0.0283
  0.0457   0.0452   0.0292  -0.0768   0.0709  -0.0256
  0.0386   0.0427   0.0289  -0.0669   0.0766  -0.0582
  0.0432   0.0419   0.0333  -0.0627   0.0818  -0.0276
  0.0475   0.0320   0.0363  -0.0610   0.0915  -0.0401
  0.0514   0.0344   0.0489  -0.0538   0.0792  -0.0296
  0.0491   0.0299   0.0460  -0.0557   0.0752  -0.0527
  0.0501   0.0440   0.0461  -0.0561   0.0710  -0.0357
  0.0489   0.0379   0.0473  -0.0459   0.0710  -0.0255
  0.0560   0.0393   0.0499  -0.0766   0.0704  -0.0336
  0.0509   0.0476   0.0491  -0.0781   0.0731  -0.0485
  0.0483   0.0516   0.0553  -0.0906   0.0759  -0.0772
  0.0560   0.0602   0.0503  -0.0897   0.0797  -0.0347
  0.0526   0.0656   0.0564  -0.0878   0.0756  -0.0358
  0.0522   0.0732   0.0595  -0.1040   0.0808  -0.0443
  0.0614   0.0573   0.0624  -0.0759   0.0708  -0.0416
  0.0635   0.0582   0.0585  -0.0842   0.0726  -0.0592
  0.0647   0.0653   0.0554  -0.0896   0.0771  -0.0259
  0.0664   0.0629   0.0624  -0.0831   0.0702  -0.0305
  0.0718   0.0679   0.0609  -0.0893   0.0743  -0.0066
  0.0666   0.0603   0.0574  -0.0902   0.0701  -0.0092
  0.0619   0.0574   0.0552  -0.0968   0.0760  -0.0206
  0.0597   0.0575   0.0562  -0.1097   0.0833  -0.0220
  0.0584   0.0741   0.0653  -0.1180   0.0797  -0.0247
  0.0606   0.0885   0.0642  -0.1143   0.0772  -0.0262
  0.0627   0.0879   0.0612  -0.1110   0.0862  -0.0412
  0.0586   0.0798   0.0596  -0.1153   0.0893  -0.0382
  0.0601   0.0827   0.0623  -0.1376   0.0952  -0.0426
  0.0621   0.0734   0.0607  -0.1112   0.0892  -0.0184
  0.0630   0.0627   0.0616  -0.0832   0.0892  -0.0303
  0.0559   0.0699   0.0620  -0.1070   0.0989  -0.0475
  0.0652   0.0734   0.0526  -0.0858   0.0956  -0.0357
  0.0660   0.0807   0.0531  -0.0820   0.0928  -0.0425
  0.0613   0.0815   0.0613  -0.0791   0.0946  -0.0295
  0.0594   0.0773   0.0590  -0.0926   0.0916  -0.0297
  0.0524   0.0695   0.0637  -0.1105   0.0952  -0.0312
  0.0564   0.0796   0.0658  -0.1230   0.0976  -0.0326
  0.0536   0.0791   0.0726  -0.1242   0.1002  -0.0346
  0.0541   0.0812   0.0697  -0.1357   0.0969  -0.0545
  0.0564   0.0927   0.0670  -0.1387   0.0982  -0.0259
  0.0637   0.0951   0.0744  -0.1361   0.0953  -0.0184
  0.0637   0.0810   0.0696  -0.1302   0.0997  -0.0258
  0.0568   0.0842   0.0755  -0.1524   0.1057  -0.0372
  0.0599   0.0829   0.0721  -0.1299   0.0936  -0.0290
  0.0615   0.0873   0.0749  -0.1202   0.0880  -0.0441
  0.0572   0.0922   0.0788  -0.1374   0.0932  -0.0389
  0.0549   0.1020   0.0828  -0.1505   0.1062  -0.0186
  0.0516   0.0988   0.0811  -0.1491   0.1132  -0.0355
  0.0521   0.1041   0.0765  -0.1388   0.1089  -0.0575
  0.0475   0.0950   0.0753  -0.1238   0.1071  -0.0476
  0.0495   0.0945   0.0765  -0.1109   0.1106  -0.0413
  0.0411   0.0965   0.0903  -0.1209   0.1158  -0.0569
  0.0479   0.0952   0.0946  -0.1097   0.1146  -0.0115
  0.0465   0.0969   0.0927  -0.1200   0.1133  -0.0439
  0.0509   0.1061   0.0934  -0.1126   0.1100  -0.0511
  0.0478   0.1015   0.0905  -0.1023   0.1090  -0.0477
  0.0519   0.0930   0.0912  -0.0909   0.1114  -0.0147
  0.0324   0.0861   0.0842  -0.0832   0.1008  -0.0471
  0.0506   0.1105   0.0953  -0.1101   0.1081  -0.0355
  0.0496   0.0882   0.0880  -0.1005   0.1089  -0.0387
  0.0458   0.1088   0.0929  -0.0897   0.1048  -0.0349
  0.0524   0.1095   0.0876  -0.1000   0.1051  -0.0433
  0.0465   0.1133   0.0981  -0.0994   0.1083  -0.0480
  0.0418   0.0876   0.0977  -0.0820   0.1108  -0.0476
  0.0365   0.0592   0.0939  -0.0804   0.1064  -0.0135
  0.0364   0.0619   0.0911  -0.0938   0.1020  -0.0591
  0.0370   0.0694   0.0941  -0.0870   0.1064  -0.0672
  0.0362   0.0643   0.0908  -0.0923   0.1134  -0.0385
  0.0425   0.0713   0.0959  -0.1191   0.1156  -0.0559
  0.0317   0.0831   0.0886  -0.1510   0.1269  -0.0592
  0.0316   0.0851   0.0893  -0.1335   0.1260  -0.0637
  0.0364   0.0880   0.0863  -0.1270   0.1224  -0.0617
  0.0380   0.0786   0.0826  -0.1385   0.1267  -0.0511
  0.0340   0.0727   0.0849  -0.1296   0.1157  -0.0455
  0.0353   0.0693   0.0886  -0.1461   0.1114  -0.0489
  0.0389   0.0733   0.0799  -0.1269   0.1150  -0.0455
  0.0381   0.0751   0.0779  -0.1183   0.1212  -0.0499
  0.0386   0.0711   0.0836  -0.1207   0.1257  -0.0724
  0.0355   0.0698   0.0814  -0.1203   0.1285  -0.0382
  0.0292   0.0583   0.0798  -0.1096   0.1291  -0.0507
  0.0216   0.0653   0.0781  -0.0997   0.1375  -0.0504
  0.0229   0.0662   0.0806  -0.0935   0.1380  -0.0510
  0.0154   0.0724   0.0829  -0.1002   0.1512  -0.0711
  0.0172   0.0534   0.0799  -0.0688   0.1481  -0.0272
  0.0281   0.0609   0.0831  -0.0881   0.1456  -0.0860
  0.0257   0.0840   0.0880  -0.0983   0.1440  -0.0653
  0.0429   0.0703   0.1172  -0.0843   0.1715  -0.0655
  0.0461   0.0737   0.0916  -0.0847   0.1491  -0.0498
  0.0332   0.0620   0.0733  -0.0742   0.1453  -0.0602
  0.0311   0.0791   0.0842  -0.0997   0.1482  -0.0454
  0.0300   0.0804   0.0808  -0.1043   0.1490  -0.0325
  0.0188   0.0672   0.0728  -0.0755   0.1486  -0.0400
  0.0134   0.0822   0.0770  -0.0881   0.1466  -0.0753
  0.0145   0.0864   0.0774  -0.1113   0.1433  -0.0612
  0.0169   0.0707   0.0827  -0.0718   0.1488  -0.0877
  0.0167   0.0771   0.0856  -0.0737   0.1442  -0.0794
  0.0161   0.0661   0.0867  -0.0708   0.1497  -0.0733
  0.0074   0.0813   0.0841  -0.0925   0.1482  -0.0428
  0.0133   0.0786   0.0925  -0.0839   0.1575  -0.0543
  0.0178   0.1045   0.0942  -0.1247   0.1518  -0.0611
  0.0146   0.0424   0.0776  -0.0614   0.1459  -0.0827
  0.0062   0.0250   0.0787  -0.0443   0.1434  -0.0475
  0.0100   0.0496   0.0788  -0.0659   0.1477  -0.0674
  0.0101   0.0537   0.0779  -0.0802   0.1506  -0.0690
  0.0258   0.0634   0.0941  -0.0962   0.1761  -0.0804
  0.0236   0.0625   0.0932  -0.1077   0.1755  -0.0667
  0.0172   0.0586   0.0765  -0.1006   0.1721  -0.0520
  0.0027   0.0673   0.0639  -0.1089   0.1666  -0.0757
  0.0092   0.0700   0.0700  -0.1033   0.1599  -0.0781
  0.0010   0.0607   0.0640  -0.0788   0.1711  -0.0899
 -0.0010   0.0668   0.0627  -0.0714   0.1791  -0.0856
 -0.0003   0.0524   0.0649  -0.0618   0.1767  -0.0944
 -0.0058   0.0560   0.0732  -0.0486   0.1778  -0.0561
 -0.0180   0.0504   0.0682  -0.0371   0.1787  -0.0625
 -0.0008   0.0538   0.0748  -0.0589   0.1659  -0.0646
  0.0031   0.0488   0.0649  -0.1034   0.1684  -0.0656
