 -0.2965   0.5695  -0.1006   0.0380  -0.4736  -0.0627
 -0.3121   0.6441  -0.1280   0.0292  -0.5179  -0.0969
 -0.3095   0.6610  -0.1694   0.0081  -0.5257  -0.1348
 -0.3095   0.6241  -0.1216   0.0618  -0.5241  -0.0905
 -0.3122   0.6339  -0.1408   0.0075  -0.5109  -0.1265
 -0.3182   0.5924  -0.1274   0.0565  -0.5222  -0.0954
 -0.3245   0.5537  -0.1186   0.0565  -0.5186  -0.0875
 -0.3221   0.5743  -0.1043   0.0334  -0.4971  -0.1074
 -0.3193   0.5736  -0.1180   0.0185  -0.4991  -0.0943
 -0.3048   0.5749  -0.0917   0.0308  -0.4755  -0.1037
 -0.2836   0.5111  -0.0436   0.0344  -0.4413  -0.0947
 -0.2366   0.4227   0.0244   0.0233  -0.3624  -0.0722
 -0.2293   0.3212   0.0552   0.1141  -0.3734  -0.0146
 -0.2395   0.3619   0.0176   0.0608  -0.3756  -0.0463
 -0.1685   0.2718   0.1902   0.1262  -0.2644  -0.0082
 -0.1482   0.2221   0.3203   0.2183  -0.1863   0.0094
 -0.1186   0.2399   0.3263   0.2274  -0.1543  -0.0149
 -0.1351   0.2562   0.2629   0.2524  -0.1763  -0.0004
 -0.1708   0.3228   0.2075   0.1459  -0.1918  -0.0593
 -0.1672   0.2995   0.1682   0.1333  -0.1923  -0.0519
 -0.1713   0.3266   0.1095   0.0923  -0.2120  -0.0732
 -0.1825   0.3553   0.1022   0.0594  -0.2347  -0.0944
 -0.1614   0.2968   0.1157   0.1047  -0.2121  -0.0553
 -0.1641   0.2990   0.1135   0.0688  -0.1953  -0.0569
 -0.1574   0.2515   0.1336   0.1487  -0.1969  -0.0179
 -0.1702   0.2333   0.1237   0.1801  -0.2248  -0.0276
 -0.1515   0.2692   0.1102   0.0196  -0.1493  -0.0610
 -0.1174   0.2121   0.1099   0.0377  -0.1217  -0.0201
 -0.0927   0.1948   0.1333   0.0655  -0.1009  -0.0222
 -0.0923   0.1926   0.1376   0.0269  -0.0914  -0.0139
 -0.0658   0.1813   0.1489   0.0197  -0.0501  -0.0155
 -0.0845   0.2617   0.0276  -0.2713  -0.0037  -0.0411
 -0.0859   0.1527   0.0352   0.0234  -0.0684   0.0013
 -0.1604   0.1420   0.0271   0.2180  -0.1877   0.0226
 -0.1760   0.1680  -0.0406   0.0145  -0.2475  -0.0300
 -0.1517   0.1296   0.0249   0.0904  -0.2171  -0.0334
 -0.1490   0.1607   0.0534   0.0499  -0.2111  -0.0392
 -0.1497   0.1802   0.0303   0.0115  -0.2243  -0.0680
 -0.1347   0.1720   0.0550   0.0484  -0.2209  -0.0372
 -0.1239   0.1635   0.0398   0.0036  -0.1740  -0.0401
 -0.0821   0.1098   0.1677   0.1091  -0.1379   0.0222
 -0.0550   0.1164   0.0761  -0.1154  -0.0254   0.0042
 -0.0493   0.0633  -0.0122  -0.2162  -0.0135   0.0259
  0.0066   0.0686   0.0687  -0.1519   0.0282   0.0103
 -0.0617   0.1213  -0.0279  -0.1241  -0.0236   0.0102
 -0.1427   0.0987  -0.0523   0.0187  -0.1632   0.0010
 -0.1457   0.1618  -0.0487  -0.0486  -0.1670  -0.0271
 -0.1776   0.1255  -0.0280   0.1150  -0.1934  -0.0075
 -0.1715   0.1177  -0.0334   0.1300  -0.1721  -0.0103
 -0.1382   0.1801  -0.0235  -0.0446  -0.1805  -0.0710
 -0.1117   0.1706   0.0229  -0.0536  -0.1222  -0.0313
 -0.0975   0.1705   0.0207  -0.1254  -0.0853  -0.0402
 -0.0780   0.1227   0.0167  -0.1540  -0.0311  -0.0064
 -0.0546   0.1057   0.0754  -0.1057  -0.0158   0.0053
 -0.0505   0.0898   0.0545  -0.1210  -0.0065   0.0211
 -0.0583  -0.0574   0.0776   0.0562  -0.0485   0.0621
 -0.0891  -0.1391   0.0882   0.2371  -0.0945   0.0955
 -0.1056  -0.0156   0.0190   0.0373  -0.1173   0.0363
 -0.1134  -0.0576   0.0380   0.0565  -0.1130   0.0443
 -0.0988  -0.0442   0.0450   0.0583  -0.1252   0.0290
 -0.1211  -0.0257  -0.0282  -0.1278  -0.1040   0.0032
 -0.1069  -0.0476  -0.0270  -0.0610  -0.1194   0.0143
 -0.0747  -0.1113   0.0987   0.0596  -0.0997   0.0420
 -0.0648  -0.0975   0.0961   0.0905  -0.1167   0.0270
 -0.0835  -0.2036   0.1221   0.1881  -0.0688   0.0759
 -0.1279   0.0246  -0.1674   0.5103  -0.2016   0.0323
 -0.2085   0.6952  -0.9733   0.9819  -0.6658  -0.0605
 -0.2216   0.7429  -0.8417   0.7574  -0.6669  -0.1071
 -0.1936   0.5125  -0.6356   0.3887  -0.6056  -0.1169
 -0.1881   0.4677  -0.5863   0.2392  -0.5624  -0.0868
 -0.2325   0.4438  -0.5293   0.2672  -0.6016  -0.0883
 -0.2413   0.4027  -0.4508   0.3141  -0.5963  -0.0405
 -0.2328   0.4397  -0.4891   0.3026  -0.5734  -0.0724
 -0.2079   0.4315  -0.4307   0.2770  -0.5492  -0.0607
 -0.2035   0.4155  -0.4079   0.3029  -0.5526  -0.0804
 -0.2317   0.4083  -0.3979   0.2163  -0.5252  -0.0810
 -0.2120   0.4406  -0.3959   0.1453  -0.4945  -0.0837
 -0.2137   0.4366  -0.3499   0.1330  -0.4944  -0.0674
 -0.2813   0.4841  -0.3889   0.0613  -0.5628  -0.1100
 -0.2240   0.3873  -0.3756   0.0915  -0.5367  -0.0425
 -0.3028   0.7124  -0.5606  -0.1319  -0.5702  -0.1789
 -0.3595   1.2384  -0.7117  -0.3602  -0.5872  -0.2957
 -0.2990   1.0412  -0.6349  -0.3094  -0.5438  -0.2756
 -0.2470   0.8931  -0.5471  -0.2960  -0.4866  -0.2664
 -0.2378   0.9101  -0.5318  -0.3344  -0.4711  -0.2516
 -0.2654   1.0486  -0.5022  -0.5461  -0.4315  -0.3450
 -0.1679   0.8872  -0.4100  -0.4113  -0.3335  -0.2836
 -0.0901   0.7404  -0.4416  -0.4094  -0.2411  -0.2878
 -0.0092   0.7315  -0.3737  -0.1062  -0.2433  -0.2651
 -0.0562   0.7089  -0.3032   0.0250  -0.3311  -0.2512
 -0.1279   0.7556  -0.3218  -0.1836  -0.3173  -0.2572
 -0.1079   0.6913  -0.2733  -0.1764  -0.2812  -0.2320
 -0.0953   0.6727  -0.2546  -0.2577  -0.2116  -0.2562
 -0.0683   0.5653  -0.2512  -0.4206  -0.0670  -0.2202
  0.0055   0.2855  -0.0508  -0.2330  -0.0046  -0.1204
  0.0046   0.2228  -0.0483  -0.2702   0.0432  -0.1139
 -0.0377   0.1738  -0.1835  -0.3561   0.0137  -0.1111
 -0.0422   0.1085  -0.0929  -0.1552  -0.0725  -0.0481
 -0.0102   0.0732  -0.0831  -0.2732   0.0151  -0.0576
 -0.0062   0.1067  -0.1278  -0.4031   0.0708  -0.0823
  0.0321   0.0116  -0.0198  -0.2536   0.0743  -0.0351
  0.0809   0.0026   0.0411  -0.2812   0.1690  -0.0249
  0.1061   0.0276  -0.0262  -0.4576   0.2736  -0.0308
  0.1395  -0.0455   0.0347  -0.3896   0.2928  -0.0095
  0.1314  -0.0467  -0.0304  -0.4416   0.3146  -0.0132
  0.1557  -0.0652   0.0817  -0.3826   0.3156  -0.0094
  0.2193  -0.2012   0.2069  -0.1510   0.3175   0.0493
  0.1831  -0.1316   0.1566  -0.2639   0.3139   0.0010
  0.1342  -0.2197   0.0777   0.1400   0.1927   0.0408
 -0.1175  -0.0002  -0.3153   0.8062  -0.1976   0.0990
 -0.2746   0.3007  -0.5420   0.7618  -0.4975   0.0663
 -0.2052   0.4020  -0.4867   0.4138  -0.3234   0.0413
 -0.1082   0.3326  -0.3989   0.1783  -0.1604   0.0014
 -0.0477   0.3223  -0.2930   0.1128  -0.0929  -0.0080
 -0.0424   0.3261  -0.3064   0.0299  -0.0687   0.0110
 -0.0334   0.1089  -0.2839   0.2141  -0.0967   0.0841
 -0.0090   0.1302  -0.1969   0.2197  -0.0134   0.0323
 -0.0033  -0.0418  -0.1273   0.0584   0.0173   0.0421
  0.0170  -0.1664  -0.0443   0.0609   0.0603   0.0941
  0.0454  -0.1790  -0.0240   0.0145   0.0903   0.0724
  0.0531  -0.2665  -0.0631  -0.1049   0.1206   0.0824
  0.0775  -0.3242  -0.0091  -0.0458   0.1224   0.0990
  0.0909  -0.3014   0.0751   0.0176   0.1329   0.1040
  0.0945  -0.3071   0.0321  -0.0198   0.1500   0.0876
  0.0666  -0.3473   0.0102   0.0746   0.1390   0.1221
  0.0678  -0.3484   0.0261   0.1127   0.0900   0.1213
  0.0496  -0.2937  -0.0268  -0.1022   0.1083   0.0557
  0.0653  -0.3966   0.0527  -0.0028   0.1088   0.1020
  0.0707  -0.3487   0.0518  -0.0911   0.1316   0.0724
  0.0771  -0.3262   0.0053  -0.1908   0.1842   0.0607
  0.1071  -0.3828   0.0992  -0.0248   0.1624   0.0912
  0.0987  -0.3824   0.1111  -0.0718   0.1669   0.0797
  0.1061  -0.3519   0.0793  -0.1043   0.1859   0.0869
  0.1218  -0.3909   0.1036  -0.0606   0.2022   0.0986
  0.1151  -0.3382   0.0271  -0.2616   0.2640   0.0663
  0.1490  -0.4174   0.0903  -0.1230   0.2484   0.1116
  0.1319  -0.3959   0.0913  -0.1798   0.2501   0.0962
  0.1196  -0.3768   0.0431  -0.1857   0.2438   0.0882
  0.1122  -0.4441   0.1397  -0.0171   0.1928   0.1255
  0.0959  -0.4213   0.1319  -0.0885   0.1980   0.0859
  0.1091  -0.3992   0.1158  -0.1246   0.2123   0.0843
  0.1242  -0.4577   0.1461  -0.0264   0.2019   0.0971
  0.1271  -0.3708   0.0714  -0.2442   0.2627   0.0492
  0.1292  -0.4502   0.0643  -0.1024   0.2559   0.0815
  0.1231  -0.4443   0.0649  -0.1657   0.2562   0.0801
  0.1417  -0.4059   0.0308  -0.2553   0.2797   0.0609
  0.1425  -0.4366   0.0662  -0.1741   0.2555   0.0748
  0.1439  -0.4181   0.0565  -0.2368   0.2571   0.0594
  0.1442  -0.3926   0.0459  -0.2581   0.2817   0.0493
  0.1598  -0.4147   0.0589  -0.2424   0.2911   0.0678
  0.1577  -0.3814   0.0572  -0.2830   0.3229   0.0652
  0.1922  -0.4016   0.0747  -0.1630   0.3574   0.0635
  0.2123  -0.3539   0.0780  -0.2908   0.4260   0.0651
  0.2347  -0.3070   0.0289  -0.3483   0.4613   0.0557
  0.2340  -0.3584   0.1018  -0.2127   0.4077   0.0748
  0.2406  -0.3550   0.0780  -0.3072   0.4365   0.0658
  0.2457  -0.3807   0.1317  -0.2430   0.4203   0.0834
  0.2417  -0.4630   0.1394  -0.0964   0.3971   0.1104
  0.2432  -0.4300   0.2465  -0.1421   0.3769   0.0373
  0.2473  -0.4754   0.2820  -0.0661   0.3782   0.0874
  0.2448  -0.4442   0.1873  -0.2414   0.4342   0.0697
  0.2524  -0.4134   0.1717  -0.2856   0.4345   0.0486
  0.2658  -0.4976   0.1964  -0.0820   0.4309   0.0827
  0.2658  -0.4381   0.2055  -0.1750   0.4409   0.0546
  0.2781  -0.4280   0.1807  -0.1836   0.4641   0.0638
  0.2779  -0.4691   0.2031  -0.0959   0.4501   0.0901
  0.2783  -0.4371   0.1741  -0.1882   0.4702   0.0839
  0.2824  -0.4218   0.1696  -0.2068   0.4743   0.0807
  0.2873  -0.4652   0.1954  -0.1006   0.4625   0.0895
  0.2902  -0.4172   0.1809  -0.1933   0.4650   0.0683
  0.2998  -0.4830   0.2007  -0.0573   0.4741   0.0864
  0.3107  -0.4608   0.1873  -0.1195   0.4873   0.0700
  0.3027  -0.5448   0.2225   0.1731   0.4773   0.1195
  0.3209  -0.5860   0.1666   0.6926   0.4127   0.1462
  0.2466  -0.3616   0.0968   0.5046   0.2558   0.0877
  0.2212  -0.2724   0.0827   0.2344   0.2227   0.0457
  0.2316  -0.3560   0.1457   0.1442   0.2544   0.0354
  0.2511  -0.4794   0.3561   0.2363   0.3236   0.0499
  0.2480  -0.4766   0.3163   0.1214   0.3793   0.0447
  0.2493  -0.5307   0.2983   0.1857   0.3980   0.1017
  0.2652  -0.5394   0.3320   0.2295   0.3826   0.1001
  0.2629  -0.5050   0.2912   0.1353   0.4165   0.0970
  0.2678  -0.4995   0.2944   0.1410   0.4128   0.0879
  0.2671  -0.5161   0.3033   0.2011   0.4216   0.1057
  0.2627  -0.4771   0.2798   0.1380   0.4157   0.0923
  0.2516  -0.5793   0.3153   0.2554   0.4136   0.1215
  0.2555  -0.5657   0.3538   0.2207   0.3868   0.0949
  0.2472  -0.4966   0.2643   0.0482   0.4279   0.0457
  0.2539  -0.5670   0.2931   0.1424   0.4385   0.0839
  0.2471  -0.6586   0.3116   0.3067   0.4138   0.0906
  0.2498  -0.5612   0.2589   0.1114   0.4306   0.0364
  0.2774  -0.6169   0.2840   0.1924   0.4479   0.0734
  0.3001  -0.6246   0.3277   0.2175   0.4467   0.0566
  0.2945  -0.5312   0.3248   0.0969   0.4249   0.0309
  0.2880  -0.6372   0.3288   0.2364   0.4337   0.0833
  0.2789  -0.5819   0.3157   0.1129   0.4599   0.0351
