 -0.5835   1.8238  -0.1535  -2.2596  -0.3610  -0.1735
 -0.5521   1.4110  -0.1534  -1.8288  -0.4168  -0.0587
 -0.5528   1.5567  -0.1074  -1.9800  -0.3867  -0.0787
 -0.5407   1.5300  -0.1055  -1.9436  -0.3819  -0.1138
 -0.5365   1.6058  -0.0763  -2.0037  -0.3536  -0.1287
 -0.5354   1.6189  -0.1000  -1.9427  -0.3450  -0.1473
 -0.5163   1.6800  -0.1098  -1.9948  -0.3330  -0.1308
 -0.5241   1.6692  -0.1178  -1.9835  -0.3356  -0.1340
 -0.5454   1.7250  -0.1565  -2.0235  -0.3233  -0.1120
 -0.5393   1.7130  -0.1436  -1.9718  -0.3285  -0.1668
 -0.5226   1.7469  -0.1514  -2.0111  -0.3126  -0.1426
 -0.5136   1.7454  -0.1225  -1.9387  -0.3222  -0.1416
 -0.5051   1.7305  -0.1378  -1.9747  -0.3151  -0.1113
 -0.5453   1.7892  -0.1681  -2.0740  -0.3306  -0.1681
 -0.5447   1.7789  -0.2390  -2.8055  -0.2294   0.0278
 -0.5134   1.6237  -0.2636  -3.1020  -0.2671  -0.0593
 -0.5602   1.5470  -0.2634  -2.6048  -0.3371  -0.1721
 -0.5060   1.5741  -0.2478  -2.6754  -0.3136   0.0123
 -0.5329   1.4953  -0.2338  -2.5141  -0.3020  -0.0436
 -0.4999   1.4077  -0.2127  -2.4887  -0.2858  -0.0375
 -0.4965   1.3520  -0.2154  -2.3991  -0.2864  -0.0213
 -0.4969   1.4581  -0.1926  -2.3705  -0.2929  -0.1594
 -0.5417   1.8141  -0.2502  -2.4218  -0.2992  -0.2756
 -0.4833   2.0354  -0.2617  -2.4884  -0.2918  -0.1860
 -0.5169   2.1897  -0.2679  -2.5263  -0.2979  -0.3158
 -0.4505   2.1577  -0.2491  -2.5031  -0.2816  -0.3019
 -0.4947   2.3282  -0.2667  -2.6647  -0.2816  -0.2054
 -0.0303   1.3308   0.0444  -1.2231   0.0518  -0.4334
  0.3670   0.4752   0.4296   1.0041   0.7186  -0.5961
  0.4926   0.4093   0.5896   2.0971   0.9028  -0.2681
  0.4346   0.4113   0.4974   1.9940   0.6790  -0.1235
  0.1977   0.7245   0.2277   1.6608   0.4318  -0.2556
  0.2442   0.7313   0.3289   1.5962   0.3917  -0.2811
  0.2274   0.7844   0.3030   1.3615   0.3622  -0.2038
  0.1244   0.7681   0.3533   0.8374   0.2206  -0.2309
 -0.1787   0.6202   0.2542  -0.2588  -0.0758  -0.0325
 -0.4693   0.6384   0.2356  -1.2482  -0.2987  -0.0376
 -0.4347   0.6144   0.1635  -1.2076  -0.3395   0.0236
 -0.4444   0.7233   0.2574  -1.0126  -0.1922  -0.1659
 -0.1797   0.7522  -0.0800  -0.0981  -0.0174   0.4447
  0.0944   0.9848  -0.3056   0.3257   0.2487   0.5774
  0.2393   0.7345   0.2337  -2.4007   0.2634   0.7427
  0.0592   0.8399   0.2675  -3.8445  -0.2117   0.0210
  0.2711  -0.5249   0.1521   0.6839   0.1376  -0.6023
  0.4745  -1.6703   0.0769   2.6323   0.2655   0.0188
  0.3332  -1.5296   0.2010   2.4373   0.1606   0.3195
  0.4337  -1.7018   0.0496   2.0356   0.1984   0.2607
  0.4070  -1.5807   0.0256   1.5443   0.2218   0.2832
  0.4756  -1.7971  -0.0592   2.1320   0.2121   0.2285
  0.4514  -1.7392  -0.0009   1.9629   0.2461   0.2483
  0.4402  -1.6216   0.0023   1.8345   0.2138   0.3067
  0.3323  -1.5206   0.0128   1.6421   0.1448   0.2999
  0.3174  -1.5759   0.0084   1.7212   0.1247   0.2360
  0.3045  -1.4863   0.0357   1.6451   0.1283   0.2189
  0.3204  -1.4162   0.0101   1.6146   0.1004   0.2307
  0.3038  -1.3130   0.0005   1.5218   0.0889   0.2420
  0.3108  -1.3417   0.0041   1.5368   0.0863   0.2264
  0.2931  -1.2591   0.0326   1.4367   0.0794   0.1911
  0.3024  -1.2701   0.0490   1.4412   0.0786   0.2020
  0.3046  -1.2194   0.0495   1.3518   0.0847   0.2200
  0.3067  -1.2661   0.0454   1.3526   0.0660   0.2094
  0.3073  -1.2201   0.0511   1.2851   0.0794   0.2139
  0.2911  -1.2682   0.0428   1.2967   0.0825   0.2237
  0.2770  -1.2518   0.0426   1.2678   0.0879   0.1847
  0.2727  -1.2865   0.0569   1.2824   0.0736   0.1958
  0.2547  -1.2644   0.0446   1.2505   0.0680   0.1865
  0.2609  -1.2646   0.0262   1.2693   0.0563   0.1835
  0.2617  -1.2615   0.0232   1.2441   0.0859   0.1915
  0.2426  -1.2845  -0.0012   1.2728   0.0637   0.2028
  0.2463  -1.2403   0.0146   1.1878   0.0736   0.1968
  0.2548  -1.2839   0.0276   1.2447   0.0796   0.1824
  0.2770  -1.3116   0.0423   1.2918   0.1146   0.1661
  0.2950  -1.3277   0.0259   1.3580   0.1229   0.1998
  0.2921  -1.3119   0.0070   1.3369   0.1350   0.1903
  0.3019  -1.3385  -0.0037   1.3817   0.1334   0.2141
  0.2994  -1.2993  -0.0000   1.3055   0.1479   0.2065
  0.3248  -1.3454   0.0100   1.3838   0.1651   0.2084
  0.2689  -1.1932   0.0116   1.1766   0.1063   0.1785
