  0.0695   0.9450  -0.0872  -0.5359   0.0157  -0.0398
  0.0472   1.0418  -0.0865  -0.6024  -0.0136   0.0181
  0.0890   0.9702  -0.1465  -0.5858  -0.0165   0.0053
  0.0719   1.0108  -0.1246  -0.5006  -0.0212   0.0234
  0.0566   0.9727  -0.1430  -0.5287  -0.0036  -0.0084
  0.0625   1.0296  -0.1209  -0.6197   0.0075  -0.0898
  0.0869   1.0223  -0.1141  -0.6146   0.0180   0.0429
  0.0484   1.0205  -0.1051  -0.6485  -0.0048  -0.0842
  0.0349   1.0610  -0.0852  -0.6739   0.0068   0.0431
  0.0362   1.0725  -0.0990  -0.6219   0.0208  -0.0415
  0.0408   1.0912  -0.1079  -0.5693   0.0293  -0.0363
  0.0627   1.0725  -0.0919  -0.6499   0.0347   0.0610
  0.0577   1.0668  -0.0876  -0.6370   0.0362  -0.0220
  0.0708   1.0894  -0.1015  -0.6473   0.0272  -0.0080
  0.0600   1.0773  -0.1002  -0.6517   0.0207  -0.0762
  0.0652   1.0881  -0.0721  -0.6498   0.0224  -0.0190
  0.0724   1.1022  -0.0450  -0.6898   0.0360   0.0057
  0.0785   1.1132  -0.0550  -0.6964   0.0352  -0.0594
  0.0664   1.1335  -0.0710  -0.6986   0.0279   0.0459
  0.0834   1.1283  -0.0891  -0.6700   0.0183  -0.0242
  0.0694   1.1410  -0.0869  -0.6665   0.0166  -0.0331
  0.0768   1.1147  -0.0715  -0.6421   0.0265  -0.0899
  0.0711   1.1451  -0.0636  -0.6990   0.0263   0.0310
  0.0898   1.1117  -0.0577  -0.6886   0.0245  -0.0666
  0.0878   1.1231  -0.0593  -0.6899   0.0402  -0.1122
  0.1333   1.0760  -0.0112  -0.6816   0.0480  -0.0127
  0.0200   0.7316  -0.0143  -0.3492  -0.0009  -0.0803
  0.1456  -0.7646   0.0319   0.8715   0.0150  -0.0723
  0.0708  -5.3972   0.3801   4.0163   0.1817   0.9020
  0.0045  -6.3766   0.4406   4.1596   0.1685   1.1919
 -0.0483  -4.8029   0.2385   2.7198  -0.0078   0.5015
  0.1744  -3.6085  -0.1752   2.0800  -0.0048   0.4462
  0.2539  -2.6187  -0.2426   1.1897  -0.0001   0.2711
  0.1078  -2.5104  -0.0949   1.2512  -0.0145   0.2569
  0.0844  -2.2251  -0.0763   1.1247  -0.0007   0.1171
  0.0093  -2.0155   0.0073   1.0453  -0.0010   0.2765
  0.0459  -1.5871   0.0505   0.7527  -0.0003   0.1463
  0.0806  -1.1719   0.0208   0.6245   0.0455  -0.0558
  0.0725  -1.0572  -0.0159   0.5087   0.0143   0.0784
  0.0966  -0.8189  -0.0673   0.1590   0.0329   0.3537
  0.0200  -0.2650  -0.0581  -0.2590  -0.0115   0.3254
 -0.0887  -0.1603   0.0490  -0.5164  -0.0254   0.2434
 -0.0211   0.0842  -0.0097  -0.5045   0.0003   0.1202
 -0.0431   0.3723  -0.0566  -0.6540  -0.0109   0.0347
 -0.0415   0.4884  -0.0760  -0.6993  -0.0018   0.1723
 -0.0319   0.4630  -0.0451  -0.6817   0.0146   0.0706
 -0.0430   0.5347  -0.0440  -0.7104   0.0165   0.0322
 -0.0889   0.4555  -0.0601  -0.6834   0.0215   0.1471
 -0.0692   0.5114  -0.1049  -0.6316   0.0144  -0.0229
 -0.1261  -0.0578  -0.1316   0.0537   0.0209   0.0686
 -0.0663  -1.6029  -0.2145   0.8973   0.0244   0.1433
 -0.0006  -3.7573  -0.0111   2.1993   0.0681   0.3576
 -0.0024  -4.9905   0.2898   3.9098   0.0631   0.4282
 -0.0988  -3.4277   0.3898   2.5540   0.0657   0.3495
 -0.1114  -2.3149   0.3031   0.9705   0.0142   0.1840
 -0.1637  -2.4734   0.3735   0.6949  -0.0073   0.2026
 -0.1329  -1.8065   0.2909   0.4353  -0.0006   0.0739
 -0.1341  -1.1737   0.1826   0.2796  -0.0027  -0.1205
 -0.1143  -1.0171   0.1204   0.4262  -0.0344  -0.0333
 -0.1075  -1.0162   0.0984   0.6430  -0.0332   0.0337
 -0.1064  -1.0344   0.1319   0.8114  -0.0875  -0.0522
 -0.1086  -0.7558   0.1902   1.0972  -0.0874  -0.2667
 -0.0864  -0.1919   0.2558   0.7369  -0.0407  -0.1404
 -0.0759  -0.0025   0.1651   0.3128  -0.0402  -0.1113
 -0.1110   0.1541   0.1033  -0.0290  -0.0021  -0.0842
 -0.0841   0.1818   0.0841   0.0082  -0.0207  -0.1157
 -0.0698   0.1318   0.0694   0.0491  -0.0272  -0.1558
 -0.0808   0.1301   0.0720   0.0746  -0.0361  -0.0334
 -0.0676   0.1180   0.0648   0.1215  -0.0331  -0.1209
 -0.0637   0.1656   0.0631   0.0917  -0.0328  -0.2016
 -0.0522   0.2054   0.0588   0.0253  -0.0223  -0.0691
 -0.0602   0.2156   0.0507   0.0464  -0.0449  -0.1225
 -0.0352   0.2862   0.0588   0.0330  -0.0261  -0.1761
 -0.0216   0.3988   0.0552  -0.0567  -0.0215  -0.0518
 -0.0121   0.4107   0.0739  -0.0235  -0.0083  -0.0844
 -0.0376   0.3707   0.0653  -0.2683  -0.0118  -0.2074
 -0.0581   0.3272   0.0612  -0.5486  -0.0036  -0.0924
 -0.0429   0.4583   0.0547  -0.5331  -0.0007  -0.1051
