  0.0652   0.0262   0.0275   0.2900   0.0748   0.7304
  0.1606  -0.1089   0.0772   0.2415   0.1254   0.7372
  0.1347  -0.0551   0.0681   0.2135   0.0955   0.6799
  0.1388  -0.0091   0.0690   0.2038   0.1237   0.5985
  0.1097   0.1128   0.0689   0.1589   0.1254   0.5763
  0.0896   0.1163   0.0336   0.2288   0.1166   0.6705
  0.0756   0.0933   0.0323   0.2754   0.1131   0.7257
  0.0856   0.0687   0.0099   0.2903   0.1197   0.6947
  0.0784   0.0688  -0.0067   0.3224   0.1328   0.7043
  0.0538   0.0428  -0.0175   0.3466   0.1206   0.6550
  0.0351   0.0777  -0.0054   0.3470   0.0852   0.7401
  0.0198   0.0653  -0.0255   0.3560   0.0714   0.7189
  0.0041   0.0996  -0.0376   0.3685   0.0688   0.7397
 -0.0047   0.0512  -0.0486   0.3881   0.0715   0.7148
 -0.0131   0.0924  -0.0557   0.4063   0.0468   0.7367
 -0.0217   0.0682  -0.0637   0.3961   0.0439   0.7273
 -0.0241   0.0576  -0.0682   0.3967   0.0441   0.7367
 -0.0184  -0.0175  -0.0556   0.3781   0.0467   0.6743
  0.0500   0.0819  -0.0733   0.3758   0.0219   0.6953
  0.0968   0.0856  -0.0505   0.3858   0.0302   0.7041
  0.0232   0.0662  -0.0246   0.3286   0.0086   0.6234
  0.0277   0.0525  -0.0154   0.3419   0.0198   0.5910
  0.0114   0.0563  -0.0075   0.3451   0.0080   0.6232
  0.0385   0.0238  -0.0242   0.3670   0.0344   0.5932
  0.0316   0.0324  -0.0032   0.3436   0.0010   0.6116
  0.0703   0.0010  -0.0256   0.3296   0.0298   0.5594
 -0.0236   0.0212   0.0145   0.3336  -0.1166   0.6001
 -0.0692   0.0243  -0.0436   0.3403  -0.1479   0.6247
  0.0567   0.0066   0.0204   0.3531   0.0358   0.5300
  0.0201   0.0059   0.0505   0.3443  -0.0250   0.5977
  0.0396  -0.0010   0.0385   0.3315   0.0020   0.5448
  0.0345  -0.0158   0.0200   0.3541  -0.0339   0.5291
  0.0161   0.0386  -0.0013   0.2805  -0.0136   0.5778
  0.0396   0.0530  -0.0068   0.2766   0.0062   0.4937
  0.0344   0.0640  -0.0004   0.2640   0.0077   0.5467
  0.0433   0.0512  -0.0058   0.2359   0.0081   0.5199
  0.0212   0.0967  -0.0031   0.2275   0.0210   0.5273
  0.0259   0.0736   0.0056   0.2510   0.0102   0.4885
  0.0230   0.1190   0.0210   0.2421   0.0265   0.4674
  0.0259   0.0966   0.0104   0.2080   0.0321   0.4978
  0.0330   0.0877   0.0110   0.2195   0.0309   0.4171
  0.0171   0.1145   0.0070   0.2143   0.0080   0.4879
  0.0064   0.1188  -0.0062   0.2074   0.0142   0.4826
 -0.0059   0.1216   0.0015   0.2232  -0.0049   0.4491
  0.0005   0.1483  -0.0001   0.2016   0.0069   0.5041
 -0.0114   0.1418   0.0235   0.2124  -0.0251   0.4698
 -0.0106   0.1471   0.0311   0.1652  -0.0304   0.4810
  0.0008   0.1219   0.0275   0.1597  -0.0296   0.4769
 -0.0257   0.1422   0.0217   0.0921  -0.0293   0.4152
 -0.0020   0.1098   0.0090   0.0442  -0.0237   0.3734
  0.0001   0.1411   0.0165   0.1040  -0.0053   0.3700
  0.0037   0.0927   0.0107   0.1134  -0.0259   0.4333
 -0.0075   0.0759   0.0070   0.1603  -0.0188   0.3501
 -0.0085   0.0903   0.0108   0.1464  -0.0271   0.4288
  0.0025   0.0508  -0.0092   0.1818  -0.0152   0.3376
  0.0054   0.0922   0.0163   0.1426  -0.0165   0.3889
  0.0090   0.0508   0.0028   0.1595  -0.0229   0.3453
  0.0012   0.0964   0.0003   0.1853  -0.0105   0.3740
  0.0030   0.0584  -0.0023   0.1806  -0.0142   0.3541
  0.0014   0.0792   0.0022   0.1822  -0.0123   0.3280
 -0.0107   0.0828   0.0054   0.1709  -0.0199   0.3784
 -0.0068   0.0817  -0.0024   0.1879  -0.0177   0.3255
 -0.0099   0.1070   0.0043   0.2153  -0.0237   0.3691
 -0.0045   0.0726   0.0039   0.2256  -0.0260   0.3291
 -0.0012   0.0931   0.0113   0.2182  -0.0177   0.3299
 -0.0184   0.0831   0.0074   0.1845  -0.0196   0.3406
 -0.0330   0.0663  -0.0107   0.1812  -0.0153   0.3039
 -0.0429   0.0587  -0.0070   0.1712  -0.0110   0.2667
 -0.0514   0.1170  -0.0112   0.1266  -0.0215   0.3068
 -0.0494   0.1069   0.0341   0.0870  -0.0307   0.2934
 -0.0367   0.1285   0.0736   0.0714  -0.0384   0.2918
 -0.0353   0.1485   0.0811   0.0943  -0.0243   0.3260
 -0.0328   0.1403   0.0791   0.1520  -0.0023   0.2823
 -0.0321   0.1310   0.0897   0.1566   0.0097   0.3112
 -0.0109   0.0816   0.0445   0.1813   0.0244   0.2911
  0.0157   0.0533   0.0435   0.2301   0.0646   0.2238
 -0.0165   0.1019   0.0594   0.1700   0.0518   0.2672
  0.0164   0.2455   0.0378   0.1309   0.0525   0.3142
 -0.0045   0.1849   0.0376   0.1104   0.0195   0.2669
 -0.0260   0.0997   0.0026   0.1238  -0.0059   0.2569
 -0.0444   0.1074   0.0028   0.1036   0.0329   0.2603
 -0.0273   0.0683   0.0137   0.1111   0.0403   0.2175
 -0.0235   0.0771   0.0211   0.1633   0.0501   0.2109
 -0.0123   0.0642  -0.0039   0.1184   0.0340   0.2786
 -0.0080   0.0372  -0.0392   0.1486   0.0086   0.1762
 -0.0279   0.0450  -0.0577   0.1701  -0.0240   0.2399
 -0.0202   0.0521  -0.0657   0.1765  -0.0025   0.1993
 -0.0295   0.0916  -0.0668   0.2351   0.0112   0.2235
 -0.0386   0.0801  -0.0782   0.2503   0.0180   0.2497
 -0.0287   0.0853  -0.0763   0.2415   0.0146   0.2070
 -0.0233   0.0968  -0.0675   0.2526   0.0235   0.2533
 -0.0248   0.0715  -0.0639   0.2251   0.0284   0.2447
 -0.0070   0.0770  -0.0603   0.2217   0.0252   0.1958
 -0.0438   0.0877  -0.0670   0.1761   0.0020   0.1936
 -0.0802   0.0778  -0.0781   0.1309  -0.0091   0.1286
 -0.0788   0.1028  -0.0712   0.1188   0.0081   0.1147
 -0.0665   0.0790  -0.0538   0.1461   0.0150   0.1582
 -0.0556   0.0490  -0.0414   0.1655   0.0275   0.1072
 -0.0738   0.1070  -0.0270   0.1172   0.0123   0.1524
 -0.0390   0.0910  -0.0067   0.1205   0.0394   0.1506
 -0.0249   0.0749   0.0230   0.1901   0.0412   0.1406
 -0.0196   0.0633   0.0095   0.1799   0.0366   0.2060
 -0.0346   0.0268   0.0035   0.1958   0.0342   0.1226
 -0.0427   0.0676  -0.0098   0.1612   0.0294   0.1724
 -0.0434   0.0451  -0.0098   0.1793   0.0395   0.1367
 -0.0409   0.0474   0.0001   0.1695   0.0282   0.1282
 -0.0375   0.0286   0.0030   0.1376   0.0345   0.1386
 -0.0463   0.0087  -0.0053   0.1584   0.0077   0.1078
 -0.0561   0.0106  -0.0134   0.1843  -0.0046   0.0901
 -0.0554   0.0185  -0.0052   0.1829  -0.0137   0.1045
 -0.0635   0.0077  -0.0186   0.1585  -0.0063   0.0939
 -0.0576   0.0028  -0.0160   0.1799  -0.0142   0.0803
 -0.0617   0.0119  -0.0146   0.1883  -0.0134   0.0583
 -0.0581   0.0248  -0.0110   0.1834  -0.0028   0.0769
 -0.0596   0.0254  -0.0135   0.1807  -0.0074   0.0655
 -0.0586   0.0220  -0.0003   0.1866  -0.0079   0.0317
 -0.0695   0.0238  -0.0070   0.1481  -0.0196   0.0453
 -0.0787   0.0250  -0.0154   0.1294  -0.0194   0.0332
 -0.0881   0.0207  -0.0242   0.1560  -0.0126  -0.0026
 -0.0894   0.0150  -0.0204   0.1309  -0.0074   0.0302
 -0.0789   0.0044  -0.0213   0.1105  -0.0131   0.0080
 -0.0813   0.0081  -0.0214   0.1390  -0.0203  -0.0241
 -0.0822  -0.0279  -0.0204   0.0842  -0.0315  -0.0187
 -0.0927  -0.0600  -0.0245   0.0293  -0.0258  -0.0585
 -0.0967  -0.0815  -0.0232   0.0664  -0.0048  -0.1058
 -0.1110  -0.0513  -0.0229   0.0704  -0.0081  -0.0795
 -0.1102  -0.0589  -0.0367   0.0325  -0.0384  -0.0809
 -0.0915  -0.0700  -0.0391   0.0607  -0.0350  -0.1417
 -0.1017  -0.0448  -0.0378   0.0265  -0.0347  -0.0743
 -0.0994  -0.0619  -0.0405   0.0380  -0.0189  -0.1277
 -0.1050  -0.0657  -0.0375   0.0580  -0.0317  -0.1147
 -0.0930  -0.0805  -0.0399   0.0552   0.0010  -0.1992
 -0.0905  -0.0364  -0.0085   0.0177  -0.0141  -0.2213
 -0.1031  -0.0345   0.0044   0.0230  -0.0184  -0.1376
 -0.1132  -0.0302  -0.0028   0.0586  -0.0140  -0.1588
 -0.1129  -0.0302  -0.0063   0.0440  -0.0037  -0.1243
 -0.1155  -0.0573  -0.0176   0.0626  -0.0072  -0.1821
 -0.1115  -0.0230  -0.0160   0.0416  -0.0020  -0.1080
 -0.1106  -0.0502  -0.0254   0.0735   0.0071  -0.1619
 -0.1026   0.0491  -0.0147  -0.0085   0.0088  -0.2000
 -0.1160   0.0646   0.0227  -0.1797  -0.0100  -0.2076
 -0.0493   0.3374   0.0369  -0.3922   0.0343  -0.1161
 -0.0096   0.3323   0.0377  -0.2624   0.0322  -0.1980
 -0.0244   0.2742  -0.0225  -0.2648   0.0302  -0.2023
 -0.0256   0.1975  -0.0310  -0.1339   0.0156  -0.1512
 -0.0343   0.0927  -0.0403   0.0021  -0.0203  -0.1158
 -0.0400   0.0741  -0.0330  -0.0241   0.0176  -0.1994
 -0.0444   0.0728  -0.0265  -0.0370   0.0272  -0.1182
 -0.0321   0.1023  -0.0455  -0.0650   0.0240  -0.1812
  0.0102   0.0531  -0.0054  -0.1458   0.0349  -0.2477
  0.0545   0.0490   0.0541  -0.3578  -0.0041  -0.3436
  0.0543   0.0141   0.0857  -0.3748  -0.0293  -0.2949
  0.0157  -0.0135   0.1019  -0.3492  -0.0505  -0.2532
  0.0257   0.0037   0.0784  -0.3247  -0.0766  -0.1935
  0.0724  -0.0054   0.0896  -0.3570   0.0093  -0.3324
  0.0773   0.0124   0.0896  -0.3395  -0.0188  -0.3490
  0.0699  -0.0003   0.0713  -0.3085  -0.0356  -0.3052
  0.0681  -0.0505   0.0538  -0.2580  -0.0362  -0.3040
  0.0694  -0.0906   0.0423  -0.2627  -0.0296  -0.3532
  0.0492  -0.0830   0.0191  -0.2809  -0.0306  -0.3526
  0.0382  -0.1309   0.0011  -0.2997  -0.0204  -0.3576
  0.0359  -0.1289  -0.0046  -0.2508  -0.0212  -0.3910
  0.0472  -0.1323   0.0050  -0.2511  -0.0113  -0.3729
  0.0460  -0.1621  -0.0008  -0.2678  -0.0200  -0.3834
  0.0453  -0.1534  -0.0021  -0.2447  -0.0230  -0.3981
  0.0292  -0.1362   0.0120  -0.2453  -0.0492  -0.3766
  0.0408  -0.1796  -0.0023  -0.2502  -0.0479  -0.3901
  0.0347  -0.1886   0.0040  -0.2245  -0.0513  -0.4363
  0.0340  -0.2529  -0.0240  -0.1905  -0.0390  -0.4537
  0.0209  -0.2180  -0.0321  -0.1845  -0.0341  -0.4937
  0.0290  -0.1855  -0.0304  -0.2173  -0.0412  -0.4001
  0.0323  -0.2409  -0.0503  -0.1633  -0.0356  -0.4851
  0.0431  -0.2251  -0.0655  -0.1458  -0.0173  -0.4492
  0.0597  -0.2812  -0.0410  -0.1596  -0.0108  -0.4475
  0.0935  -0.3543  -0.1068  -0.0998   0.0208  -0.5216
  0.0878  -0.3856  -0.1106  -0.0793   0.0170  -0.4874
  0.0746  -0.4030  -0.0915  -0.1003   0.0049  -0.5197
  0.0624  -0.3770  -0.0813  -0.1024   0.0072  -0.5085
  0.0592  -0.3932  -0.0837  -0.1412   0.0071  -0.5021
  0.0551  -0.4082  -0.0883  -0.1349  -0.0020  -0.5558
  0.0532  -0.4009  -0.0960  -0.1577  -0.0028  -0.5146
  0.0443  -0.3980  -0.0900  -0.1602  -0.0022  -0.5507
  0.0387  -0.4234  -0.0884  -0.1430  -0.0107  -0.5749
  0.0249  -0.3926  -0.0830  -0.1373  -0.0152  -0.5594
  0.0234  -0.4155  -0.0844  -0.1452  -0.0214  -0.5371
  0.0178  -0.4103  -0.0853  -0.1334  -0.0090  -0.5724
  0.0296  -0.4041  -0.0802  -0.1374   0.0020  -0.5489
  0.0142  -0.4159  -0.0996  -0.1390   0.0010  -0.5421
  0.0752  -0.4471  -0.0579  -0.0643   0.0193  -0.5360
  0.0759  -0.4217  -0.0223  -0.0545  -0.0003  -0.4393
  0.0796  -0.4754  -0.0316  -0.0523   0.0102  -0.4586
  0.0492  -0.4969  -0.0477  -0.0029   0.0044  -0.5177
  0.0270  -0.4849  -0.0781  -0.0402  -0.0300  -0.4683
  0.0013  -0.4293  -0.0696  -0.1102  -0.0477  -0.5977
  0.0353  -0.4283  -0.0788  -0.1156  -0.0133  -0.7087
  0.0059  -0.3145  -0.0676  -0.1157  -0.0112  -0.6587
 -0.0272  -0.3490  -0.0524  -0.0832  -0.0244  -0.5433
 -0.0428  -0.3645  -0.0693  -0.0674  -0.0159  -0.5821
 -0.0339  -0.3649  -0.0837  -0.0271  -0.0162  -0.5140
 -0.0344  -0.3718  -0.0848  -0.0245  -0.0199  -0.5286
 -0.0285  -0.3716  -0.0875   0.0015  -0.0080  -0.4981
 -0.0503  -0.3969  -0.1056  -0.0549  -0.0283  -0.5260
 -0.0390  -0.4257  -0.1101  -0.0422  -0.0351  -0.5992
 -0.0564  -0.4281  -0.1167  -0.1092  -0.0550  -0.6033
 -0.0550  -0.4452  -0.1286  -0.1355  -0.0613  -0.6057
 -0.0612  -0.4160  -0.1059  -0.0985  -0.0767  -0.6019
 -0.0504  -0.4574  -0.1143  -0.1184  -0.0841  -0.5998
 -0.0680  -0.4189  -0.0999  -0.1093  -0.0783  -0.6320
 -0.0307  -0.4553  -0.0954  -0.1526  -0.0983  -0.6036
 -0.0293  -0.4394  -0.0954  -0.1766  -0.1151  -0.6593
 -0.0041  -0.4596  -0.0871  -0.0983  -0.0493  -0.6206
 -0.0092  -0.1169  -0.0428  -0.3439  -0.0450  -0.5962
  0.0016   0.2173  -0.0028  -0.6043  -0.0230  -0.5930
  0.0170   0.3995   0.0318  -0.6956   0.0127  -0.5278
  0.0613   0.6058   0.0386  -0.7654   0.0265  -0.4533
  0.0467   0.4251   0.0839  -0.7777  -0.0136  -0.5099
 -0.0101   0.3794   0.0845  -0.8548  -0.0518  -0.6228
  0.0550   0.1279   0.1295  -0.7728   0.0009  -0.6329
  0.1331   0.1240   0.0742  -0.7431   0.0186  -0.5388
  0.1303   0.0256   0.1327  -0.7307   0.0350  -0.6282
  0.0856  -0.0780   0.1204  -0.7137   0.0410  -0.6552
  0.0996  -0.0508   0.0932  -0.7647   0.0803  -0.7279
  0.1279   0.1667   0.1020  -0.8011   0.0745  -0.6912
  0.0964   0.4426   0.1931  -0.8754   0.0659  -0.6353
  0.1186   0.7949   0.1975  -0.9558   0.0551  -0.4811
  0.1755   0.9376   0.2077  -0.9483   0.0759  -0.5148
  0.1140   0.7704   0.2444  -0.6647   0.0220  -0.3223
  0.1650   0.6188   0.2247  -0.4727   0.0057  -0.1324
  0.0482   0.5502   0.2468  -0.3470  -0.0658  -0.1012
  0.0166   0.5214   0.1799  -0.4094  -0.0357  -0.3016
  0.0192   0.5263   0.2239  -0.3742  -0.0325  -0.3857
  0.0603   0.4779   0.2269  -0.4163  -0.0274  -0.4083
  0.0303   0.5581   0.2593  -0.5292  -0.0324  -0.5193
  0.0567   0.7341   0.2705  -0.6428  -0.0459  -0.4677
  0.0327   0.6426   0.2524  -0.6104  -0.0488  -0.5529
  0.0560   0.4727   0.2416  -0.4613  -0.0168  -0.5351
