 -0.0039   0.0102  -0.0094  -0.1214  -0.0468   0.0241
  0.0024  -0.0036   0.0022  -0.0372  -0.0332   0.0202
 -0.0044  -0.0066   0.0057  -0.0588  -0.0345  -0.0009
  0.0003  -0.0175   0.0053  -0.0306  -0.0355  -0.0285
 -0.0019   0.0102   0.0087  -0.0794  -0.0336   0.0412
 -0.0075   0.0201   0.0067  -0.0736  -0.0328   0.0399
 -0.0076   0.0169   0.0075  -0.0487  -0.0330   0.0273
 -0.0016  -0.0124  -0.0013  -0.0237  -0.0308  -0.0239
 -0.0048   0.0206  -0.0014  -0.0531  -0.0264   0.0163
  0.0012   0.0249   0.0102  -0.0716  -0.0264   0.0407
 -0.0079   0.0217  -0.0005  -0.0636  -0.0211   0.0059
 -0.0077   0.0139   0.0001  -0.0590  -0.0206  -0.0120
 -0.0109   0.0132   0.0005  -0.0179  -0.0198  -0.0115
 -0.0106   0.0221   0.0051  -0.0769  -0.0249   0.0589
 -0.0106   0.0135  -0.0021  -0.0690  -0.0200  -0.0056
 -0.0037   0.0072  -0.0005  -0.0566  -0.0209  -0.0161
 -0.0106   0.0118   0.0036  -0.0686  -0.0228   0.0126
 -0.0128   0.0336   0.0057  -0.0996  -0.0297   0.0376
 -0.0066   0.0292   0.0019  -0.0861  -0.0333   0.0136
 -0.0116   0.0112  -0.0064  -0.0597  -0.0282  -0.0132
 -0.0058   0.0221   0.0036  -0.0657  -0.0263  -0.0074
 -0.0062   0.0369   0.0053  -0.0821  -0.0278   0.0218
 -0.0175   0.0331   0.0029  -0.0720  -0.0317   0.0364
 -0.0151   0.0263  -0.0035  -0.0790  -0.0314  -0.0036
 -0.0155   0.0286   0.0048  -0.0607  -0.0252  -0.0162
 -0.0092   0.0430  -0.0055  -0.0900  -0.0269   0.0585
 -0.0084   0.0407  -0.0009  -0.1044  -0.0305   0.0294
 -0.0125   0.0375  -0.0022  -0.0936  -0.0301   0.0183
 -0.0098   0.0143  -0.0030  -0.0798  -0.0153  -0.0290
 -0.0117   0.0550   0.0045  -0.0968  -0.0241   0.0429
 -0.0125   0.0380  -0.0021  -0.0896  -0.0204   0.0118
 -0.0191   0.0236  -0.0078  -0.0485  -0.0179  -0.0172
 -0.0198   0.0530   0.0037  -0.1114  -0.0291   0.0716
 -0.0199   0.0455  -0.0117  -0.0828  -0.0225   0.0233
 -0.0238   0.0207  -0.0184  -0.0951  -0.0201   0.0107
 -0.0221   0.0261  -0.0064  -0.0651  -0.0166   0.0243
 -0.0100   0.0258   0.0066  -0.0794  -0.0148   0.0334
 -0.0174   0.0297   0.0024  -0.0785  -0.0124  -0.0148
 -0.0186   0.0465   0.0083  -0.0811  -0.0187   0.0343
 -0.0199   0.0233   0.0040  -0.0819  -0.0216   0.0297
 -0.0239   0.0208   0.0029  -0.0768  -0.0265   0.0023
 -0.0287   0.0302  -0.0016  -0.0595  -0.0264   0.0041
 -0.0183   0.0341   0.0033  -0.1040  -0.0315   0.0488
 -0.0220   0.0326   0.0018  -0.0901  -0.0346   0.0537
 -0.0227   0.0092  -0.0146  -0.0766  -0.0337  -0.0044
 -0.0027  -0.0073  -0.0198  -0.0791  -0.0289  -0.0368
  0.0032  -0.0049  -0.0106  -0.0956  -0.0269   0.0357
 -0.0007  -0.0177  -0.0105  -0.1047  -0.0216   0.0163
 -0.0086   0.0153  -0.0026  -0.1186  -0.0287   0.0468
 -0.0099  -0.0034  -0.0157  -0.0737  -0.0244   0.0057
 -0.0049  -0.0124  -0.0106  -0.0915  -0.0264   0.0250
  0.0014  -0.0177  -0.0034  -0.0906  -0.0210  -0.0021
 -0.0038  -0.0292  -0.0083  -0.0512  -0.0244  -0.0143
  0.0080  -0.0207  -0.0046  -0.0606  -0.0193   0.0051
 -0.0054  -0.0057  -0.0111  -0.0605  -0.0224   0.0153
  0.0090  -0.0262  -0.0134  -0.0786  -0.0124   0.0077
 -0.0060  -0.0233  -0.0106  -0.0707  -0.0198  -0.0074
  0.0281  -0.0627  -0.0381  -0.0216   0.0227   0.0273
  0.0462  -0.1168  -0.0454   0.0661   0.0501  -0.0368
  0.0330  -0.0990  -0.0530   0.0914   0.0551  -0.0418
  0.0479  -0.0922  -0.0565   0.0336   0.0796   0.0363
  0.0408  -0.0984  -0.0596   0.0754   0.0773  -0.0550
  0.0490  -0.0733  -0.0555   0.0380   0.0762   0.0265
  0.0484  -0.0796  -0.0482   0.0543   0.0800  -0.0252
  0.0427  -0.0881  -0.0593   0.0764   0.0833  -0.0585
  0.0418  -0.0477  -0.0487   0.0155   0.0769   0.0407
  0.0413  -0.0876  -0.0619   0.0328   0.0848  -0.0348
  0.0485  -0.0677  -0.0541   0.0526   0.0900  -0.0347
  0.0378  -0.0786  -0.0672  -0.0021   0.0774   0.0054
  0.0243  -0.1215  -0.0415   0.1334   0.0977  -0.0548
  0.0288  -0.0979  -0.0199   0.1464   0.1237   0.0730
 -0.0029   0.0371  -0.0087   0.3546   0.1043  -0.1049
  0.0107   0.0104   0.0325   0.6923   0.0767  -0.1562
 -0.0080   0.0304   0.0837   0.5846   0.0960   0.1488
  0.0196   0.0419   0.0916   0.5649   0.0928  -0.1354
 -0.0132   0.0757   0.1867   0.5059   0.0146  -0.1988
 -0.0146   0.1309   0.1768   0.4009   0.0011  -0.1026
  0.0048   0.0882   0.2833   0.4614   0.0257  -0.1146
