  0.3524   0.7107   0.1968   0.0568   0.0278  -0.1020
  0.2917   0.1501   0.2726   0.1653   0.1370  -0.0308
  0.3324   0.3416   0.2372   0.1666   0.0734  -0.0706
  0.2684   0.2647   0.2546   0.1405   0.1236  -0.0800
  0.2927   0.3052   0.2185   0.1525   0.0373  -0.0793
  0.3500   0.2346   0.1427   0.1466   0.0444  -0.0611
  0.3910   0.3149   0.1840   0.1759  -0.0032  -0.0837
  0.3585   0.2657   0.2050   0.1508   0.0277  -0.0665
  0.3338   0.2612   0.1708   0.1464   0.0370  -0.0592
  0.3515   0.2938   0.1958   0.2001  -0.0047  -0.1019
  0.3159   0.3082   0.1649   0.1708   0.0620  -0.0783
  0.3163   0.2683   0.1815   0.1940   0.0322  -0.0776
  0.3073   0.2770   0.1779   0.1800   0.0485  -0.0935
  0.2976   0.2350   0.1919   0.1816   0.0444  -0.0753
  0.2958   0.2687   0.1468   0.1561   0.0143  -0.0728
  0.2847   0.2752   0.1889   0.1541   0.0272  -0.0840
  0.2799   0.2797   0.1802   0.1535   0.0452  -0.0919
  0.2759   0.2007   0.2233   0.1142   0.0466  -0.0526
  0.2645   0.2328   0.2037   0.1348   0.0429  -0.0650
  0.2357  -0.0952   0.2848   0.1157   0.0792  -0.0171
  0.2035  -0.6413   0.1233   0.1141   0.0204   0.0907
  0.2115  -0.4244   0.1116   0.1221   0.0110   0.0468
  0.2328  -0.1426   0.1724   0.1217   0.0039  -0.0063
  0.2093  -0.0439   0.1649   0.1516   0.0128  -0.0606
  0.1934  -0.0080   0.1548   0.1442   0.0124  -0.0349
  0.2057   0.0805   0.1975   0.1703   0.0067  -0.0801
  0.1765   0.0925   0.2008   0.0495   0.0481  -0.0191
  0.1671  -0.0056   0.1774   0.0237   0.0310  -0.0101
  0.1634   0.0621   0.2184   0.0158   0.0556  -0.0049
  0.2310   0.2390   0.2124  -0.0148   0.0428  -0.0284
  0.2505   0.2740   0.1853  -0.0368   0.0505  -0.0215
  0.2237   0.6009   0.2730  -0.0123   0.0727  -0.0533
  0.2052   0.7323   0.1901  -0.0342   0.0125  -0.0850
  0.1459   0.9343   0.1584  -0.1117   0.0097  -0.0429
  0.1225   1.0469   0.1097  -0.1065   0.0287  -0.0563
  0.1999   1.1624   0.0722  -0.0366  -0.0104  -0.1425
  0.2004   1.1111   0.1237  -0.0277  -0.1173  -0.1464
  0.2549   1.1694   0.0351  -0.0158  -0.0867  -0.1260
  0.2864   1.2507  -0.0711   0.0453  -0.0877  -0.1327
  0.2800   1.1481  -0.0466   0.0591  -0.1199  -0.1239
  0.1863   1.2059   0.0336   0.0076  -0.0340  -0.1385
  0.2264   1.0616   0.0202  -0.0615  -0.0282  -0.1022
  0.2554   1.0871   0.0606   0.0141  -0.0525  -0.1177
  0.2281   0.9485   0.0564  -0.0368   0.0009  -0.0955
  0.2617   0.8393   0.0997  -0.0355  -0.0276  -0.0660
  0.2334   0.8811   0.1109  -0.0587  -0.0121  -0.0831
  0.1884   0.8698   0.0905  -0.0607  -0.0057  -0.0726
  0.1978   0.9741   0.0778  -0.0691  -0.0455  -0.0525
  0.2034   0.9640   0.0686  -0.0587   0.0008  -0.0839
  0.2272   0.9819   0.0563  -0.0665  -0.0629  -0.0839
  0.1926   0.9887   0.0699  -0.0669   0.0056  -0.0889
  0.2020   0.9032   0.0270  -0.0650  -0.0467  -0.0781
  0.1590   0.8741   0.0759  -0.0984   0.0131  -0.0409
  0.1807   0.9458   0.0383  -0.0680  -0.0285  -0.0797
  0.1909   0.9391   0.0294  -0.1041   0.0097  -0.0695
  0.1793   0.9415   0.0243  -0.0686  -0.0353  -0.0791
  0.2033   0.9296   0.0557  -0.0877  -0.0131  -0.0814
  0.2151   0.8946   0.0048  -0.0811  -0.0114  -0.0593
  0.2030   0.9378  -0.0258  -0.0871  -0.0355  -0.0856
  0.1560   0.9253   0.0542  -0.0805  -0.0404  -0.0843
  0.1581   0.9467   0.0071  -0.0762  -0.0367  -0.1028
  0.2120   0.9591   0.0253  -0.0912  -0.0702  -0.0881
  0.1332   1.0917   0.1069   0.0028  -0.0214  -0.1881
  0.0206   1.1629   0.1399  -0.0193  -0.0346  -0.2267
  0.0373   1.0911   0.1190  -0.0899  -0.0474  -0.2121
  0.0624   1.1035   0.0325  -0.0863  -0.0750  -0.1796
  0.0933   1.0594   0.0471  -0.0798  -0.0425  -0.1640
  0.1464   1.1023   0.0120  -0.0467  -0.0547  -0.1772
  0.0953   1.2550  -0.1343  -0.0470  -0.0917  -0.1918
  0.1410   1.3805  -0.0262  -0.0301  -0.0957  -0.2147
  0.1326   1.3473  -0.0277  -0.0639  -0.0529  -0.2144
  0.1265   1.3363  -0.0315  -0.0466  -0.0726  -0.1984
  0.1268   1.3498  -0.0066  -0.0521  -0.0486  -0.2166
  0.1490   1.4326   0.0430  -0.0478  -0.0424  -0.2109
  0.1161   1.3674   0.0243  -0.0593  -0.0531  -0.2203
  0.1698   1.2900   0.0693  -0.0605  -0.0116  -0.1811
  0.1955   1.2554   0.0814  -0.1001  -0.0020  -0.1753
  0.1546   1.2398   0.0605  -0.0993  -0.0065  -0.1642
  0.1732   1.3353   0.0126  -0.1060  -0.0028  -0.1473
  0.1738   1.3703  -0.0055  -0.1053  -0.0234  -0.1764
  0.1356   1.3156   0.0030  -0.0952  -0.0009  -0.1637
  0.1432   1.3594   0.0050  -0.0807  -0.0039  -0.1904
  0.1435   1.2870   0.0252  -0.1093  -0.0158  -0.1614
  0.1072   1.2279   0.0146  -0.0819   0.0010  -0.1556
  0.1086   1.1786   0.0275  -0.0914  -0.0108  -0.1777
  0.1503   1.2445   0.0032  -0.1009  -0.0367  -0.1755
  0.1673   1.2338  -0.0351  -0.0905  -0.0401  -0.1744
  0.1273   1.3019  -0.0281  -0.0728  -0.0243  -0.1698
  0.1240   1.2595  -0.0261  -0.0758  -0.0147  -0.1775
  0.1125   1.2899   0.0085  -0.0630  -0.0183  -0.1928
  0.0711   1.4002   0.0210  -0.0836   0.0000  -0.2087
  0.0374   1.5368   0.0785  -0.0746  -0.0039  -0.2278
  0.0798   1.1806   0.0079  -0.0904   0.0122  -0.1489
  0.1118   1.1655  -0.1256  -0.0516  -0.0561  -0.1732
  0.0263   1.2886  -0.1067  -0.0541  -0.0331  -0.2059
  0.0686   1.1190  -0.0677  -0.0691  -0.1031  -0.1711
  0.1063   1.1656  -0.0247  -0.0802  -0.0569  -0.1865
  0.0787   1.2106  -0.0110  -0.1135  -0.0278  -0.1592
  0.0619   1.1758  -0.0217  -0.0944  -0.0680  -0.1784
  0.0354   1.1923  -0.0515  -0.0533  -0.0647  -0.1793
  0.0294   1.1736   0.0764  -0.0772  -0.0082  -0.1893
  0.0537   1.1952   0.0650  -0.0541  -0.0296  -0.1929
  0.0605   1.2203   0.0973  -0.0855  -0.0182  -0.1876
  0.0632   1.1050   0.1046  -0.1207   0.0151  -0.1496
  0.0431   1.1313   0.0528  -0.0773  -0.0597  -0.2036
  0.0545   1.2391   0.0608  -0.0900   0.0118  -0.2125
  0.0646   1.2469   0.0927  -0.1076  -0.0357  -0.2042
  0.0595   1.2821   0.0676  -0.1060   0.0110  -0.1966
  0.0496   1.2258   0.0801  -0.0700  -0.0180  -0.1909
  0.0549   1.2959   0.0423  -0.0902   0.0099  -0.2137
  0.0472   1.2246   0.0735  -0.0719   0.0022  -0.1858
  0.0819   1.2504   0.0710  -0.1004   0.0004  -0.1799
 -0.0885  -2.0716  -0.0441  -0.6049   0.1002   0.6080
 -0.4415  -2.6046  -0.1438  -0.4563  -0.0253   0.6630
 -0.3209  -2.3675  -0.1451  -0.3347   0.0259   0.6179
 -0.4289  -4.9686  -0.2405  -0.5388   0.0234   1.3088
 -0.2997  -2.5005  -0.1217  -0.5294   0.0398   0.7076
 -0.3443  -2.2844  -0.0112  -0.5780   0.0875   0.6385
 -0.3533  -2.0064  -0.0446  -0.4862   0.1048   0.5376
 -0.3728  -2.1147  -0.0615  -0.4540   0.0462   0.5537
 -0.3671  -1.8572  -0.1168  -0.4257   0.0494   0.4783
 -0.4285  -1.9691  -0.1628  -0.4422   0.0369   0.5089
 -0.4253  -1.8525  -0.1437  -0.4306   0.0439   0.4810
 -0.4367  -1.9862  -0.1598  -0.4344   0.0376   0.5031
 -0.4422  -1.9228  -0.1165  -0.4169   0.0470   0.4893
 -0.4506  -2.0035  -0.1349  -0.4307   0.0410   0.4988
 -0.4291  -1.8850  -0.1341  -0.4351   0.0425   0.4667
 -0.4343  -1.9421  -0.1941  -0.3717   0.0136   0.4696
 -0.4188  -1.8105  -0.1678  -0.3935   0.0073   0.4578
 -0.4183  -1.7960  -0.2010  -0.3908   0.0057   0.4475
 -0.4333  -1.6944  -0.1940  -0.3616   0.0060   0.4151
 -0.4576  -1.7138  -0.2358  -0.3299   0.0098   0.4127
 -0.4244  -1.6440  -0.2002  -0.3785  -0.0093   0.4070
 -0.4518  -1.6702  -0.2476  -0.3308   0.0012   0.4091
 -0.4111  -1.5399  -0.2056  -0.3663  -0.0045   0.3826
 -0.4644  -1.5963  -0.2599  -0.3201  -0.0025   0.3706
 -0.4307  -1.5373  -0.2271  -0.3683  -0.0252   0.3624
 -0.4709  -1.6235  -0.2607  -0.3319  -0.0047   0.3693
 -0.4670  -1.5161  -0.2023  -0.4084   0.0097   0.3774
 -0.4735  -1.5640  -0.2466  -0.3376  -0.0000   0.3732
 -0.4456  -1.4936  -0.2278  -0.4282   0.0125   0.3644
 -0.4610  -1.5988  -0.2707  -0.2878  -0.0053   0.3760
 -0.4800  -1.5174  -0.2170  -0.4564   0.0247   0.3564
 -0.4346  -1.5756  -0.2925   0.0914  -0.0532   0.3383
 -0.2323  -0.7736   0.1375   0.4334   0.0383   0.0662
 -0.4032  -0.9577  -0.5018   1.2235  -0.1380  -0.1447
 -0.2997  -1.2063  -0.6325   1.3534  -0.3082   0.0310
 -0.3519  -1.2012  -0.1369   0.6022  -0.1094   0.0437
 -0.6209  -6.0652  -0.0665   0.8776  -0.0369   1.5601
 -0.7123  -4.2406  -0.1397   0.0548  -0.0456   0.8525
 -0.5513  -3.0064  -0.4228  -0.0061  -0.0974   0.5871
 -0.5608  -3.3322  -0.4618  -0.0793  -0.1166   0.6717
 -0.5210  -2.8800  -0.2981   0.1288  -0.0646   0.4548
 -0.5461  -2.1503  -0.0771   0.0161   0.0379   0.2478
 -0.5552  -2.5461  -0.2522   0.0225  -0.0093   0.4001
 -0.5340  -2.4601  -0.2234  -0.0060   0.0188   0.3656
 -0.4398  -2.2519  -0.1277   0.0392   0.0497   0.3318
 -0.3995  -2.4203  -0.1477   0.0475   0.0491   0.3619
 -0.3866  -2.4912  -0.0808   0.1382   0.0516   0.3710
 -0.3907  -2.4044  -0.0845  -0.0498   0.0821   0.3818
 -0.4657  -2.5684  -0.1825   0.0319   0.0475   0.3959
 -0.3912  -2.5513  -0.0535   0.1369   0.0514   0.3619
 -0.4211  -2.4966  -0.0505   0.0747   0.0734   0.3700
 -0.3987  -2.4338  -0.0879   0.0408   0.0475   0.3633
 -0.4550  -2.4942  -0.0418   0.0603   0.0754   0.3696
 -0.2929  -2.2787  -0.2065   0.0692  -0.0049   0.3582
 -0.4062  -2.1456  -0.5207   0.3152  -0.1319   0.2621
 -0.4444  -2.4114  -0.1557   0.3253   0.0087   0.2626
 -0.4129  -2.3044  -0.1912   0.1262  -0.0295   0.3224
 -0.4244  -2.3761  -0.1115   0.1601   0.0314   0.3013
 -0.4330  -2.3747  -0.1837   0.1871  -0.0049   0.2864
 -0.4515  -2.3942  -0.1378   0.2168   0.0031   0.2934
 -0.4509  -2.3804  -0.1408   0.1886  -0.0109   0.3030
 -0.4713  -2.4750  -0.1243   0.1909   0.0150   0.3032
 -0.4494  -2.4327  -0.1640   0.2146  -0.0412   0.3150
 -0.4760  -2.4198  -0.1154   0.2291   0.0259   0.2761
