 -0.0302  -0.6451   0.1576   0.2743   0.1858   0.1388
 -0.1765  -0.9764   0.0532   0.5137   0.0769   0.1967
 -0.1652  -0.7858   0.0226   0.5320   0.0906   0.0031
 -0.1753  -0.9014  -0.0030   0.5835   0.0828   0.0230
 -0.1764  -0.8539   0.0016   0.5892   0.1110   0.0484
 -0.0988  -0.6071   0.1490   0.2891   0.1249  -0.0277
 -0.1449   0.0404   0.1807  -0.2011   0.1044  -0.0674
 -0.1552   0.1357   0.0979  -0.3289   0.1613   0.0254
 -0.1191   0.1233   0.1895  -0.3014   0.1025  -0.1423
 -0.1603  -0.1768   0.0784  -0.1660   0.1275  -0.1572
  0.0517   0.6884   0.2409  -0.4229   0.1458  -0.1548
  0.1504   0.7423   0.1322  -0.4930   0.1521  -0.0404
  0.1304   0.2242   0.1499  -0.3839   0.1497   0.0522
  0.1095   0.2780   0.1387  -0.3677   0.1448  -0.0793
  0.1010   0.2119   0.1581  -0.3112   0.1495  -0.0769
  0.0883   0.2186   0.1502  -0.2894   0.1425  -0.1156
  0.1273   0.1512   0.1798  -0.2670   0.1617  -0.1277
  0.0606   0.0456   0.1623  -0.2131   0.1309  -0.0895
  0.0630  -0.0110   0.1691  -0.1636   0.1397  -0.1471
  0.0300  -0.1057   0.1374  -0.0538   0.1363  -0.0986
  0.0796  -0.2192   0.1356   0.0318   0.1446  -0.1398
  0.0325  -0.3519   0.1543   0.0459   0.1633  -0.0890
  0.1096  -0.2117   0.1960   0.0375   0.1750  -0.1573
  0.0423  -0.2904   0.1456  -0.0024   0.1839  -0.0200
  0.4130   0.3308  -0.0096  -0.0983   0.1936   0.0702
  0.6213   1.8455  -0.0873   0.4438  -0.0094   0.7566
  0.8420   2.9490  -0.0158   0.8025   0.0433   1.0296
  0.4860   0.2018   0.1426   0.8185   0.2491   0.4057
  0.0497  -1.3270   0.2625   0.8614   0.2308   0.2715
  0.3120  -0.0401   0.1365   0.3139   0.1410   0.1137
  0.4001   0.2451   0.2848   0.1149   0.1957   0.1341
  0.2170   0.3436   0.2045  -0.1291   0.1386   0.0072
  0.5170   0.0106   0.3170   0.1155   0.1852   0.0765
  0.3916   0.0474   0.3493   0.1210   0.3350   0.1009
  0.0696   0.0091   0.0652   0.0429   0.1199  -0.0557
  0.1548  -0.1967   0.2203   0.1005   0.2000   0.1145
  0.1346  -0.3922  -0.0082  -0.0096   0.0129   0.2047
  0.0724  -0.6024   0.1485  -0.0267   0.0164   0.0653
  0.0309  -0.3107   0.1394  -0.1174   0.0463  -0.0340
 -0.0051  -0.0140   0.2367  -0.2464   0.1051  -0.1815
 -0.0187  -0.4114   0.2282  -0.1120   0.0622   0.0214
  0.0364  -0.7708   0.2058   0.0955   0.0909   0.0428
  0.0314  -1.3561   0.1343   0.7049   0.0750   0.0080
 -0.0775  -1.6838   0.1964   1.1482   0.0804   0.0432
  0.1761  -1.2461  -0.3098   0.9609  -0.0190   0.1532
  0.3974  -0.1746  -0.4737   0.4627  -0.2399   0.0926
  0.5574   1.1435  -0.1596   0.4139  -0.2049   0.3560
  0.3428   4.3614   0.4944   0.0391  -0.0358   0.1059
 -0.2083   2.5468   0.7396  -0.1231   0.0247   0.3936
 -0.2089   0.4933   0.4919   0.0338   0.1096   0.0585
 -0.3090  -0.1477   0.3326   0.2353   0.0319  -0.0865
 -0.3188  -0.0415   0.4155   0.0267  -0.0023  -0.2255
 -0.3760   0.0384   0.3611  -0.1681  -0.0646  -0.2876
 -0.4254   0.3850   0.3849  -0.3760  -0.0299  -0.0806
 -0.2336   0.3076   0.3320  -0.3097   0.0078  -0.0286
  0.0276   0.2284   0.0497  -0.3477   0.0924  -0.2370
 -0.2264  -0.1085  -0.5369  -0.1885  -0.0712  -0.2035
 -0.5276  -0.1883  -0.7673   0.0438  -0.4800  -0.1391
 -0.3556  -0.1711  -0.2432  -0.3193  -0.2349  -0.1351
 -0.1247  -0.1082  -0.2941  -0.3029  -0.1690  -0.2168
 -0.1528  -0.1415  -0.1141  -0.4315  -0.1472  -0.1243
 -0.1040  -0.1828  -0.2546  -0.2759  -0.1664  -0.2164
 -0.1932  -0.4281  -0.2294  -0.0708  -0.1995  -0.1049
  0.0826  -0.1217  -0.5654  -0.0447  -0.1853  -0.2016
  0.4135  -0.1186  -0.8325  -0.0382  -0.2380  -0.1925
  0.1182  -0.3788  -0.5878  -0.0162  -0.2185  -0.0556
 -0.2175  -0.2741  -0.7951  -0.0675  -0.3729  -0.2307
 -0.1274  -0.1471  -1.1491   0.1239  -0.4530  -0.1948
 -0.0699  -0.1178  -1.4673   0.2615  -0.6206  -0.1324
 -0.1372  -0.1801  -0.9302   0.1900  -0.4203  -0.0966
 -0.0852  -0.1205  -0.6704   0.0032  -0.3070  -0.1154
 -0.2526   1.1111  -0.4338  -0.3081  -0.3808   0.0214
  0.0218   3.9468  -0.0165  -0.4390  -0.2693   0.0287
  0.0268   5.4014   0.3028  -0.5602  -0.2117   0.0494
 -0.1594   5.0754   0.3637  -1.0024  -0.2042   0.0067
 -0.1887   3.3607   0.2742  -1.5977  -0.1574  -0.4106
