 -0.0152   0.5670   0.1963  -0.8890   0.1076  -0.2367
 -0.0092   0.5502   0.1927  -0.8388   0.1064  -0.2120
 -0.0100   0.5645   0.1887  -0.8475   0.1022  -0.1935
 -0.0104   0.5512   0.1937  -0.8480   0.1040  -0.2309
 -0.0123   0.5393   0.1920  -0.8064   0.1113  -0.2263
 -0.0161   0.5476   0.1865  -0.8037   0.1046  -0.1986
 -0.0108   0.5422   0.1917  -0.8162   0.1052  -0.2129
 -0.0154   0.5538   0.1941  -0.8097   0.1074  -0.2431
 -0.0126   0.5503   0.1941  -0.7946   0.1057  -0.1982
 -0.0130   0.5536   0.1882  -0.8066   0.1090  -0.2042
 -0.0111   0.5300   0.1874  -0.7776   0.1070  -0.2325
 -0.0111   0.5291   0.1793  -0.7476   0.1026  -0.2889
  0.0245   0.5388   0.2042  -0.7839   0.1701  -0.1817
  0.0239   0.5387   0.2133  -0.7838   0.1744  -0.2323
 -0.0027   0.5359   0.1946  -0.7612   0.1213  -0.2061
  0.0001   0.5417   0.1829  -0.7500   0.1113  -0.1883
 -0.0066   0.5590   0.1888  -0.7648   0.1123  -0.2361
 -0.0065   0.5452   0.1868  -0.7449   0.1135  -0.2125
 -0.0074   0.5413   0.1788  -0.7297   0.1092  -0.1826
 -0.0088   0.5285   0.1763  -0.7302   0.1096  -0.1858
 -0.0205   0.5487   0.1886  -0.7579   0.1157  -0.2207
 -0.0257   0.5564   0.1814  -0.7293   0.1173  -0.1912
 -0.0151   0.5190   0.1801  -0.6325   0.1137  -0.1845
 -0.0211   0.5194   0.1865  -0.6776   0.1191  -0.1629
 -0.0200   0.5254   0.1975  -0.6824   0.1195  -0.1649
 -0.0213   0.5457   0.1916  -0.6818   0.1209  -0.1409
 -0.0190   0.5614   0.1856  -0.6773   0.1136  -0.1448
 -0.0180   0.5301   0.1809  -0.6567   0.1082  -0.1838
 -0.0233   0.5235   0.1769  -0.6406   0.1072  -0.1526
 -0.0291   0.5302   0.1778  -0.6502   0.1078  -0.1287
 -0.0270   0.5092   0.1822  -0.6496   0.1101  -0.1761
 -0.0294   0.4995   0.1832  -0.6303   0.1083  -0.1431
 -0.0385   0.5191   0.1857  -0.6499   0.1086  -0.1397
 -0.0314   0.4946   0.1889  -0.6375   0.1052  -0.1718
 -0.0335   0.4845   0.1858  -0.6220   0.1027  -0.1282
 -0.0233   0.4790   0.2121  -0.6252   0.1380  -0.1134
 -0.0674   0.4619   0.1988  -0.6288   0.0776  -0.1567
 -0.0120   0.4343   0.2113  -0.6945   0.1629  -0.1460
  0.0110   0.3645   0.3997  -1.5409   0.2370  -0.1318
 -0.0353   0.3869   0.1768  -0.9131   0.1049  -0.2719
 -0.0601   0.3720   0.1086  -0.6335   0.0666  -0.2136
 -0.0484   0.3594   0.1152  -0.6209   0.0751  -0.1835
 -0.0485   0.3788   0.1111  -0.5644   0.0657  -0.1010
 -0.0470   0.3537   0.1140  -0.5207   0.0609  -0.1343
 -0.0478   0.3606   0.1210  -0.5242   0.0616  -0.1300
 -0.0525   0.3679   0.1217  -0.5286   0.0644  -0.0903
 -0.0472   0.3483   0.1183  -0.5188   0.0679  -0.1273
 -0.0474   0.3542   0.1172  -0.5113   0.0688  -0.0955
 -0.0527   0.3612   0.1230  -0.5255   0.0708  -0.0850
 -0.0507   0.3397   0.1170  -0.5089   0.0661  -0.1149
 -0.0623   0.3595   0.1154  -0.5253   0.0650  -0.0965
 -0.0589   0.3296   0.1147  -0.5177   0.0691  -0.1214
 -0.0618   0.3432   0.1055  -0.4907   0.0640  -0.0764
 -0.0653   0.3347   0.1133  -0.5256   0.0608  -0.1302
 -0.0519   0.3184   0.1155  -0.5367   0.0644  -0.1351
 -0.0464   0.3388   0.1193  -0.5543   0.0657  -0.1248
 -0.0351   0.3021   0.1115  -0.4845   0.0587  -0.2973
 -0.0461   0.3069   0.1005  -0.4476   0.0551  -0.2052
 -0.0464   0.3213   0.0986  -0.4613   0.0494  -0.1139
 -0.0360   0.2928   0.1020  -0.4496   0.0507  -0.1858
 -0.0343   0.2824   0.1035  -0.4273   0.0538  -0.2301
 -0.0351   0.2944   0.0953  -0.4264   0.0486  -0.1884
 -0.0301   0.3061   0.0953  -0.4242   0.0480  -0.1654
 -0.0344   0.2852   0.0906  -0.3969   0.0530  -0.1919
 -0.0368   0.2692   0.0857  -0.3631   0.0481  -0.1253
 -0.0325   0.2719   0.0852  -0.3802   0.0462  -0.1511
 -0.0367   0.2460   0.0829  -0.3732   0.0479  -0.1744
 -0.0376   0.2613   0.0785  -0.3657   0.0455  -0.1551
 -0.0439   0.2635   0.0756  -0.3616   0.0459  -0.1274
 -0.0342   0.2051   0.0746  -0.3346   0.0467  -0.1407
 -0.0322   0.2068   0.0759  -0.3327   0.0404  -0.1262
 -0.0345   0.2129   0.0699  -0.3277   0.0438  -0.0757
 -0.0259   0.1808   0.0711  -0.3065   0.0463  -0.0945
 -0.0207   0.1341   0.0645  -0.2548   0.0342  -0.0697
 -0.0124   0.1145   0.0616  -0.2399   0.0395  -0.0238
 -0.0246   0.1335   0.0602  -0.2778   0.0403  -0.0672
 -0.0273   0.1176   0.0581  -0.2598   0.0399  -0.0528
 -0.0171   0.1091   0.0555  -0.2209   0.0410  -0.0442
  0.0019   0.0737   0.0548  -0.1891   0.0386  -0.0248
 -0.0137   0.0754   0.0561  -0.1965   0.0363  -0.0566
  0.0039   0.0290   0.0455  -0.1515   0.0403  -0.0047
  0.0078   0.0136   0.0446  -0.1175   0.0406  -0.0077
  0.0058  -0.0007   0.0490  -0.1074   0.0398  -0.0250
 -0.0034   0.0184   0.0482  -0.1064   0.0398   0.0050
 -0.0002   0.0134   0.0467  -0.1063   0.0373  -0.0194
 -0.0025  -0.0061   0.0431  -0.0865   0.0336  -0.0134
  0.0015   0.0013   0.0427  -0.0835   0.0267   0.0092
 -0.0060   0.0006   0.0485  -0.1066   0.0337  -0.0061
 -0.0043  -0.0204   0.0384  -0.0704   0.0255  -0.0059
  0.0064  -0.0221   0.0363  -0.0385   0.0232   0.0268
  0.0063  -0.0659   0.0290  -0.0017   0.0169   0.0004
  0.0081  -0.0617   0.0290   0.0010   0.0125   0.0456
  0.0078  -0.0699   0.0317  -0.0035   0.0167   0.0432
  0.0090  -0.0824   0.0308  -0.0093   0.0198   0.0222
  0.0083  -0.0671   0.0357  -0.0236   0.0209   0.0364
  0.0048  -0.0494   0.0349  -0.0422   0.0221   0.0304
  0.0050  -0.0753   0.0302  -0.0049   0.0135  -0.0012
  0.0074  -0.0650   0.0272  -0.0079   0.0192   0.0403
  0.0109  -0.0542   0.0271  -0.0035   0.0234   0.0296
  0.0097  -0.0760   0.0239   0.0256   0.0159  -0.0069
  0.0168  -0.0608   0.0327  -0.0018   0.0184   0.0576
  0.0149  -0.0978   0.0243   0.0353   0.0120   0.0122
  0.0105  -0.0797   0.0252   0.0088   0.0181   0.0763
  0.0127  -0.1141   0.0220   0.0290   0.0150   0.0049
  0.0174  -0.0824   0.0305  -0.0217   0.0204   0.0787
  0.0147  -0.1036   0.0311   0.0159   0.0080  -0.0186
  0.0146  -0.0811   0.0348   0.0021   0.0052   0.0399
  0.0186  -0.1011   0.0256   0.0228   0.0090   0.0073
  0.0079  -0.1053   0.0219   0.0282   0.0084   0.0300
  0.0122  -0.0759   0.0214   0.0098   0.0105   0.0446
  0.0220  -0.1057   0.0203   0.0427   0.0068   0.0124
  0.0164  -0.1074   0.0161   0.0548   0.0004   0.0338
  0.0200  -0.0946   0.0206   0.0296   0.0109   0.0581
  0.0171  -0.0931   0.0136   0.0315   0.0098   0.0278
  0.0187  -0.0962   0.0089   0.0230   0.0143   0.0041
  0.0276  -0.0914   0.0146  -0.0002   0.0144   0.0282
  0.0358  -0.0978   0.0112   0.0054   0.0134  -0.0895
  0.0401  -0.1122   0.0027   0.0638   0.0027  -0.1758
  0.0419  -0.1047  -0.0067   0.1031  -0.0020  -0.0907
  0.0406  -0.0814  -0.0069   0.0949   0.0027  -0.0015
  0.0373  -0.0924  -0.0056   0.1117   0.0023   0.0199
  0.0351  -0.1025  -0.0148   0.1140  -0.0029   0.0021
  0.0344  -0.0784  -0.0070   0.0420   0.0087   0.0446
  0.0264  -0.1074  -0.0084   0.0840  -0.0002  -0.0033
  0.0240  -0.0812  -0.0032   0.0527   0.0055   0.0461
  0.0178  -0.1043  -0.0041   0.0790   0.0005   0.0256
  0.0195  -0.0845  -0.0068   0.0420   0.0056   0.0649
  0.0173  -0.1226  -0.0102   0.0832  -0.0033   0.0320
  0.0240  -0.1074  -0.0129   0.0427  -0.0044   0.0795
  0.0256  -0.1351  -0.0088   0.0482  -0.0028   0.0298
  0.0319  -0.1089   0.0034  -0.0228   0.0074   0.0627
  0.0306  -0.1000   0.0103  -0.0255   0.0166   0.0502
  0.0252  -0.0896   0.0008   0.0103   0.0126   0.0249
  0.0268  -0.1131  -0.0141   0.0745   0.0067  -0.0011
  0.0349  -0.0993  -0.0161   0.0946   0.0010   0.0423
  0.0385  -0.1034  -0.0155   0.0802   0.0075   0.0518
  0.0342  -0.1172  -0.0153   0.0990   0.0037   0.0160
  0.0305  -0.1038  -0.0211   0.1064   0.0037   0.0647
  0.0310  -0.1274  -0.0156   0.1316  -0.0013   0.0484
  0.0317  -0.1149  -0.0245   0.1364  -0.0105   0.0601
  0.0289  -0.1206  -0.0220   0.1217  -0.0082   0.0602
  0.0233  -0.1273  -0.0267   0.1255  -0.0134   0.0479
  0.0212  -0.1217  -0.0208   0.1080  -0.0072   0.0762
  0.0246  -0.1428  -0.0273   0.1211  -0.0147   0.0580
  0.0278  -0.1246  -0.0185   0.1068  -0.0061   0.0830
  0.0218  -0.1508  -0.0195   0.1051  -0.0066   0.0313
  0.0302  -0.1263  -0.0193   0.0599  -0.0033   0.0899
  0.0201  -0.1157  -0.0134   0.0257   0.0060   0.0538
  0.0137  -0.1245  -0.0196   0.0709  -0.0032   0.0221
  0.0221  -0.1140  -0.0236   0.1059  -0.0069   0.0408
  0.0231  -0.1167  -0.0226   0.0980  -0.0032   0.0584
  0.0224  -0.1482  -0.0262   0.1457  -0.0137   0.0584
  0.0235  -0.1337  -0.0227   0.1031  -0.0072   0.0895
  0.0252  -0.1461  -0.0264   0.0909  -0.0014   0.0592
  0.0189  -0.1386  -0.0280   0.1198  -0.0056   0.0706
  0.0206  -0.1131  -0.0296   0.1106  -0.0025   0.0779
  0.0481  -0.1341  -0.0208   0.1436   0.0082   0.0409
  0.0390  -0.1343  -0.0262   0.1229  -0.0064   0.0566
  0.0424  -0.1188  -0.0263   0.0941  -0.0039   0.0665
  0.0335  -0.1253  -0.0285   0.1340  -0.0069   0.0433
  0.0350  -0.1349  -0.0319   0.1942  -0.0150   0.0499
  0.0435  -0.1132  -0.0276   0.1570  -0.0110   0.0851
  0.0428  -0.1426  -0.0334   0.2108  -0.0171   0.0509
  0.0427  -0.1185  -0.0352   0.1684  -0.0154   0.0921
  0.0354  -0.1562  -0.0366   0.2085  -0.0210   0.0630
  0.0336  -0.1545  -0.0342   0.1867  -0.0147   0.0845
  0.0216  -0.1495  -0.0336   0.1545  -0.0056   0.1019
  0.0239  -0.1486  -0.0306   0.1483  -0.0071   0.0465
  0.0231  -0.1419  -0.0362   0.1581  -0.0122   0.0707
  0.0184  -0.1438  -0.0366   0.1597  -0.0028   0.0671
  0.0116  -0.1685  -0.0461   0.1925  -0.0094   0.0446
  0.0159  -0.1637  -0.0526   0.2001  -0.0136   0.0667
  0.0196  -0.1594  -0.0459   0.1731  -0.0124   0.0717
  0.0230  -0.1823  -0.0420   0.1953  -0.0084   0.0461
  0.0179  -0.1672  -0.0453   0.2052  -0.0094   0.0718
  0.0287  -0.1448  -0.0470   0.1565  -0.0066   0.0738
  0.0270  -0.1708  -0.0454   0.2122  -0.0125   0.0494
  0.0280  -0.1613  -0.0456   0.1908  -0.0182   0.0792
  0.0279  -0.1616  -0.0380   0.2004  -0.0115   0.0789
  0.0283  -0.1806  -0.0429   0.2301  -0.0166   0.0596
  0.0285  -0.1667  -0.0420   0.1885  -0.0175   0.1003
  0.0292  -0.1732  -0.0383   0.1903  -0.0158   0.0681
  0.0230  -0.1762  -0.0449   0.2186  -0.0256   0.0685
 -0.0276  -0.2637  -0.0822   0.2952  -0.1345   0.0953
 -0.0361  -0.3031  -0.1239   0.3365  -0.1587   0.0934
 -0.0418  -0.3031  -0.1254   0.3393  -0.1456   0.0881
 -0.0387  -0.2774  -0.1282   0.3295  -0.1494   0.1038
 -0.0323  -0.2814  -0.1301   0.3645  -0.1482   0.0789
 -0.0189  -0.2639  -0.1167   0.3622  -0.1354   0.0742
 -0.0032  -0.1722  -0.0946   0.2259  -0.1081   0.0611
  0.0029  -0.2080  -0.0943   0.1945  -0.1046   0.0758
 -0.0118  -0.2037  -0.0979   0.1921  -0.1001   0.0379
 -0.0247  -0.1984  -0.1077   0.2597  -0.1255   0.0436
 -0.0069  -0.1942  -0.1075   0.2962  -0.1339   0.0771
 -0.0055  -0.1995  -0.1112   0.3078  -0.1262   0.0748
 -0.0111  -0.2153  -0.1189   0.3361  -0.1337   0.0748
 -0.0074  -0.2228  -0.1103   0.3248  -0.1344   0.0854
 -0.0128  -0.2443  -0.1141   0.3677  -0.1426   0.0860
 -0.0122  -0.2251  -0.1087   0.2973  -0.1254   0.1269
  0.0040  -0.2353  -0.1168   0.4054  -0.0766   0.1102
  0.0063  -0.1834  -0.1354   0.3497  -0.0566   0.1392
 -0.0092  -0.2115  -0.1475   0.3746  -0.0724   0.0821
 -0.0025  -0.2048  -0.1343   0.3591  -0.0796   0.1150
 -0.0004  -0.1922  -0.1271   0.3554  -0.0700   0.0938
 -0.0015  -0.2081  -0.1320   0.4109  -0.0758   0.0706
  0.0021  -0.1855  -0.1280   0.3390  -0.0775   0.1022
  0.0099  -0.2189  -0.1318   0.3943  -0.0795   0.0675
  0.0104  -0.2165  -0.1298   0.3982  -0.0813   0.1086
  0.0082  -0.2049  -0.1167   0.3629  -0.0721   0.1077
  0.0060  -0.2273  -0.1286   0.4194  -0.0806   0.0858
  0.0094  -0.2127  -0.1251   0.3740  -0.0789   0.1200
  0.0058  -0.2177  -0.1267   0.3604  -0.0744   0.0715
  0.0047  -0.2153  -0.1319   0.4059  -0.0750   0.0822
  0.0061  -0.1980  -0.1278   0.3487  -0.0762   0.1033
  0.0091  -0.2308  -0.1348   0.3939  -0.0728   0.0924
  0.0033  -0.2171  -0.1301   0.3689  -0.0759   0.1378
 -0.0001  -0.2402  -0.1417   0.4228  -0.0730   0.1080
  0.0014  -0.2417  -0.1344   0.4300  -0.0731   0.1264
  0.0012  -0.2115  -0.1297   0.3729  -0.0707   0.1333
  0.0027  -0.2448  -0.1392   0.4359  -0.0714   0.0890
 -0.0022  -0.2177  -0.1379   0.3376  -0.0866   0.1256
 -0.0001  -0.2371  -0.1320   0.3923  -0.0745   0.0737
  0.0004  -0.2290  -0.1365   0.4039  -0.0758   0.1129
 -0.0186  -0.3538  -0.1802   0.8596  -0.1279   0.1336
  0.0008  -0.3701  -0.2095   0.8320  -0.1143   0.1481
  0.0022  -0.3394  -0.2048   0.8087  -0.1175   0.1786
  0.0081  -0.3199  -0.2017   0.8304  -0.1114   0.1603
  0.0122  -0.3327  -0.2255   0.9167  -0.1240   0.1448
  0.0144  -0.3238  -0.2143   0.8566  -0.1258   0.1767
  0.0082  -0.3568  -0.2252   0.9201  -0.1245   0.1436
  0.0100  -0.3486  -0.2273   0.9066  -0.1271   0.1836
  0.0131  -0.3433  -0.2103   0.8391  -0.1115   0.1833
  0.0057  -0.3654  -0.2285   0.9104  -0.1229   0.1579
  0.0117  -0.3458  -0.2197   0.8706  -0.1256   0.1861
  0.0140  -0.3494  -0.2184   0.8878  -0.1222   0.1669
  0.0105  -0.3648  -0.2279   0.9236  -0.1294   0.1570
  0.0139  -0.3322  -0.2140   0.8417  -0.1214   0.1922
  0.0097  -0.3664  -0.2155   0.8871  -0.1160   0.1406
  0.0046  -0.3349  -0.2040   0.8273  -0.1162   0.1898
  0.0101  -0.3779  -0.2226   0.9075  -0.1192   0.1291
  0.0090  -0.3444  -0.2064   0.8292  -0.1168   0.1859
  0.0081  -0.3683  -0.2246   0.8807  -0.1157   0.1387
  0.0163  -0.3750  -0.2117   0.8720  -0.1142   0.1621
  0.0178  -0.3753  -0.1972   0.8995  -0.1235   0.1770
  0.0136  -0.3774  -0.2021   0.8947  -0.1200   0.1403
  0.0070  -0.3755  -0.2166   0.9111  -0.1251   0.1720
  0.0049  -0.3536  -0.2079   0.8621  -0.1250   0.1826
  0.0034  -0.4024  -0.2197   0.9690  -0.1275   0.1540
  0.0052  -0.4125  -0.2269   0.9866  -0.1199   0.1952
  0.0034  -0.3411  -0.2562   0.8984  -0.1149   0.2059
  0.0080  -0.3399  -0.2566   0.9186  -0.1243   0.1737
