  0.7078   0.8346   0.0916  -0.2348   0.1106  -0.2108
  0.5886   1.4750  -0.1245  -0.3930   0.0261  -0.3413
  0.5976   1.4404  -0.1142  -0.2682  -0.0329  -0.4222
  0.5907   1.3087  -0.0831  -0.3279   0.0135  -0.3572
  0.6078   1.2306  -0.0156  -0.2617   0.0391  -0.3155
  0.5911   1.3026  -0.0331  -0.3373   0.0477  -0.3296
  0.6066   1.2895  -0.0511  -0.2624   0.0288  -0.3184
  0.5971   1.3179  -0.0724  -0.3374   0.0377  -0.3448
  0.6101   1.2778  -0.0585  -0.2259   0.0248  -0.3291
  0.6188   1.3104  -0.0426  -0.3348   0.0637  -0.3578
  0.5685   1.3403  -0.0895   0.2076  -0.0908  -0.2372
  0.5725   0.9041  -0.0031  -0.1364   0.0231  -0.2353
  0.6172   0.8398  -0.0212  -0.2967   0.0718  -0.2509
  0.5303   0.9316  -0.0315  -0.2614  -0.0106  -0.2563
  0.4148   0.8821   0.0003  -0.3068  -0.0782  -0.2574
  0.5106   0.8148   0.0097  -0.2513  -0.0081  -0.2310
  0.5174   0.7975  -0.0149  -0.2254   0.0073  -0.2249
  0.5318   0.8492  -0.0553  -0.2388  -0.0033  -0.2408
  0.5366   0.8619  -0.0064  -0.1737  -0.0121  -0.2250
  0.5534   0.9106   0.0078  -0.2353  -0.0154  -0.2733
  0.5647   0.9986   0.0239  -0.2261   0.0085  -0.3225
  0.5817   0.9899  -0.0008  -0.2520   0.0207  -0.3164
  0.5591   0.9108  -0.0082  -0.2172   0.0324  -0.2686
  0.5487   0.8641   0.0125  -0.2379   0.0560  -0.2545
  0.5638   0.7478   0.0404  -0.1816   0.0865  -0.2409
  0.5833   0.7509   0.0610  -0.2133   0.0884  -0.2417
  0.5240   0.6773   0.0765  -0.1299   0.0606  -0.2137
  0.5014   0.5809   0.0759  -0.2333   0.0447  -0.2057
  0.5215   0.6655   0.0832  -0.1290   0.0321  -0.2024
  0.5310   0.6519   0.1062  -0.5082   0.1040  -0.2405
  0.5260   0.4502   0.1589  -0.4215   0.1418  -0.2039
  0.5310   0.3671   0.1587  -0.2471   0.1158  -0.1634
  0.5224   0.3406   0.1770  -0.3217   0.1392  -0.1585
  0.5114   0.3103   0.1906  -0.3121   0.1370  -0.1503
  0.5322   0.3186   0.1913  -0.2710   0.1446  -0.1525
  0.5056   0.1962   0.2356  -0.2376   0.1554  -0.1307
  0.5092   0.1190   0.2339  -0.1084   0.1310  -0.1064
  0.4109   0.0775   0.2436  -0.4862   0.1347  -0.1489
  0.4438   0.1092   0.3435  -0.4505   0.1986  -0.1333
  0.3576  -0.0217   0.1539  -0.4184   0.1391  -0.0776
 -0.0478  -1.1677   0.0700  -0.1692   0.0313   0.2547
  0.2267  -0.8507   0.2431  -0.2665   0.1613   0.1126
  0.2304  -0.5414   0.2405   0.3211   0.0028   0.1850
  0.2668  -0.1431   0.1479   0.6836   0.0078   0.1965
  0.2097  -0.5365   0.2865  -0.1837   0.0944   0.0559
  0.3120  -0.5523   0.2102  -0.0632   0.1621   0.0763
  0.3174  -0.5378   0.2250  -0.0895   0.1545   0.0625
  0.3196  -0.5630   0.1926  -0.0305   0.1452   0.0814
  0.3030  -0.5595   0.2291  -0.0507   0.1499   0.0870
  0.2950  -0.6033   0.2209  -0.0349   0.1140   0.0815
  0.3170  -0.3353   0.0968  -0.0036   0.1212   0.0608
  0.3474  -0.0557  -0.0055   0.1593   0.0625   0.0066
  0.3216  -0.2895   0.0936   0.0435   0.0903   0.0449
  0.3465  -0.2869   0.1275   0.1171   0.0968   0.0464
  0.2186  -0.3465   0.2043   0.2024   0.0672   0.0922
  0.2455  -0.3708   0.2233   0.1646   0.0746   0.0807
  0.3131  -0.3386   0.1715   0.1484   0.1111   0.0806
  0.3033  -0.3323   0.1863   0.0856   0.1105   0.0411
  0.6055  -0.2200   0.1550   0.0142   0.1999   0.0024
  0.4597  -0.3088   0.1037  -0.0328   0.1377  -0.0121
  0.4348  -0.2433   0.1818  -0.0680   0.1599   0.0041
  0.4557  -0.1531   0.0672  -0.1144   0.0883   0.0078
  0.4475  -0.1909   0.1099  -0.2494   0.1280  -0.0619
  0.3862  -0.4022   0.1447  -0.0945   0.1256   0.0034
  0.3262  -0.4561   0.1027  -0.0680   0.0990   0.0340
  0.3772  -0.4828   0.1689  -0.1444   0.1395   0.0179
  0.2148  -0.4601   0.2417  -0.1405   0.0544   0.0246
  0.3596  -0.4912   0.1878  -0.1533   0.1286   0.0057
  0.6319  -0.5132   0.1942  -0.1064   0.2801   0.0054
  0.3938  -0.5525   0.1820  -0.1317   0.1412   0.0245
  0.4546  -0.4371   0.2687  -0.1412   0.1995   0.0115
  0.3436  -0.5920   0.2997  -0.4289  -0.0049  -0.0017
  0.4527  -0.4522   0.3370  -0.1715   0.2050   0.0087
  0.2905  -0.4736   0.0653  -0.1676   0.0985   0.0082
  1.5029  -0.3005   1.7583  -0.0190   1.0288  -0.1452
  1.6755  -0.6662   2.1098   0.1965   1.1728  -0.1440
  0.7434  -0.7221   0.6107  -0.0750   0.4212   0.0128
  0.9866  -0.7794   1.0522   0.0128   0.6519  -0.0315
  0.6889  -0.3986   0.6508  -0.1888   0.3834   0.0354
  0.5896   1.8787   0.4211  -0.0208   0.1304   0.0673
  0.6339   1.1461   0.0645  -0.2551   0.1258  -0.2150
  0.5957   0.8756   0.1594  -0.0189   0.1809  -0.1145
  0.4309   0.5397   0.1259   0.4602   0.0823  -0.0046
  0.4943   0.3001   0.3126  -0.0790   0.2847  -0.0808
  0.5232   0.8986   0.2691  -0.3639   0.2394  -0.1934
  0.5741   0.9235   0.4052  -0.4991   0.3255  -0.2686
  0.4672   0.4114   0.3608  -0.1252   0.2492  -0.1476
  0.5716   0.4190   0.5544  -0.4474   0.3545  -0.1652
  0.4430   0.1230   0.3526  -0.6781   0.3710  -0.1655
  0.4728  -0.0181   0.5090  -0.0815   0.4027  -0.0612
  0.4284  -0.0221   0.3964  -0.3885   0.3624  -0.1252
  0.4577  -0.0960   0.4348  -0.2965   0.3580  -0.0907
  0.3994  -0.2062   0.3648  -0.2666   0.2965  -0.0758
  0.4606  -0.1674   0.4357  -0.3512   0.3577  -0.0897
  0.3642  -0.3404   0.3441   0.0717   0.2380   0.0208
  0.4502  -0.3618   0.4463   0.2287   0.2579   0.0749
  0.2707  -0.3326   0.1471  -0.3115   0.2085  -0.0553
 -0.0888  -0.4473  -0.4036   0.0588  -0.1786   0.0473
  0.2231  -0.4958   0.2384  -0.1345  -0.0283   0.0201
  0.1265  -0.7660   0.1789  -0.0416   0.1245   0.0889
  0.1881  -0.7404   0.2194  -0.1418   0.1235   0.0486
  0.1633  -0.7978   0.2065  -0.0431   0.1329   0.0846
  0.2077  -0.7029   0.2025  -0.1304   0.1528   0.0387
  0.1717  -0.8135   0.1985   0.0159   0.1293   0.0996
  0.1716  -0.7352   0.1953  -0.0849   0.1172   0.0559
 -0.0025  -0.8320   0.2510  -0.0408   0.0288   0.0928
  0.1140  -0.7832   0.2409  -0.0767   0.1287   0.0738
 -0.0064  -0.8410   0.2569  -0.0291   0.0568   0.0906
 -0.0749  -0.8213   0.2665  -0.0887   0.0073   0.0922
  0.0600  -0.9974   0.3250   0.0677   0.1009   0.1315
 -0.0313  -0.9615   0.3441  -0.0190   0.0615   0.1135
  0.0526  -1.0628   0.3893   0.0591   0.1134   0.1384
  0.0669  -1.0634   0.3668  -0.0188   0.1215   0.1245
  0.1209  -1.1432   0.3792   0.1535   0.1530   0.1519
  0.0685  -1.0854   0.3620   0.1078   0.1332   0.1466
  0.1710  -1.1952   0.3994   0.1101   0.1898   0.1545
  0.1628  -1.1085   0.3821   0.0395   0.1755   0.1209
  0.1681  -1.2275   0.4050   0.1182   0.1987   0.1476
  0.1059  -1.1344   0.3726   0.0651   0.1560   0.1388
  0.1501  -1.2427   0.4348   0.1276   0.2059   0.1680
  0.0728  -1.1933   0.2744   0.1720   0.1492   0.1693
 -0.0475  -1.5596   0.1075   0.6446   0.0571   0.3411
  0.0556  -1.0613   0.2464   0.1047   0.1305   0.1567
  0.1910  -1.3375   0.2633   0.2631   0.2170   0.2042
  0.1679  -0.5917   0.2304   0.0976   0.1671   0.0589
  0.1225  -0.1699   0.5231   1.4021  -0.0170   0.2621
  0.4620   1.2181   0.2987   1.3354  -0.2836  -0.0467
 -0.1628   2.2757   0.0057   2.5508  -0.7376   0.1269
 -0.6281   7.1071  -0.9028   0.7627  -1.1316  -1.0904
  0.0340   5.5753  -0.3681   0.0941  -0.3485  -0.9508
 -0.1310  -1.7468   0.0599   0.6359  -0.0339   0.2371
 -8.7535   1.8998  -2.0951   1.5674  -1.7668   1.1577
 -6.5376   2.5349  -1.9290   1.1218  -1.0006   0.6518
  1.1806   2.2974  -1.3484   0.2635  -0.4327  -0.0611
  0.5392   0.2840  -0.3737   0.4507  -0.1282   0.0572
 -4.1899  -0.2767  -2.2164   0.7172  -1.2169   0.6267
-13.2282  -0.3282  -4.8960   1.4055  -2.9471   1.6948
 -7.9637  -0.3922  -4.3308   0.0393  -2.1863   0.8362
 -7.8827  -0.6274  -4.4745   0.6582  -2.4040   0.9291
 -6.0043  -0.0028  -3.0938   0.2363  -1.5536   0.4719
 -5.2464   0.4702  -2.4546  -0.4687  -1.0996   0.2000
 -5.2208  -0.0203  -2.5646   0.0871  -1.3142   0.3922
 -5.2160  -0.2201  -2.6422  -0.1034  -1.2587   0.4049
 -4.9773  -0.1945  -2.5347  -0.1162  -1.3113   0.3769
 -5.0399  -0.2562  -2.4234  -0.0755  -1.2375   0.3954
 -4.8113  -0.6057  -2.3983   0.0528  -1.1457   0.4583
 -4.9153  -0.6026  -2.1790   0.1153  -1.1639   0.4696
 -4.8095  -0.5098  -2.1528   0.1976  -1.1718   0.4422
 -4.8427  -0.5767  -2.1462   0.1411  -1.1324   0.4476
 -4.8253  -0.5470  -2.1486   0.2457  -1.1892   0.4608
 -4.8715  -0.5834  -2.1033   0.2299  -1.1571   0.4936
 -4.7791  -0.5363  -2.1094   0.3251  -1.1724   0.4727
 -4.9049  -0.5788  -2.0491   0.2094  -1.1646   0.4848
 -4.7546  -0.5375  -2.1415   0.2958  -1.1534   0.4668
 -4.8177  -0.5732  -2.0849   0.2009  -1.1304   0.4790
 -4.6316   0.1485  -2.2424   0.4342  -1.2431   0.3467
 -4.6700   0.0975  -2.0394   0.0554  -1.1653   0.2884
 -4.6067  -0.0313  -2.1199   0.3852  -1.1531   0.3596
 -4.5866   0.0037  -2.1015  -0.0217  -1.0567   0.2685
 -4.5864   0.0289  -2.1442   0.4401  -1.1531   0.3364
 -4.3759  -0.0134  -1.7851   0.1943  -0.9698   0.3747
 -4.4001  -0.2953  -1.6149  -0.5037  -0.8485   0.2104
 -4.4269  -0.5221  -1.5607   0.1254  -0.9169   0.3595
 -4.4735  -0.4984  -1.5560  -0.1873  -0.8906   0.3080
 -4.4503  -0.4822  -1.5364   0.1172  -0.9197   0.3510
 -4.5445  -0.5644  -1.5474  -0.1187  -0.9058   0.3465
 -2.6391   0.0760  -1.3063   0.2417  -0.6682   0.1612
 -0.2978   0.5710  -0.2612   0.4239  -0.1939  -0.1648
 -1.0365   0.0373  -0.4591   0.1298  -0.2843  -0.0303
 -0.9737   0.3337  -0.3835   0.2445  -0.3210  -0.0755
 -1.0327   0.0911  -0.3730   0.0582  -0.2475  -0.0890
 -1.0563   0.2206  -0.3310   0.7924  -0.4226   0.0917
 -1.4681   1.9931  -0.7854   1.3768  -0.7467  -0.0968
 -1.4262   3.3714  -1.0490   0.2728  -0.8104  -0.4368
 -1.5798   2.2372  -0.7192  -0.0910  -0.6658  -0.2383
 -1.1155   1.8270  -0.6264   0.9236  -0.4302  -0.2198
