  0.0284  -0.2239   0.0887   0.2141   0.0765   0.3648
  0.0314  -0.3377   0.1409   0.2929   0.0685   0.4385
  0.0215  -0.3173   0.1285   0.2690   0.0711   0.4051
  0.0440  -0.2608   0.1311   0.2657   0.0697   0.4196
  0.0526  -0.2460   0.1006   0.2562   0.0623   0.4247
  0.0274  -0.2703   0.1106   0.2617   0.0665   0.4568
  0.0329  -0.2442   0.0884   0.2901   0.0586   0.4160
  0.0348  -0.2643   0.1062   0.2850   0.0576   0.4227
  0.0194  -0.2471   0.1015   0.2557   0.0535   0.3818
  0.0032  -0.2246   0.0899   0.2633   0.0469   0.4280
  0.0093  -0.2346   0.0905   0.2384   0.0409   0.4366
  0.0175  -0.2489   0.0942   0.2578   0.0463   0.3966
  0.0327  -0.2546   0.0952   0.2653   0.0501   0.3787
  0.0447  -0.2585   0.1129   0.2920   0.0589   0.3785
  0.0442  -0.2304   0.0868   0.2493   0.0505   0.3927
  0.0562  -0.2178   0.0855   0.2259   0.0447   0.4403
  0.0364  -0.2367   0.0944   0.2414   0.0486   0.3898
  0.0330  -0.2109   0.0802   0.2182   0.0518   0.4040
  0.0228  -0.2309   0.0821   0.2143   0.0462   0.3698
  0.0304  -0.2338   0.0853   0.2236   0.0572   0.3509
  0.0370  -0.1878   0.0441   0.1059   0.0611   0.3362
  0.0506  -0.1981   0.0432   0.1289   0.0481   0.3199
  0.0683  -0.1994   0.0620   0.1739   0.0468   0.3437
  0.0816  -0.2092   0.0669   0.2347   0.0460   0.3109
  0.0711  -0.2018   0.0768   0.2044   0.0560   0.3214
  0.0791  -0.1921   0.0746   0.1420   0.0630   0.3557
  0.0635  -0.2112   0.0679   0.1172   0.0689   0.3648
  0.0606  -0.1662   0.0712   0.1350   0.0805   0.2946
  0.0643  -0.1015   0.0902   0.1686   0.0732   0.2751
  0.0603  -0.1105   0.0936   0.2003   0.0678   0.2475
  0.0528  -0.1045   0.0905   0.1975   0.0621   0.2824
  0.0527  -0.0971   0.0914   0.1551   0.0622   0.2923
  0.0407  -0.1120   0.0873   0.2114   0.0702   0.2936
  0.0771  -0.1227   0.1049   0.1765   0.0584   0.2175
  0.0661  -0.0669   0.0953   0.1732   0.0619   0.2640
  0.0638  -0.0868   0.0740   0.2334   0.0508   0.2944
  0.0479  -0.0920   0.1061   0.2354   0.0683   0.2452
  0.0461  -0.1038   0.1183   0.2654   0.0627   0.2769
  0.0655  -0.1066   0.1118   0.2559   0.0516   0.2424
  0.0055  -0.1262   0.0987   0.2250   0.0818   0.2429
 -0.0714  -0.4432   0.1101   0.3315   0.1240   0.2798
 -0.0353  -0.3540   0.0847   0.3060   0.1095   0.2020
 -0.0154  -0.2041   0.0586   0.2351   0.1005   0.2250
 -0.0298  -0.2088   0.0410   0.2392   0.1082   0.2701
 -0.0131  -0.0420   0.0298   0.1354   0.0793   0.2058
 -0.0257  -0.0008   0.0096   0.1098   0.0692   0.1613
 -0.0182  -0.0236   0.0189   0.1192   0.0855   0.2825
 -0.0114  -0.0115   0.0015   0.1086   0.0739   0.1642
 -0.0182  -0.0217  -0.0287   0.1027   0.0615   0.2006
 -0.0070  -0.0334  -0.0341   0.1453   0.0588   0.2091
 -0.0054  -0.0118  -0.0264   0.0618   0.0471   0.2112
 -0.0061  -0.0095  -0.0248   0.0783   0.0401   0.1489
 -0.0290   0.0150  -0.0206   0.0282   0.0554   0.2092
 -0.0358   0.0112  -0.0131   0.0325   0.0679   0.1905
 -0.0265   0.0020  -0.0201   0.0351   0.0704   0.1339
 -0.0148   0.0048   0.0048   0.0522   0.0635   0.1457
 -0.0118   0.0061  -0.0159   0.0717   0.0593   0.1451
 -0.0277   0.0143  -0.0115   0.0306   0.0676   0.1495
 -0.0275   0.0099  -0.0262  -0.0269   0.0705   0.1743
  0.0100   0.0337  -0.0147  -0.1102   0.0701   0.1248
  0.0404   0.0630  -0.0011  -0.0159   0.0575   0.1179
  0.0075   0.0557  -0.0263   0.0160   0.0672   0.1601
  0.0055   0.0467  -0.0025   0.0815   0.0705   0.1214
  0.0113   0.0736   0.0027   0.0077   0.0689   0.1469
  0.0332   0.0706   0.0016   0.0094   0.0699   0.1380
  0.0177   0.0578  -0.0066   0.0149   0.0737   0.1282
  0.0166   0.0585  -0.0088   0.0174   0.0693   0.1122
  0.0175   0.0552  -0.0061   0.0082   0.0589   0.1088
  0.0124   0.0498  -0.0228   0.0220   0.0547   0.1506
  0.0038   0.0484  -0.0285  -0.0427   0.0488   0.1397
  0.0339   0.0382  -0.0095  -0.0336   0.0366   0.1227
  0.0427   0.0273  -0.0060   0.0065   0.0291   0.1283
  0.0456   0.0392  -0.0021  -0.0275   0.0261   0.0716
  0.0117   0.0442  -0.0135  -0.1042   0.0377   0.0902
  0.0388   0.0387  -0.0282  -0.0661   0.0360   0.0768
  0.0422   0.0526  -0.0228  -0.1077   0.0341   0.1522
  0.0179   0.0233  -0.0334  -0.0765   0.0273   0.1000
  0.0351   0.0297  -0.0129  -0.0971   0.0419   0.1301
  0.0173   0.0057  -0.0209  -0.0291   0.0232   0.0563
  0.0654   0.0394   0.0340  -0.1523   0.0434   0.1571
  0.0625   0.0305   0.0554  -0.1888   0.0569   0.0825
  0.0401   0.0507  -0.0106  -0.1009   0.0335   0.0071
  0.0486   0.0655   0.0008  -0.1174   0.0356   0.1052
  0.0504   0.0530  -0.0117  -0.0184   0.0308   0.0734
  0.0440   0.0657  -0.0275  -0.0713   0.0284   0.0614
  0.0414   0.0690  -0.0332  -0.0655   0.0165   0.0585
  0.0607   0.0842  -0.0317  -0.0467   0.0179   0.0918
  0.0467   0.0743  -0.0342  -0.0756   0.0133   0.0897
  0.0292   0.0788  -0.0465  -0.1125   0.0267   0.0855
  0.0230   0.0858  -0.0588  -0.1120   0.0195   0.0671
  0.0155   0.0817  -0.0669  -0.0894   0.0230   0.0526
  0.0069   0.0647  -0.0527  -0.0565   0.0320   0.0528
  0.0303   0.0666  -0.0586  -0.0678   0.0214   0.0546
  0.0157   0.0883  -0.0586  -0.0979   0.0266   0.0891
  0.0336   0.0513  -0.0652  -0.0818   0.0098   0.0039
  0.0282   0.0617  -0.0550  -0.0796  -0.0028   0.0239
  0.0127   0.0801  -0.0616  -0.0651   0.0161   0.0337
  0.0278   0.1111  -0.0524  -0.1237  -0.0161   0.0801
 -0.0048   0.0664  -0.0465  -0.1105  -0.0193  -0.0066
  0.0083   0.0557  -0.0401  -0.0898  -0.0117   0.0222
 -0.0078   0.0418  -0.0393  -0.1060  -0.0109  -0.0249
  0.0092   0.0445  -0.0309  -0.0701  -0.0002  -0.0083
  0.0182   0.0517  -0.0227  -0.0549  -0.0025   0.0382
  0.0097   0.0481  -0.0414  -0.0463  -0.0137   0.0210
  0.0070   0.0189  -0.0373  -0.0424  -0.0049  -0.0022
 -0.0383   0.1077  -0.0871  -0.1063  -0.0147   0.0714
 -0.0522   0.0825  -0.0984  -0.1691  -0.0456  -0.0458
 -0.0383   0.0290  -0.0648  -0.0901  -0.0203  -0.1260
 -0.0220   0.0451  -0.0830  -0.0617  -0.0192  -0.0225
 -0.0491   0.0284  -0.0604  -0.0110  -0.0221  -0.0975
 -0.0710   0.0441  -0.0889  -0.0589  -0.0397  -0.0605
 -0.0436   0.0360  -0.0763  -0.0024  -0.0473  -0.0915
 -0.0507   0.0210  -0.0779   0.0153  -0.0492  -0.0882
 -0.0234   0.0254  -0.0601   0.0128  -0.0448  -0.1037
 -0.0347   0.0195  -0.0782   0.0081  -0.0387  -0.1118
 -0.0111   0.0372  -0.0513   0.0293  -0.0487  -0.0939
 -0.0109   0.0269  -0.0294   0.0466  -0.0405  -0.0571
 -0.0176   0.0282  -0.0359   0.0486  -0.0274  -0.0880
 -0.0139   0.0159  -0.0345   0.0472  -0.0402  -0.0787
  0.0010   0.0276  -0.0330   0.0361  -0.0367  -0.1015
  0.0154   0.0336  -0.0279   0.0390  -0.0421  -0.0992
  0.0015   0.0296  -0.0317   0.0174  -0.0310  -0.0754
  0.0187   0.0214  -0.0142  -0.0066  -0.0371  -0.0763
  0.0100  -0.0003  -0.0121  -0.0116  -0.0324  -0.0837
  0.0004   0.0133  -0.0117  -0.0072  -0.0343  -0.0612
  0.0086   0.0161  -0.0042  -0.0187  -0.0295  -0.0679
 -0.0083   0.0104  -0.0055  -0.0051  -0.0313  -0.0810
 -0.0058   0.0231  -0.0050  -0.0280  -0.0235  -0.1055
 -0.0116   0.0211  -0.0074  -0.0257  -0.0174  -0.0785
 -0.0136  -0.0074  -0.0049  -0.0360  -0.0277  -0.0790
  0.0093   0.0021   0.0024  -0.0569  -0.0376  -0.0971
 -0.0103  -0.0049  -0.0051  -0.0127  -0.0210  -0.1147
 -0.0098   0.0053   0.0013  -0.0387  -0.0218  -0.0952
 -0.0101   0.0099   0.0023  -0.0888  -0.0163  -0.1138
 -0.0026   0.0079   0.0043  -0.0756  -0.0127  -0.1071
 -0.0223   0.0060  -0.0062  -0.0392  -0.0100  -0.1190
 -0.0086   0.0092   0.0064   0.0060  -0.0122  -0.1275
 -0.0074  -0.0106   0.0096  -0.0119  -0.0146  -0.1566
 -0.0017   0.0064  -0.0004  -0.0147  -0.0170  -0.1060
  0.0028   0.0234   0.0255  -0.0181  -0.0110  -0.1223
  0.0039   0.0023   0.0108  -0.0138  -0.0058  -0.1257
  0.0018   0.0284  -0.0094  -0.0560  -0.0167  -0.1307
 -0.0012   0.0229  -0.0061  -0.0125  -0.0111  -0.1045
 -0.0129   0.0507  -0.0189  -0.0487  -0.0124  -0.1182
 -0.0030   0.1472   0.0155  -0.1992  -0.0277  -0.1259
  0.0018   0.0777   0.0197  -0.0973  -0.0368  -0.1533
 -0.0290   0.0546   0.0275  -0.0592   0.0110  -0.1374
 -0.0049   0.0722   0.0105  -0.0392   0.0120  -0.1528
 -0.0106   0.0796   0.0114  -0.0459   0.0071  -0.0979
  0.0042   0.0663   0.0243  -0.0232   0.0128  -0.1304
  0.0036   0.0763   0.0162  -0.0533   0.0111  -0.1290
 -0.0045   0.0910   0.0141  -0.0731   0.0219  -0.1221
 -0.0016   0.0811   0.0256  -0.0379   0.0175  -0.1135
 -0.0214   0.0768   0.0182  -0.0502   0.0143  -0.1417
 -0.0180   0.0832   0.0189  -0.0310   0.0118  -0.1052
 -0.0239   0.0564   0.0113  -0.0659   0.0096  -0.1636
 -0.0120   0.0595   0.0099  -0.0251   0.0009  -0.1656
 -0.0094   0.0461   0.0054   0.0061   0.0027  -0.1601
 -0.0164   0.0610  -0.0014  -0.0208   0.0042  -0.1488
 -0.0033   0.0571   0.0005  -0.0129  -0.0164  -0.1531
 -0.0176   0.0714  -0.0011  -0.0119  -0.0184  -0.1592
 -0.0215   0.0694   0.0091  -0.0134  -0.0102  -0.1444
 -0.0214   0.0718   0.0026  -0.0091  -0.0087  -0.1516
 -0.0167   0.0612   0.0023  -0.0099  -0.0184  -0.1546
 -0.0279   0.0409  -0.0028   0.0090  -0.0236  -0.1638
 -0.0319   0.0565  -0.0161  -0.0343  -0.0240  -0.1533
 -0.0237   0.0097  -0.0415   0.0120  -0.0514  -0.1569
 -0.0282   0.0208  -0.0282   0.0132  -0.0418  -0.1940
 -0.0225   0.0207  -0.0169   0.0165  -0.0256  -0.1781
 -0.0239   0.0183  -0.0349   0.0100  -0.0401  -0.1757
 -0.0289   0.0191  -0.0485  -0.0573  -0.0408  -0.1694
 -0.0054   0.0296  -0.0336  -0.0230  -0.0358  -0.1789
 -0.0075   0.0143  -0.0342  -0.0317  -0.0337  -0.1484
 -0.0047   0.0235  -0.0344  -0.0106  -0.0249  -0.1797
 -0.0134   0.0261  -0.0382  -0.0370  -0.0198  -0.1572
 -0.0124   0.0048  -0.0313  -0.0303  -0.0229  -0.1988
  0.0171   0.0525  -0.0449  -0.0844  -0.0301  -0.1113
  0.0162   0.1276  -0.0413  -0.2278  -0.0417  -0.1526
  0.0018   0.1235  -0.0366  -0.1477  -0.0443  -0.1671
  0.0071   0.1184  -0.0461  -0.1259  -0.0511  -0.1442
 -0.0058   0.1055  -0.0357  -0.1260  -0.0422  -0.1416
  0.0069   0.1135  -0.0354  -0.1047  -0.0477  -0.1173
 -0.0117   0.0986  -0.0241  -0.1199  -0.0436  -0.1913
 -0.0054   0.1162  -0.0367  -0.1302  -0.0438  -0.1365
 -0.0107   0.0719  -0.0006  -0.0824  -0.0408  -0.1167
 -0.0104   0.1957  -0.0233  -0.0112  -0.0286  -0.0653
  0.0219   0.2943   0.0805  -0.1365  -0.0086  -0.1997
  0.0315   0.2027   0.0581  -0.0865  -0.0042  -0.1487
  0.0039   0.2101   0.0205  -0.0481  -0.0253  -0.1709
  0.0173   0.1909   0.0303  -0.0268  -0.0302  -0.0686
  0.0075   0.1891   0.0038  -0.0503  -0.0355  -0.1649
 -0.0004   0.1348  -0.0206  -0.0973  -0.0268  -0.1249
 -0.0082   0.1421  -0.0221  -0.1151  -0.0412  -0.1731
 -0.0040   0.1129  -0.0087  -0.0774  -0.0354  -0.1441
 -0.0115   0.0763  -0.0203  -0.0693  -0.0385  -0.2272
 -0.0122   0.0747  -0.0159  -0.0519  -0.0295  -0.1542
 -0.0168   0.0654  -0.0174  -0.0937  -0.0304  -0.1922
 -0.0084   0.0738  -0.0356  -0.0808  -0.0414  -0.1727
 -0.0441   0.0282  -0.0304  -0.0433  -0.0429  -0.2046
 -0.0456   0.0159  -0.0191  -0.0298  -0.0445  -0.2090
 -0.0407   0.0281  -0.0196  -0.0517  -0.0501  -0.2236
 -0.0448   0.0370  -0.0197  -0.0689  -0.0436  -0.1833
 -0.0424   0.0361  -0.0215  -0.0738  -0.0352  -0.1973
 -0.0554   0.0540  -0.0347  -0.1012  -0.0495  -0.1845
 -0.0611   0.0683  -0.0651  -0.1089  -0.0613  -0.2347
 -0.0540   0.0563  -0.0533  -0.1354  -0.0665  -0.2137
 -0.0440   0.0484  -0.0520  -0.0748  -0.0735  -0.2143
 -0.0468   0.0449  -0.0595  -0.0642  -0.0752  -0.2209
 -0.0479   0.0510  -0.0565  -0.1346  -0.0744  -0.2221
 -0.0331   0.0555  -0.0649  -0.0938  -0.0870  -0.2109
 -0.0257   0.0586  -0.0549  -0.1115  -0.0755  -0.2316
 -0.0305   0.0526  -0.0934  -0.0957  -0.0943  -0.2095
 -0.0034   0.0208  -0.0759  -0.0784  -0.1160  -0.2823
 -0.0027  -0.0103  -0.0654  -0.0270  -0.1065  -0.2375
  0.0236  -0.0043  -0.0480  -0.0257  -0.1011  -0.2531
  0.0007   0.0115  -0.0567  -0.0619  -0.0902  -0.2040
 -0.0098   0.0178  -0.0483  -0.1197  -0.0986  -0.2405
 -0.0234   0.0229  -0.0191  -0.1503  -0.0950  -0.2652
 -0.0232   0.0019  -0.0330  -0.0897  -0.0958  -0.2305
 -0.0172   0.0089  -0.0245  -0.0368  -0.0978  -0.2533
 -0.0079  -0.0051  -0.0196  -0.0096  -0.0981  -0.2296
 -0.0257   0.0073  -0.0178  -0.0710  -0.0969  -0.2546
 -0.0333   0.0037  -0.0144  -0.0912  -0.0989  -0.2536
 -0.0138   0.0142  -0.0111  -0.0762  -0.0839  -0.2637
 -0.0616  -0.0334   0.0560  -0.2253  -0.0433  -0.2779
 -0.0763  -0.0222   0.0367  -0.2138  -0.0513  -0.2923
 -0.0794  -0.0123  -0.0020  -0.1593  -0.0538  -0.2759
 -0.0754  -0.0090  -0.0068  -0.2046  -0.0556  -0.2571
 -0.0806  -0.0166   0.0070  -0.1585  -0.0597  -0.2631
 -0.0864  -0.0034  -0.0018  -0.1633  -0.0650  -0.2751
 -0.0728  -0.0205   0.0016  -0.1268  -0.0758  -0.2923
 -0.0637  -0.0211   0.0109  -0.1283  -0.0693  -0.3091
 -0.0428  -0.0203   0.0018  -0.1227  -0.0768  -0.2737
 -0.0298  -0.0085   0.0063  -0.1436  -0.0848  -0.2921
 -0.0454   0.0115  -0.0360  -0.2478  -0.1036  -0.2629
 -0.0344  -0.0119  -0.0266  -0.1723  -0.0987  -0.2730
