  0.1416  -0.1361   0.1116   0.2359   0.0975   0.6561
  0.1711  -0.1424   0.1114   0.3684   0.1103   0.5718
  0.1571  -0.1469   0.1176   0.2366   0.1008   0.6288
  0.1607  -0.1735   0.0987   0.3856   0.1046   0.5102
  0.1682  -0.1291   0.1176   0.2189   0.0969   0.6205
  0.1844  -0.2035   0.1031   0.3768   0.0877   0.5436
  0.1523  -0.1821   0.1069   0.3116   0.1032   0.5548
  0.1666  -0.1925   0.1131   0.3058   0.1073   0.6017
  0.1455  -0.2030   0.1140   0.2462   0.1010   0.5605
  0.1569  -0.2024   0.1181   0.3021   0.0960   0.5187
  0.1361  -0.1796   0.1114   0.2952   0.0996   0.4476
  0.1246  -0.1418   0.1340   0.1318   0.1181   0.6433
  0.1433  -0.1714   0.1091   0.3461   0.1043   0.3969
  0.1353  -0.1651   0.1080   0.2767   0.1025   0.5015
  0.1434  -0.1452   0.1203   0.2435   0.1079   0.5873
  0.1292  -0.1988   0.0764   0.3879   0.0832   0.3733
  0.1104  -0.1393   0.1066   0.2616   0.1053   0.5475
  0.1338  -0.1446   0.1176   0.3122   0.1120   0.5050
  0.1382  -0.1570   0.1294   0.2560   0.1035   0.4713
  0.1275  -0.1429   0.1259   0.2134   0.1139   0.5030
  0.1402  -0.1495   0.1068   0.3113   0.0893   0.3931
  0.1267  -0.1133   0.1320   0.1885   0.1044   0.5427
  0.1324  -0.1441   0.1077   0.3550   0.0979   0.3689
  0.1142  -0.1576   0.0996   0.2839   0.0861   0.4447
  0.1267  -0.1585   0.1081   0.2374   0.0883   0.5216
  0.1203  -0.1963   0.0912   0.3037   0.0833   0.3438
  0.1100  -0.1399   0.1134   0.1594   0.0844   0.4969
  0.1222  -0.1422   0.1083   0.2684   0.0852   0.4060
  0.1153  -0.1587   0.0918   0.3014   0.0862   0.3548
  0.0950  -0.1262   0.1068   0.1665   0.1028   0.5289
  0.0912  -0.1637   0.0940   0.2710   0.1063   0.3536
  0.0939  -0.1406   0.1043   0.1971   0.0920   0.3997
  0.0807  -0.1446   0.1005   0.2135   0.1011   0.4421
  0.0699  -0.1635   0.0581   0.3118   0.0941   0.3173
  0.0997  -0.1451   0.0894   0.1711   0.0790   0.4610
  0.0966  -0.1658   0.0868   0.1998   0.0851   0.3525
  0.0941  -0.1451   0.0939   0.1033   0.0812   0.4230
  0.0967  -0.1865   0.0756   0.2748   0.0702   0.2649
  0.0780  -0.1475   0.0823   0.1387   0.0780   0.3844
  0.0953  -0.1531   0.0754   0.1999   0.0725   0.4025
  0.0960  -0.1555   0.0860   0.1724   0.0756   0.3271
  0.0839  -0.1412   0.0827   0.1410   0.0720   0.3799
  0.0916  -0.1605   0.0850   0.1304   0.0651   0.3444
  0.0962  -0.1605   0.0843   0.1219   0.0517   0.3394
  0.1076  -0.1513   0.0687   0.2586   0.0494   0.2558
  0.1164  -0.1358   0.0853   0.1326   0.0409   0.4264
  0.1245  -0.1869   0.0597   0.2795   0.0315   0.2585
  0.1111  -0.1665   0.0622   0.2365   0.0384   0.2792
  0.1061  -0.1534   0.0704   0.1894   0.0352   0.4254
  0.0917  -0.1801   0.0573   0.2525   0.0333   0.2672
  0.0894  -0.1478   0.0635   0.1847   0.0331   0.3411
  0.0830  -0.1753   0.0586   0.2117   0.0293   0.2964
  0.0928  -0.1625   0.0543   0.2054   0.0219   0.3199
  0.1076  -0.1882   0.0517   0.2604   0.0185   0.2554
  0.1099  -0.1733   0.0507   0.2037   0.0146   0.2867
  0.1017  -0.1820   0.0386   0.3494   0.0120   0.2220
  0.1096  -0.1580   0.0671   0.1690   0.0199   0.3245
  0.1039  -0.1887   0.0476   0.2646   0.0217   0.2200
  0.1007  -0.1330   0.0755   0.0880   0.0190   0.3292
  0.0798  -0.0966   0.0428   0.2214   0.0107   0.1868
  0.0736  -0.1124   0.0637   0.0511   0.0122   0.2815
  0.0932  -0.0949   0.0664   0.0389   0.0023   0.2879
  0.0783  -0.0982   0.0592   0.0795   0.0062   0.1847
  0.1099  -0.0742   0.0647   0.1187  -0.0026   0.2218
  0.0990  -0.0874   0.0564   0.1273  -0.0032   0.2119
  0.0933  -0.0854   0.0550   0.0729  -0.0026   0.2073
  0.0583  -0.0487   0.0168   0.1758  -0.0107   0.1119
  0.0329   0.0079   0.0465   0.0461   0.0147   0.3285
  0.0158  -0.0133  -0.0225   0.2674  -0.0110   0.1057
 -0.0509   0.0713  -0.0729   0.2152  -0.0503   0.1476
 -0.0050   0.1655  -0.0112   0.1487  -0.0181   0.1884
  0.0207   0.1655   0.0020   0.1768  -0.0147   0.1431
  0.0198   0.1193  -0.0165   0.2794  -0.0106   0.0205
  0.0126   0.1262   0.0262   0.0307   0.0003   0.1981
  0.0451   0.0721   0.0206   0.0511  -0.0119   0.1558
  0.0332   0.0267   0.0144   0.0297  -0.0150   0.0963
  0.0252   0.0460   0.0091  -0.0708  -0.0364   0.1830
  0.0418   0.0425  -0.0235   0.1465  -0.0382   0.0209
  0.0215   0.0349   0.0091  -0.0413  -0.0203   0.1824
  0.0160   0.0222  -0.0163   0.0618  -0.0182   0.0812
 -0.0062   0.0280   0.0044  -0.0307   0.0131   0.0740
 -0.0260   0.0309  -0.0001  -0.1059   0.0170   0.1933
 -0.0205   0.0405   0.0060  -0.0777   0.0261   0.0540
 -0.0128   0.0370   0.0187  -0.1137   0.0366   0.1297
  0.0126   0.0162   0.0205  -0.0615   0.0249   0.0403
  0.0213   0.0344   0.0400  -0.1396   0.0254   0.1179
  0.0340  -0.0056   0.0103   0.0562   0.0147  -0.0450
  0.0027   0.0135   0.0105  -0.0415   0.0222   0.1159
  0.0108  -0.0028   0.0166  -0.0399   0.0236   0.1219
  0.0128  -0.0087   0.0004   0.0333   0.0211  -0.0273
  0.0097   0.0227   0.0236  -0.0658   0.0197   0.1518
  0.0151   0.0038   0.0069   0.0547   0.0141  -0.0088
 -0.0061   0.0280   0.0189  -0.0791   0.0263   0.1077
  0.0180   0.0240   0.0293   0.0265   0.0216   0.0698
  0.0272   0.0432   0.0160   0.1330   0.0038  -0.0174
  0.0032   0.0166   0.0301  -0.1140  -0.0121   0.1530
  0.0215   0.0383   0.0185  -0.0220  -0.0147   0.0291
  0.0271   0.0414   0.0221  -0.0052  -0.0003  -0.0198
  0.0072   0.0051   0.0164  -0.0360  -0.0074   0.0874
  0.0080   0.0007   0.0080   0.0502  -0.0035  -0.0094
  0.0143   0.0019   0.0037   0.0871   0.0056  -0.0547
  0.0012  -0.0123   0.0115  -0.0586  -0.0074   0.1224
  0.0186  -0.0240   0.0076   0.0766  -0.0050  -0.0239
  0.0153  -0.0076  -0.0002   0.0984  -0.0034  -0.0362
  0.0213  -0.0029   0.0139  -0.0024   0.0062   0.0969
 -0.0036  -0.0099  -0.0273   0.1536  -0.0079  -0.0713
 -0.0199  -0.0547  -0.0177   0.0990  -0.0115  -0.0083
  0.0081  -0.0301   0.0077   0.0662   0.0050   0.0594
 -0.0018  -0.0189  -0.0068   0.1043   0.0018  -0.0580
 -0.0056   0.0161   0.0220  -0.0356  -0.0011   0.1024
 -0.0066  -0.0266   0.0066   0.0943  -0.0017  -0.0719
 -0.0087  -0.0006   0.0054   0.0070   0.0013   0.0192
 -0.0085  -0.0035  -0.0018   0.0335   0.0032   0.0173
 -0.0188   0.0090  -0.0019  -0.0060   0.0030  -0.0269
 -0.0113  -0.0029   0.0081  -0.0288  -0.0023   0.0200
 -0.0126  -0.0218  -0.0080   0.0538   0.0024  -0.0879
 -0.0329  -0.0183  -0.0019  -0.0925   0.0034   0.0940
 -0.0235  -0.0619  -0.0329   0.0807  -0.0108  -0.0881
 -0.0340  -0.0634  -0.0238  -0.0072  -0.0182  -0.0107
 -0.0317  -0.0902  -0.0207  -0.0373  -0.0250   0.0381
 -0.0317  -0.0952  -0.0292   0.0097  -0.0280  -0.0549
 -0.0209  -0.0930  -0.0129  -0.1353  -0.0385   0.0653
 -0.0140  -0.1362  -0.0237   0.0004  -0.0331  -0.0760
 -0.0308  -0.1153  -0.0311  -0.0308  -0.0262  -0.0551
 -0.0278  -0.1121  -0.0143  -0.1304  -0.0278   0.0701
 -0.0167  -0.1331  -0.0319   0.0272  -0.0390  -0.0815
 -0.0198  -0.1054  -0.0240  -0.0481  -0.0386  -0.0198
 -0.0307  -0.0832  -0.0260  -0.0450  -0.0224   0.0029
 -0.0399  -0.0856  -0.0566   0.0701  -0.0279  -0.1138
 -0.0262  -0.1052  -0.0198  -0.1229  -0.0300   0.0204
 -0.0272  -0.1399  -0.0402   0.0251  -0.0336  -0.1244
 -0.0345  -0.1008  -0.0355  -0.0665  -0.0289  -0.0354
 -0.0239  -0.1218  -0.0265  -0.0483  -0.0261   0.0207
 -0.0397  -0.1258  -0.0359  -0.0306  -0.0295  -0.0836
 -0.0368  -0.0866  -0.0220  -0.1129  -0.0272   0.0351
 -0.0257  -0.1259  -0.0266  -0.0183  -0.0298  -0.0986
 -0.0424  -0.1037  -0.0188  -0.1092  -0.0303   0.0196
 -0.0398  -0.1240  -0.0284  -0.0373  -0.0279  -0.0752
 -0.0330  -0.1222  -0.0099  -0.0880  -0.0316  -0.0209
 -0.0277  -0.1453  -0.0323  -0.0087  -0.0324  -0.1103
 -0.0529  -0.1274  -0.0289  -0.1103  -0.0247  -0.0316
 -0.0457  -0.1454  -0.0412   0.0067  -0.0273  -0.1060
 -0.0705  -0.1452  -0.0355  -0.1252  -0.0298  -0.0548
 -0.0616  -0.1602  -0.0309  -0.0959  -0.0154  -0.0480
 -0.0698  -0.1500  -0.0405  -0.1077  -0.0150  -0.1086
 -0.0768  -0.1003  -0.0242  -0.1914  -0.0039   0.0197
 -0.0768  -0.1495  -0.0416  -0.0202  -0.0231  -0.1737
 -0.0950  -0.0924  -0.0342  -0.1427  -0.0096   0.0089
 -0.0706  -0.1345  -0.0510   0.0331  -0.0415  -0.1150
 -0.0831  -0.1214  -0.0517  -0.0226  -0.0355  -0.0740
 -0.0904  -0.1193  -0.0538  -0.0757  -0.0241  -0.0411
 -0.0941  -0.1244  -0.0527  -0.0748  -0.0347  -0.0960
 -0.0906  -0.1269  -0.0485  -0.0898  -0.0294  -0.0802
 -0.1032  -0.1437  -0.0698   0.0113  -0.0372  -0.1631
 -0.1211  -0.1225  -0.0669  -0.1420  -0.0373  -0.0052
 -0.1007  -0.1464  -0.0776   0.0173  -0.0403  -0.1740
 -0.1191  -0.1115  -0.0673  -0.1184  -0.0343  -0.0511
 -0.1014  -0.1417  -0.0642  -0.0258  -0.0270  -0.1310
 -0.1174  -0.1505  -0.0670  -0.0925  -0.0303  -0.1218
 -0.1027  -0.1507  -0.0578  -0.1252  -0.0376  -0.0320
 -0.1150  -0.1437  -0.0604  -0.0619  -0.0163  -0.1384
 -0.1348  -0.1344  -0.0569  -0.1617  -0.0149  -0.0450
 -0.1122  -0.1546  -0.0615  -0.0457  -0.0353  -0.1443
 -0.0837  -0.1213  -0.0426  -0.1231  -0.0396  -0.0435
 -0.0778  -0.1755  -0.0587   0.0182  -0.0466  -0.1897
 -0.0868  -0.1449  -0.0490  -0.1246  -0.0477  -0.0567
 -0.0805  -0.1744  -0.0446  -0.0377  -0.0456  -0.1070
 -0.0902  -0.1584  -0.0548  -0.0657  -0.0481  -0.1410
 -0.0891  -0.1405  -0.0493  -0.1341  -0.0452  -0.0251
 -0.0952  -0.1796  -0.0626  -0.0493  -0.0462  -0.1989
 -0.0937  -0.1483  -0.0441  -0.1530  -0.0526  -0.0542
 -0.0776  -0.1402  -0.0375  -0.1779  -0.0579  -0.0704
 -0.0715  -0.1567  -0.0476  -0.0514  -0.0528  -0.1663
 -0.0815  -0.1143  -0.0539  -0.1257  -0.0537  -0.0800
 -0.0851  -0.1445  -0.0494  -0.0720  -0.0485  -0.1140
 -0.0993  -0.1309  -0.0714   0.0115  -0.0523  -0.1983
 -0.0992  -0.1365  -0.0462  -0.1465  -0.0463  -0.0093
 -0.0950  -0.1424  -0.0657  -0.0449  -0.0507  -0.2393
 -0.0801  -0.1781  -0.0385  -0.1584  -0.0465  -0.0659
 -0.1143   0.0581  -0.1125  -0.0220  -0.1007  -0.4785
 -0.2201   0.2632  -0.0092  -0.2405  -0.0236  -0.8114
 -0.1991   0.1032  -0.0410  -0.2565  -0.0090  -0.3571
 -0.1550   0.1715  -0.1031  -0.1025  -0.0436  -0.3028
 -0.1547   0.1319  -0.0780  -0.0788  -0.0585  -0.3717
 -0.1622   0.1919  -0.1042  -0.0031  -0.0675  -0.3771
 -0.1407   0.1269  -0.0629  -0.1966  -0.0548  -0.2464
 -0.1415   0.0937  -0.1039   0.0001  -0.0761  -0.4015
 -0.1484   0.0774  -0.0858  -0.1640  -0.0790  -0.2730
 -0.1262   0.0928  -0.0974  -0.0347  -0.0947  -0.3317
 -0.1191   0.1026  -0.0764  -0.1164  -0.0832  -0.3260
 -0.1122   0.0844  -0.0734  -0.1322  -0.0845  -0.2858
 -0.1068   0.0641  -0.0591  -0.0892  -0.0685  -0.4237
 -0.0813   0.0964  -0.0512  -0.0630  -0.0748  -0.3649
 -0.1248   0.1735  -0.0425  -0.4224  -0.0524  -0.2203
 -0.0786   0.2677  -0.0102  -0.7013  -0.0195  -0.4004
 -0.0474   0.3124   0.0036  -0.5118   0.0153  -0.5176
 -0.0336   0.3665   0.0249  -0.5954   0.0204  -0.3820
 -0.0699   0.2965  -0.0156  -0.3860   0.0229  -0.4952
 -0.0932   0.3635  -0.0357  -0.3353   0.0270  -0.4709
 -0.0398   0.4446  -0.0328  -0.2736  -0.0149  -0.4192
 -0.0403   0.5132  -0.0600  -0.1534  -0.0130  -0.5881
 -0.0486   0.4919  -0.0335  -0.2802  -0.0043  -0.4016
 -0.0418   0.4635  -0.0467  -0.2537  -0.0133  -0.4853
 -0.0342   0.4158  -0.0516  -0.2049  -0.0227  -0.4893
 -0.0248   0.4652  -0.0267  -0.3044  -0.0173  -0.4099
 -0.0206   0.4653  -0.0355  -0.1689  -0.0113  -0.5052
 -0.0326   0.4713  -0.0491  -0.1689  -0.0183  -0.5228
 -0.0200   0.4851  -0.0337  -0.2693  -0.0134  -0.3856
 -0.0194   0.4589  -0.0423  -0.1736  -0.0249  -0.5500
 -0.0005   0.4490  -0.0297  -0.2719  -0.0312  -0.4217
 -0.0113   0.4214  -0.0619  -0.1751  -0.0489  -0.5204
  0.0015   0.3985  -0.0459  -0.3234  -0.0558  -0.4036
 -0.0109   0.3778  -0.0603  -0.1177  -0.0431  -0.5635
 -0.0016   0.4085  -0.0406  -0.2930  -0.0467  -0.4258
 -0.0245   0.3589  -0.0647  -0.2045  -0.0364  -0.4863
 -0.0338   0.4515  -0.0499  -0.3209  -0.0286  -0.4278
 -0.0118   0.3970  -0.0496  -0.1562  -0.0354  -0.5278
 -0.0234   0.4058  -0.0481  -0.2061  -0.0314  -0.4618
 -0.0086   0.4030  -0.0617  -0.1837  -0.0371  -0.4462
 -0.0284   0.3798  -0.0657  -0.2401  -0.0346  -0.4474
 -0.0264   0.3514  -0.0848  -0.1640  -0.0616  -0.5068
 -0.0230   0.3821  -0.0647  -0.1715  -0.0637  -0.4825
 -0.0343   0.3604  -0.0745  -0.1627  -0.0455  -0.4767
 -0.0418   0.3655  -0.0775  -0.1523  -0.0356  -0.4889
 -0.0417   0.3456  -0.0907  -0.1956  -0.0594  -0.4189
 -0.0414   0.3370  -0.0756  -0.2288  -0.0458  -0.4559
 -0.0486   0.3188  -0.0798  -0.2118  -0.0521  -0.4597
 -0.0561   0.3108  -0.0772  -0.2748  -0.0515  -0.4568
 -0.0618   0.3141  -0.0972  -0.1861  -0.0605  -0.4669
 -0.0786   0.3008  -0.0956  -0.2381  -0.0500  -0.4575
 -0.0577   0.2546  -0.0921  -0.2094  -0.0670  -0.4750
 -0.0738   0.2765  -0.1024  -0.1942  -0.0643  -0.4853
 -0.0678   0.2863  -0.1010  -0.2516  -0.0550  -0.4243
 -0.0488   0.2923  -0.1102  -0.1222  -0.0618  -0.5331
 -0.0565   0.3036  -0.0997  -0.2968  -0.0799  -0.4198
 -0.0438   0.2793  -0.1018  -0.2062  -0.0956  -0.5266
