  0.2487   1.2635  -0.1092  -0.0070  -0.1949   0.1160
  0.2456   1.4098  -0.3591   0.0235  -0.2604   0.0931
  0.2305   1.3893  -0.2668  -0.0207  -0.2438   0.1062
  0.2293   1.3409  -0.2897  -0.0619  -0.2229   0.1206
  0.2288   1.3951  -0.2568  -0.0504  -0.2206   0.1193
  0.2201   1.3298  -0.2862  -0.0914  -0.2126   0.1370
  0.2304   1.3820  -0.2813  -0.0719  -0.2105   0.1308
  0.2197   1.4883  -0.3081  -0.1458  -0.1992   0.1379
  0.2202   1.6159  -0.3011  -0.0675  -0.2370   0.0663
  0.2186   1.3752  -0.2577  -0.0856  -0.2318   0.0907
  0.2055   1.2466  -0.2058  -0.1053  -0.1987   0.1269
  0.1613   1.0178  -0.2303  -0.1871  -0.1706   0.1708
  0.2650   1.4607  -0.0733   0.0926  -0.2216   0.0494
  0.4198   2.2605   0.1934   0.2271  -0.2683  -0.0539
  0.3738   1.6000   0.2555   0.0873  -0.2024   0.0219
  0.3993   1.5827   0.3423   0.2036  -0.2083  -0.0184
  0.3716   1.4598   0.2833   0.1121  -0.1989   0.0083
  0.3798   1.4683   0.3047   0.1713  -0.2132  -0.0174
  0.3558   1.3399   0.3009   0.1157  -0.1867   0.0069
  0.3511   1.2357   0.2997   0.1071  -0.1626   0.0106
  0.3184   1.0211   0.2471   0.1244  -0.1894  -0.0156
  0.3228   0.9950   0.2570   0.0646  -0.1622   0.0348
  0.2866   0.8661   0.1831  -0.0757  -0.1452   0.1007
  0.2504   0.7856   0.1451  -0.0567  -0.1565   0.0965
  0.2540   0.7518   0.1612  -0.0644  -0.1620   0.0989
  0.2353   0.7285   0.1559  -0.0644  -0.1728   0.0989
  0.2232   0.6839   0.1275  -0.0625  -0.1693   0.0961
  0.2313   0.6737   0.1346  -0.0199  -0.1699   0.0763
  0.2412   0.6852   0.1526   0.0401  -0.1862   0.0551
  0.2518   0.7349   0.1748   0.0818  -0.1855   0.0416
  0.2556   0.7774   0.1940   0.0752  -0.1820   0.0426
  0.2526   0.8249   0.1924   0.0973  -0.1886   0.0283
  0.2470   0.8218   0.1977   0.1027  -0.1844   0.0241
  0.2360   0.8598   0.1848   0.1026  -0.1909   0.0206
  0.2358   0.8326   0.1860   0.1285  -0.1929   0.0092
  0.2346   0.8455   0.2032   0.2266  -0.1940  -0.0321
  0.2300   0.8231   0.1977   0.2486  -0.1842  -0.0465
  0.2082   0.8036   0.1856   0.3045  -0.1706  -0.0728
  0.2117   0.7583   0.1773   0.2827  -0.1514  -0.0670
  0.2174   0.7920   0.1871   0.3007  -0.1525  -0.0723
  0.2092   0.8159   0.0915  -0.1159  -0.0483   0.1280
  0.1513   0.8025   0.0273  -0.3160  -0.0121   0.2227
  0.1449   0.8058   0.0425  -0.2779  -0.0229   0.1938
  0.1580   0.7243   0.0653  -0.2294  -0.0136   0.1723
  0.1667   0.6804   0.1115  -0.1489  -0.0140   0.1314
  0.1771   0.7244   0.1273  -0.1326  -0.0132   0.1339
  0.1689   0.6970   0.1211  -0.0960  -0.0231   0.1053
  0.1656   0.7152   0.1321  -0.1303  -0.0200   0.1334
  0.1610   0.6587   0.1270  -0.0643  -0.0376   0.0984
  0.1569   0.5956   0.1278  -0.0958  -0.0270   0.1113
  0.1439   0.5577   0.1253  -0.0818  -0.0283   0.1002
  0.1521   0.6049   0.1300  -0.1553  -0.0319   0.1329
  0.1366   0.5603   0.1155  -0.0665  -0.0526   0.0742
  0.1383   0.5384   0.1143  -0.0745  -0.0385   0.1019
  0.1243   0.5495   0.0887  -0.0818  -0.0464   0.0959
  0.1038   0.5370   0.0409  -0.0744  -0.0557   0.0909
  0.1005   0.4807   0.0412  -0.0769  -0.0411   0.0942
  0.0882   0.4353   0.0200  -0.0558  -0.0474   0.0815
  0.0839   0.4481  -0.0156  -0.0988  -0.0292   0.1025
  0.0811   0.4342  -0.0148  -0.1125  -0.0152   0.0956
  0.0750   0.4206  -0.0181  -0.0940  -0.0129   0.0889
  0.0614   0.3305  -0.0160  -0.0931  -0.0013   0.0806
  0.0300   0.2470  -0.0468  -0.1002   0.0030   0.0772
  0.0241   0.2347  -0.0644  -0.0899   0.0046   0.0719
  0.0200   0.2163  -0.0711  -0.0574   0.0064   0.0517
 -0.0218   0.0994  -0.1357  -0.1917   0.0216   0.1073
 -0.0298  -0.0261  -0.1255  -0.1577   0.0193   0.0813
  0.0067  -0.0729  -0.0708  -0.0266   0.0433   0.0277
  0.0072  -0.0711  -0.0729  -0.0216   0.0563   0.0175
 -0.0166  -0.0751  -0.1057  -0.1177   0.0836   0.0552
 -0.0058  -0.1274  -0.0803  -0.0298   0.0632   0.0209
  0.0087  -0.1465  -0.0417   0.0152   0.0470   0.0114
 -0.0160  -0.1615  -0.0882  -0.0410   0.0539   0.0290
 -0.0098  -0.1700  -0.0980   0.0030   0.0594   0.0204
 -0.0101  -0.1747  -0.0765  -0.0159   0.0649   0.0278
  0.0036  -0.1747  -0.0494  -0.0304   0.0464   0.0493
  0.0021  -0.1509  -0.0536  -0.0853   0.0711   0.0768
 -0.0009  -0.1470  -0.0555  -0.0889   0.0805   0.0642
 -0.0077  -0.1549  -0.0531  -0.0580   0.0786   0.0599
 -0.0064  -0.1305  -0.0490  -0.0820   0.0752   0.0886
 -0.0021  -0.1115  -0.0244  -0.0321   0.0607   0.0691
 -0.0253  -0.1763  -0.0421  -0.1021   0.0723   0.0842
 -0.0279  -0.1200  -0.0573  -0.1603   0.0880   0.1264
 -0.0318  -0.1229  -0.0470  -0.1755   0.0938   0.1202
 -0.0404  -0.1273  -0.0607  -0.2819   0.1024   0.1654
 -0.0461  -0.1619  -0.0566  -0.2405   0.1077   0.1509
 -0.0567  -0.1551  -0.0776  -0.2232   0.1239   0.1415
 -0.0603  -0.1601  -0.0865  -0.1273   0.1153   0.0890
 -0.0655  -0.1754  -0.0862  -0.1737   0.1197   0.1211
 -0.0722  -0.1762  -0.0822  -0.1804   0.1033   0.1037
 -0.0967  -0.1499  -0.0632  -0.1668   0.0540   0.0635
 -0.1011  -0.1879  -0.0694  -0.1046   0.0510   0.0372
 -0.0805  -0.1770  -0.0495  -0.1201   0.0581   0.0620
 -0.0865  -0.1597  -0.0671  -0.1635   0.0824   0.0905
 -0.0884  -0.1557  -0.0501  -0.1544   0.0809   0.0770
 -0.0924  -0.1777  -0.0608  -0.1124   0.0726   0.0663
 -0.0972  -0.1721  -0.0533  -0.1030   0.0770   0.0470
 -0.1312  -0.1874  -0.1146  -0.1100   0.0693   0.0467
 -0.1276  -0.2034  -0.1117  -0.1408   0.0751   0.0663
 -0.1100  -0.2049  -0.0745  -0.0696   0.0657   0.0338
 -0.1125  -0.2408  -0.0638  -0.0651   0.0541   0.0207
 -0.1059  -0.2440  -0.0446  -0.0078   0.0428  -0.0033
 -0.1021  -0.2200  -0.0350   0.0030   0.0347  -0.0220
 -0.0919  -0.2393  -0.0319  -0.0221   0.0382   0.0020
 -0.1085  -0.2638  -0.0571  -0.0220   0.0442   0.0007
 -0.1199  -0.2797  -0.0899  -0.1046   0.0790   0.0200
 -0.1189  -0.2621  -0.1062  -0.1065   0.0861   0.0233
 -0.1433  -0.1672  -0.1728  -0.0439   0.0555  -0.0143
 -0.1487  -0.2705  -0.1391  -0.0868   0.0909  -0.0024
 -0.1343  -0.2614  -0.1155  -0.0446   0.0817  -0.0110
 -0.1370  -0.2838  -0.1266  -0.0368   0.0945  -0.0273
 -0.1146  -0.2919  -0.0554  -0.0347   0.0463  -0.0099
 -0.1140  -0.3064  -0.0802  -0.0930   0.0843   0.0156
 -0.1014  -0.4594  -0.0305  -0.0394   0.0807  -0.0146
 -0.1051  -0.4303   0.0259   0.0550   0.0126  -0.0712
 -0.0908  -0.4081   0.0583  -0.0832  -0.0106  -0.0107
 -0.0902  -0.4374   0.0831  -0.0224  -0.0458  -0.0440
 -0.0804  -0.4711   0.0923   0.1123  -0.0538  -0.1037
 -0.0698  -0.4988   0.1033   0.1346  -0.0525  -0.1108
 -0.0666  -0.4974   0.0568   0.2091  -0.0442  -0.1459
 -0.0853  -0.5135   0.0635   0.1706  -0.0287  -0.1281
 -0.0804  -0.5137   0.0726   0.1047  -0.0445  -0.1045
 -0.0733  -0.5012   0.0882   0.1091  -0.0420  -0.1122
 -0.0685  -0.5180   0.1142   0.1055  -0.0062  -0.1086
 -0.0741  -0.5327   0.1073   0.1007  -0.0045  -0.1115
 -0.0884  -0.5263   0.0592   0.0368   0.0103  -0.0893
 -0.0961  -0.5513   0.0436   0.0335   0.0215  -0.0798
 -0.1128  -0.5772   0.0462   0.1100   0.0241  -0.1111
 -0.1078  -0.5412   0.0279   0.0770   0.0314  -0.1026
 -0.0928  -0.5592   0.0435   0.0565   0.0240  -0.0896
 -0.1016  -0.5586   0.0035  -0.0142   0.0640  -0.0542
 -0.1241  -0.6018  -0.0016   0.0448   0.0479  -0.0908
 -0.1207  -0.6821   0.0701   0.0773   0.0207  -0.0956
 -0.1868  -0.7367   0.0059   0.0607   0.0549  -0.0893
 -0.1618  -0.7335  -0.0402   0.0978   0.0915  -0.1099
 -0.1339  -0.7060  -0.0085  -0.0048   0.0957  -0.0598
 -0.1493  -0.7519  -0.0217   0.0512   0.0986  -0.0841
 -0.1386  -0.7304   0.0115   0.1225   0.0724  -0.1225
 -0.1316  -0.7681   0.0121   0.1430   0.0744  -0.1392
 -0.0966  -0.7558   0.0995   0.2253   0.0181  -0.1635
 -0.1314  -0.7540   0.0065   0.1039   0.0831  -0.1113
 -0.1283  -0.7656  -0.0001   0.1215   0.0853  -0.1202
 -0.1167  -0.7638   0.0537   0.2375   0.0407  -0.1702
 -0.1177  -0.7599   0.0252   0.2228   0.0589  -0.1580
 -0.1415  -0.7678  -0.0014   0.2208   0.0783  -0.1753
 -0.1618  -0.7720  -0.0349   0.2242   0.1041  -0.1614
 -0.1455  -0.7669   0.0168   0.2504   0.0690  -0.1872
 -0.1504  -0.7822   0.0005   0.2590   0.0793  -0.1865
 -0.1515  -0.7993   0.0122   0.3025   0.0554  -0.2163
 -0.1452  -0.7928   0.0329   0.2405   0.0476  -0.1767
 -0.1595  -0.7741   0.0102   0.1579   0.0787  -0.1375
 -0.1729  -0.7739  -0.0107   0.1261   0.0945  -0.1312
 -0.1753  -0.8060  -0.0187   0.0841   0.1186  -0.0992
 -0.1816  -0.8035  -0.0169   0.1762   0.0994  -0.1413
 -0.1839  -0.8070  -0.0091   0.1531   0.0955  -0.1366
 -0.1862  -0.8247  -0.0160   0.2022   0.0970  -0.1578
 -0.1842  -0.8084  -0.0279   0.1491   0.1178  -0.1451
 -0.1775  -0.7934  -0.0205   0.1326   0.1014  -0.1546
 -0.1723  -0.8254  -0.0129   0.1310   0.0953  -0.1488
 -0.1725  -0.8271  -0.0070   0.1677   0.0910  -0.1611
 -0.1659  -0.8283   0.0180   0.1987   0.0659  -0.1737
 -0.1873  -0.8250  -0.0148   0.1683   0.0926  -0.1532
 -0.2000  -0.7919  -0.0421   0.0922   0.1338  -0.1244
 -0.1958  -0.8245   0.0005   0.1310   0.1035  -0.1386
 -0.2068  -0.7741  -0.0872  -0.1054   0.1816  -0.0387
 -0.2161  -0.8010  -0.0961  -0.0387   0.1809  -0.0686
 -0.2152  -0.8180  -0.0664   0.0388   0.1524  -0.1164
 -0.2161  -0.8329  -0.0659   0.0581   0.1514  -0.1148
 -0.2583  -0.8354  -0.1357   0.0864   0.1961  -0.1304
 -0.2539  -0.8348  -0.1393   0.0838   0.2006  -0.1212
 -0.2518  -0.8557  -0.1289   0.1461   0.1834  -0.1507
 -0.2397  -0.8352  -0.0941   0.0975   0.1616  -0.1445
 -0.2262  -0.8472  -0.0815   0.0438   0.1664  -0.1183
 -0.2341  -0.8713  -0.0784  -0.0427   0.1818  -0.0870
 -0.2568  -0.8800  -0.1018  -0.0584   0.1928  -0.0898
 -0.2457  -0.8614  -0.0835   0.0018   0.1843  -0.1188
