 -0.0273   0.7694   0.0158  -1.2703  -0.0934  -0.0241
 -0.0374   0.9665  -0.0849  -1.7819  -0.1952   0.0818
 -0.0351   1.0226  -0.1198  -1.6295  -0.1941  -0.0264
 -0.0358   1.0172  -0.1261  -1.6326  -0.2121  -0.0098
 -0.0475   0.9421  -0.1116  -1.4438  -0.1864  -0.0109
 -0.0391   0.9782  -0.0941  -1.5923  -0.2111   0.0182
 -0.0460   0.7708   0.0066  -1.0833  -0.1344  -0.0722
 -0.0645   0.5926   0.0237  -0.5452  -0.0944  -0.0861
 -0.0527   0.5839   0.0603  -0.6761  -0.0765   0.0478
 -0.0631   0.5395   0.0629  -0.4230  -0.0609  -0.0674
 -0.0408   0.5903   0.0678  -0.7315  -0.0687   0.0679
 -0.0574   0.5557   0.0600  -0.5395  -0.0624  -0.0098
 -0.0632   0.5922   0.0416  -0.5767  -0.0481   0.0481
 -0.0535   0.5718   0.0365  -0.5119  -0.0461   0.0025
 -0.0504   0.5820   0.0495  -0.5336  -0.0363   0.0176
 -0.0480   0.5290   0.0535  -0.4897  -0.0445   0.0226
 -0.0636   0.5050   0.0907  -0.5165  -0.0222  -0.0252
 -0.0342   0.4827   0.0843  -0.5127  -0.0466   0.0324
 -0.0102   0.4676   0.0518  -0.5286  -0.0704   0.0028
  0.0109   0.4569   0.0588  -0.5069  -0.0858   0.0352
  0.0231   0.4487   0.0680  -0.4755  -0.0732  -0.0008
  0.0484   0.4170   0.0711  -0.4510  -0.0811   0.0217
  0.0202   0.4645   0.0698  -0.4442  -0.0614  -0.0169
  0.0201   0.4404   0.0702  -0.4965  -0.0551   0.0219
 -0.0053   0.4368   0.0503  -0.4718  -0.0494   0.0176
 -0.0225   0.4416   0.0577  -0.5168  -0.0424   0.0048
 -0.0506   0.4410   0.0485  -0.5312  -0.0433   0.0383
 -0.0047   0.4426   0.0672  -0.5500  -0.0818  -0.0240
  0.0344   0.3970   0.0601  -0.4905  -0.0899   0.0165
 -0.0076   0.3909   0.0680  -0.5144  -0.0699   0.0243
  0.0068   0.4102   0.0755  -0.5570  -0.0629   0.0107
 -0.0013   0.4073   0.0767  -0.4813  -0.0555  -0.0074
 -0.0073   0.4717   0.0499  -0.5638  -0.0602  -0.0059
  0.0254   0.3895   0.0189  -0.5369  -0.0189  -0.0285
  0.0188   0.3786   0.0489  -0.5614  -0.0588   0.0589
 -0.0054   0.5282   0.0319  -0.5964  -0.0666  -0.0344
  0.0018   0.4696   0.0475  -0.6265  -0.0585   0.0445
 -0.0005   0.4773   0.0507  -0.5565  -0.0558  -0.0410
  0.0251   0.4549   0.0519  -0.5758  -0.0553   0.0111
  0.0215   0.4348   0.0420  -0.5405  -0.0553  -0.0009
 -0.0057   0.4236   0.0615  -0.5625  -0.0395  -0.0072
 -0.0150   0.4237   0.0359  -0.4981  -0.0293  -0.0013
 -0.0008   0.4133   0.0537  -0.5859  -0.0452   0.0031
 -0.0011   0.4186   0.0497  -0.5516  -0.0328  -0.0392
  0.0087   0.4006   0.0633  -0.5453  -0.0461   0.0269
  0.0072   0.3807   0.0707  -0.4958  -0.0362  -0.0156
  0.0052   0.3885   0.0697  -0.5027  -0.0377   0.0114
  0.0159   0.3987   0.0773  -0.4858  -0.0263  -0.0216
  0.0128   0.3922   0.0733  -0.5183  -0.0093   0.0356
  0.0079   0.3965   0.0687  -0.4773  -0.0327  -0.0131
 -0.0074   0.4076   0.0669  -0.5037  -0.0439  -0.0104
 -0.0013   0.3973   0.0672  -0.5354  -0.0402   0.0054
 -0.0197   0.3833   0.0615  -0.5886  -0.0317   0.0219
 -0.0116   0.3884   0.0800  -0.5518  -0.0149  -0.0391
 -0.0031   0.3720   0.0600  -0.6178  -0.0096  -0.0073
  0.0060   0.3829   0.0727  -0.6004  -0.0067  -0.0351
 -0.0097   0.3861   0.0721  -0.6251   0.0189  -0.0274
  0.0029   0.3713   0.0765  -0.5937   0.0152   0.0235
  0.0117   0.3832   0.0788  -0.5953   0.0164  -0.0314
  0.0144   0.3802   0.0744  -0.5287   0.0154  -0.0103
  0.0238   0.3667   0.0818  -0.5478   0.0105  -0.0083
  0.0018   0.3676   0.0672  -0.5255   0.0119  -0.0109
  0.0008   0.3519   0.0747  -0.5396   0.0097   0.0096
  0.0302   0.3493   0.0700  -0.4808  -0.0039  -0.0137
  0.0119   0.3573   0.0856  -0.5816   0.0053   0.0127
 -0.0096   0.3638   0.0880  -0.5747   0.0151  -0.0480
 -0.0134   0.3620   0.0805  -0.6029   0.0170   0.0025
 -0.0079   0.3619   0.0865  -0.5240   0.0135  -0.0556
 -0.0033   0.3637   0.0789  -0.5165   0.0162  -0.0120
 -0.0090   0.3511   0.0780  -0.4969   0.0065  -0.0405
  0.0031   0.3862   0.0957  -0.6034   0.0247  -0.0548
 -0.0091   0.4004   0.1035  -0.6946   0.0478  -0.0637
 -0.0163   0.3228   0.0922  -0.4948   0.0623   0.0385
 -0.0045   0.3616   0.0883  -0.6020   0.0304  -0.0255
 -0.0050   0.3840   0.0807  -0.5808   0.0174  -0.0099
 -0.0013   0.3829   0.0842  -0.5292   0.0211  -0.0569
  0.0107   0.3598   0.0921  -0.5769   0.0193  -0.0046
 -0.0006   0.3529   0.0821  -0.5567   0.0250  -0.0201
  0.0294   0.3237   0.0842  -0.5163   0.0183  -0.0125
  0.0252   0.3137   0.0952  -0.5556   0.0272  -0.0280
  0.0126   0.2917   0.1008  -0.5980   0.0460  -0.0311
 -0.0045   0.3403   0.0887  -0.5241   0.0503  -0.0191
 -0.0129   0.3935   0.0810  -0.5548   0.0497  -0.0227
 -0.0129   0.3252   0.0878  -0.5733   0.0335  -0.0466
 -0.0108   0.3483   0.0920  -0.6017   0.0331   0.0010
 -0.0128   0.3369   0.0837  -0.5360   0.0305  -0.0290
 -0.0165   0.3407   0.0964  -0.5455   0.0317  -0.0168
 -0.0181   0.3431   0.0869  -0.5051   0.0391  -0.0583
 -0.0061   0.3799   0.0786  -0.5981   0.0383   0.0399
 -0.0103   0.3537   0.0798  -0.5431   0.0513  -0.0299
 -0.0045   0.3633   0.0770  -0.5341   0.0435   0.0249
 -0.0064   0.3243   0.0810  -0.4930   0.0375  -0.0303
 -0.0097   0.3476   0.0872  -0.5288   0.0445   0.0138
 -0.0103   0.3338   0.0941  -0.4982   0.0427  -0.0228
 -0.0036   0.3594   0.0919  -0.6062   0.0354  -0.0103
 -0.0141   0.3330   0.0895  -0.5044   0.0472   0.0066
 -0.0080   0.3416   0.0716  -0.4969   0.0425  -0.0147
 -0.0307   0.3298   0.0754  -0.5027   0.0504  -0.0034
 -0.0212   0.3256   0.0742  -0.5206   0.0517   0.0020
 -0.0242   0.3337   0.0812  -0.5014   0.0520  -0.0272
 -0.0384   0.3528   0.0785  -0.5525   0.0433  -0.0406
 -0.0355   0.3270   0.0814  -0.5038   0.0540  -0.0067
 -0.0426   0.3363   0.0664  -0.4766   0.0506  -0.0332
 -0.0420   0.3449   0.0728  -0.5056   0.0561  -0.0172
 -0.0527   0.3530   0.0708  -0.5076   0.0537  -0.0247
 -0.0417   0.3341   0.0810  -0.5059   0.0507  -0.0101
 -0.0430   0.3583   0.0750  -0.5164   0.0569  -0.0401
 -0.0666   0.3546   0.0830  -0.4855   0.0664  -0.0398
 -0.0805   0.3826   0.0729  -0.5933   0.0767  -0.0212
 -0.0637   0.3728   0.0683  -0.4987   0.0598  -0.0598
 -0.0569   0.3648   0.0715  -0.5391   0.0574  -0.0313
 -0.0509   0.3495   0.0768  -0.4736   0.0588  -0.0141
 -0.0513   0.3597   0.0718  -0.5633   0.0562  -0.0668
 -0.0532   0.3339   0.0678  -0.5146   0.0636   0.0017
 -0.0522   0.3469   0.0723  -0.5718   0.0578  -0.0679
 -0.0581   0.3179   0.0711  -0.4931   0.0559   0.0133
 -0.0590   0.3551   0.0705  -0.5309   0.0458  -0.0902
 -0.0702   0.3270   0.0824  -0.6151   0.0730  -0.0153
 -0.0639   0.3376   0.0556  -0.6156   0.0562  -0.0244
 -0.0498   0.3266   0.0696  -0.5352   0.0530  -0.0612
 -0.0430   0.3385   0.0805  -0.6999   0.0253  -0.0402
 -0.0469   0.2635   0.0796  -0.6349   0.0289  -0.0190
 -0.0243   0.2729   0.0973  -0.6105   0.0221  -0.0956
 -0.0300   0.2854   0.0810  -0.5767   0.0332  -0.0239
 -0.0491   0.2687   0.0674  -0.5100   0.0357  -0.0914
 -0.0779   0.1241   0.1315  -0.5533   0.0812  -0.0016
 -0.0572   0.2446   0.0962  -0.5301   0.0546  -0.0691
 -0.0452   0.2003   0.0818  -0.5287   0.0731  -0.0289
 -0.0626   0.3634   0.0719  -0.5438   0.0432  -0.0853
 -0.0572   0.2725   0.1067  -0.6626   0.0540  -0.0669
 -0.0566   0.2048   0.0790  -0.4857   0.0398  -0.0639
 -0.0401   0.1980   0.1267  -0.4729   0.0484  -0.0996
 -0.0282  -0.0414   0.1138  -0.5541   0.0220  -0.0074
 -0.1095   0.0088   0.0796  -0.5017   0.0266  -0.0903
 -0.1047   0.1625   0.0984  -0.4791   0.0626  -0.0625
 -0.0886   0.1606   0.0668  -0.4796   0.0490  -0.0568
 -0.0251   0.3981  -0.0152  -0.7095   0.0591  -0.1178
 -0.0138   0.8175  -0.2765  -1.1781  -0.0894  -0.0517
  0.0064   0.8064  -0.2295  -1.4307  -0.1067  -0.1088
 -0.0080   0.3608  -0.0870  -0.2975  -0.0104  -0.1858
 -0.0368   0.2084  -0.0630   0.0902   0.0007  -0.2324
 -0.0171   0.1545  -0.0215   0.2054   0.0234  -0.1350
 -0.0207   0.2273  -0.0730   0.2179  -0.0074  -0.1091
  0.0102   0.1298  -0.0006   0.2432   0.0246  -0.0261
 -0.1017   0.6305  -0.2327  -0.0293  -0.1566  -0.0807
 -0.1272   0.7688  -0.2349   0.3464  -0.1689  -0.1224
 -0.0677   0.1979  -0.1057   0.6580  -0.0620  -0.0022
 -0.0431   0.1853  -0.0352   0.1035  -0.0046   0.0244
 -0.0735   0.3623  -0.1200   0.2115  -0.0630  -0.0828
 -0.0751   0.3930  -0.2825  -0.2776  -0.1197  -0.1192
 -0.1137   0.4170  -0.1703  -0.4860  -0.0886  -0.0050
 -0.0776   0.5640  -0.1732  -0.5808  -0.0732  -0.0272
 -0.0522   0.3603  -0.2276   0.0151  -0.1158  -0.1542
 -0.0580   0.1601  -0.2527   0.0766  -0.2479  -0.1899
 -0.0135   0.1401  -0.1187   0.0004  -0.0666   0.0527
 -0.0597   0.0601  -0.1957   0.1630  -0.0423  -0.0544
 -0.0253   0.0007  -0.1469   0.1019  -0.0310   0.0154
 -0.0136   0.0479  -0.2016   0.1970  -0.0294  -0.0419
 -0.0056   0.0941  -0.1462   0.1049  -0.0251   0.0131
 -0.0275   0.0301  -0.1804   0.2750  -0.0225  -0.0379
 -0.0389   0.1119  -0.1343   0.0551  -0.0077   0.0155
 -0.0503   0.2429  -0.1687   0.2502  -0.0184  -0.0820
  0.0126   0.1123  -0.1838   0.1796  -0.0611  -0.0248
 -0.0248  -0.0397  -0.1303   0.3222  -0.0512  -0.0622
 -0.0031  -0.1702  -0.0170   0.4532  -0.0142  -0.0463
  0.0090  -0.2289  -0.0331   0.6884   0.0168  -0.0838
  0.0580  -0.1063  -0.1109   0.7782  -0.0380  -0.1215
  0.0594   0.0533  -0.2267   0.4316  -0.0630  -0.0534
  0.0454  -0.3078  -0.0875   0.7201   0.0062  -0.0490
  0.0416  -0.3239  -0.1092   0.7467  -0.0338  -0.0137
  0.0704  -0.4386  -0.0707   0.9519  -0.0234   0.0292
  0.0894  -0.3755  -0.1205   0.8247  -0.0515   0.0211
  0.0816  -0.5195  -0.0661   0.9819  -0.0239  -0.0022
  0.0584  -0.5070  -0.1052   1.0122  -0.0272   0.0131
  0.0611  -0.5639  -0.0363   1.1037   0.0114   0.0013
  0.0792  -0.4999  -0.0655   1.0273   0.0046   0.0488
  0.0683  -0.5161  -0.0720   1.0929  -0.0004   0.0376
  0.0721  -0.5315  -0.0770   1.0697  -0.0174   0.0447
  0.0771  -0.5925  -0.0570   1.1033  -0.0045   0.0427
  0.0646  -0.5803  -0.0682   1.1189  -0.0012   0.0309
  0.0802  -0.5904  -0.0551   1.1326  -0.0025   0.0752
  0.0759  -0.5905  -0.0629   1.1243   0.0020   0.0433
  0.1068  -0.6717  -0.0613   1.1710  -0.0040   0.0686
  0.1169  -0.7380  -0.1120   1.0942  -0.0204   0.0482
  0.0841  -0.6660  -0.0816   1.1429  -0.0037   0.0373
  0.0747  -0.7600  -0.1001   1.1518  -0.0052   0.0866
  0.0837  -0.7504  -0.0887   1.2273   0.0027   0.0349
  0.0775  -0.7228  -0.1069   1.1355  -0.0018   0.0672
  0.0847  -0.7028  -0.1030   1.2135  -0.0097   0.0378
  0.0831  -0.7124  -0.1035   1.1182  -0.0037   0.0614
  0.0860  -0.7673  -0.0923   1.2917  -0.0104   0.0762
  0.0977  -0.8494  -0.1229   1.2029  -0.0089   0.0901
  0.0665  -0.9202  -0.0835   1.2736   0.0082   0.0867
  0.0606  -0.8041  -0.1159   1.1861   0.0002   0.0676
  0.0256  -0.9076  -0.0677   1.3855   0.0266   0.0970
  0.0415  -0.9281  -0.0629   1.2264   0.0223   0.0863
  0.0768  -1.0958  -0.1832   1.2103   0.0297   0.1008
  0.0864  -1.0839  -0.2247   1.1909   0.0018   0.1370
  0.0757  -1.0398  -0.1926   1.2212   0.0043   0.0506
  0.0887  -1.0574  -0.1853   1.2666  -0.0127   0.0954
 -0.0082  -1.0813  -0.1484   1.2941   0.0240   0.0647
  0.0425  -1.2343  -0.1947   1.1446   0.0153   0.1306
  0.0306  -1.3683  -0.2002   1.3433   0.0304   0.0926
  0.0371  -1.2859  -0.1711   1.3940   0.0205   0.1368
  0.0049  -1.1860  -0.1582   1.3456   0.0254   0.1043
 -0.0390  -1.3122  -0.1752   1.2923   0.0887   0.1214
  0.0464  -1.2152  -0.1953   1.4551   0.0432   0.0572
  0.0623  -1.1364  -0.1691   1.5000   0.0240   0.0593
  0.0704  -0.9407  -0.2894   1.2207  -0.0235   0.0691
  0.0719  -1.0109  -0.2386   1.2250   0.0007   0.0743
  0.0810  -1.0870  -0.2102   1.2735  -0.0021   0.1130
  0.0820  -1.0175  -0.2302   1.2469   0.0063   0.0769
  0.0492  -1.0834  -0.2190   1.2688   0.0049   0.1181
  0.0369  -1.3034  -0.2043   1.3808   0.0407   0.1541
  0.0440  -1.6702  -0.1538   1.4882   0.0884   0.2171
  0.0751  -2.0164  -0.1160   1.5873   0.1041   0.3039
  0.0747  -2.2424  -0.1269   1.6045   0.1093   0.3201
  0.0564  -2.1308  -0.1607   1.6556   0.1257   0.3229
  0.0574  -2.2112  -0.1586   1.6358   0.0723   0.3317
  0.1108  -2.1273  -0.1524   1.9865   0.0256   0.2363
  0.1181  -2.1590  -0.0987   1.5905   0.0649   0.3212
  0.1073  -2.1278  -0.0996   1.7225   0.0529   0.2684
  0.0669  -2.3138  -0.1206   1.4509   0.1225   0.3296
  0.1164  -2.5557  -0.0596   1.8835   0.0989   0.4292
  0.1231  -2.1309  -0.1166   1.7674   0.0716   0.2155
  0.1472  -2.1115  -0.0970   1.7536   0.0423   0.3066
  0.1493  -2.1604  -0.0606   1.6779   0.0725   0.3094
  0.0962  -2.2018  -0.1315   1.7893   0.0971   0.3156
  0.0728  -2.1646  -0.1402   1.6680   0.1147   0.3261
  0.1357  -2.1362  -0.1232   1.8714   0.0753   0.2918
  0.0851  -2.1636  -0.1426   1.6458   0.1020   0.3185
  0.0719  -2.2538  -0.1823   1.7923   0.1029   0.3136
  0.0739  -2.3288  -0.1665   1.6415   0.1106   0.3612
  0.1174  -2.5867  -0.1332   1.8299   0.1080   0.3968
  0.0804  -2.6472  -0.0863   1.7891   0.1413   0.4311
  0.1296  -2.7860  -0.0279   1.7670   0.1374   0.4266
