 -0.0309   0.3353  -0.3356   0.2740  -0.1586  -0.5565
  0.0309   0.4162  -0.4238   0.3146  -0.1454  -0.5006
  0.0085   0.4097  -0.3872   0.3032  -0.1546  -0.5189
  0.0097   0.4171  -0.3910   0.3453  -0.1737  -0.4995
  0.0232   0.4348  -0.3991   0.3004  -0.1511  -0.5007
  0.0733   0.5401  -0.4062   0.2625  -0.0891  -0.5328
  0.0183   0.4666  -0.4037   0.1809  -0.0934  -0.5398
  0.0158   0.4604  -0.4069   0.2137  -0.1182  -0.5023
  0.0383   0.4498  -0.4149   0.2251  -0.0378  -0.5188
  0.0597   0.4164  -0.3870   0.1040  -0.0098  -0.5193
  0.0066   0.3336  -0.3689   0.1569  -0.0750  -0.4720
 -0.0024   0.3024  -0.3914   0.1722  -0.1202  -0.4739
 -0.0377   0.2522  -0.3944   0.1853  -0.1342  -0.4667
 -0.0271   0.2092  -0.3619   0.2183  -0.1276  -0.4755
 -0.0777   0.2573  -0.3459   0.1664  -0.1547  -0.4841
 -0.0686   0.2796  -0.3159   0.1902  -0.1450  -0.4709
 -0.0841   0.2638  -0.2940   0.1688  -0.1557  -0.4762
 -0.0709   0.2547  -0.2970   0.1602  -0.1354  -0.4642
 -0.1160   0.2509  -0.2646   0.1595  -0.1533  -0.4583
 -0.1428   0.2342  -0.2485   0.1695  -0.1805  -0.4518
 -0.1472   0.2661  -0.2313   0.1635  -0.1903  -0.4522
 -0.1347   0.2574  -0.2466   0.1147  -0.1962  -0.4368
 -0.1265   0.2069  -0.2490   0.0808  -0.1691  -0.4378
 -0.1261   0.2145  -0.2382   0.0925  -0.1773  -0.4220
 -0.1161   0.1744  -0.2330   0.1551  -0.1717  -0.4045
 -0.0748   0.1415  -0.1924   0.1623  -0.1759  -0.3938
 -0.0720   0.1381  -0.1974   0.1594  -0.1835  -0.4184
 -0.1011   0.1543  -0.2149   0.1420  -0.1454  -0.4114
 -0.1204   0.1207  -0.1778   0.1534  -0.1409  -0.4027
 -0.1309   0.0933  -0.1848   0.1636  -0.1422  -0.3823
 -0.1190   0.0956  -0.1825   0.1481  -0.1443  -0.3687
 -0.1256   0.0644  -0.2046   0.1310  -0.1346  -0.3611
 -0.1223   0.0571  -0.1786   0.1167  -0.1144  -0.3551
 -0.1274   0.1215  -0.1601   0.0933  -0.1216  -0.3523
 -0.1248   0.1223  -0.1610   0.0831  -0.1077  -0.3509
 -0.1283   0.1017  -0.1439   0.0954  -0.0960  -0.3511
 -0.1320   0.0847  -0.1653   0.1088  -0.1050  -0.3339
 -0.1336   0.0722  -0.1257   0.0826  -0.1161  -0.3354
 -0.1354   0.0857  -0.0771   0.0496  -0.1086  -0.3339
 -0.1134   0.0450  -0.0923   0.0615  -0.0847  -0.3236
 -0.1078   0.0428  -0.0802   0.0450  -0.0995  -0.3246
 -0.0881   0.0604  -0.0668   0.0687  -0.0785  -0.3006
 -0.0908   0.0917  -0.0582   0.0823  -0.0461  -0.3085
 -0.0585   0.1105  -0.0456   0.0951  -0.0412  -0.3180
 -0.0441   0.0849  -0.0369   0.0819  -0.0587  -0.3071
 -0.0515   0.0665  -0.0382   0.1230  -0.0706  -0.2866
 -0.0657   0.0030  -0.0473   0.1463  -0.0782  -0.2694
 -0.0663  -0.0168  -0.0456   0.1486  -0.0621  -0.2619
 -0.0640  -0.0044  -0.0347   0.1486  -0.0557  -0.2702
 -0.0403   0.0486  -0.0125   0.0896  -0.0387  -0.2712
 -0.0555   0.0451  -0.0229   0.0785  -0.0653  -0.2519
 -0.0800   0.0638  -0.0082   0.0755  -0.0686  -0.2469
 -0.0787   0.0845   0.0106   0.0485  -0.0433  -0.2459
 -0.0775   0.0563  -0.0030   0.0698  -0.0610  -0.2443
 -0.0864   0.0642   0.0034   0.0912  -0.0493  -0.2202
 -0.0758   0.0495   0.0091   0.0570  -0.0238  -0.2143
 -0.0811   0.0738   0.0334   0.0787  -0.0379  -0.2058
 -0.0968   0.1090   0.0674   0.0871  -0.0182  -0.1816
 -0.0903   0.1216   0.0665   0.0402  -0.0229  -0.1715
 -0.0705   0.0977   0.0912   0.0401  -0.0115  -0.1762
 -0.0761   0.1001   0.1088   0.0250   0.0011  -0.1657
 -0.0664   0.1150   0.0962   0.0204   0.0010  -0.1580
 -0.0507   0.1192   0.0892   0.0138   0.0056  -0.1615
 -0.0543   0.0582   0.0803   0.0234  -0.0133  -0.1415
 -0.0510   0.0142   0.0622   0.0341  -0.0242  -0.1187
 -0.0544  -0.0037   0.0665   0.0131  -0.0169  -0.1102
 -0.0350   0.0019   0.0808   0.0488  -0.0063  -0.1020
 -0.0098  -0.0671   0.0944   0.1059  -0.0177  -0.0878
 -0.0080  -0.0437   0.0834   0.0747   0.0181  -0.0984
 -0.0043  -0.0198   0.0502   0.0795   0.0226  -0.1091
  0.0124  -0.0476   0.0308   0.0217  -0.0072  -0.1044
  0.0007  -0.0596   0.0377   0.0190  -0.0134  -0.0979
  0.0155  -0.0522   0.0585   0.0525   0.0111  -0.0899
  0.0132  -0.0659   0.0493   0.0383   0.0010  -0.0718
  0.0296  -0.0894   0.0543   0.0045   0.0195  -0.0583
  0.0197  -0.0960   0.0496   0.0138   0.0224  -0.0643
  0.0020  -0.1337   0.0395   0.0251  -0.0020  -0.0334
  0.0059  -0.1641   0.0212   0.0315  -0.0093  -0.0149
  0.0181  -0.1146   0.0389   0.0189   0.0163  -0.0131
  0.0083  -0.1391   0.0552   0.0267   0.0207   0.0071
 -0.0031  -0.1240   0.0437  -0.0123   0.0237   0.0067
 -0.0058  -0.0797   0.0579  -0.0481   0.0177   0.0039
 -0.0067  -0.0601   0.0576   0.0037   0.0471   0.0024
 -0.0299  -0.0736   0.0500   0.0179   0.0313   0.0248
 -0.0262  -0.0758   0.0562   0.0199   0.0049   0.0348
 -0.0243  -0.0763   0.0757   0.0060   0.0197   0.0348
  0.0071  -0.0819   0.0427  -0.0019   0.0412   0.0508
  0.0231  -0.1363   0.0084  -0.0126   0.0428   0.0722
  0.0019  -0.1242   0.0178  -0.0244   0.0040   0.0790
 -0.0014  -0.1054   0.0218  -0.0552   0.0229   0.0719
 -0.0039  -0.0868   0.0276  -0.0952   0.0075   0.0737
 -0.0191  -0.0809   0.0416  -0.0931  -0.0254   0.0899
 -0.0046  -0.0674   0.0753  -0.0578  -0.0505   0.1001
  0.0098  -0.0536   0.1031  -0.0437  -0.0547   0.1079
  0.0150  -0.0495   0.0997  -0.0816  -0.0320   0.1197
  0.0138  -0.0739   0.1106  -0.0259  -0.0317   0.1200
  0.0138  -0.0910   0.1103   0.0033  -0.0260   0.1407
  0.0062  -0.0868   0.1185  -0.0693  -0.0168   0.1472
  0.0097  -0.0546   0.1302  -0.0504  -0.0082   0.1627
 -0.0028  -0.0568   0.1261  -0.0431  -0.0204   0.1855
  0.0025  -0.0625   0.1095  -0.0281  -0.0313   0.2013
  0.0162  -0.0577   0.1037  -0.0568  -0.0196   0.2174
  0.0042  -0.1108   0.1303  -0.0517  -0.0148   0.2053
 -0.0118  -0.0283   0.1639  -0.0715   0.0145   0.2142
  0.0346   0.0526   0.1471  -0.0196   0.0156   0.2140
  0.0065  -0.0209   0.1434   0.1742  -0.0513   0.2145
  0.0346  -0.0013   0.1752   0.0529  -0.0377   0.2394
  0.0229  -0.0500   0.1440  -0.0459  -0.0270   0.2244
  0.0378  -0.0810   0.1353   0.1064   0.0034   0.3213
  0.0582  -0.1138   0.1206   0.1173   0.0280   0.2816
  0.0389  -0.1288   0.1255   0.0318   0.0247   0.2642
  0.0525  -0.1408   0.1571  -0.0080   0.0201   0.2787
  0.0435  -0.1375   0.1844   0.0209   0.0173   0.2807
  0.0454  -0.1862   0.1694  -0.0133   0.0107   0.3022
  0.0786  -0.1799   0.1964  -0.0370   0.0277   0.3133
  0.0809  -0.2683   0.1849  -0.0618   0.0351   0.3328
  0.0503  -0.2495   0.1786  -0.0926   0.0312   0.3403
  0.0390  -0.1615   0.1983  -0.1820   0.0499   0.3487
  0.0671  -0.1489   0.1877  -0.1648   0.1025   0.3619
  0.0846  -0.1007   0.1797  -0.2092   0.1204   0.3669
  0.1016  -0.1147   0.1848  -0.2235   0.1405   0.3629
  0.0938  -0.1438   0.1620  -0.2038   0.1573   0.3708
  0.0776  -0.1383   0.1298  -0.1772   0.1614   0.3828
  0.1222  -0.1581   0.1379  -0.1438   0.2031   0.4010
  0.1332  -0.1708   0.1355  -0.1566   0.1846   0.4074
  0.1312  -0.2025   0.1214  -0.1533   0.1907   0.4369
  0.1291  -0.2299   0.1065  -0.1554   0.1819   0.4515
  0.1315  -0.2189   0.1120  -0.1674   0.1830   0.4614
  0.1067  -0.2368   0.1052  -0.1524   0.2046   0.4835
  0.1029  -0.2213   0.1344  -0.1692   0.2082   0.5047
  0.1361  -0.2102   0.1196  -0.1660   0.1892   0.4961
  0.1323  -0.1322   0.1677  -0.1866   0.1812   0.4859
  0.1186  -0.1140   0.1970  -0.1975   0.1576   0.5017
  0.1068  -0.1435   0.1798  -0.2274   0.1840   0.5211
  0.1499  -0.1058   0.1904  -0.2108   0.1764   0.5251
  0.1543  -0.0941   0.1510  -0.2170   0.1523   0.5312
  0.1672  -0.0770   0.1373  -0.2716   0.1852   0.5330
  0.1532  -0.0665   0.1344  -0.3460   0.2010   0.5323
  0.1377  -0.1303   0.1257  -0.3412   0.1872   0.5520
  0.1443  -0.1981   0.1577  -0.3211   0.2173   0.5507
  0.1126  -0.2133   0.1731  -0.3134   0.2087   0.5666
  0.1040  -0.1972   0.1535  -0.3250   0.1851   0.5916
  0.1154  -0.1944   0.1701  -0.3067   0.1899   0.6057
  0.1221  -0.1991   0.1616  -0.2942   0.2042   0.6133
  0.1196  -0.1927   0.1729  -0.3007   0.2080   0.6222
  0.1168  -0.2106   0.1599  -0.2831   0.2053   0.6400
  0.0989  -0.2224   0.1688  -0.2706   0.1775   0.6573
  0.1222  -0.2551   0.1626  -0.2725   0.1945   0.6653
  0.1460  -0.2577   0.1622  -0.2878   0.1910   0.6686
  0.1348  -0.2393   0.1484  -0.3035   0.1920   0.6831
  0.1368  -0.2834   0.1458  -0.2841   0.2033   0.6874
  0.1283  -0.3065   0.1362  -0.2860   0.2071   0.7138
