  0.3015  -0.1828   0.1561  -0.1000   0.1652   0.2020
  0.3720  -0.4717   0.2013   0.1880   0.2376   0.3472
  0.3424  -0.2946   0.2189   0.0602   0.2251   0.2385
  0.3623  -0.3446   0.1997   0.1517   0.2414   0.2900
  0.3500  -0.3578   0.2008   0.1364   0.2340   0.2955
  0.3486  -0.4147   0.2016   0.1966   0.2385   0.3199
  0.3602  -0.3860   0.1901   0.1744   0.2338   0.2790
  0.3118  -0.4011   0.1666   0.1593   0.2103   0.3019
  0.3110  -0.4278   0.1666   0.1529   0.1838   0.2929
  0.3121  -0.3755   0.1609   0.1352   0.2057   0.2716
  0.2472  -0.1509   0.1622  -0.1424   0.1604   0.1475
  0.2177  -0.0022   0.1114  -0.1854   0.1410   0.2241
  0.2536   0.2005   0.0989  -0.1591   0.1649   0.0668
  0.1848   0.1660   0.0624  -0.2321   0.1304   0.1166
  0.2264   0.0136   0.0938  -0.3057   0.1359  -0.0378
  0.2224   0.0237   0.1577  -0.3408   0.1393  -0.0383
  0.1501   0.1090   0.1342  -0.2938   0.1540   0.0421
  0.1444   0.1145   0.2175  -0.1548   0.1032   0.0038
  0.0693   0.0029   0.1462  -0.0108   0.0228   0.1427
 -0.0172   0.3484   0.2700  -0.1411   0.0190   0.0226
 -0.0249   0.8640   0.3061  -0.3948   0.1644   0.0835
  0.0175   0.7597   0.2978  -0.4566   0.1480  -0.0037
 -0.0312   0.3470   0.0483  -0.4644  -0.0362   0.0161
 -0.0792   0.2758   0.0903  -0.2578  -0.0138   0.0028
 -0.0500   0.2955   0.1038  -0.2635  -0.0337  -0.0125
 -0.0520   0.3537   0.1161  -0.2496  -0.0130  -0.0322
 -0.0244   0.4318   0.0747  -0.3657  -0.0259  -0.0395
 -0.0340   0.4632   0.0711  -0.3733  -0.0310  -0.0513
  0.0388   0.2949   0.0612  -0.4011  -0.0550  -0.0278
 -0.0001   0.3142   0.1470  -0.7249  -0.0718   0.0770
  0.0848   0.3990   0.0781  -0.5466   0.0191  -0.0220
  0.4455   1.0067   0.1385  -0.5653   0.1573  -0.1152
  0.4245   0.6389   0.0432  -0.3197   0.1576   0.0503
  0.4725   0.3023  -0.2301  -0.2014   0.1395   0.0624
  0.4028   0.4163  -0.0977  -0.1526   0.0871   0.1040
  0.2893   0.2394  -0.0554  -0.2434   0.0714   0.0684
  0.1894   0.2575  -0.0216  -0.3289   0.0330   0.0793
  0.2247   0.2749  -0.0385  -0.2067   0.0724   0.0152
  0.2204   0.2670  -0.0108  -0.2585   0.0611   0.0602
  0.2223   0.2503  -0.0089  -0.2108   0.0819   0.0445
  0.2069   0.2720  -0.0156  -0.2202   0.0557   0.0426
  0.2403   0.2202  -0.0259  -0.1909   0.0977   0.0365
  0.2425   0.2631  -0.0199  -0.2494   0.0774  -0.0202
  0.2371   0.1773  -0.0462  -0.2456   0.0901   0.0221
  0.2218   0.1648  -0.0125  -0.2026   0.0322   0.0042
  0.2585   0.3709  -0.0095  -0.3894   0.0358  -0.0038
  0.1794   0.7513   0.0592  -0.7239  -0.0127  -0.0495
  0.1548   0.4432   0.0899  -0.3784  -0.0314   0.0139
  0.1713   0.3346   0.0716  -0.3344   0.0033   0.0357
  0.1479   0.2623   0.0779  -0.2182  -0.0078   0.0407
  0.1259   0.2508   0.0773  -0.2137  -0.0254   0.0730
  0.1302   0.2274   0.0815  -0.1712  -0.0010   0.0382
  0.1287   0.2019   0.0817  -0.1682  -0.0054   0.0756
  0.1160   0.1693   0.0934  -0.1248   0.0069   0.0709
  0.1328   0.1680   0.0838  -0.0823   0.0060   0.1007
  0.1459   0.0958   0.0959  -0.0580   0.0209   0.0979
  0.1420   0.0892   0.0919  -0.0383   0.0135   0.1115
  0.1463   0.0784   0.0921  -0.0630   0.0210   0.0759
  0.1247   0.0865   0.0917  -0.0654   0.0184   0.0771
  0.1299   0.0590   0.0967  -0.0622   0.0138   0.0714
  0.0997   0.0846   0.1064  -0.1415   0.0265   0.0509
  0.1240   0.0222   0.0614  -0.1407   0.0057   0.0776
  0.0594   0.0196   0.0413  -0.1061   0.0016   0.0853
  0.0406   0.0434   0.0557  -0.1903   0.0174   0.0602
  0.0363   0.0481   0.0834  -0.1524   0.0258   0.0396
  0.0343   0.0152   0.0778  -0.1338   0.0287   0.0604
  0.0463   0.0695   0.0826  -0.1999   0.0353   0.0347
  0.0560   0.0588   0.0636  -0.2219   0.0326   0.0225
  0.0638   0.0607   0.0613  -0.2542   0.0210   0.0236
  0.0536   0.0506   0.0572  -0.2140   0.0253   0.0120
  0.0488   0.0333   0.0625  -0.2128   0.0124   0.0603
  0.0658   0.0058   0.0601  -0.2227   0.0161   0.0524
  0.0620   0.0378   0.0541  -0.2467   0.0112   0.0264
  0.0677   0.0357   0.0884  -0.2049   0.0109   0.0083
  0.0657   0.0381   0.1066  -0.2206  -0.0021   0.0403
  0.0548   0.0265   0.0885  -0.1836   0.0226   0.0280
  0.0445   0.0526   0.0990  -0.1864   0.0322   0.0307
  0.0286   0.0447   0.0817  -0.1852   0.0155   0.0352
  0.0218   0.0654   0.1088  -0.2013   0.0221   0.0140
  0.0302   0.0333   0.0756  -0.1424   0.0118   0.0482
  0.0364   0.0687   0.1071  -0.1985   0.0128   0.0352
  0.0109   0.0339   0.0837  -0.1409   0.0138   0.0526
  0.0395   0.0407   0.0975  -0.2429   0.0104   0.0502
  0.0407  -0.0523   0.0779  -0.0930   0.0440   0.0323
  0.0671  -0.0455   0.1100  -0.2035   0.0163   0.0564
  0.0113  -0.0869   0.0237  -0.1293   0.0368   0.0273
  0.0315  -0.0705   0.0978  -0.2522   0.0369   0.0361
  0.1425   0.0706   0.0948  -0.2084   0.0150  -0.0026
  0.0628   0.1449   0.0782  -0.5098   0.0046  -0.0446
  0.0278   0.1475  -0.0024  -0.8112  -0.1859  -0.0359
 -0.0106   0.1219   0.0042  -0.0969  -0.1630   0.0255
  0.0363  -0.2319   0.0084  -0.0495  -0.0966  -0.0725
  0.0868  -0.3678   0.1996   0.0655  -0.0346  -0.1090
  0.0264  -0.1342   0.2158  -0.1075  -0.0148  -0.0562
 -0.0311  -0.0166   0.0251  -0.2456  -0.0614  -0.0359
 -0.0374   0.0806  -0.0094  -0.4061  -0.0403  -0.1159
 -0.0469   0.0600  -0.0123  -0.2551  -0.0473  -0.0998
 -0.0512  -0.0329  -0.0099  -0.2407  -0.0583   0.0022
 -0.0201   0.0049  -0.0624  -0.3928  -0.0244  -0.0240
 -0.0818   0.0680  -0.0264  -0.2781  -0.0540  -0.0067
 -0.1028  -0.0055  -0.0645  -0.2572  -0.0920  -0.0206
 -0.1382   0.0511  -0.0378  -0.1692  -0.0784  -0.0533
 -0.1402   0.0292  -0.0883  -0.1577  -0.0801  -0.0626
 -0.1459   0.0180  -0.0596  -0.1468  -0.0829  -0.0327
 -0.1142   0.0255  -0.0911  -0.1620  -0.0718  -0.1041
 -0.1621   0.0261  -0.0948  -0.1851  -0.1291  -0.0547
 -0.1478   0.0439  -0.1371  -0.2674  -0.1063  -0.0839
 -0.0938   0.0009  -0.1402  -0.1745  -0.0450  -0.0646
 -0.1183  -0.0345  -0.1041  -0.1878  -0.0670  -0.0679
 -0.1115  -0.0077  -0.0870  -0.1587  -0.0462  -0.0820
 -0.1190  -0.0440  -0.0981  -0.2105  -0.0753  -0.0796
 -0.1200  -0.0577  -0.0973  -0.1469  -0.0577  -0.0791
 -0.1258  -0.0553  -0.0817  -0.1807  -0.0890  -0.0679
 -0.1305  -0.0300  -0.0975  -0.1243  -0.0578  -0.0750
 -0.1046  -0.1224  -0.0001  -0.2503  -0.1099  -0.1089
 -0.0680  -0.1985   0.0198  -0.1863  -0.0870  -0.0840
 -0.1048  -0.1461  -0.0378  -0.1386  -0.0723  -0.0378
 -0.1152  -0.1372  -0.0614  -0.0366  -0.0736  -0.0632
 -0.1000  -0.1851  -0.0927  -0.0230  -0.0676  -0.0532
 -0.1183  -0.1789  -0.0555   0.0253  -0.0548  -0.0541
 -0.1592  -0.1164  -0.0496  -0.0333  -0.0772  -0.0071
 -0.0925  -0.0876   0.0309  -0.0099  -0.0738  -0.0642
 -0.0870  -0.1286   0.0508   0.1216  -0.0582  -0.0383
 -0.0767  -0.1279  -0.0029  -0.0225  -0.0741  -0.0322
 -0.1110  -0.1346   0.0213   0.0728  -0.0647  -0.0735
 -0.0905  -0.1413   0.0251   0.0728  -0.0708  -0.0381
 -0.1084  -0.1493   0.0121   0.0413  -0.0701  -0.0387
 -0.0977  -0.1385   0.0110   0.0824  -0.0721  -0.0583
 -0.0974  -0.1596   0.0066   0.0293  -0.0735  -0.0197
 -0.0803  -0.1920   0.0167   0.0151  -0.0633  -0.0659
 -0.0784  -0.3163  -0.0015   0.0141  -0.0675  -0.0569
 -0.0781  -0.1612  -0.0135  -0.1324  -0.0928  -0.0689
 -0.1030  -0.2175  -0.0538  -0.0672  -0.0729  -0.0508
 -0.0998  -0.3002  -0.0319   0.0244  -0.0726   0.0158
 -0.1117  -0.2689  -0.0450  -0.0253  -0.0657  -0.0483
 -0.1072  -0.2822  -0.0252   0.0073  -0.0744  -0.0247
 -0.1222  -0.2630  -0.0400  -0.0450  -0.0684  -0.0487
 -0.1072  -0.2578  -0.0239   0.0286  -0.0730  -0.0380
 -0.1145  -0.2649  -0.0490  -0.0206  -0.0653  -0.0296
 -0.1282  -0.2952  -0.0029   0.1248  -0.1051  -0.0281
 -0.1651  -0.5245  -0.0951   0.6612  -0.0671   0.0686
 -0.0590  -0.5866  -0.0775   1.4472   0.0546   0.1328
 -0.0475  -0.2480  -0.2534   0.7731  -0.1328   0.0059
 -0.1903  -0.3419  -0.2062   0.7344  -0.0834   0.0067
 -0.1448  -0.2540  -0.0163   0.4717  -0.0314  -0.0604
 -0.1650  -0.1864  -0.0152   0.2883  -0.0664  -0.0769
 -0.1582  -0.2403  -0.0166   0.4245  -0.0677  -0.0300
 -0.1703  -0.2216  -0.0250   0.3662  -0.0636  -0.0539
 -0.1573  -0.2199  -0.0731   0.1961  -0.0705  -0.0665
 -0.1426  -0.2110  -0.0282   0.2373  -0.0643  -0.0926
 -0.1392  -0.1851  -0.1087   0.0379  -0.1162  -0.0684
 -0.1859   0.0237  -0.0596  -0.4001  -0.1535  -0.1097
 -0.1429  -0.0324   0.0130  -0.1503  -0.0855  -0.0515
 -0.1589  -0.1574  -0.0384   0.0109  -0.0686  -0.0485
 -0.2122  -0.0292  -0.0759  -0.0362  -0.0908  -0.1165
 -0.1850  -0.1201  -0.1628   0.3396  -0.0165  -0.0163
 -0.0867  -0.2232  -0.0853   0.5798   0.0293   0.0750
 -0.1911   0.3088  -0.1488  -0.6454  -0.1899   0.0621
 -0.2476   0.4523  -0.1222  -0.9195  -0.1661   0.0960
 -0.2251   0.0576  -0.1523  -0.2098  -0.0666   0.0634
 -0.2582  -0.0104  -0.1878  -0.1497  -0.0946   0.0121
 -0.2555   0.0567  -0.1672  -0.0693  -0.0668  -0.0588
 -0.2670  -0.0783  -0.1771  -0.0901  -0.1046   0.0258
 -0.1637   0.2664  -0.1823  -0.0522  -0.0031  -0.1175
 -0.0835   0.0575  -0.2479   0.6748   0.1380  -0.0713
 -0.2067  -0.4407  -0.2825   1.3272   0.1072   0.1050
 -0.1770  -0.2355  -0.1824   1.0640  -0.0004  -0.0711
 -0.2358  -0.3116  -0.2080   0.6130  -0.0897  -0.0501
 -0.0424  -0.0782  -0.1508   0.4700   0.0278  -0.1083
  0.0704  -0.0163  -0.0948   0.4305   0.1064  -0.1164
  0.0084  -0.0706  -0.1482   0.4510   0.0546  -0.1169
 -0.0210  -0.2049  -0.1361   0.5060   0.0627  -0.0886
 -0.0633  -0.2563  -0.1591   0.5068   0.0214  -0.0533
 -0.0576  -0.3107  -0.1534   0.5523   0.0478  -0.0717
 -0.0550  -0.2940  -0.1665   0.5209   0.0231  -0.0682
 -0.0683  -0.2848  -0.1280   0.5100   0.0332  -0.0350
 -0.1290  -0.0313  -0.1737  -0.2564  -0.0867  -0.1399
 -0.1607  -0.1098  -0.1989   0.4064  -0.0447   0.0438
 -0.1840  -0.2923  -0.1491   1.0054   0.0321   0.0668
 -0.1900  -0.2899  -0.1402   0.5890  -0.0348  -0.0166
 -0.1923  -0.2757  -0.1343   0.7135   0.0027  -0.0128
 -0.2112  -0.3491  -0.1419   0.6781  -0.0017  -0.0168
 -0.1858  -0.2810  -0.1685   0.7950   0.0120  -0.0005
 -0.1918  -0.4515  -0.1247   0.9348   0.0380   0.0312
 -0.1070  -0.3577  -0.1546   1.1249   0.0729   0.0309
 -0.1267  -0.5446  -0.0800   0.8926   0.0439   0.0271
 -0.0178   0.0789  -0.1755   0.6164   0.0582  -0.0414
 -0.0143   0.6154  -0.1387   0.6432   0.0848  -0.2789
 -0.0998   0.1453  -0.1008   0.5826   0.0638  -0.2201
 -0.1220   0.2898  -0.0635   0.2152  -0.0314  -0.2227
 -0.1572   0.2190  -0.1806   0.2587  -0.1380  -0.2235
 -0.1611   0.4324  -0.2098   0.5169  -0.1082  -0.1650
 -0.2118   0.1121  -0.0826   0.8159  -0.0328  -0.1351
 -0.1706   0.0787  -0.0663   0.5801  -0.0558  -0.1730
 -0.1961   0.0235  -0.0133   0.7267  -0.0378  -0.1591
 -0.1865   0.0663  -0.0257   0.7447  -0.0486  -0.1626
