 -0.1232   0.2525   0.1369  -0.2941  -0.0344   0.1134
 -0.1267   0.2957   0.1246  -0.2307  -0.0204   0.0802
 -0.1244   0.2491   0.1173  -0.2435  -0.0273   0.0823
 -0.1338   0.2845   0.1099  -0.2578  -0.0307   0.0809
 -0.1290   0.2678   0.1135  -0.2589  -0.0255   0.0748
 -0.1291   0.2944   0.1104  -0.2812  -0.0156   0.0940
 -0.1178   0.2491   0.1177  -0.2405  -0.0235   0.0738
 -0.1232   0.2854   0.1210  -0.2728  -0.0279   0.0875
 -0.1133   0.2573   0.1219  -0.2327  -0.0307   0.0724
 -0.1223   0.2789   0.1196  -0.2553  -0.0271   0.0812
 -0.1177   0.2503   0.1216  -0.2241  -0.0261   0.0790
 -0.1208   0.2581   0.1241  -0.2288  -0.0311   0.0712
 -0.1275   0.2431   0.1126  -0.2128  -0.0401   0.0916
 -0.1207   0.2526   0.1187  -0.2411  -0.0282   0.0992
 -0.1040   0.2249   0.1308  -0.1939  -0.0127   0.0888
 -0.0977   0.2279   0.1352  -0.2062  -0.0120   0.0682
 -0.1051   0.2159   0.1384  -0.2034  -0.0111   0.0905
 -0.1079   0.2163   0.1472  -0.1964  -0.0129   0.0660
 -0.1162   0.2341   0.1283  -0.2098  -0.0097   0.1044
 -0.1115   0.2205   0.1313  -0.2300  -0.0079   0.0713
 -0.1142   0.2384   0.1202  -0.2268  -0.0194   0.0813
 -0.1154   0.2134   0.1292  -0.2114  -0.0292   0.0581
 -0.1200   0.2401   0.1203  -0.2125  -0.0270   0.0620
 -0.1163   0.2132   0.1319  -0.2131  -0.0247   0.0561
 -0.1246   0.2295   0.1226  -0.2055  -0.0307   0.0772
 -0.1202   0.2061   0.1170  -0.2150  -0.0312   0.0717
 -0.1124   0.2203   0.1152  -0.2193  -0.0281   0.0663
 -0.1061   0.1965   0.1202  -0.2125  -0.0168   0.0662
 -0.1062   0.2093   0.1168  -0.2091  -0.0267   0.0500
 -0.1156   0.2233   0.1243  -0.2402  -0.0208   0.0756
 -0.1175   0.2096   0.1130  -0.2044  -0.0347   0.0523
 -0.1242   0.2257   0.1082  -0.2482  -0.0355   0.0866
 -0.1117   0.1878   0.1064  -0.1854  -0.0373   0.0388
 -0.1182   0.2215   0.0992  -0.2651  -0.0277   0.0968
 -0.1103   0.1858   0.0944  -0.1888  -0.0387   0.0528
 -0.1139   0.2019   0.1065  -0.2335  -0.0272   0.0887
 -0.1125   0.1879   0.1019  -0.1869  -0.0309   0.0549
 -0.1221   0.2030   0.1019  -0.2286  -0.0358   0.0579
 -0.1163   0.1956   0.1014  -0.1846  -0.0363   0.0591
 -0.1112   0.1843   0.1049  -0.2153  -0.0334   0.0504
 -0.1147   0.2137   0.0970  -0.1916  -0.0386   0.0610
 -0.1124   0.1904   0.1159  -0.2301  -0.0265   0.0792
 -0.1244   0.2135   0.0996  -0.1782  -0.0427   0.0531
 -0.1065   0.1540   0.0997  -0.2445  -0.0329   0.0976
 -0.1254   0.1979   0.1108  -0.1885  -0.0444   0.0531
 -0.1148   0.1799   0.1102  -0.2183  -0.0349   0.0858
 -0.1109   0.1869   0.1025  -0.1919  -0.0524   0.0423
 -0.1149   0.2144   0.1132  -0.2083  -0.0488   0.0807
 -0.0989   0.1669   0.1092  -0.1721  -0.0445   0.0614
 -0.1045   0.1899   0.1031  -0.2098  -0.0413   0.0697
 -0.0872   0.1761   0.0977  -0.1696  -0.0329   0.0490
 -0.0950   0.1748   0.0998  -0.2207  -0.0338   0.0575
 -0.0858   0.1880   0.0868  -0.1797  -0.0374   0.0266
 -0.0920   0.2026   0.0977  -0.2634  -0.0198   0.1073
 -0.0731   0.1683   0.0856  -0.1474  -0.0259   0.0304
 -0.0824   0.1725   0.0922  -0.2491  -0.0169   0.0768
 -0.0753   0.2016   0.0979  -0.1901  -0.0191   0.0233
 -0.0648   0.1848   0.0988  -0.2324  -0.0109   0.0548
 -0.0816   0.2150   0.0959  -0.1920  -0.0238   0.0427
 -0.0757   0.1634   0.0974  -0.2035  -0.0170   0.0614
 -0.0790   0.1994   0.0882  -0.1930  -0.0297   0.0364
 -0.0659   0.1472   0.0967  -0.1709  -0.0265   0.0418
 -0.0706   0.1879   0.0911  -0.1833  -0.0358   0.0465
 -0.0604   0.1468   0.0918  -0.1586  -0.0370   0.0446
 -0.0609   0.1651   0.0878  -0.1527  -0.0549   0.0157
 -0.0706   0.1508   0.0908  -0.1737  -0.0482   0.0628
 -0.0546   0.1402   0.1024  -0.1280  -0.0420   0.0155
 -0.0645   0.1566   0.0891  -0.1526  -0.0347   0.0622
 -0.0585   0.1124   0.0880  -0.1010  -0.0318   0.0386
 -0.0668   0.1434   0.0828  -0.1571  -0.0235   0.0661
 -0.0404   0.0963   0.0794  -0.0975  -0.0121   0.0300
 -0.0324   0.1032   0.0825  -0.1037   0.0002   0.0449
 -0.0434   0.0944   0.0840  -0.1052  -0.0097   0.0533
 -0.0464   0.0981   0.0703  -0.1180  -0.0148   0.0456
 -0.0566   0.1102   0.0777  -0.1191  -0.0186   0.0500
 -0.0381   0.0804   0.0770  -0.0668  -0.0215   0.0226
 -0.0455   0.1040   0.0856  -0.0940  -0.0190   0.0493
 -0.0449   0.1358   0.0662  -0.1430  -0.0181   0.0423
 -0.0403   0.1067   0.0648  -0.1177  -0.0146   0.0290
 -0.0428   0.1231   0.0528  -0.1308  -0.0215   0.0311
 -0.0467   0.1256   0.0556  -0.1146  -0.0090   0.0372
 -0.0363   0.0831   0.0569  -0.0753  -0.0192   0.0097
 -0.0412   0.1334   0.0489  -0.1456  -0.0043   0.0561
 -0.0413   0.0919   0.0497  -0.0937  -0.0242   0.0174
 -0.0343   0.0953   0.0683  -0.1409   0.0017   0.0220
 -0.0273   0.1313   0.0696  -0.1543   0.0028   0.0347
 -0.0273   0.1163   0.0759  -0.1806  -0.0003   0.0605
 -0.0217   0.1006   0.0597  -0.1052  -0.0033   0.0013
 -0.0248   0.1045   0.0543  -0.1543   0.0058   0.0663
 -0.0086   0.0923   0.0659  -0.1286  -0.0011  -0.0037
 -0.0128   0.1507   0.0576  -0.1696   0.0012   0.0539
 -0.0085   0.1048   0.0645  -0.1416  -0.0022   0.0194
 -0.0223   0.1425   0.0509  -0.1503  -0.0137   0.0418
 -0.0110   0.0830   0.0534  -0.1493  -0.0049   0.0366
 -0.0105   0.1362   0.0496  -0.1471  -0.0071   0.0323
 -0.0065   0.0929   0.0500  -0.1496  -0.0021   0.0467
 -0.0100   0.1134   0.0523  -0.1413  -0.0063   0.0269
 -0.0068   0.1093   0.0483  -0.1529   0.0069   0.0595
  0.0065   0.0947   0.0737  -0.1369   0.0175   0.0115
  0.0042   0.1406   0.0686  -0.1838   0.0180   0.0531
  0.0106   0.0995   0.0629  -0.1468   0.0190   0.0305
  0.0095   0.1200   0.0643  -0.1763   0.0225   0.0511
  0.0142   0.1283   0.0589  -0.1690   0.0216   0.0516
  0.0193   0.0875   0.0578  -0.1798   0.0113   0.0195
  0.0100   0.1475   0.0628  -0.1936   0.0139   0.0489
  0.0179   0.1019   0.0474  -0.1584   0.0077   0.0165
  0.0098   0.1290   0.0617  -0.1873   0.0030   0.0407
  0.0083   0.0943   0.0621  -0.1438   0.0021   0.0238
  0.0112   0.1324   0.0617  -0.1881   0.0067   0.0639
  0.0205   0.0964   0.0583  -0.1266   0.0164   0.0112
  0.0136   0.1311   0.0585  -0.1712   0.0148   0.0417
  0.0161   0.0911   0.0533  -0.1244   0.0093   0.0216
  0.0018   0.1285   0.0645  -0.1690   0.0215   0.0698
  0.0199   0.0898   0.0591  -0.1115   0.0112   0.0134
  0.0107   0.1290   0.0625  -0.1726   0.0248   0.0795
  0.0197   0.0807   0.0553  -0.0881   0.0109   0.0282
  0.0068   0.1143   0.0627  -0.1483   0.0169   0.0715
  0.0135   0.0802   0.0518  -0.0857   0.0126   0.0338
  0.0020   0.1152   0.0461  -0.1823   0.0089   0.0855
  0.0117   0.0664   0.0441  -0.0811  -0.0082   0.0086
  0.0002   0.1105   0.0452  -0.1905   0.0036   0.0875
  0.0094   0.0674   0.0490  -0.0646  -0.0164   0.0212
 -0.0001   0.0904   0.0438  -0.1458  -0.0091   0.0739
  0.0053   0.0490   0.0321  -0.0563  -0.0149   0.0167
  0.0070   0.0557   0.0368  -0.1049  -0.0080   0.0508
 -0.0095   0.0154   0.0168  -0.0242  -0.0371   0.0099
 -0.0323   0.0146  -0.0002  -0.0496  -0.0511   0.0446
 -0.0347  -0.0020   0.0021  -0.0234  -0.0501   0.0323
 -0.0345   0.0200  -0.0094  -0.0579  -0.0559   0.0519
 -0.0227   0.0202   0.0047  -0.0596  -0.0386   0.0418
 -0.0281   0.0201   0.0028  -0.0673  -0.0423   0.0368
 -0.0333   0.0103  -0.0113  -0.0589  -0.0505   0.0324
 -0.0122  -0.0030  -0.0111  -0.0798  -0.0523  -0.0082
 -0.0282   0.0745   0.0219  -0.1078  -0.0226   0.0345
 -0.0028   0.0114   0.0033  -0.0449  -0.0238   0.0010
 -0.0219   0.0575   0.0050  -0.1060  -0.0380   0.0369
 -0.0062   0.0038  -0.0089  -0.0214  -0.0379  -0.0198
 -0.0169   0.0303  -0.0002  -0.0809  -0.0423   0.0337
 -0.0152   0.0078  -0.0029  -0.0383  -0.0393   0.0024
 -0.0279   0.0127  -0.0057  -0.0814  -0.0355   0.0461
 -0.0255   0.0029  -0.0148  -0.0201  -0.0453  -0.0014
 -0.0068  -0.0112  -0.0098  -0.0417  -0.0483   0.0097
 -0.0130   0.0087  -0.0075  -0.0324  -0.0444   0.0163
 -0.0101  -0.0278  -0.0051  -0.0115  -0.0447   0.0092
 -0.0252   0.0151  -0.0089  -0.0502  -0.0362   0.0421
 -0.0227  -0.0425  -0.0222   0.0207  -0.0675  -0.0066
 -0.0223  -0.0101  -0.0112  -0.0196  -0.0565   0.0339
  0.0031  -0.0703  -0.0028   0.0646  -0.0488  -0.0120
 -0.0072  -0.0348  -0.0216   0.0092  -0.0583   0.0321
  0.0061  -0.1050  -0.0339   0.1275  -0.0982  -0.0396
 -0.0037  -0.0544  -0.0298   0.0401  -0.1047   0.0237
  0.0179  -0.0885  -0.0335   0.1170  -0.1026  -0.0286
  0.0297  -0.0508  -0.0326   0.0507  -0.1207   0.0074
  0.0320  -0.0505  -0.0354   0.0683  -0.1165  -0.0034
  0.0188  -0.0051  -0.0401   0.0071  -0.1315  -0.0182
  0.0258   0.0627  -0.0249  -0.0127  -0.1239  -0.0033
  0.0392  -0.0036  -0.0096   0.0356  -0.1128  -0.0295
  0.0344   0.0391  -0.0222  -0.0055  -0.1054   0.0158
  0.0440   0.0012  -0.0208   0.0597  -0.1092  -0.0288
  0.0431   0.0312  -0.0296  -0.0007  -0.1094  -0.0008
  0.0462  -0.0176  -0.0247   0.0836  -0.1146  -0.0511
  0.0394  -0.0061  -0.0106   0.0231  -0.1061  -0.0069
  0.0337  -0.0168  -0.0113   0.0647  -0.0946  -0.0361
  0.0485  -0.0423  -0.0079   0.0772  -0.1119  -0.0554
  0.0460  -0.0013  -0.0097   0.0482  -0.0950  -0.0394
  0.0571  -0.0625   0.0024   0.1126  -0.0888  -0.0581
  0.0520  -0.0210  -0.0136   0.0619  -0.0854  -0.0202
  0.0581  -0.0549  -0.0025   0.0902  -0.0894  -0.0538
  0.0455   0.0235  -0.0070  -0.0037  -0.0723  -0.0025
  0.0701  -0.0354   0.0036   0.0819  -0.0666  -0.0573
  0.0679  -0.0111  -0.0130   0.0129  -0.0603   0.0216
  0.0711  -0.0816  -0.0071   0.1167  -0.0636  -0.0699
  0.0642  -0.0172  -0.0054   0.0170  -0.0492  -0.0102
  0.0649  -0.0534  -0.0050   0.0808  -0.0627  -0.0407
  0.0529  -0.0249  -0.0175   0.0578  -0.0740  -0.0161
  0.0611  -0.0593  -0.0020   0.0708  -0.0615  -0.0325
  0.0494  -0.0138  -0.0203   0.0258  -0.0666  -0.0140
  0.0522  -0.0504  -0.0142   0.0875  -0.0656  -0.0139
  0.0485  -0.0268  -0.0183   0.0371  -0.0601  -0.0040
  0.0568  -0.0515  -0.0215   0.0702  -0.0672  -0.0251
  0.0415  -0.0374  -0.0210   0.0240  -0.0711  -0.0065
  0.0277  -0.0450  -0.0152   0.0585  -0.0687  -0.0086
  0.0056  -0.1126  -0.0249  -0.0047  -0.0109  -0.0189
  0.0281  -0.1169  -0.0617   0.0576   0.0082  -0.0529
  0.0258  -0.0917  -0.0420   0.0248  -0.0063  -0.0252
  0.0192  -0.0924  -0.0608   0.0701  -0.0176  -0.0282
  0.0302  -0.1096  -0.0720   0.0774  -0.0176  -0.0380
  0.0347  -0.1155  -0.0678   0.0778  -0.0161  -0.0286
  0.0325  -0.1050  -0.0577   0.0799  -0.0324  -0.0404
  0.0257  -0.0952  -0.0591   0.0656  -0.0311  -0.0276
  0.0285  -0.1227  -0.0707   0.1232  -0.0562  -0.0588
  0.0257  -0.0797  -0.0634   0.0541  -0.0349  -0.0214
  0.0247  -0.0915  -0.0560   0.1075  -0.0383  -0.0570
 -0.0236  -0.2027  -0.1135   0.0858   0.0087   0.0195
 -0.0980  -0.4230  -0.1298   0.6366  -0.0132  -0.0058
 -0.1049  -0.3391  -0.1176   0.4270  -0.0181  -0.0226
 -0.0858  -0.2973  -0.1612   0.3932   0.0032  -0.0464
 -0.1132  -0.4710  -0.1917   0.7074  -0.0256   0.0729
 -0.0670  -0.3838  -0.1719   0.3571  -0.0306  -0.0485
 -0.0528  -0.2776  -0.1868   0.2970  -0.0247  -0.0353
 -0.0573  -0.3182  -0.2008   0.2992  -0.0563  -0.0434
 -0.0128  -0.3284  -0.1888   0.3721  -0.0378  -0.0759
 -0.0224  -0.2902  -0.1811   0.2071   0.0218  -0.0143
 -0.0052  -0.3818  -0.2214   0.3804   0.0128  -0.0893
 -0.0118  -0.3486  -0.2053   0.2853  -0.0032  -0.0320
  0.0063  -0.3662  -0.2090   0.3825  -0.0046  -0.0767
  0.0227  -0.3561  -0.2007   0.3062   0.0172  -0.0597
  0.0238  -0.3519  -0.2047   0.3554   0.0164  -0.0842
  0.0237  -0.3738  -0.2049   0.3262   0.0162  -0.0803
  0.0111  -0.3369  -0.1958   0.3402   0.0260  -0.0595
  0.0523  -0.4274  -0.1982   0.3861   0.0208  -0.1089
  0.0388  -0.3313  -0.1896   0.3383   0.0214  -0.0588
  0.0409  -0.3665  -0.1744   0.3545   0.0373  -0.0772
  0.0499  -0.3139  -0.1528   0.3224   0.0554  -0.0628
  0.0527  -0.3557  -0.1628   0.3654   0.0553  -0.0666
  0.0406  -0.3151  -0.1743   0.3180   0.0498  -0.0388
  0.0560  -0.3643  -0.1598   0.3642   0.0441  -0.0770
  0.0534  -0.3373  -0.1671   0.3234   0.0519  -0.0671
  0.0464  -0.3544  -0.1555   0.3609   0.0393  -0.0704
  0.0433  -0.3240  -0.1562   0.3181   0.0501  -0.0649
  0.0423  -0.2953  -0.1591   0.3225   0.0193  -0.0753
  0.0373  -0.2239  -0.1551   0.1762   0.0165  -0.0276
  0.0587  -0.2880  -0.1504   0.2907   0.0425  -0.0965
  0.0651  -0.2662  -0.1383   0.2340   0.0509  -0.0625
  0.0784  -0.2679  -0.1399   0.3018   0.0745  -0.0978
  0.0910  -0.3046  -0.1480   0.3011   0.0795  -0.1027
  0.0897  -0.2492  -0.1490   0.2772   0.0834  -0.1006
  0.1176  -0.2576  -0.1407   0.2976   0.0955  -0.1320
  0.0990  -0.2042  -0.1461   0.2187   0.0949  -0.0754
  0.1173  -0.2784  -0.1567   0.3365   0.0945  -0.1270
  0.1059  -0.2517  -0.1541   0.2490   0.0947  -0.0823
  0.1612  -0.3236  -0.1438   0.3674   0.1610  -0.1321
  0.1756  -0.2976  -0.1309   0.2869   0.1841  -0.1014
  0.1685  -0.2878  -0.1267   0.3406   0.1723  -0.1226
  0.1327  -0.2909  -0.1463   0.2559   0.1516  -0.1080
  0.1300  -0.2777  -0.1519   0.2304   0.1466  -0.1070
  0.1399  -0.2749  -0.1506   0.2349   0.1621  -0.1077
  0.1392  -0.2540  -0.1501   0.2811   0.1685  -0.1081
  0.1543  -0.2845  -0.1622   0.2889   0.1702  -0.1174
  0.1493  -0.2477  -0.1498   0.2630   0.1645  -0.1076
  0.1632  -0.2828  -0.1447   0.3004   0.1736  -0.1345
  0.1806  -0.2873  -0.1305   0.2906   0.1816  -0.0942
  0.1903  -0.3172  -0.1340   0.2955   0.1869  -0.1269
  0.1902  -0.2606  -0.1221   0.2353   0.1996  -0.1000
  0.2171  -0.3202  -0.1250   0.3361   0.2030  -0.1482
  0.1942  -0.2521  -0.1269   0.2597   0.2045  -0.0833
  0.2191  -0.3090  -0.1268   0.3394   0.2054  -0.1513
  0.1976  -0.2356  -0.1199   0.2290   0.2034  -0.0795
  0.2022  -0.2922  -0.1350   0.3171   0.2016  -0.1276
  0.2061  -0.2666  -0.1279   0.2183   0.2041  -0.0720
  0.2093  -0.2818  -0.1371   0.3578   0.1754  -0.1507
  0.2299  -0.1452  -0.1179   0.3758   0.1569  -0.0820
  0.2423  -0.1344  -0.0931   0.3241   0.1711  -0.1178
  0.2237  -0.1647  -0.1119   0.2030   0.1580  -0.1200
  0.2407  -0.1890  -0.1011   0.2398   0.1872  -0.1279
  0.2535  -0.2443  -0.1169   0.3665   0.1723  -0.1434
  0.2439  -0.1553  -0.1068   0.3285   0.1706  -0.1045
  0.2544  -0.2337  -0.0939   0.3341   0.1631  -0.1476
  0.2624  -0.1961  -0.0974   0.3093   0.1798  -0.1207
  0.2601  -0.2538  -0.0950   0.3515   0.1839  -0.1389
  0.2674  -0.2261  -0.1009   0.2799   0.1970  -0.1192
