  0.0601  -0.2421  -0.1029   0.1397   0.0164   0.0865
  0.0631  -0.2814  -0.1412   0.0695   0.0190   0.1167
  0.0732  -0.3303  -0.1135   0.2109   0.0128   0.0714
  0.0527  -0.3311  -0.1277   0.1996  -0.0058   0.0582
  0.0655  -0.3338  -0.1032   0.2478  -0.0286   0.0671
  0.0762  -0.3506  -0.1224   0.2350  -0.0162   0.0584
  0.0561  -0.3462  -0.1002   0.2518   0.0020   0.0642
  0.0647  -0.3084  -0.1066   0.2366   0.0024   0.0627
  0.0694  -0.3062  -0.0908   0.2405  -0.0063   0.0482
  0.0811  -0.2796  -0.0847   0.2104   0.0018   0.0577
  0.0777  -0.2458  -0.0778   0.1841   0.0361   0.0494
  0.0613  -0.1897  -0.0660   0.1616  -0.0800   0.0518
  0.0559  -0.2000  -0.0714   0.1721  -0.0519   0.0554
  0.0802  -0.2073  -0.0779   0.2037  -0.0552   0.0311
  0.1137  -0.2300  -0.0631   0.1786  -0.0125   0.0380
  0.0889  -0.2059  -0.0609   0.2028   0.0149   0.0300
  0.0698  -0.2358  -0.0908   0.1803  -0.0174   0.0420
  0.0609  -0.2141  -0.0863   0.1810  -0.0010   0.0539
  0.0595  -0.2328  -0.0702   0.2020  -0.0168   0.0293
  0.0964  -0.2169  -0.0553   0.1532  -0.0003   0.0488
  0.0907  -0.1950  -0.0522   0.1467   0.0163   0.0545
  0.0737  -0.1842  -0.0580   0.1550  -0.0109   0.0463
  0.0530  -0.2247  -0.0813   0.1307  -0.0003   0.0314
  0.0197  -0.2391  -0.0450   0.1446  -0.0212   0.0451
  0.0500  -0.2077  -0.0786   0.1611  -0.0038   0.0462
  0.0274  -0.1968  -0.0627   0.1667   0.0080   0.0516
  0.0235  -0.1987  -0.0704   0.1642  -0.0087   0.0253
  0.0164  -0.1921  -0.0613   0.1542  -0.0009   0.0495
  0.0128  -0.1959  -0.0649   0.1606   0.0041   0.0407
  0.0014  -0.1880  -0.0733   0.1358  -0.0151   0.0448
  0.0143  -0.1956  -0.0619   0.1373  -0.0136   0.0429
  0.0042  -0.1702  -0.0482   0.1258  -0.0149   0.0493
  0.0009  -0.2014  -0.0601   0.1384  -0.0264   0.0296
  0.0145  -0.1812  -0.0427   0.1330  -0.0182   0.0501
  0.0146  -0.1805  -0.0414   0.1464  -0.0278   0.0248
  0.0086  -0.1744  -0.0522   0.1236  -0.0029   0.0489
  0.0222  -0.1852  -0.0340   0.1719  -0.0115   0.0175
  0.0195  -0.1880  -0.0540   0.1400  -0.0010   0.0280
  0.0110  -0.1697  -0.0446   0.1571  -0.0159   0.0372
  0.0008  -0.1646  -0.0494   0.1326  -0.0005   0.0509
  0.0330  -0.1794  -0.0308   0.1559   0.0147   0.0185
  0.0479  -0.1629  -0.0290   0.1167   0.0276   0.0240
  0.0342  -0.1800  -0.0453   0.1328   0.0074   0.0287
  0.0247  -0.1617  -0.0422   0.1486   0.0020   0.0303
  0.0591  -0.1573  -0.0220   0.1601   0.0065   0.0005
  0.0621  -0.1670  -0.0273   0.1181   0.0385   0.0417
  0.0510  -0.1497  -0.0198   0.1267   0.0118   0.0151
  0.0451  -0.1445  -0.0691   0.0543   0.0174   0.0549
  0.0255  -0.1549  -0.0395   0.0880  -0.0148   0.0469
  0.0224  -0.1454  -0.0254   0.0978  -0.0187   0.0442
  0.0391  -0.1729  -0.0194   0.1443  -0.0066   0.0272
  0.0017  -0.1398  -0.0382   0.0989  -0.0306   0.0339
 -0.0123  -0.1544  -0.0352   0.1108  -0.0569   0.0170
  0.0185  -0.1266  -0.0232   0.0937  -0.0289   0.0175
  0.0088  -0.1368  -0.0322   0.0839  -0.0365   0.0150
  0.0078  -0.1318  -0.0275   0.0823  -0.0276   0.0278
  0.0123  -0.1551  -0.0198   0.1111  -0.0393   0.0017
  0.0407  -0.0985   0.0160   0.1300  -0.0228   0.0069
  0.0507  -0.0577   0.0045   0.0645  -0.0058   0.0014
  0.0364  -0.0667   0.0143   0.1147  -0.0295  -0.0046
  0.0107  -0.0957  -0.0020   0.0901  -0.0298  -0.0142
  0.0211  -0.0831   0.0169   0.1225  -0.0148   0.0042
  0.0376  -0.0584   0.0185   0.0995   0.0185   0.0149
  0.0360  -0.0694   0.0197   0.0843   0.0134  -0.0080
  0.0286  -0.0779   0.0143   0.0640  -0.0133   0.0000
  0.0152  -0.0739   0.0166   0.0747  -0.0023  -0.0148
  0.0104  -0.0864   0.0186   0.0750  -0.0047  -0.0108
  0.0153  -0.0709   0.0175   0.0633  -0.0012   0.0254
  0.0417  -0.0549   0.0197   0.0850   0.0172   0.0004
  0.0199  -0.0673   0.0085   0.0672   0.0080  -0.0058
  0.0084  -0.0859   0.0135   0.0953  -0.0124   0.0121
  0.0103  -0.0254  -0.0040  -0.0024   0.0118   0.0180
  0.0043  -0.0459   0.0352   0.0295  -0.0128   0.0100
  0.0092  -0.0667   0.0214  -0.0119  -0.0015   0.0422
  0.0047  -0.0526   0.0319   0.0207   0.0101   0.0141
 -0.0000  -0.0629   0.0300   0.0277  -0.0105   0.0043
 -0.0068  -0.0480   0.0272   0.0299  -0.0143   0.0135
 -0.0038  -0.0578   0.0509   0.0203  -0.0188   0.0111
 -0.0262  -0.0257   0.0158   0.0131  -0.0261   0.0011
 -0.0270  -0.0412   0.0238  -0.0013  -0.0190   0.0103
 -0.0205  -0.0345   0.0328   0.0166  -0.0125   0.0089
 -0.0170  -0.0519   0.0162   0.0188  -0.0140  -0.0039
 -0.0101  -0.0266   0.0335   0.0260   0.0103   0.0173
 -0.0053  -0.0280   0.0344   0.0355  -0.0006  -0.0027
  0.0098  -0.0251   0.0341   0.0122   0.0072   0.0172
 -0.0032  -0.0248   0.0257   0.0113   0.0001   0.0096
 -0.0026  -0.0473   0.0270   0.0116  -0.0020  -0.0154
  0.0083  -0.0166   0.0376   0.0113   0.0000   0.0022
  0.0220  -0.0290   0.0321   0.0174   0.0018  -0.0184
  0.0204   0.0072   0.0385  -0.0229   0.0172   0.0204
  0.0231   0.0233   0.0434  -0.0166   0.0104  -0.0118
  0.0196   0.0147   0.0245  -0.0296   0.0106   0.0024
  0.0115   0.0097   0.0373  -0.0218   0.0024  -0.0025
  0.0258  -0.0094   0.0503  -0.0102   0.0130  -0.0080
 -0.0127   0.1028   0.0042  -0.1637   0.0416   0.0577
 -0.0057   0.0573   0.0135  -0.1070  -0.0250   0.0143
  0.0006   0.0521   0.0095  -0.1150  -0.0156   0.0419
 -0.0239   0.0857   0.0124  -0.0774   0.0044   0.0138
 -0.0076   0.0617   0.0110  -0.0577  -0.0015  -0.0084
 -0.0145   0.0584   0.0206  -0.0664   0.0080  -0.0010
 -0.0145   0.0596   0.0117  -0.0411  -0.0212   0.0108
 -0.0094   0.0534   0.0356  -0.0061  -0.0217  -0.0213
  0.0016   0.0758   0.0470  -0.0773  -0.0050   0.0080
  0.0116   0.0734   0.0309  -0.1114   0.0385   0.0067
 -0.0030   0.0856   0.0475  -0.0757   0.0153   0.0158
 -0.0091   0.0758   0.0298  -0.1155   0.0294   0.0183
 -0.0044   0.0783   0.0290  -0.0686   0.0050   0.0057
  0.0196   0.1212   0.0412  -0.1138   0.0534   0.0279
  0.0146   0.1018   0.0370  -0.0777   0.0450   0.0013
 -0.0037   0.1063   0.0348  -0.0643   0.0356   0.0072
 -0.0015   0.1016   0.0249  -0.0549   0.0301  -0.0084
 -0.0086   0.0885   0.0249  -0.0725   0.0139  -0.0187
 -0.0195   0.1112   0.0294  -0.0553   0.0281  -0.0139
 -0.0162   0.1040   0.0336  -0.0671   0.0188  -0.0238
 -0.0264   0.1036   0.0307  -0.0717   0.0251  -0.0200
 -0.0250   0.1212   0.0258  -0.0584   0.0248  -0.0166
 -0.0158   0.1205   0.0301  -0.0364   0.0165  -0.0296
 -0.0266   0.2296  -0.0284  -0.1949  -0.0021  -0.0100
 -0.0397   0.1439  -0.0078  -0.1387  -0.0045  -0.0135
 -0.0288   0.1472   0.0214  -0.1116   0.0085  -0.0025
 -0.0315   0.1619   0.0106  -0.1037   0.0131  -0.0158
 -0.0271   0.1359   0.0067  -0.0957   0.0025  -0.0446
 -0.0152   0.1689   0.0206  -0.0819   0.0198  -0.0304
 -0.0355   0.1462   0.0258  -0.0905  -0.0059  -0.0306
 -0.0390   0.1112   0.0230  -0.0933   0.0100  -0.0253
 -0.0355   0.1459   0.0318  -0.1011   0.0345  -0.0251
 -0.0386   0.1504   0.0278  -0.0877   0.0168  -0.0097
 -0.0330   0.1340   0.0192  -0.0840   0.0014  -0.0244
 -0.0343   0.1321   0.0090  -0.0876   0.0081  -0.0161
 -0.0253   0.1464   0.0172  -0.0786   0.0066  -0.0195
 -0.0405   0.1486   0.0131  -0.0645   0.0147  -0.0296
 -0.0283   0.1264   0.0112  -0.1434   0.0049  -0.0247
 -0.0463   0.1250   0.0109  -0.0963  -0.0138  -0.0220
 -0.0305   0.1456   0.0217  -0.1272   0.0238  -0.0134
 -0.0389   0.1344   0.0052  -0.1089   0.0075  -0.0240
 -0.0257   0.1353   0.0100  -0.1395   0.0166  -0.0117
  0.0005   0.1534   0.0280  -0.1117   0.0403  -0.0477
 -0.0044   0.1747   0.0189  -0.1734   0.0423  -0.0354
 -0.0172   0.1420   0.0334  -0.0882   0.0305  -0.0555
 -0.0173   0.2339   0.0127  -0.2425   0.0576  -0.0021
 -0.0501   0.2120   0.0281  -0.2795   0.0108   0.0153
 -0.0504   0.1414   0.0371  -0.2160  -0.0170   0.0088
 -0.0384   0.1552   0.0375  -0.2046   0.0097  -0.0006
 -0.0344   0.1456   0.0596  -0.1233  -0.0196  -0.0253
 -0.0601   0.1941   0.0506  -0.1612   0.0015  -0.0207
 -0.0275   0.1651   0.0708  -0.0887  -0.0510  -0.0550
 -0.0447   0.2012   0.0549  -0.1243  -0.0110  -0.0377
 -0.0322   0.1890   0.0629  -0.1056  -0.0653  -0.0397
 -0.0569   0.1947   0.0319  -0.1885  -0.0006  -0.0043
 -0.0365   0.1986   0.0485  -0.0536  -0.0628  -0.0771
 -0.0505   0.2204   0.0406  -0.0810   0.0117  -0.0615
 -0.0543   0.1981   0.0484  -0.0071  -0.0334  -0.0913
 -0.0613   0.2009   0.0069  -0.0837  -0.0049  -0.0757
 -0.0698   0.1860   0.0266  -0.0293  -0.0172  -0.1001
 -0.0669   0.1901   0.0307  -0.0640  -0.0085  -0.0853
 -0.0705   0.1986   0.0424  -0.0627   0.0105  -0.0718
 -0.0663   0.1849   0.0282  -0.0878   0.0036  -0.0790
 -0.0723   0.1826   0.0482  -0.0723  -0.0062  -0.0823
 -0.0717   0.1733   0.0188  -0.1046   0.0049  -0.0741
 -0.0818   0.1892   0.0113  -0.1665   0.0166  -0.0480
 -0.0852   0.1869   0.0470  -0.1627  -0.0098  -0.0526
 -0.0808   0.2050   0.0290  -0.1482   0.0014  -0.0311
 -0.0761   0.2044   0.0300  -0.1603  -0.0115  -0.0552
 -0.0819   0.2115   0.0241  -0.1405  -0.0173  -0.0678
 -0.0895   0.2320   0.0241  -0.1721  -0.0251  -0.0336
 -0.0774   0.2261   0.0341  -0.1843  -0.0084  -0.0389
 -0.0639   0.2309   0.0417  -0.1385  -0.0083  -0.0628
 -0.0588   0.2562   0.0450  -0.1778   0.0030  -0.0699
 -0.0619   0.2328   0.0383  -0.2338   0.0064  -0.0585
 -0.0338   0.2614   0.0481  -0.1988   0.0122  -0.0829
 -0.0461   0.2758   0.0416  -0.2348   0.0054  -0.0564
 -0.0422   0.2568   0.0515  -0.2491   0.0056  -0.0525
 -0.0643   0.2770   0.0620  -0.2348  -0.0045  -0.0631
 -0.0319   0.3095   0.0840  -0.2501   0.0203  -0.0489
  0.0025   0.3205   0.0726  -0.2878   0.0907  -0.0492
  0.0161   0.3211   0.0737  -0.2078   0.0739  -0.0958
