 -0.1402  -0.4994  -0.0855  -0.4975  -0.0139   0.1647
 -0.1255  -0.5417  -0.0936  -0.2856  -0.0364   0.2837
 -0.1288  -0.5764  -0.0905  -0.3472  -0.0276   0.2232
 -0.1236  -0.5641  -0.0909  -0.3100  -0.0264   0.2502
 -0.1224  -0.5988  -0.0895  -0.3306  -0.0169   0.2205
 -0.1297  -0.6060  -0.0865  -0.3177  -0.0231   0.1765
 -0.1244  -0.5746  -0.0715  -0.3138  -0.0061   0.3660
 -0.1220  -0.5879  -0.0826  -0.2962  -0.0215   0.0891
 -0.1158  -0.5858  -0.0694  -0.2680  -0.0204   0.2872
 -0.1224  -0.6144  -0.0771  -0.3225  -0.0143   0.1584
 -0.1254  -0.5937  -0.0818  -0.3261  -0.0087   0.2493
 -0.1227  -0.5712  -0.0762  -0.3085  -0.0208   0.2257
 -0.1186  -0.5932  -0.0830  -0.3483  -0.0178   0.1670
 -0.1189  -0.5565  -0.0912  -0.2814  -0.0357   0.2967
 -0.1230  -0.6103  -0.0995  -0.3062  -0.0253   0.1177
 -0.1207  -0.5766  -0.0897  -0.3076  -0.0255   0.2679
 -0.1193  -0.5732  -0.0937  -0.2969  -0.0247   0.2361
 -0.1158  -0.5586  -0.0935  -0.2927  -0.0293   0.1899
 -0.1124  -0.5726  -0.1059  -0.3269  -0.0176   0.1151
 -0.1044  -0.2986  -0.0705  -0.4727  -0.0262   0.2390
 -0.1402   0.0007  -0.1174  -0.6829  -0.0179   0.1692
 -0.1426   0.0540  -0.1138  -0.5991  -0.0209   0.2436
 -0.1302   0.0331  -0.0826  -0.6305  -0.0156   0.1010
 -0.1051   0.0377  -0.0509  -0.6034  -0.0094   0.2096
 -0.1147  -0.0143  -0.0525  -0.6207  -0.0010   0.0830
 -0.1104  -0.0091  -0.0335  -0.6255   0.0095   0.2447
 -0.1125  -0.1016  -0.0571  -0.5615   0.0144   0.1241
 -0.1023  -0.1113  -0.0621  -0.5485   0.0215   0.1781
 -0.1020  -0.1290  -0.0673  -0.4857   0.0249   0.1718
 -0.1230  -0.2772  -0.0762  -0.5005   0.0308   0.1459
 -0.1211  -0.2892  -0.0740  -0.4817   0.0157   0.1334
 -0.1172  -0.2671  -0.0589  -0.4638   0.0193   0.1700
 -0.1067  -0.2489  -0.0625  -0.4365   0.0153   0.2403
 -0.1114  -0.2138  -0.0684  -0.5534   0.0071   0.0456
 -0.1096  -0.1875  -0.0617  -0.5483   0.0025   0.1668
 -0.0985  -0.1947  -0.0586  -0.4574   0.0009   0.2397
 -0.1081  -0.2297  -0.0696  -0.5366   0.0079   0.0644
 -0.0999  -0.1997  -0.0427  -0.4936   0.0108   0.2108
 -0.0923  -0.2251  -0.0498  -0.4725   0.0054   0.0815
 -0.1029  -0.2566  -0.0476  -0.5437   0.0044   0.0755
 -0.0911  -0.2136  -0.0397  -0.4297   0.0119   0.2817
 -0.1032  -0.2745  -0.0544  -0.5428   0.0172  -0.0529
 -0.1164  -0.2943  -0.0579  -0.6530   0.0097   0.1099
 -0.0910  -0.2499  -0.0281  -0.3916   0.0154   0.3362
 -0.0873  -0.2518  -0.0332  -0.4651   0.0129   0.1297
 -0.0690  -0.2222  -0.0234  -0.4187   0.0222   0.1773
 -0.0687  -0.3282  -0.0171  -0.4462   0.0316   0.1309
 -0.0666  -0.3542  -0.0017  -0.4287   0.0311   0.2165
 -0.0853  -0.3564  -0.0167  -0.4596   0.0384   0.0685
 -0.0918  -0.3924  -0.0156  -0.4326   0.0462   0.2010
 -0.0992  -0.3994  -0.0053  -0.4832   0.0284   0.1369
 -0.0784  -0.4396  -0.0036  -0.4564   0.0166   0.1600
 -0.1016  -0.4869  -0.0520  -0.5220   0.0269   0.1437
 -0.0991  -0.4652  -0.0843  -0.7141   0.0093   0.0362
 -0.0843  -0.1690   0.0046  -0.6948  -0.0011   0.2221
 -0.0871  -0.3512  -0.0601  -0.6246   0.0004   0.0587
 -0.0990  -0.2990  -0.0312  -0.6585  -0.0152   0.1768
 -0.0965  -0.2722  -0.0207  -0.6831  -0.0129   0.0892
 -0.1035  -0.2860  -0.0262  -0.6473  -0.0077   0.1877
 -0.1019  -0.2633  -0.0161  -0.6396  -0.0042   0.1288
 -0.1016  -0.3026  -0.0288  -0.7044   0.0023   0.1042
 -0.0961  -0.2584  -0.0164  -0.6491   0.0012   0.2062
 -0.0994  -0.2766  -0.0186  -0.6315   0.0061   0.0604
 -0.0959  -0.2650  -0.0116  -0.5900   0.0060   0.1875
 -0.0935  -0.2753  -0.0150  -0.5881   0.0042   0.1851
 -0.0935  -0.2791  -0.0119  -0.5716  -0.0018   0.0685
 -0.0945  -0.2513  -0.0327  -0.5865  -0.0156   0.0970
 -0.0953  -0.2606  -0.0308  -0.5727  -0.0111   0.1479
 -0.0900  -0.2409  -0.0336  -0.6083  -0.0119   0.1155
 -0.0875  -0.2205  -0.0221  -0.6271  -0.0204   0.1613
 -0.0849  -0.2378  -0.0335  -0.5916  -0.0179   0.1091
 -0.0880  -0.2245  -0.0200  -0.5750  -0.0267   0.1281
 -0.0839  -0.2243  -0.0365  -0.5951  -0.0251   0.1290
 -0.0860  -0.2603  -0.0177  -0.5652  -0.0170   0.1218
 -0.1115  -0.3043  -0.0040  -0.5755  -0.0090   0.1692
 -0.1053  -0.2502   0.0079  -0.5851  -0.0074   0.0960
 -0.0953  -0.2633  -0.0058  -0.6035  -0.0021   0.1223
 -0.1025  -0.2529   0.0141  -0.5977  -0.0134   0.1276
 -0.1048  -0.3130   0.0090  -0.5749  -0.0244   0.1366
 -0.1090  -0.3256  -0.0176  -0.5761  -0.0066   0.0795
 -0.1000  -0.2514  -0.0060  -0.5717  -0.0074   0.1416
 -0.0920  -0.3516  -0.0292  -0.5741  -0.0052   0.0579
 -0.0906  -0.3602  -0.0342  -0.5831  -0.0044   0.1149
 -0.0981  -0.3544  -0.0418  -0.5916  -0.0137   0.1079
 -0.0844  -0.3402  -0.0308  -0.5841  -0.0001   0.1271
 -0.0862  -0.3296  -0.0338  -0.6120   0.0043   0.0559
 -0.0866  -0.3155  -0.0306  -0.6057   0.0209   0.1329
 -0.0982  -0.3432  -0.0340  -0.5978   0.0103   0.0497
 -0.0932  -0.3496  -0.0244  -0.6540  -0.0006   0.1206
 -0.1064  -0.3428  -0.0011  -0.5710  -0.0248   0.1429
 -0.1072  -0.2776  -0.0591  -0.8592  -0.0162   0.2388
 -0.1057  -0.4172  -0.0535  -0.8535   0.0170   0.1774
 -0.1220  -0.5860  -0.0259  -0.7968   0.0163   0.0433
 -0.1249  -0.4516  -0.0509  -0.8146   0.0055   0.1639
 -0.1204  -0.5341  -0.0629  -0.7365  -0.0039   0.0107
 -0.0710  -0.6871  -0.0736   0.8206  -0.0190  -0.1330
 -0.0993  -0.6286  -0.1019   0.4488  -0.0000  -0.0293
 -0.0710  -0.2158  -0.0347   0.1876   0.0147  -0.0298
 -0.0202   0.1026   0.0217   0.1233   0.0477  -0.0522
 -0.0193  -0.0422  -0.0052   0.2664   0.0513   0.0953
 -0.0141   0.0371   0.0027   0.2041   0.0236  -0.0723
 -0.0320   0.0399  -0.0253   0.1453   0.0062   0.0377
 -0.0207   0.0357   0.0133   0.1744   0.0254  -0.0611
  0.0088   0.0689   0.0239   0.2264   0.0251   0.0115
 -0.0004   0.0817  -0.0127   0.2629   0.0149   0.0116
  0.0152   0.0709   0.0038   0.2571   0.0246   0.0026
  0.0096   0.0772  -0.0082   0.2864   0.0179  -0.0615
  0.0230   0.1055   0.0078   0.3485   0.0370   0.1017
  0.0301   0.1013  -0.0216   0.3030   0.0100  -0.1087
  0.0427   0.1147  -0.0016   0.3007   0.0209   0.0332
  0.0460   0.1149  -0.0044   0.3422   0.0135   0.0628
  0.0493   0.1042  -0.0018   0.3526   0.0207  -0.0379
  0.0534   0.1493  -0.0017   0.3440   0.0110   0.0724
  0.0566   0.1092  -0.0012   0.3351   0.0180  -0.0801
  0.0583   0.1296   0.0047   0.3449   0.0084   0.0467
  0.0669   0.0962   0.0067   0.3196   0.0220  -0.0083
  0.0592   0.0510   0.0131   0.3294   0.0239   0.0153
  0.0572   0.0259  -0.0013   0.3207   0.0270  -0.0334
  0.0586   0.0304   0.0015   0.3258   0.0360  -0.0121
  0.0581   0.0413   0.0032   0.3264   0.0365  -0.0104
  0.0639   0.0691   0.0058   0.3166   0.0302  -0.0150
  0.0614   0.1508   0.0207   0.2726   0.0280   0.0002
  0.0554   0.2521   0.0118   0.2470   0.0170  -0.0240
  0.0585   0.2328   0.0101   0.2587   0.0225  -0.0290
  0.0659   0.3078   0.0314   0.2233   0.0120  -0.0032
  0.0566   0.2938   0.0388   0.1709   0.0213  -0.0999
  0.0639   0.3375   0.0429   0.1827   0.0221   0.0064
  0.0635   0.3123   0.0097   0.1650   0.0166  -0.0234
  0.0706   0.3117   0.0157   0.1558   0.0172  -0.0119
  0.0707   0.2807   0.0274   0.1917   0.0147  -0.0866
  0.0646   0.2948   0.0242   0.1497   0.0025  -0.0088
  0.0648   0.2745   0.0042   0.1587  -0.0104  -0.0578
  0.0771   0.3666   0.0395   0.1068  -0.0027  -0.0786
  0.0797   0.3489   0.0250   0.1431  -0.0014  -0.0815
  0.0747   0.3497   0.0274   0.1418  -0.0003  -0.0414
  0.0745   0.3378   0.0321   0.1338   0.0072  -0.0603
  0.0795   0.3508   0.0321   0.1353   0.0228  -0.0478
  0.0591   0.2677   0.0168   0.1641   0.0040  -0.0541
  0.0546   0.1652   0.0236   0.1798   0.0224  -0.0350
  0.0580   0.1953   0.0170   0.1926   0.0351  -0.0835
  0.0502   0.1676   0.0090   0.2008   0.0250  -0.0396
  0.0503   0.1905  -0.0009   0.2153   0.0234  -0.0341
  0.0571   0.3302  -0.0044   0.1238   0.0043  -0.1301
  0.0607   0.3421  -0.0070   0.1562   0.0099  -0.0750
  0.0513   0.3546  -0.0166   0.1535   0.0050  -0.0817
  0.0460   0.3046  -0.0168   0.1840  -0.0026  -0.1102
  0.0540   0.3011  -0.0197   0.2272  -0.0065  -0.0959
  0.0536   0.3093  -0.0120   0.2743   0.0042  -0.0433
  0.0575   0.2813  -0.0053   0.2765   0.0072  -0.1113
  0.0615   0.2662  -0.0009   0.2611  -0.0019  -0.0509
  0.0624   0.2755  -0.0057   0.2797  -0.0023  -0.1052
  0.0624   0.2586  -0.0012   0.3284  -0.0033  -0.0762
  0.0590   0.2497  -0.0049   0.2903  -0.0074  -0.0979
  0.0654   0.2456  -0.0048   0.2986  -0.0081  -0.0863
  0.0623   0.2474  -0.0063   0.2995  -0.0151  -0.0687
  0.0640   0.3140   0.0131   0.2379  -0.0172  -0.1027
  0.0681   0.3215   0.0321   0.2233  -0.0087  -0.0656
  0.0639   0.3162   0.0173   0.2649  -0.0027  -0.1085
  0.0632   0.3299   0.0109   0.2402  -0.0054  -0.0898
  0.0655   0.3350   0.0089   0.2652  -0.0015  -0.0787
  0.0653   0.3292   0.0089   0.2506  -0.0058  -0.1138
  0.0624   0.3478   0.0154   0.2803  -0.0043  -0.1122
  0.0637   0.3421   0.0123   0.2325  -0.0064  -0.0638
  0.0653   0.3197   0.0209   0.3605  -0.0023  -0.1346
  0.0644   0.3250   0.0216   0.3465  -0.0009  -0.1317
  0.0649   0.2992   0.0241   0.3412   0.0024  -0.1184
  0.0650   0.2836   0.0255   0.3223  -0.0042  -0.1021
  0.0627   0.2877   0.0230   0.3894  -0.0001  -0.1359
  0.0710   0.2974   0.0212   0.3394  -0.0109  -0.1332
  0.0683   0.2961   0.0266   0.3764   0.0013  -0.1223
  0.0673   0.3003   0.0189   0.3368  -0.0066  -0.0926
  0.0704   0.3008   0.0159   0.3720  -0.0016  -0.1630
  0.0713   0.3106   0.0188   0.3746  -0.0031  -0.0999
  0.0684   0.3096   0.0352   0.4147   0.0076  -0.1134
  0.0671   0.3061   0.0290   0.3610  -0.0057  -0.0832
  0.0530   0.3133   0.0241   0.4608   0.0082  -0.1155
  0.0704   0.3029   0.0264   0.4105   0.0040  -0.0922
  0.0623   0.3120   0.0629   0.7372   0.0575  -0.1819
  0.0231   0.3633   0.0887   0.8818   0.0355  -0.1082
  0.0579   0.3748   0.0535   0.6388  -0.0034  -0.1533
  0.0685   0.3673   0.0574   0.7373   0.0123  -0.1173
  0.0691   0.3775   0.0515   0.6796  -0.0020  -0.1504
  0.0771   0.4009   0.0712   0.6963   0.0094  -0.1355
  0.0844   0.4008   0.0686   0.6532   0.0050  -0.1022
  0.0992   0.4433   0.0766   0.6342   0.0161  -0.1442
  0.1053   0.4687   0.0670   0.6389   0.0125  -0.0975
  0.1128   0.4638   0.0799   0.6496   0.0135  -0.1273
  0.1185   0.4676   0.0727   0.6418   0.0061  -0.1477
  0.1164   0.4576   0.0721   0.6367   0.0060  -0.1775
  0.1209   0.4612   0.0684   0.6268  -0.0036  -0.1216
  0.1205   0.4614   0.0706   0.6147  -0.0139  -0.1650
  0.1041   0.4421   0.0786   0.5798  -0.0282  -0.1029
  0.1120   0.4442   0.0944   0.5763  -0.0281  -0.1647
  0.1099   0.4528   0.0780   0.5771  -0.0243  -0.1324
  0.1102   0.4478   0.0871   0.5785  -0.0203  -0.1045
  0.1065   0.4387   0.0849   0.5616  -0.0235  -0.1583
  0.1084   0.4473   0.0963   0.5642  -0.0180  -0.1288
  0.1067   0.4559   0.0805   0.5758  -0.0131  -0.1604
  0.1140   0.4520   0.0853   0.5691  -0.0149  -0.1302
  0.1127   0.4580   0.0821   0.5624  -0.0249  -0.1343
  0.1124   0.4730   0.0774   0.5404  -0.0238  -0.1591
  0.1148   0.4933   0.0813   0.5425  -0.0356  -0.1120
  0.1210   0.4898   0.0762   0.5482  -0.0349  -0.1520
  0.1194   0.4645   0.0890   0.5453  -0.0277  -0.1508
  0.1211   0.4629   0.0925   0.5333  -0.0270  -0.1479
  0.1150   0.4507   0.0905   0.5240  -0.0305  -0.1192
  0.1150   0.4555   0.0846   0.4995  -0.0256  -0.1426
  0.1169   0.4444   0.0769   0.5058  -0.0341  -0.1952
  0.1189   0.4260   0.0744   0.3607  -0.0212  -0.2047
  0.1179   0.2832   0.0516   0.0846  -0.0224  -0.2544
  0.1178   0.2931   0.0388   0.0690  -0.0417  -0.1603
  0.1135   0.0803   0.0186   0.1805  -0.0225  -0.2980
  0.0883  -0.1159   0.0080   0.1733   0.0049  -0.1441
  0.1013  -0.0981   0.0135   0.1789   0.0156  -0.1506
  0.0910  -0.0828   0.0027   0.2397   0.0150  -0.1883
  0.0928  -0.0757  -0.0007   0.2624   0.0005  -0.2002
  0.1054  -0.0353   0.0154   0.2613   0.0190  -0.2047
  0.1047  -0.0267   0.0052   0.2469   0.0134  -0.2192
  0.0992  -0.0076   0.0005   0.2732   0.0100  -0.1581
  0.0937  -0.0255  -0.0047   0.2793   0.0021  -0.1975
  0.0961  -0.0156   0.0190   0.2903   0.0104  -0.1818
  0.0881  -0.0166   0.0150   0.2876   0.0031  -0.1588
  0.0910  -0.0267   0.0172   0.3049  -0.0025  -0.2056
  0.0912  -0.0174   0.0163   0.3097  -0.0066  -0.1567
  0.0892  -0.0311   0.0151   0.3465  -0.0070  -0.2598
  0.0868  -0.0383   0.0123   0.3480  -0.0082  -0.1600
  0.0809  -0.0548   0.0214   0.3504   0.0001  -0.2112
  0.0777  -0.0826   0.0255   0.3436   0.0091  -0.1700
  0.0814  -0.0935   0.0315   0.3722   0.0095  -0.2074
  0.0735  -0.1209   0.0129   0.3380  -0.0007  -0.1725
  0.0824  -0.1023   0.0119   0.3545  -0.0028  -0.1631
  0.0803  -0.1188   0.0108   0.3319  -0.0061  -0.2144
  0.0811  -0.1292   0.0144   0.3502  -0.0069  -0.1908
  0.0795  -0.1313   0.0103   0.3141  -0.0134  -0.1589
  0.0871  -0.0971   0.0150   0.3502  -0.0070  -0.2052
  0.0739  -0.1713   0.0130   0.3233  -0.0095  -0.1654
