 -0.0688   0.1597  -0.0154  -0.2751  -0.0857  -0.0377
 -0.0749   0.1703   0.0203  -0.2790  -0.0614  -0.0454
 -0.0672   0.1903  -0.0161  -0.2840  -0.0734  -0.0155
 -0.0732   0.2051  -0.0299  -0.2949  -0.0861   0.0496
 -0.0449   0.1932  -0.0433  -0.2665  -0.0802  -0.0453
 -0.0358   0.0669  -0.0414  -0.2334  -0.0855  -0.0519
 -0.0306   0.0719  -0.0288  -0.2735  -0.0704   0.0764
 -0.0392   0.0689  -0.0283  -0.2356  -0.0735   0.0208
 -0.0255   0.0666  -0.0278  -0.2341  -0.0701  -0.0258
 -0.0193   0.0944  -0.0218  -0.2218  -0.0711   0.0416
 -0.0164   0.0879  -0.0264  -0.2259  -0.0627   0.0636
 -0.0187   0.0777  -0.0260  -0.2135  -0.0675  -0.0120
 -0.0189   0.1329  -0.0288  -0.2397  -0.0593   0.0444
 -0.0197   0.0824  -0.0253  -0.2164  -0.0624   0.0393
 -0.0144   0.0937  -0.0325  -0.2089  -0.0632  -0.0290
 -0.0232   0.1171  -0.0250  -0.2283  -0.0598   0.0869
 -0.0113   0.0847  -0.0373  -0.2182  -0.0590   0.0019
 -0.0189   0.0819  -0.0300  -0.2215  -0.0640   0.0067
 -0.0065   0.1027  -0.0347  -0.2236  -0.0578   0.0018
 -0.0247   0.1470  -0.0330  -0.2551  -0.0648   0.0707
 -0.0172   0.1357  -0.0312  -0.2598  -0.0538   0.0184
 -0.0291   0.1365  -0.0400  -0.2546  -0.0615  -0.0013
 -0.0280   0.1963  -0.0457  -0.2966  -0.0606   0.0235
 -0.0220   0.1065  -0.0324  -0.2524  -0.0598   0.0584
 -0.0088   0.1143  -0.0433  -0.2714  -0.0510   0.0035
 -0.0109   0.0759  -0.0512  -0.2578  -0.0580  -0.0782
 -0.0050   0.1627  -0.0453  -0.3086  -0.0540   0.0494
 -0.0294   0.1405  -0.0442  -0.2815  -0.0656   0.0165
 -0.0084   0.1824   0.0026  -0.3284  -0.0569  -0.0007
 -0.0394   0.0443   0.0225   0.1152  -0.0679  -0.2672
 -0.0516   0.0882  -0.0180   0.2939  -0.0447  -0.0404
 -0.0894   0.3928   0.0693   0.1776   0.0116   0.0942
 -0.0803   0.2150   0.0028   0.0300  -0.0174  -0.0488
 -0.0753   0.2437   0.0443   0.0636  -0.0002   0.0062
 -0.0227   0.0204  -0.0175   0.1850   0.0117  -0.0723
 -0.0574  -0.0040   0.0398   0.2102   0.0032   0.0166
 -0.0674  -0.1667   0.0041   0.2611  -0.0069  -0.0171
  0.0515  -0.2360  -0.0987   0.2614   0.0523  -0.0295
  0.0835  -0.1920  -0.0962   0.2470   0.0644   0.0378
  0.0844  -0.1358  -0.0669   0.1984   0.0717   0.0469
  0.0175  -0.1831   0.0301   0.2459   0.0589   0.0339
 -0.0251  -0.2676   0.0119   0.2285   0.0165  -0.0262
  0.1982  -0.2402  -0.1056   0.2050   0.1378   0.0056
  0.0173  -0.3972  -0.0117   0.2832   0.0325  -0.0246
  0.0375   0.0651  -0.0222   0.0883   0.0439   0.1931
  0.0438   0.0103  -0.0133   0.1029   0.0637  -0.0641
  0.0098  -0.0755   0.0580   0.1531   0.0490  -0.1464
 -0.0029  -0.0108   0.0654   0.1282   0.0419   0.0635
  0.0166   0.0054   0.0440   0.0681   0.0414  -0.0510
  0.0007  -0.0176   0.0267   0.1065   0.0389  -0.1262
  0.0059   0.0962   0.0491   0.0278   0.0372   0.0465
 -0.0349   0.0177   0.0179   0.0778   0.0284  -0.1441
  0.0047   0.0525   0.0835   0.1169   0.0512  -0.0006
  0.0221  -0.1385   0.0740   0.1235   0.0618  -0.0400
  0.0069  -0.2174   0.0667   0.1592   0.0659  -0.0889
  0.0317  -0.1278   0.0619   0.1252   0.0589   0.0645
  0.0244  -0.1603   0.0528   0.1550   0.0469  -0.0320
  0.0330  -0.1229   0.0338   0.1579   0.0396   0.0114
  0.0233  -0.1201   0.0429   0.1513   0.0361   0.0402
  0.0443  -0.1489   0.0438   0.1752   0.0318  -0.0146
  0.0182  -0.1003   0.0360   0.1507   0.0356   0.0463
  0.0335  -0.1339   0.0326   0.1514   0.0368   0.0249
  0.0219  -0.1636   0.0289   0.1873   0.0281  -0.0567
  0.0278  -0.1133   0.0275   0.1576   0.0380   0.0675
  0.0174  -0.1329   0.0269   0.1475   0.0291   0.0040
  0.0292  -0.1792   0.0209   0.1511   0.0333  -0.0453
  0.0194  -0.1269   0.0279   0.1403   0.0278   0.0209
  0.0281  -0.1300   0.0206   0.1066   0.0475   0.0614
  0.0111  -0.1145   0.0154   0.0891   0.0381  -0.0489
  0.0320  -0.0890  -0.0318   0.1292   0.0532   0.0310
 -0.0111   0.1461  -0.0045  -0.0260   0.0375   0.0455
  0.0005   0.1702   0.0984  -0.0216   0.0599  -0.0827
 -0.0329  -0.2143   0.1376   0.2180   0.0126  -0.0050
  0.2331  -0.1743  -0.0652   0.1979   0.1587   0.0802
  0.1130  -0.2639   0.0168   0.2708   0.0787  -0.0002
 -0.0898  -0.0541   0.0705   0.1977  -0.0214   0.1073
  0.1003  -0.0544  -0.0689   0.1526   0.0852   0.0337
  0.0620  -0.0407  -0.0353   0.1256   0.0755  -0.0470
