 -0.0154   0.1436  -0.4152   0.6935  -0.4664   0.8358
  0.0030   0.1923  -0.4776   0.7811  -0.4490   0.8985
 -0.0069   0.1648  -0.4486   0.7255  -0.4544   0.8596
 -0.0078   0.1671  -0.4624   0.7377  -0.4636   0.8926
  0.0034   0.1657  -0.4439   0.7337  -0.4398   0.8296
  0.0024   0.1603  -0.4358   0.7536  -0.4440   0.9062
  0.0160   0.1770  -0.4336   0.7486  -0.4358   0.8557
  0.0246   0.1848  -0.4171   0.7475  -0.4220   0.8247
  0.0143   0.1658  -0.4239   0.7030  -0.4271   0.8254
  0.0112   0.1791  -0.4157   0.6484  -0.4242   0.8038
  0.0244   0.1820  -0.4348   0.7809  -0.4405   0.8409
 -0.0286   0.1786  -0.4098   0.7566  -0.4720   0.7012
  0.0228   0.1896  -0.4205   0.8010  -0.4533   0.8410
  0.0056   0.2062  -0.4093   0.7258  -0.4442   0.6765
  0.0174   0.1989  -0.4260   0.7740  -0.4298   0.7926
  0.0033   0.1842  -0.4039   0.7638  -0.4392   0.6974
  0.0281   0.1810  -0.4070   0.8020  -0.4046   0.8010
  0.0236   0.1711  -0.4089   0.7331  -0.4273   0.6987
  0.0121   0.1903  -0.4314   0.7460  -0.4249   0.7744
  0.0089   0.1837  -0.4233   0.7407  -0.4352   0.7004
  0.0233   0.1681  -0.3944   0.6863  -0.4314   0.7055
  0.0393   0.1383  -0.4032   0.7208  -0.4200   0.6932
  0.0214   0.1390  -0.3964   0.6325  -0.4203   0.6504
  0.0579   0.1425  -0.4113   0.7100  -0.3952   0.7558
  0.0434   0.1600  -0.4094   0.6632  -0.4066   0.5944
  0.0100   0.1638  -0.3807   0.5972  -0.4163   0.6204
  0.0094   0.2047  -0.4169   0.6075  -0.4509   0.6664
  0.0322   0.1832  -0.3923   0.5911  -0.4239   0.5877
  0.0330   0.1824  -0.3552   0.5652  -0.3906   0.5897
  0.0254   0.1451  -0.3627   0.5670  -0.3970   0.5888
  0.0097   0.1797  -0.3718   0.5057  -0.4200   0.5212
  0.0097   0.1852  -0.3775   0.4957  -0.4424   0.5490
  0.0060   0.1731  -0.3608   0.4957  -0.4255   0.4996
  0.0048   0.1738  -0.3514   0.5090  -0.4250   0.5300
  0.0060   0.1737  -0.3608   0.4813  -0.4289   0.5036
 -0.0022   0.1673  -0.3653   0.4886  -0.4255   0.5304
 -0.0080   0.1391  -0.3497   0.4792  -0.4272   0.4947
 -0.0010   0.1627  -0.3611   0.4965  -0.4383   0.5265
  0.0058   0.1609  -0.3590   0.4926  -0.4232   0.4770
  0.0066   0.1895  -0.3536   0.4844  -0.4064   0.5064
  0.0131   0.1586  -0.3492   0.4798  -0.3976   0.4942
 -0.0033   0.1565  -0.3349   0.4388  -0.4041   0.4635
 -0.0102   0.1592  -0.3210   0.4564  -0.3906   0.4950
 -0.0151   0.1699  -0.3029   0.4212  -0.3786   0.4113
 -0.0160   0.1743  -0.2960   0.4078  -0.3832   0.4552
 -0.0189   0.1556  -0.2933   0.4016  -0.3914   0.4094
 -0.0303   0.1757  -0.2855   0.4144  -0.3845   0.4258
 -0.0170   0.0936  -0.2949   0.4422  -0.4008   0.4485
  0.0112  -0.0718  -0.2536   0.4759  -0.3778   0.4827
  0.0535  -0.0205  -0.3083   0.3882  -0.4703   0.5300
 -0.0207  -0.0348  -0.2510   0.3685  -0.4508   0.3654
 -0.0293   0.0458  -0.1834   0.2199  -0.3511   0.2977
 -0.0340   0.0346  -0.1960   0.3169  -0.3741   0.4461
 -0.0504   0.0508  -0.1560   0.2648  -0.3374   0.2769
 -0.0304   0.0567  -0.1735   0.2761  -0.3241   0.3996
 -0.0571   0.0336  -0.1622   0.2752  -0.3377   0.2821
 -0.0456   0.0520  -0.1772   0.2360  -0.3267   0.3659
 -0.0460   0.0307  -0.1508   0.2948  -0.2979   0.3174
 -0.0398   0.0255  -0.1518   0.2579  -0.2940   0.3313
 -0.0568   0.0281  -0.1474   0.2609  -0.2969   0.3139
 -0.0555   0.0077  -0.1458   0.2532  -0.3021   0.3197
 -0.0475  -0.0271  -0.1436   0.3147  -0.3064   0.3591
 -0.0618  -0.0435  -0.1316   0.3071  -0.3192   0.3128
 -0.0580  -0.0350  -0.1120   0.2705  -0.3056   0.2917
 -0.0762  -0.0174  -0.1167   0.2147  -0.3036   0.3207
 -0.0646  -0.0261  -0.1053   0.2303  -0.2761   0.2836
 -0.0675  -0.0433  -0.1012   0.2315  -0.2765   0.3228
 -0.0707  -0.0463  -0.1004   0.2560  -0.2791   0.2963
 -0.0477  -0.0496  -0.0895   0.2676  -0.2723   0.2901
 -0.0563  -0.0717  -0.1023   0.2842  -0.2622   0.2846
 -0.0710  -0.0575  -0.1016   0.2792  -0.2526   0.2963
 -0.0595  -0.0991  -0.0945   0.2305  -0.2450   0.2943
 -0.0770  -0.1059  -0.0813   0.2033  -0.2582   0.2886
 -0.0534  -0.1040  -0.0761   0.2214  -0.2459   0.2748
 -0.0484  -0.0956  -0.0717   0.1939  -0.2208   0.2376
 -0.0474  -0.1107  -0.0757   0.2119  -0.2166   0.2694
 -0.0630  -0.1034  -0.0817   0.2161  -0.2142   0.2120
 -0.0559  -0.0836  -0.0645   0.1784  -0.1905   0.2426
 -0.0647  -0.0684  -0.0586   0.1691  -0.1852   0.1881
 -0.0579  -0.0814  -0.0417   0.1377  -0.1553   0.2140
 -0.0580  -0.0688  -0.0395   0.1236  -0.1474   0.2167
 -0.0675  -0.1007  -0.0201   0.0823  -0.1228   0.1842
 -0.0188  -0.1312  -0.0624   0.0808  -0.1923   0.1610
 -0.0257  -0.1270  -0.0620   0.0789  -0.1892   0.1347
 -0.0129  -0.1295  -0.0337   0.0699  -0.1244   0.1235
 -0.0130  -0.1387  -0.0303   0.0835  -0.1106   0.1641
 -0.0015  -0.1356  -0.0321   0.0734  -0.0894   0.1281
 -0.0107  -0.1373  -0.0412   0.0946  -0.1231   0.1573
 -0.0110  -0.1382  -0.0260   0.0924  -0.0997   0.1425
 -0.0069  -0.1389  -0.0188   0.0884  -0.0859   0.1333
 -0.0096  -0.1590  -0.0150   0.0763  -0.0803   0.1355
  0.0007  -0.1474  -0.0226   0.0867  -0.0734   0.1390
 -0.0022  -0.1578  -0.0267   0.0704  -0.0701   0.1418
 -0.0120  -0.1601  -0.0250   0.0777  -0.0740   0.0974
 -0.0101  -0.1601  -0.0285   0.0227  -0.0674   0.1252
 -0.0050  -0.1594  -0.0309   0.0336  -0.0677   0.0808
 -0.0134  -0.1548  -0.0333   0.0159  -0.0699   0.0792
  0.0009  -0.1494  -0.0285   0.0559  -0.0637   0.1309
 -0.0041  -0.1408  -0.0290   0.0388  -0.0663   0.0859
 -0.0037  -0.1461  -0.0236   0.0979  -0.0773   0.1388
 -0.0087  -0.1633  -0.0257   0.0542  -0.0692   0.0649
  0.0047  -0.1643  -0.0186   0.0606  -0.0560   0.0969
 -0.0032  -0.1761  -0.0050   0.0232  -0.0501   0.0431
 -0.0051  -0.1406  -0.0126   0.0438  -0.0551   0.0727
 -0.0037  -0.1605  -0.0280   0.0559  -0.1066  -0.0389
  0.0063  -0.1761  -0.0053   0.0460  -0.0453   0.0618
 -0.0065  -0.1893   0.0055   0.1487  -0.0351   0.0447
 -0.0202  -0.0517  -0.0058   0.0348  -0.0548  -0.0559
  0.0050   0.0132  -0.0140  -0.0422  -0.0213   0.0085
 -0.0073   0.0125   0.0204   0.0181   0.0042  -0.0077
 -0.0222  -0.0210   0.0634  -0.0447   0.0530  -0.1118
 -0.0256  -0.0151   0.0370   0.0359  -0.0052  -0.0353
 -0.0299  -0.0423   0.0203  -0.0153  -0.0374  -0.0804
 -0.0091  -0.0217   0.0258  -0.0049   0.0127  -0.0317
 -0.0366  -0.0433   0.0343  -0.1142   0.0042  -0.1160
 -0.0245   0.0010   0.0299  -0.0904   0.0151  -0.0535
  0.0014  -0.0006   0.0647  -0.1104   0.0561  -0.1067
  0.0109   0.0277   0.0585  -0.0613   0.0657  -0.0867
  0.0083  -0.0062   0.0599  -0.0268   0.0436  -0.1156
  0.0129   0.0027   0.0591  -0.0349   0.0534  -0.0586
  0.0019  -0.0411   0.0677  -0.0459   0.0549  -0.0976
  0.0134  -0.0431   0.0546  -0.0572   0.0578  -0.0554
 -0.0021  -0.0565   0.0739  -0.0683   0.0668  -0.0963
  0.0110  -0.0567   0.0892  -0.0738   0.0828  -0.0805
  0.0091  -0.0599   0.0871  -0.0876   0.0668  -0.0929
  0.0130  -0.0570   0.0881  -0.0670   0.0697  -0.1020
  0.0153  -0.0506   0.0933  -0.1182   0.0862  -0.1327
  0.0089  -0.0430   0.0850  -0.1076   0.0968  -0.0981
  0.0018  -0.0506   0.0938  -0.1092   0.0923  -0.1371
  0.0093  -0.0303   0.0872  -0.0923   0.1135  -0.0761
 -0.0066  -0.0555   0.1033  -0.1101   0.0981  -0.1868
 -0.0147  -0.0410   0.0948  -0.1463   0.1082  -0.1201
 -0.0146  -0.0509   0.1060  -0.1312   0.1256  -0.1604
 -0.0143  -0.0469   0.1045  -0.1561   0.1172  -0.1639
 -0.0168  -0.0494   0.1026  -0.1628   0.1135  -0.1523
 -0.0317  -0.0476   0.0924  -0.1515   0.1051  -0.1484
 -0.0358  -0.0445   0.0950  -0.1475   0.1023  -0.1660
 -0.0291  -0.0375   0.0945  -0.1715   0.1065  -0.1871
 -0.0294  -0.0240   0.1047  -0.1679   0.1098  -0.1862
 -0.0359  -0.0405   0.0991  -0.1580   0.0987  -0.1502
 -0.0385  -0.0251   0.1045  -0.1521   0.0989  -0.1928
 -0.0313  -0.0200   0.1115  -0.1832   0.1067  -0.1648
 -0.0332  -0.0247   0.1028  -0.1845   0.1009  -0.2014
 -0.0234   0.0042   0.1025  -0.1992   0.1046  -0.1559
 -0.0210  -0.0079   0.1091  -0.1690   0.1041  -0.1754
 -0.0117  -0.0141   0.1145  -0.1437   0.1127  -0.1494
 -0.0283  -0.0479   0.1149  -0.1443   0.1056  -0.2186
 -0.0342  -0.0330   0.1000  -0.1874   0.1052  -0.1595
 -0.0239  -0.0500   0.1046  -0.1658   0.1200  -0.1603
 -0.0195  -0.0023   0.1070  -0.2003   0.1168  -0.1946
 -0.0312  -0.0154   0.1156  -0.3019   0.1235  -0.2496
 -0.0209  -0.0136   0.1185  -0.2582   0.1360  -0.1899
 -0.0201  -0.0211   0.1288  -0.2938   0.1550  -0.2402
 -0.0235  -0.0109   0.1218  -0.3064   0.1429  -0.2083
 -0.0180   0.0159   0.1231  -0.2695   0.1461  -0.2150
 -0.0122   0.0088   0.1307  -0.3623   0.1551  -0.2972
  0.0028   0.0240   0.1307  -0.2621   0.1732  -0.2021
  0.0014  -0.0080   0.1424  -0.3290   0.1816  -0.3151
  0.0143   0.0253   0.1489  -0.2855   0.1935  -0.2282
 -0.0105   0.0161   0.1510  -0.3398   0.2003  -0.3318
 -0.0033   0.0312   0.1444  -0.3371   0.2015  -0.2613
  0.0064   0.0265   0.1549  -0.3184   0.2110  -0.2827
 -0.0051   0.0172   0.1538  -0.3317   0.2135  -0.3150
  0.0287   0.0401   0.1462  -0.2879   0.1970  -0.2500
  0.0158   0.0111   0.1514  -0.2925   0.2065  -0.3373
  0.0094   0.0215   0.1434  -0.3061   0.2086  -0.2598
 -0.0091   0.0007   0.1438  -0.3402   0.2066  -0.3256
  0.0045   0.0419   0.1345  -0.3631   0.2142  -0.2888
  0.0085   0.0288   0.1614  -0.3368   0.2285  -0.3340
  0.0242   0.0504   0.1470  -0.3250   0.2264  -0.2991
  0.0122   0.0371   0.1630  -0.2923   0.2290  -0.3760
  0.0256   0.0499   0.1538  -0.3568   0.2288  -0.2869
  0.0214   0.0236   0.1515  -0.3313   0.2379  -0.3339
  0.0175   0.0376   0.1619  -0.3780   0.2492  -0.3415
  0.0255   0.0299   0.1595  -0.3294   0.2462  -0.3353
  0.0198   0.0121   0.1642  -0.3558   0.2652  -0.3461
  0.0103   0.0111   0.1570  -0.3449   0.2707  -0.3490
  0.0189   0.0353   0.1543  -0.4237   0.2759  -0.3557
  0.0152   0.0241   0.1628  -0.3454   0.2677  -0.3823
  0.0203  -0.0078   0.1419  -0.3401   0.2073  -0.4357
  0.0525  -0.0276   0.1430  -0.2444   0.2402  -0.2615
  0.0332  -0.0228   0.1601  -0.3236   0.2536  -0.4650
  0.0278  -0.0016   0.1559  -0.3599   0.2656  -0.3567
  0.0156  -0.0267   0.1655  -0.3531   0.2728  -0.4143
  0.0186  -0.0079   0.1691  -0.3381   0.2851  -0.3968
  0.0204  -0.0266   0.1714  -0.3478   0.2949  -0.3908
  0.0363   0.0018   0.1719  -0.3371   0.3011  -0.3914
  0.0302  -0.0138   0.1829  -0.3686   0.3068  -0.4136
  0.0503   0.0018   0.1882  -0.3350   0.3345  -0.4240
  0.0417  -0.0173   0.1946  -0.3428   0.3280  -0.4319
  0.0547  -0.0039   0.1889  -0.3504   0.3379  -0.4031
  0.0442  -0.0067   0.2060  -0.3943   0.3408  -0.4518
  0.0530   0.0154   0.2027  -0.3094   0.3327  -0.3681
  0.0449  -0.0000   0.2087  -0.3546   0.3357  -0.4893
  0.0532   0.0010   0.2052  -0.3264   0.3473  -0.3789
  0.0397  -0.0367   0.2180  -0.3714   0.3448  -0.4801
  0.0684  -0.0200   0.2081  -0.3463   0.3670  -0.3784
  0.0499  -0.0332   0.2188  -0.3580   0.3510  -0.5419
  0.0553  -0.0225   0.2205  -0.3625   0.3444  -0.4127
  0.0526  -0.0412   0.2149  -0.3472   0.3474  -0.4409
  0.0490  -0.0316   0.2168  -0.3924   0.3458  -0.4461
  0.0528  -0.0248   0.2079  -0.3188   0.3654  -0.4149
  0.0406  -0.0408   0.2146  -0.4079   0.3517  -0.5138
  0.0609  -0.0004   0.1932  -0.3633   0.3614  -0.4162
  0.0438  -0.0238   0.2129  -0.4137   0.3531  -0.5538
  0.0652   0.0088   0.1952  -0.4096   0.3651  -0.4379
  0.0579  -0.0235   0.2131  -0.3812   0.3809  -0.5493
  0.0605  -0.0262   0.2096  -0.4006   0.3892  -0.4771
  0.0558  -0.0322   0.2100  -0.4077   0.3883  -0.5155
  0.0673  -0.0113   0.2067  -0.4366   0.3883  -0.5015
  0.0702  -0.0163   0.2105  -0.4303   0.3827  -0.5481
  0.0672   0.0062   0.2095  -0.4508   0.3868  -0.5300
  0.0769  -0.0096   0.2107  -0.4316   0.4016  -0.5364
  0.0699   0.0105   0.2070  -0.4585   0.4013  -0.5358
  0.0775  -0.0003   0.2106  -0.4446   0.4102  -0.5417
  0.0692   0.0067   0.2192  -0.4596   0.4084  -0.5442
  0.0755  -0.0007   0.2282  -0.4437   0.4225  -0.5373
  0.0685   0.0316   0.2376  -0.4874   0.4285  -0.5659
  0.0724   0.0220   0.2422  -0.4878   0.4460  -0.5391
  0.0673   0.0279   0.2538  -0.4749   0.4477  -0.5790
  0.0696   0.0325   0.2555  -0.4802   0.4526  -0.5822
  0.0631   0.0284   0.2499  -0.4918   0.4527  -0.5635
  0.0710   0.0158   0.2532  -0.4816   0.4550  -0.5665
  0.0664   0.0413   0.2539  -0.5085   0.4563  -0.5960
  0.0613   0.0234   0.2523  -0.5126   0.4584  -0.6033
  0.0585   0.0297   0.2760  -0.5370   0.4710  -0.6162
  0.0633   0.0240   0.2720  -0.5098   0.4714  -0.5798
  0.0466   0.0301   0.2673  -0.5232   0.4576  -0.6251
  0.0462   0.0273   0.2626  -0.5077   0.4690  -0.5517
  0.0364   0.0120   0.2795  -0.5407   0.4745  -0.6440
  0.0414   0.0272   0.2774  -0.5342   0.4876  -0.5652
  0.0473   0.0209   0.2829  -0.5612   0.4771  -0.6431
  0.0600   0.0397   0.2818  -0.5339   0.4844  -0.5993
  0.0414   0.0212   0.2839  -0.5255   0.4895  -0.6245
  0.0434   0.0393   0.2768  -0.5157   0.4813  -0.5962
  0.0331   0.0224   0.2818  -0.5566   0.4825  -0.6446
