  0.4383   0.1540  -0.0003  -0.3418   0.3110  -0.0646
  0.4885  -0.1519  -0.1655  -0.2966   0.3182   0.0117
  0.5177  -0.2710  -0.0392  -0.2135   0.3692  -0.0372
  0.5121  -0.2514  -0.1132  -0.2104   0.3316   0.0454
  0.4968  -0.2382  -0.0125  -0.1232   0.3655  -0.0478
  0.8198  -0.1863  -0.2540  -0.1618   0.5307  -0.0281
  2.2434   0.2245  -0.6158   0.1709   1.8707  -0.0067
  1.4907   0.4782  -0.6735   0.1387   0.9822  -0.0814
 -0.8732   0.5747   0.4448  -0.0079  -0.9877  -0.0185
 -0.7912   0.2116   0.4165  -0.0302  -0.9266   0.1158
  0.2331   0.0936  -0.0746  -0.0282   0.1981   0.1606
  0.1329   0.0563   0.1386   0.2113   0.0375   0.0344
  0.1750   0.0136  -0.0124   0.1380   0.1106   0.0646
  0.1429   0.3275   0.1387  -0.2433   0.0740   0.0363
  0.3040   0.4426   0.1315  -0.3532   0.1532  -0.0940
  0.0837   0.1207   0.3170  -0.1949   0.0952  -0.0363
 -0.0266   0.8270   0.3230  -0.5507   0.0305  -0.1132
  0.1120   1.5095   0.3273  -0.9619   0.0935  -0.2999
  0.1814   0.7656   0.0639  -0.5262   0.1249  -0.0494
  0.3232   0.6163   0.0733  -0.5057   0.1447  -0.0464
  0.1483   0.3372   0.2131  -0.3998   0.1047  -0.1200
  0.0558   0.5011   0.1624  -0.4723   0.0390  -0.1017
  0.0201   0.2074   0.1438  -0.2916   0.0519  -0.1008
  0.0181   0.2773   0.0902  -0.3352   0.0163  -0.0370
 -0.0592   0.1883   0.0909  -0.3315  -0.0373   0.0066
 -0.0100   0.1911   0.0534  -0.3158  -0.0363  -0.0806
 -0.0289   0.1838   0.0751  -0.2730  -0.0036  -0.1124
  0.2039   0.4705   0.1024  -0.3682   0.1207  -0.0222
  0.0790   0.4733   0.1207  -0.3818   0.0814   0.0166
 -0.1459   0.1169   0.1656  -0.3409   0.0253   0.0495
 -0.1201   0.1008   0.2417  -0.2434   0.0108  -0.0758
 -0.1159  -0.0133   0.2514  -0.1713   0.0330   0.0368
 -0.0884  -0.0199   0.3070  -0.0749   0.0391   0.0569
 -0.0910  -0.1418   0.2669  -0.1156   0.0679  -0.1880
 -0.0600  -0.0966   0.2007  -0.1296   0.0925  -0.1591
 -0.0302  -0.2319   0.1838   0.0060   0.1359   0.2171
  0.1174  -0.2861   0.0718   0.3285   0.1737  -0.1657
  0.1317  -0.1212   0.0822   0.5101   0.1992   0.0821
  0.2438   0.1884   0.0243  -0.3743   0.2595   0.0712
  0.2539   0.0698  -0.0273  -0.1066   0.2611  -0.0603
  0.1336  -0.1755   0.0666   0.0460   0.2156  -0.0404
  0.0240  -0.2959   0.1625   0.1095   0.1639   0.0662
  0.0455  -0.3017   0.1428   0.0767   0.1757   0.0348
  0.0778  -0.2528   0.0997   0.0340   0.1997  -0.0202
  0.0735  -0.2811   0.1007   0.0026   0.1866   0.0313
  0.0669  -0.2105   0.0550  -0.0642   0.1737   0.0390
  0.0658  -0.2578   0.1580  -0.0531   0.2057  -0.0353
  0.5052  -0.0619   0.0419  -0.1843   0.3563  -0.0584
  2.5346  -0.1128  -1.1823   1.0480   2.2577  -0.2634
  2.5523  -0.3556  -1.7899   1.8183   2.5741  -0.4652
 -3.2441   1.1612   1.6475   0.8414  -3.2504   0.1487
 -2.7186   1.5165   0.6168   0.3172  -3.2983   0.4633
 -1.0875   2.2555   0.1373  -0.2081  -0.8925   0.0634
 -1.1536   1.8593  -0.2761  -0.0830  -1.0127  -0.2524
 -0.5223   3.6920  -0.5220  -1.1759  -0.5655  -0.3531
 -0.3779   3.7818  -0.1021  -1.5242  -0.6302  -0.6436
 -0.2449   2.4513  -0.1797  -0.9938  -0.3928  -0.1933
 -0.4889   1.3974  -0.1667  -1.5421  -0.5223  -0.0478
 -0.3886   0.7684  -0.3276  -1.8850  -0.3346  -0.3571
 -0.4565   0.7828  -0.2872  -1.3512  -0.3797  -0.5357
 -0.3209   0.3965  -0.3256  -0.7747  -0.2466  -0.4463
 -0.3895  -0.2261  -0.1943  -0.1359  -0.2801  -0.1954
 -0.3297  -1.4532  -0.3073   0.2677  -0.2284   0.3158
 -0.5111  -2.1685  -0.1695   0.3890  -0.2513   0.3004
 -0.3088  -1.1393  -0.1319   0.6032  -0.1460   0.0967
 -0.2913  -1.3491  -0.1519   0.7145  -0.1620   0.2146
 -0.4064  -1.2204  -0.0874   0.7804  -0.1538   0.2416
 -0.4567  -1.0361  -0.0457   0.7066  -0.3098   0.3110
 -0.3140  -0.7219  -0.1505   0.5208  -0.1348   0.0606
  0.1171  -0.4609  -0.5026   0.6770  -0.1940   0.1323
  0.7993   0.0239  -0.7058   0.4939   0.3394   0.0201
  0.0009  -1.0872  -0.2504   1.1043  -0.0606   0.0777
  0.0601  -1.6849  -0.4975   1.6362  -0.0398   0.5201
 -0.2601  -1.7007  -0.1491   1.4927  -0.1511   0.4093
 -0.3625  -1.5980  -0.0094   1.4976  -0.1587   0.3334
 -0.4532  -1.5895   0.1003   1.4517  -0.2268   0.4897
 -0.5102  -1.5198   0.1285   1.3661  -0.2353   0.4264
 -0.4600  -1.5716   0.0654   1.3216  -0.1763   0.3541
