  0.0008  -0.1237  -0.0356   0.0815  -0.0175  -0.4396
  0.0028  -0.0273   0.0151  -0.1289  -0.0355  -0.3753
  0.0096  -0.0651  -0.0039  -0.0838  -0.0228  -0.3812
  0.0095  -0.0576  -0.0171  -0.1355  -0.0226  -0.4152
  0.0116  -0.0128  -0.0081  -0.1220  -0.0333  -0.4125
 -0.0040  -0.0145  -0.0177  -0.1365  -0.0183  -0.4000
  0.0003  -0.0023  -0.0237  -0.1000  -0.0146  -0.3928
 -0.0114  -0.0179  -0.0191  -0.1266  -0.0162  -0.4064
  0.0067   0.0088  -0.0020  -0.1080  -0.0226  -0.3662
 -0.0088  -0.0019  -0.0085  -0.1080  -0.0207  -0.3882
  0.0557  -0.0085  -0.0237  -0.0071  -0.0061  -0.3319
  0.0727   0.0554  -0.0639   0.1907  -0.0124  -0.2675
 -0.0103   0.0970  -0.0528   0.1743  -0.0248  -0.3227
 -0.0032   0.0466  -0.0443   0.0957  -0.0155  -0.3302
 -0.0072   0.0438  -0.0492   0.1219  -0.0160  -0.3144
  0.0020  -0.0200  -0.0632   0.1772  -0.0015  -0.3468
  0.0030  -0.0284  -0.0604   0.1679   0.0019  -0.3313
  0.0092  -0.0502  -0.0592   0.1660   0.0018  -0.3336
 -0.0074  -0.0640  -0.0588   0.1841   0.0025  -0.3528
 -0.0049  -0.1005  -0.0530   0.1537  -0.0003  -0.3372
 -0.0053  -0.1037  -0.0500   0.1422  -0.0136  -0.3353
 -0.0144  -0.1062  -0.0451   0.1725  -0.0089  -0.3461
 -0.0123  -0.0988  -0.0406   0.1448  -0.0055  -0.3275
 -0.0105  -0.1366  -0.0406   0.1712  -0.0096  -0.3322
 -0.0217  -0.1150  -0.0451   0.1501  -0.0114  -0.3393
  0.0010  -0.1199  -0.0471   0.1534  -0.0085  -0.3071
  0.0039  -0.1489  -0.0534   0.1655   0.0001  -0.3132
 -0.0050  -0.1407  -0.0530   0.1811   0.0075  -0.3148
 -0.0045  -0.1344  -0.0491   0.1586   0.0032  -0.3142
  0.0064  -0.1412  -0.0491   0.1466  -0.0044  -0.2932
  0.0022  -0.1297  -0.0437   0.1593  -0.0056  -0.2849
 -0.0061  -0.1441  -0.0491   0.1563  -0.0023  -0.2987
 -0.0167  -0.1445  -0.0476   0.1425   0.0042  -0.2941
  0.0045  -0.1587  -0.0407   0.1559  -0.0083  -0.2704
 -0.0112  -0.1485  -0.0455   0.1658  -0.0064  -0.2756
 -0.0129  -0.1429  -0.0443   0.1387  -0.0065  -0.2617
 -0.0108  -0.1452  -0.0374   0.1573  -0.0102  -0.2589
 -0.0247  -0.1820  -0.0428   0.1678  -0.0000  -0.2816
 -0.0163  -0.2067  -0.0380   0.1529   0.0022  -0.2493
 -0.0108  -0.2117  -0.0497   0.1741   0.0026  -0.2491
 -0.0243  -0.1521  -0.0333   0.1489  -0.0008  -0.2316
 -0.0137  -0.1637  -0.0284   0.1630  -0.0089  -0.2229
 -0.0114  -0.1997  -0.0320   0.1901  -0.0065  -0.2389
 -0.0126  -0.2017  -0.0399   0.2147  -0.0090  -0.2177
 -0.0223  -0.1993  -0.0317   0.2146  -0.0070  -0.2184
 -0.0198  -0.1677  -0.0272   0.1859  -0.0050  -0.2280
 -0.0199  -0.2102  -0.0389   0.2267   0.0043  -0.2091
 -0.0140  -0.2142  -0.0349   0.2325  -0.0011  -0.2089
 -0.0257  -0.2005  -0.0427   0.1984   0.0033  -0.2135
 -0.0181  -0.2083  -0.0362   0.2100  -0.0030  -0.2002
 -0.0017  -0.1855  -0.0198   0.1887  -0.0163  -0.1834
 -0.0097  -0.2391  -0.0405   0.2287  -0.0083  -0.1734
 -0.0054  -0.2614  -0.0368   0.2400  -0.0086  -0.1830
 -0.0019  -0.2306  -0.0298   0.2406  -0.0128  -0.1781
 -0.0168  -0.2088  -0.0386   0.2138  -0.0024  -0.1699
 -0.0196  -0.1989  -0.0406   0.2138   0.0032  -0.1654
 -0.0070  -0.2536  -0.0492   0.2124  -0.0028  -0.1616
  0.0014  -0.2401  -0.0452   0.2420  -0.0004  -0.1346
 -0.0053  -0.2666  -0.0482   0.2415   0.0028  -0.1383
 -0.0012  -0.2406  -0.0446   0.2626   0.0035  -0.1432
 -0.0068  -0.2468  -0.0483   0.2380   0.0060  -0.1327
 -0.0077  -0.2304  -0.0602   0.2374   0.0111  -0.1358
 -0.0042  -0.2272  -0.0389   0.2449  -0.0039  -0.1238
  0.0083  -0.2324  -0.0397   0.2575   0.0039  -0.1009
  0.0207  -0.2250  -0.0345   0.2475   0.0090  -0.0847
  0.0112  -0.1557  -0.0158   0.2497   0.0041  -0.0915
  0.0076  -0.1239  -0.0111   0.2153   0.0055  -0.0950
 -0.0026  -0.0845  -0.0008   0.2174   0.0144  -0.0923
  0.0024  -0.0943   0.0068   0.2534   0.0094  -0.0616
  0.0090  -0.0883   0.0171   0.2670   0.0022  -0.0621
  0.0072  -0.0982   0.0128   0.2411   0.0031  -0.0691
 -0.0020  -0.0725   0.0043   0.2235   0.0140  -0.0642
 -0.0099  -0.0894   0.0002   0.1933   0.0184  -0.0536
  0.0056  -0.0736   0.0104   0.2245   0.0058  -0.0362
  0.0003  -0.0814   0.0116   0.2038   0.0032  -0.0379
 -0.0005  -0.1085   0.0131   0.2551   0.0127  -0.0368
  0.0237  -0.0591  -0.0085   0.1174   0.0032   0.0018
  0.0626   0.2353  -0.0183  -0.0308  -0.0121   0.0533
  0.0526   0.2115   0.0021   0.0957  -0.0026   0.0052
  0.0359   0.1239   0.0058   0.1370  -0.0021   0.0134
  0.0331   0.0920   0.0088   0.1796   0.0031   0.0120
  0.0343   0.0735   0.0192   0.1771  -0.0041   0.0292
  0.0161   0.0153   0.0108   0.1772   0.0047   0.0015
  0.0112   0.0391   0.0272   0.1710  -0.0001   0.0328
  0.0223   0.0260   0.0318   0.1949  -0.0083   0.0480
  0.0262   0.0160   0.0291   0.2158  -0.0060   0.0552
  0.0164   0.0062   0.0186   0.1967   0.0031   0.0556
  0.0174   0.0404   0.0319   0.1719  -0.0067   0.0563
  0.0214   0.0354   0.0412   0.1774  -0.0105   0.0771
  0.0223   0.0394   0.0364   0.1741  -0.0120   0.0844
  0.0213  -0.0031   0.0308   0.1818  -0.0072   0.0918
  0.0231   0.0213   0.0402   0.2254  -0.0094   0.1201
  0.0190  -0.0131   0.0243   0.1778  -0.0021   0.1295
  0.0156  -0.0180   0.0717   0.0771  -0.0406   0.1318
  0.0201  -0.0278   0.0992   0.1297  -0.0499   0.1374
  0.0404   0.0109   0.0627   0.2663  -0.0334   0.1406
  0.0167  -0.0010   0.0794   0.1907  -0.0332   0.1381
  0.0402   0.0637   0.0785   0.2737  -0.0371   0.1835
  0.0144  -0.0212   0.0961   0.1881  -0.0368   0.1540
  0.0684   0.2399   0.0765   0.2709  -0.0414   0.2211
  0.0370   0.3254  -0.0394  -0.5215  -0.0110   0.1962
 -0.0855  -0.2962  -0.2390  -1.5641   0.0737   0.0298
 -0.0516  -0.2728  -0.1300  -0.8838   0.0479   0.0262
 -0.0721  -0.1944  -0.0580  -0.7098   0.0349   0.0352
 -0.0482  -0.1157  -0.0302  -0.5446   0.0274   0.0577
 -0.0538  -0.0388   0.0056  -0.4638   0.0231   0.0946
 -0.0476   0.0135   0.0252  -0.3138   0.0154   0.1192
 -0.0498   0.0105   0.0162  -0.3906   0.0236   0.0966
 -0.0410   0.0021   0.0257  -0.3060   0.0178   0.1438
 -0.0461   0.0070   0.0453  -0.3056   0.0137   0.1477
 -0.0507   0.0387   0.0385  -0.3082   0.0144   0.1205
 -0.0431   0.0518   0.0302  -0.3335   0.0171   0.1469
 -0.0462   0.0544   0.0353  -0.3240   0.0145   0.1538
 -0.0441   0.0493   0.0370  -0.3190   0.0171   0.1824
 -0.0356   0.0382   0.0274  -0.2854   0.0200   0.1982
 -0.0433   0.0544   0.0425  -0.2769   0.0164   0.2060
 -0.0329   0.0630   0.0461  -0.2328   0.0080   0.2187
 -0.0286   0.1065   0.0483  -0.2533   0.0141   0.2327
 -0.0432   0.0851   0.0461  -0.2215   0.0254   0.2318
 -0.0370   0.1600   0.0623  -0.2795   0.0231   0.2279
 -0.0280   0.0308   0.0620  -0.2153   0.0133   0.2417
 -0.0338  -0.0886   0.0425  -0.1647   0.0105   0.2512
 -0.0273   0.0242   0.0493  -0.1827   0.0135   0.2746
 -0.0284   0.0066   0.0356  -0.1625   0.0193   0.2859
 -0.0229   0.0165   0.0454  -0.1331   0.0172   0.2966
 -0.0106   0.0159   0.0380  -0.1422   0.0255   0.3042
 -0.0082   0.0179   0.0392  -0.1504   0.0341   0.2943
 -0.0195   0.0374   0.0392  -0.1641   0.0317   0.3162
 -0.0170   0.0363   0.0496  -0.1587   0.0285   0.3167
 -0.0109   0.0364   0.0326  -0.1889   0.0409   0.3279
 -0.0013   0.0294   0.0366  -0.1820   0.0408   0.3409
  0.0094   0.0220   0.0239  -0.1786   0.0432   0.3598
  0.0062   0.0151   0.0207  -0.1774   0.0427   0.3583
  0.0028   0.0301   0.0016  -0.2041   0.0465   0.3673
  0.0185   0.0684  -0.0041  -0.2383   0.0601   0.3855
  0.0507   0.1898  -0.0250  -0.2905   0.0604   0.4174
 -0.0126   0.1100   0.0187  -0.2331  -0.0020   0.4037
  0.0042   0.5256   0.0259  -0.3984  -0.0168   0.4806
  0.0542   0.8235   0.0404  -0.4617  -0.0211   0.5201
  0.0378   0.5799   0.0616  -0.3359  -0.0296   0.4986
  0.0403   0.5875   0.0696  -0.3015  -0.0222   0.5175
  0.0367   0.5205   0.0741  -0.2599  -0.0187   0.5305
  0.0447   0.5477   0.0655  -0.2748  -0.0235   0.5341
  0.0247   0.5298   0.0608  -0.2854  -0.0158   0.5256
  0.0420   0.5244   0.0532  -0.2551  -0.0166   0.5486
  0.0378   0.4984   0.0737  -0.2731  -0.0228   0.5445
  0.0410   0.4783   0.0686  -0.2633  -0.0188   0.5521
  0.0367   0.4846   0.0622  -0.2614  -0.0168   0.5469
  0.0261   0.4552   0.0495  -0.2525  -0.0048   0.5492
  0.0528   0.5599   0.0587  -0.3110  -0.0062   0.5963
  0.0706   0.6678   0.0580  -0.3234  -0.0015   0.6302
  0.0404   0.8571   0.0542  -0.4031  -0.0357   0.6606
