 -0.1955   0.6563  -0.2212  -1.2998   0.0260   0.6553
 -0.2791   0.8926  -0.2503  -1.7764   0.0178   0.6943
 -0.2777   1.0492  -0.2550  -1.7224   0.0454   0.8053
 -0.3784   0.9602  -0.2311  -1.6970   0.0295   0.8101
 -0.2878   0.9484  -0.2184  -1.2536   0.0370   0.7383
 -0.3710   0.6858  -0.1683  -0.7050   0.0427   0.7031
 -0.3278   0.5114  -0.2371  -0.4791   0.0590   0.6738
 -0.2028   0.3977  -0.3323  -0.3713   0.0462   0.6271
 -0.2130   0.3235  -0.3826  -0.2348   0.0541   0.5846
 -0.2010   0.2338  -0.4234  -0.1871   0.0430   0.5851
 -0.1915   0.4183  -0.3434  -0.2800   0.0249   0.6046
 -0.3413   0.1850  -0.3974  -0.3734   0.0327   0.6241
 -0.2362   0.3672  -0.2649  -0.4759  -0.0149   0.7296
 -0.1727   0.3444  -0.1565  -0.3851  -0.0032   0.5993
 -0.2846   0.4322  -0.1264  -0.6223   0.0078   0.7007
 -0.2207   0.4500  -0.0399  -0.7235   0.0043   0.6894
 -0.2550   0.4644  -0.0941  -0.7228   0.0063   0.7294
 -0.1281   0.3549  -0.0622  -0.6869   0.0090   0.6264
 -0.1380   0.4025  -0.1125  -0.7420   0.0101   0.5952
 -0.0618   0.3735  -0.0980  -0.6571   0.0046   0.5601
 -0.0359   0.2761  -0.0417  -0.5988   0.0083   0.5205
 -0.0253   0.1963  -0.0612  -0.5993   0.0035   0.4684
 -0.0498   0.1965  -0.1123  -0.5768   0.0187   0.5214
 -0.0673   0.1326  -0.1208  -0.6164   0.0245   0.5412
 -0.0894   0.1001  -0.1291  -0.6114   0.0137   0.5600
 -0.1017   0.0915  -0.1167  -0.5997   0.0153   0.5252
 -0.1098   0.0661  -0.1061  -0.5637   0.0122   0.4935
 -0.1016   0.1845  -0.0894  -0.6576   0.0100   0.5589
 -0.1031   0.1643  -0.1033  -0.6866   0.0051   0.5509
 -0.0976   0.1111  -0.1992  -0.6736   0.0017   0.4911
 -0.1144   0.0827  -0.1460  -0.6210   0.0036   0.4358
 -0.0360   0.1262  -0.0863  -0.5232   0.0046   0.4461
 -0.0156   0.0462  -0.0574  -0.5063   0.0024   0.4025
 -0.0009   0.0996  -0.0616  -0.4442   0.0053   0.4391
 -0.0002   0.0548  -0.0426  -0.4477   0.0120   0.4412
  0.0038   0.0999  -0.0435  -0.3907   0.0099   0.4070
  0.0121   0.0778  -0.0436  -0.4025   0.0097   0.4290
  0.0160   0.0742  -0.0348  -0.3798  -0.0006   0.3653
  0.0170   0.1110  -0.0382  -0.3982   0.0116   0.4168
  0.0179   0.0654  -0.0553  -0.4475  -0.0069   0.3397
  0.0178   0.1542  -0.0528  -0.4663   0.0011   0.4140
  0.0275   0.0784  -0.0538  -0.4672   0.0016   0.3661
  0.0189   0.1448  -0.0474  -0.4349   0.0056   0.4197
  0.0274   0.1007  -0.0550  -0.4563   0.0040   0.3776
  0.0208   0.2555  -0.0456  -0.5445   0.0045   0.3938
  0.0187   0.2763  -0.0404  -0.5795   0.0127   0.4018
  0.0073   0.2467  -0.0452  -0.5650   0.0111   0.4015
  0.0157   0.2159  -0.0416  -0.5696   0.0050   0.4233
  0.0002   0.1571  -0.0537  -0.5867  -0.0026   0.3439
  0.0027   0.2034  -0.0450  -0.5290   0.0097   0.4445
  0.0014   0.0837  -0.0318  -0.3611   0.0063   0.3204
  0.0075   0.0977  -0.0329  -0.3691   0.0041   0.2754
  0.0066   0.1149  -0.0437  -0.4013   0.0065   0.3007
  0.0101   0.0806  -0.0420  -0.4046   0.0022   0.2493
  0.0044   0.1434  -0.0385  -0.3300   0.0077   0.3236
  0.0068   0.0886  -0.0299  -0.3440   0.0042   0.2896
  0.0020   0.0866  -0.0353  -0.3055   0.0038   0.2561
  0.0136   0.1197  -0.0268  -0.3410   0.0077   0.3191
  0.0094   0.0601  -0.0262  -0.3008   0.0026   0.2649
  0.0186   0.1009  -0.0238  -0.2949  -0.0008   0.2798
  0.0141   0.0967  -0.0233  -0.3127   0.0042   0.2901
  0.0181   0.0712  -0.0172  -0.3201   0.0029   0.2460
  0.0222   0.0805  -0.0222  -0.2802   0.0021   0.2337
  0.0110   0.0936  -0.0100  -0.3233   0.0053   0.2621
  0.0086   0.0595  -0.0176  -0.3062   0.0066   0.2220
  0.0077   0.0342  -0.0268  -0.2982  -0.0008   0.1778
  0.0085   0.0801  -0.0257  -0.3201   0.0043   0.2529
  0.0171   0.0498  -0.0270  -0.3517   0.0003   0.2353
  0.0306   0.0104  -0.0137  -0.3053  -0.0011   0.1686
  0.0276   0.0886  -0.0196  -0.3368   0.0033   0.2549
  0.0243   0.0470  -0.0199  -0.3290   0.0037   0.2190
  0.0348   0.0038  -0.0103  -0.3135  -0.0068   0.1709
  0.0234   0.0735  -0.0192  -0.3021   0.0009   0.2327
  0.0296   0.0909  -0.0154  -0.3747  -0.0034   0.2380
  0.0235   0.1092  -0.0172  -0.3659  -0.0021   0.1714
  0.0255   0.1288  -0.0106  -0.3582   0.0102   0.2660
  0.0206   0.0291  -0.0197  -0.3201   0.0120   0.1733
  0.0163   0.1147  -0.0298  -0.3167   0.0143   0.2609
  0.0183   0.0383  -0.0252  -0.3201   0.0123   0.2104
  0.0169   0.0572  -0.0307  -0.3120   0.0037   0.1928
  0.0211   0.0724  -0.0235  -0.3036   0.0074   0.2410
  0.0236   0.0199  -0.0168  -0.3074  -0.0004   0.1814
  0.0252   0.0843  -0.0223  -0.2879   0.0007   0.2083
  0.0221   0.0508  -0.0185  -0.3137   0.0046   0.2256
  0.0232   0.0028  -0.0161  -0.2838   0.0004   0.1512
  0.0259   0.0894  -0.0257  -0.3092   0.0047   0.2382
  0.0232   0.0167  -0.0100  -0.2948   0.0026   0.1936
  0.0237   0.0778  -0.0213  -0.2804  -0.0001   0.2111
  0.0342   0.0401  -0.0265  -0.2916   0.0027   0.1972
  0.0354   0.1311  -0.0340  -0.3568   0.0003   0.2122
  0.0242   0.2244  -0.0345  -0.3822   0.0017   0.2685
  0.0198   0.2030  -0.0274  -0.4064  -0.0055   0.2669
  0.0112   0.1886  -0.0441  -0.3972  -0.0070   0.2096
  0.0249   0.1653  -0.0435  -0.4290   0.0065   0.2334
  0.0210   0.0704  -0.0421  -0.2954  -0.0021   0.1388
  0.0215   0.0930  -0.0413  -0.2896   0.0035   0.1636
  0.0058   0.1177  -0.0314  -0.3383  -0.0014   0.2234
  0.0137   0.1050  -0.0314  -0.3172   0.0032   0.2270
  0.0139   0.0888  -0.0257  -0.3265   0.0001   0.1756
  0.0184   0.0802  -0.0360  -0.2970   0.0012   0.1930
  0.0088   0.0775  -0.0244  -0.3057   0.0012   0.1931
  0.0199   0.0483  -0.0255  -0.2244   0.0013   0.1869
  0.0013   0.0265  -0.0279  -0.2015   0.0049   0.1287
  0.0109   0.0925  -0.0306  -0.1826   0.0150   0.1581
  0.0004  -0.0000  -0.0397  -0.2509   0.0041   0.0847
  0.0057   0.0763  -0.0280  -0.2071   0.0078   0.1119
 -0.0056   0.0214  -0.0380  -0.2457   0.0041   0.0957
  0.0009   0.0286  -0.0310  -0.2190   0.0043   0.0321
  0.0081   0.0833  -0.0326  -0.2355   0.0015   0.1260
  0.0107   0.0337  -0.0240  -0.2067   0.0070   0.0734
  0.0101   0.0738  -0.0238  -0.2015   0.0037   0.0844
  0.0111   0.0627  -0.0214  -0.1924   0.0108   0.1256
  0.0087   0.0127  -0.0165  -0.1985   0.0032   0.0599
  0.0148   0.0662  -0.0264  -0.1815   0.0080   0.1198
  0.0069  -0.0082  -0.0228  -0.1883  -0.0015   0.0741
  0.0048   0.0585  -0.0192  -0.1779   0.0014   0.0734
  0.0088   0.0369  -0.0230  -0.1976  -0.0033   0.1039
  0.0104   0.0179  -0.0332  -0.1686  -0.0054   0.0487
  0.0082   0.0769  -0.0276  -0.2040   0.0026   0.1237
  0.0091   0.0084  -0.0303  -0.1943   0.0029   0.0524
  0.0120   0.0844  -0.0352  -0.1803   0.0058   0.1124
  0.0120   0.0116  -0.0342  -0.1920   0.0040   0.0718
  0.0140   0.0081  -0.0180  -0.1842  -0.0044   0.0344
  0.0129   0.0626  -0.0298  -0.1976   0.0041   0.0829
  0.0154   0.0120  -0.0287  -0.1978  -0.0050   0.0433
  0.0170   0.0593  -0.0357  -0.1815  -0.0015   0.0772
  0.0121   0.0208  -0.0240  -0.2030  -0.0016   0.0913
  0.0137  -0.0057  -0.0156  -0.0648  -0.0041  -0.0151
  0.0138   0.0085  -0.0159   0.0286   0.0042   0.0266
  0.0249  -0.0675  -0.0074   0.1924   0.0032  -0.0869
  0.0325   0.0339  -0.0074   0.1275   0.0071  -0.0785
  0.0398   0.0006  -0.0045   0.1074   0.0094  -0.1202
  0.0348   0.0441  -0.0091   0.0952   0.0073  -0.0940
  0.0364  -0.0001  -0.0127   0.0820   0.0043  -0.1451
  0.0347   0.0390  -0.0127   0.1029   0.0015  -0.1357
  0.0288   0.0055   0.0003   0.1149   0.0079  -0.1230
  0.0365   0.0293  -0.0056   0.1378  -0.0032  -0.1507
  0.0340   0.0104  -0.0040   0.1266   0.0055  -0.0896
  0.0304  -0.0251  -0.0066   0.1316  -0.0009  -0.1606
  0.0324   0.0331  -0.0086   0.1422   0.0106  -0.0869
  0.0379  -0.0131  -0.0118   0.1392   0.0032  -0.1122
  0.0341  -0.0096   0.0049   0.2095   0.0057  -0.1390
  0.0355  -0.0039  -0.0003   0.1378   0.0029  -0.0935
  0.0257  -0.0344  -0.0051   0.1621   0.0016  -0.1528
  0.0350   0.0062  -0.0007   0.1694   0.0043  -0.1074
  0.0327  -0.0341  -0.0023   0.1553   0.0029  -0.1237
  0.0317  -0.0021   0.0014   0.1816   0.0041  -0.1430
  0.0387  -0.0040  -0.0056   0.1528   0.0075  -0.1079
  0.0328  -0.0670   0.0031   0.1695  -0.0015  -0.1685
  0.0387  -0.0090   0.0036   0.1988   0.0047  -0.1381
  0.0335  -0.0103   0.0011   0.1534   0.0074  -0.1278
  0.0335  -0.0277  -0.0042   0.1576   0.0076  -0.1439
  0.0316  -0.0697   0.0038   0.1926  -0.0003  -0.2108
  0.0365   0.0013   0.0021   0.1834   0.0090  -0.1117
  0.0026  -0.0112  -0.0432   0.0911   0.0105  -0.1466
 -0.0101   0.0736  -0.0566   0.0871   0.0044  -0.0226
 -0.0525  -0.0135   0.0432   0.1779  -0.0246   0.1574
 -0.0574  -0.1576   0.1116   0.3460  -0.0325   0.0598
 -0.0422  -0.0703   0.0706   0.1227  -0.0099  -0.0364
  0.0322  -0.1388   0.0265   0.1960  -0.0119  -0.2098
  0.0073  -0.0746   0.0291   0.1659  -0.0147  -0.1509
 -0.0437  -0.0918   0.0481   0.1381   0.0058  -0.1412
 -0.0106  -0.2131   0.0983   0.1600   0.0059  -0.1840
 -0.0374  -0.0480   0.0571   0.3082   0.0045  -0.1816
 -0.0147  -0.2014   0.0889   0.1891  -0.0071  -0.2091
  0.0114  -0.2044   0.0807   0.2108   0.0099  -0.1872
  0.0256  -0.0832   0.0768   0.2399   0.0237  -0.1657
  0.0104  -0.1181   0.1101   0.2746   0.0231  -0.1706
  0.0159  -0.0565   0.0908   0.2937   0.0222  -0.1969
  0.0112  -0.1316   0.0828   0.2964   0.0312  -0.2253
 -0.0140  -0.0565   0.0559   0.2678   0.0260  -0.1649
 -0.0522  -0.0177   0.0707   0.2162   0.0344  -0.1452
 -0.0764  -0.0176   0.0749   0.2318   0.0217  -0.1704
 -0.0772  -0.0485   0.0697   0.2239   0.0266  -0.1931
 -0.0610   0.0068   0.0442   0.1917   0.0152  -0.1418
 -0.0224  -0.0694   0.0172   0.1676   0.0383  -0.1612
 -0.0152  -0.0454   0.0140   0.0807  -0.0353  -0.1432
  0.0366   0.0582  -0.0707  -0.0209  -0.0445  -0.2148
  0.2460   0.0585   0.1227   0.1380  -0.3561  -0.2512
  0.3174   0.2115   0.1477  -0.0337  -0.4545  -0.2105
  0.1408   0.2533   0.1091  -0.4975  -0.1837  -0.1334
  0.1170  -0.0274   0.1621   0.0524  -0.0804  -0.3008
  0.0867  -0.0921   0.1173   0.2070  -0.0085  -0.2853
  0.0800  -0.1694   0.1219   0.2294  -0.0186  -0.3513
  0.0846  -0.1366   0.1099   0.1786  -0.0109  -0.3024
  0.0654  -0.2354   0.1207   0.2720  -0.0202  -0.3648
  0.0720  -0.1296   0.1184   0.2146  -0.0034  -0.3084
  0.0729  -0.2023   0.1165   0.2596  -0.0116  -0.3357
  0.0744  -0.2093   0.1255   0.3054  -0.0115  -0.4023
  0.0783  -0.3146   0.1373   0.7027  -0.0147  -0.5130
  0.0724  -0.2376   0.1410   0.7944   0.0002  -0.5662
  0.0507  -0.2082   0.1262   0.6652  -0.0110  -0.5625
  0.0688  -0.3084   0.1349   0.7655  -0.0100  -0.6431
  0.0531  -0.2502   0.1411   0.7851   0.0040  -0.5633
  0.0532  -0.3690   0.1391   0.8050   0.0041  -0.6118
  0.0506  -0.3933   0.1474   0.7872  -0.0038  -0.6400
  0.0645  -0.3119   0.1322   0.8523   0.0107  -0.5435
  0.0402  -0.3722   0.1466   0.8376   0.0092  -0.5863
  0.0680  -0.3879   0.1091   0.8722   0.0085  -0.6667
  0.0724  -0.4182   0.0903   0.7784  -0.0039  -0.7184
  0.0547  -0.3856   0.0849   0.8171  -0.0030  -0.6825
  0.0412  -0.3729   0.1244   0.9452   0.0014  -0.6329
  0.0456  -0.3581   0.1177   0.9674   0.0042  -0.6497
  0.0413  -0.3699   0.1281   0.9532  -0.0006  -0.6163
  0.0417  -0.3427   0.1237   0.9909   0.0100  -0.6220
  0.0339  -0.3792   0.1188   1.0123   0.0057  -0.6165
  0.0382  -0.3844   0.1261   1.0263   0.0057  -0.6381
  0.0316  -0.3855   0.1254   1.0401   0.0048  -0.5948
  0.0269  -0.3586   0.1317   1.0153   0.0078  -0.6762
  0.0265  -0.3832   0.1084   0.9809   0.0066  -0.6546
  0.0335  -0.4345   0.1127   0.9690  -0.0014  -0.7117
  0.0262  -0.3713   0.1152   1.0048  -0.0003  -0.6199
  0.0336  -0.4351   0.1202   0.9935  -0.0013  -0.6954
  0.0342  -0.3830   0.1208   0.9989   0.0034  -0.6297
  0.0344  -0.4281   0.1167   0.9684   0.0006  -0.6672
  0.0287  -0.4230   0.1272   1.0262  -0.0033  -0.6921
  0.0332  -0.3887   0.1137   1.0091  -0.0015  -0.6631
  0.0245  -0.4088   0.1259   1.0248  -0.0007  -0.6436
  0.0248  -0.4740   0.1107   0.9573   0.0008  -0.7206
  0.0207  -0.4243   0.1094   0.9961   0.0055  -0.7164
  0.0264  -0.4175   0.1220   0.9622   0.0031  -0.6589
  0.0142  -0.4578   0.1287   0.9839  -0.0083  -0.7187
  0.0263  -0.3831   0.1257   0.9904  -0.0020  -0.6758
  0.0183  -0.4380   0.1277   0.9892  -0.0066  -0.6812
  0.0269  -0.4715   0.1408   1.0065  -0.0114  -0.7347
  0.0205  -0.4187   0.1369   1.0217  -0.0072  -0.6982
  0.0275  -0.4216   0.1209   0.9858  -0.0018  -0.6877
  0.0182  -0.4793   0.1335   1.0142  -0.0025  -0.7654
  0.0211  -0.4217   0.1265   1.0278  -0.0001  -0.7474
  0.0175  -0.4298   0.1253   1.0139   0.0014  -0.7029
  0.0279  -0.4945   0.1269   1.0367  -0.0086  -0.7813
  0.0174  -0.4187   0.1267   1.0291   0.0011  -0.6758
  0.0298  -0.4763   0.1330   1.0178  -0.0044  -0.7254
  0.0263  -0.4555   0.1247   1.0773  -0.0111  -0.7542
  0.0335  -0.4461   0.1273   1.0201  -0.0078  -0.7104
  0.0181  -0.5013   0.1358   1.0551  -0.0111  -0.7363
