  0.0581   0.1017   0.3009  -0.5822  -0.1128  -0.0450
 -0.0055  -0.1028   0.1514  -0.2586  -0.1675   0.0362
  0.0118  -0.0646   0.1928  -0.3271  -0.1586   0.0558
 -0.0003  -0.0897   0.1614  -0.2671  -0.1595   0.0554
  0.0168  -0.0446   0.1919  -0.3387  -0.1613   0.0237
  0.0052  -0.0870   0.1800  -0.2679  -0.1565   0.0631
  0.0046  -0.0526   0.1844  -0.3134  -0.1483   0.0366
  0.0115  -0.0687   0.1798  -0.3040  -0.1597   0.0389
  0.0027  -0.0717   0.1829  -0.2925  -0.1488   0.0650
  0.0159  -0.0441   0.1786  -0.3289  -0.1526   0.0165
  0.0131  -0.0527   0.1854  -0.3165  -0.1352   0.0409
  0.0157  -0.0148   0.1913  -0.3164  -0.1120   0.0286
  0.0091   0.0032   0.1669  -0.3593  -0.1484   0.0008
  0.0097  -0.0649   0.1828  -0.2684  -0.1280   0.0641
  0.0045  -0.0572   0.1564  -0.2646  -0.1271   0.0223
  0.0016  -0.0763   0.1741  -0.2353  -0.1135   0.0558
  0.0146  -0.0280   0.1783  -0.3392  -0.1264  -0.0066
  0.0151  -0.0684   0.1777  -0.3034  -0.1124   0.0186
 -0.0043  -0.0459   0.1799  -0.4049  -0.1315  -0.0026
  0.0782   0.0256   0.3164  -0.5567  -0.0719  -0.0385
  0.1121   0.2288   0.3242  -0.5356  -0.0178  -0.0526
  0.0819   0.2418   0.2886  -0.5464  -0.0493  -0.1013
  0.1000   0.1879   0.2893  -0.4789  -0.0203  -0.0246
  0.0896   0.2363   0.2740  -0.5294  -0.0280  -0.0782
  0.1067   0.1794   0.2610  -0.3702  -0.0271  -0.0093
  0.0863   0.1395   0.2467  -0.4249  -0.0441  -0.0339
  0.0471   0.0874   0.2643  -0.4568  -0.0540  -0.0281
  0.0554   0.1091   0.2487  -0.3945  -0.0538  -0.0295
  0.0863   0.0681   0.2291  -0.4010  -0.0361  -0.0270
  0.0814   0.0469   0.2324  -0.3787  -0.0412   0.0185
  0.1132   0.0509   0.2439  -0.3922  -0.0260  -0.0080
  0.1051   0.0340   0.2348  -0.3662  -0.0393   0.0128
  0.1258   0.0480   0.2519  -0.3916  -0.0295  -0.0023
  0.1152   0.0391   0.2325  -0.3656  -0.0375   0.0114
  0.1302   0.0436   0.2420  -0.3907  -0.0262  -0.0052
  0.1182   0.0319   0.2297  -0.3694  -0.0359   0.0075
  0.1223   0.0369   0.2336  -0.3718  -0.0260   0.0162
  0.1136   0.0678   0.2315  -0.4063  -0.0327  -0.0418
  0.1046   0.0384   0.2500  -0.3879  -0.0359   0.0169
  0.1156   0.0635   0.2383  -0.3987  -0.0381  -0.0352
  0.1180   0.0397   0.2287  -0.3484  -0.0206   0.0261
  0.1169   0.0624   0.2296  -0.3949  -0.0133  -0.0169
  0.1262   0.0616   0.2411  -0.4210  -0.0123  -0.0212
  0.1162   0.0599   0.2196  -0.4246  -0.0193   0.0046
  0.1207   0.0645   0.2292  -0.4214  -0.0141  -0.0290
  0.1047   0.0532   0.2178  -0.3883  -0.0230   0.0167
  0.1166   0.0777   0.2300  -0.4293  -0.0130  -0.0226
  0.1014   0.0832   0.2342  -0.4107  -0.0185   0.0065
  0.1149   0.1352   0.2451  -0.4482   0.0024  -0.0414
  0.0811   0.2706   0.2419  -0.4763  -0.0294  -0.0556
  0.0870   0.2666   0.2204  -0.4596  -0.0373  -0.0605
  0.0935   0.1964   0.2391  -0.4501  -0.0305  -0.0449
  0.0963   0.2153   0.2128  -0.4227  -0.0262  -0.0400
  0.1038   0.2093   0.2383  -0.4850  -0.0301  -0.0756
  0.0996   0.2775   0.1843  -0.1845  -0.0053  -0.0340
  0.0532   0.3346   0.1258  -0.0753  -0.0204  -0.0446
  0.0399   0.2489   0.1287  -0.2472  -0.0796  -0.0924
  0.0468   0.1373   0.1420  -0.1824  -0.0623  -0.0213
  0.0524   0.1173   0.1457  -0.2447  -0.0518  -0.0115
  0.0596   0.1828   0.1557  -0.2595  -0.0679  -0.0330
  0.0474   0.1810   0.1457  -0.3131  -0.0814  -0.0373
  0.0409   0.1994   0.1342  -0.2508  -0.0814  -0.0408
  0.0357   0.1799   0.1389  -0.3283  -0.0676  -0.0395
  0.0631   0.2221   0.1282  -0.3986  -0.0622  -0.0509
  0.0491   0.2456   0.1323  -0.4092  -0.0166  -0.0405
  0.0479   1.1593   0.1931  -0.6129   0.0516  -0.3151
  0.0281   1.3446   0.1475  -0.6220   0.0157  -0.3417
  0.0530   0.8910   0.1355  -0.5867   0.0199  -0.2636
  0.0272   1.0707   0.1288  -0.6453   0.0085  -0.2716
  0.1473   0.2523   0.2647  -0.8638   0.0366  -0.1224
  0.2145  -0.1351   0.3333  -0.8393   0.0212  -0.0025
  0.1634   0.1507   0.3064  -0.8114   0.0038  -0.0492
  0.1718   0.1007   0.3093  -0.8410   0.0035  -0.0692
  0.1521   0.1709   0.2985  -0.8201  -0.0014  -0.0542
  0.1697   0.1505   0.3057  -0.8659  -0.0028  -0.0800
  0.1498   0.1710   0.3019  -0.8142   0.0026  -0.0519
  0.1630   0.1653   0.3032  -0.8667   0.0080  -0.0814
  0.1432   0.1771   0.3049  -0.8037   0.0018  -0.0665
  0.1504   0.1699   0.2987  -0.8318   0.0170  -0.0658
  0.1329   0.2003   0.3085  -0.8177   0.0070  -0.0901
  0.1371   0.1848   0.2842  -0.7829   0.0306  -0.0554
  0.1067   0.2776   0.2552  -0.8059   0.0342  -0.1248
  0.1223   0.2325   0.2508  -0.7629   0.0331  -0.0737
  0.1010   0.3113   0.2385  -0.7556   0.0286  -0.1254
  0.1108   0.2592   0.2248  -0.7450   0.0193  -0.0907
  0.0970   0.3694   0.2317  -0.9335   0.0273  -0.1335
  0.1192   0.2894   0.2298  -0.8601   0.0173  -0.1284
  0.0859   0.3780   0.2472  -0.8980   0.0209  -0.1055
  0.1373   0.2844   0.2098  -0.8918   0.0138  -0.1253
 -0.0272   1.1428   0.4497  -1.2436   0.0236  -0.3424
 -0.1235   1.7982   0.7861  -1.4994   0.0523  -0.5574
 -0.0610   1.6148   0.6996  -1.3945   0.0464  -0.4830
 -0.0864   1.6657   0.6819  -1.4074   0.0389  -0.5286
 -0.0286   1.4173   0.6049  -1.3357   0.0386  -0.4468
 -0.0101   1.4126   0.6122  -1.3478   0.0450  -0.4513
 -0.0120   1.3952   0.6083  -1.3315   0.0404  -0.4489
  0.0016   1.3935   0.6068  -1.3290   0.0420  -0.4210
 -0.0076   1.3234   0.5672  -1.1495   0.0347  -0.4453
  0.0168   1.5240   0.4954  -0.1637   0.0226  -0.3776
  0.0557   1.7549   0.3532   0.4314  -0.0311  -0.3351
  0.0873   1.0270   0.3558  -0.2409  -0.0920  -0.3029
  0.1272   0.4464   0.4208  -0.9436  -0.0962  -0.2578
  0.1362   0.2651   0.4713  -1.0064  -0.0683  -0.1096
  0.1607   0.2465   0.4399  -1.0022  -0.0653  -0.0970
  0.1515   0.2500   0.4443  -1.0157  -0.0639  -0.0955
  0.1609   0.2487   0.4345  -1.0053  -0.0740  -0.0986
  0.1643   0.2444   0.4298  -0.9695  -0.0713  -0.0859
  0.1574   0.2326   0.4225  -0.9363  -0.0738  -0.0620
  0.1575   0.2463   0.3890  -0.8554  -0.0419  -0.0419
  0.1587   0.2783   0.3751  -0.9103  -0.0382  -0.0845
  0.1550   0.2544   0.3885  -0.9014  -0.0312  -0.0795
  0.1557   0.2686   0.3838  -0.9473  -0.0381  -0.0715
  0.1551   0.2464   0.3870  -0.8979  -0.0327  -0.0832
  0.1534   0.2929   0.3951  -0.9891  -0.0409  -0.0790
  0.1335   0.1718   0.3200  -0.5728  -0.0053  -0.0342
  0.0221  -0.3055   0.0510   0.9527  -0.0327   0.2283
  0.0265  -1.3009  -0.1842   1.8116   0.0084   0.4466
  0.0092  -0.9892  -0.1138   0.8393   0.0515   0.1896
 -0.0904  -0.7329  -0.1413   0.3721  -0.0139   0.1662
 -0.0711  -0.8850  -0.1433   0.4637   0.0346   0.2080
 -0.0899  -0.8226  -0.1699   0.4720   0.0138   0.2235
 -0.0937  -0.8578  -0.1562   0.4513   0.0320   0.1869
 -0.0909  -0.8831  -0.1725   0.5703   0.0260   0.2316
 -0.1341  -0.8321  -0.2297   0.4523   0.0440   0.2189
 -0.1542  -0.5926  -0.2485   0.3421   0.0424   0.1375
 -0.1210  -0.6239  -0.2300   0.5433   0.0561   0.1985
 -0.1355  -0.6210  -0.2847   0.4885   0.0392   0.1449
 -0.0818  -0.8943  -0.3020   1.3062   0.0819   0.4005
  0.0566  -1.6570  -0.1431   1.3716   0.2751   0.6029
  0.0324  -1.7819  -0.1512   1.2098   0.2335   0.5425
 -0.0565  -1.3491  -0.2299   1.1179   0.1605   0.4321
 -0.0470  -1.2960  -0.2136   1.3097   0.1600   0.4192
 -0.0569  -1.2595  -0.2524   1.5005   0.1451   0.4542
 -0.0711  -1.2140  -0.2762   1.3773   0.1462   0.3708
 -0.0742  -1.2124  -0.3079   1.3994   0.1354   0.3966
 -0.0371  -1.1607  -0.3168   1.2864   0.1390   0.3521
 -0.0942  -1.1274  -0.3473   1.3396   0.1111   0.3691
 -0.0634  -1.0181  -0.4439   1.7869   0.0962   0.4229
 -0.0397  -0.6763  -0.3899   2.0216   0.0813   0.3491
 -0.0639  -0.6395  -0.4386   1.6475   0.0844   0.2050
 -0.1874  -0.6714  -0.4571   1.4188   0.0140   0.1782
 -0.2410  -0.6087  -0.4673   1.1558  -0.0032   0.1926
 -0.2139  -0.5266  -0.5034   1.0377  -0.0004   0.1637
 -0.2119  -0.4316  -0.4853   0.9074  -0.0001   0.1320
 -0.2080  -0.4541  -0.4978   0.9294  -0.0062   0.1381
 -0.1963  -0.4709  -0.5160   1.0048   0.0163   0.1882
 -0.1686  -0.4910  -0.5404   1.0520   0.0423   0.1834
 -0.1892  -0.4828  -0.5462   0.9895   0.0217   0.1568
 -0.1989  -0.4662  -0.5473   0.9484   0.0207   0.1666
 -0.1856  -0.4211  -0.5196   0.8829   0.0398   0.1418
 -0.1645  -0.4005  -0.5265   0.8634   0.0354   0.1752
 -0.1508  -0.3557  -0.5084   0.8423   0.0361   0.1294
 -0.1430  -0.2972  -0.4976   0.7557   0.0342   0.0626
 -0.1462  -0.3137  -0.4860   0.7459   0.0413   0.0998
 -0.1448  -0.2895  -0.4797   0.7590   0.0387   0.0810
 -0.1339  -0.2692  -0.4720   0.7167   0.0387   0.0653
 -0.1437  -0.2941  -0.4751   0.7555   0.0390   0.0945
 -0.1411  -0.2694  -0.4769   0.7997   0.0241   0.1029
 -0.1245  -0.1836  -0.4555   0.6831   0.0251   0.0262
 -0.1384  -0.2315  -0.4780   0.8393   0.0202   0.0814
 -0.0745  -0.1867  -0.4965   0.8764   0.0616   0.0628
 -0.0724  -0.2074  -0.4808   0.8608   0.0765   0.0526
 -0.1136  -0.1974  -0.5124   0.9970   0.0479   0.0801
 -0.1209  -0.1612  -0.4866   0.7950   0.0406   0.0097
 -0.1477  -0.1642  -0.4860   0.8050   0.0364   0.0444
 -0.1202  -0.1353  -0.4791   0.7390   0.0391   0.0217
 -0.1359  -0.1462  -0.4829   0.7935   0.0221   0.0247
 -0.1235  -0.1122  -0.4794   0.8049   0.0357   0.0438
 -0.1299  -0.0837  -0.4856   0.7685   0.0232  -0.0042
 -0.1322  -0.0804  -0.4875   0.8023   0.0343   0.0473
 -0.1418  -0.0655  -0.5022   0.7982   0.0402   0.0010
 -0.1640  -0.0987  -0.5107   0.8268   0.0433   0.0321
 -0.1502  -0.0754  -0.4943   0.7917   0.0386   0.0158
 -0.1420  -0.0795  -0.4887   0.7569   0.0398   0.0029
 -0.1401  -0.0720  -0.5052   0.7980   0.0524   0.0381
 -0.1282  -0.0581  -0.4959   0.7340   0.0518   0.0013
 -0.1402  -0.0640  -0.5015   0.7820   0.0469   0.0429
 -0.1265  -0.0396  -0.4987   0.7255   0.0483   0.0151
 -0.1522  -0.0371  -0.4921   0.7535   0.0367   0.0133
 -0.1280  -0.0230  -0.5001   0.7659   0.0475   0.0309
 -0.1224   0.0052  -0.4806   0.7074   0.0368  -0.0197
 -0.1254   0.0189  -0.4813   0.7254   0.0486   0.0241
 -0.1165   0.0272  -0.4841   0.7147   0.0376  -0.0117
 -0.1225   0.0305  -0.4601   0.6817   0.0448  -0.0110
 -0.1258   0.0177  -0.4853   0.7557   0.0350   0.0083
 -0.1339   0.0378  -0.4667   0.6853   0.0418  -0.0405
 -0.1369   0.0187  -0.4929   0.7956   0.0442   0.0086
 -0.1321   0.0601  -0.4848   0.6929   0.0564  -0.0394
 -0.1524   0.0298  -0.5082   0.8190   0.0493   0.0074
 -0.1477   0.0287  -0.5126   0.7143   0.0702  -0.0169
 -0.1567  -0.0200  -0.5574   1.0683   0.0309   0.0394
 -0.1346   0.0272  -0.5299   0.5788   0.0731   0.0313
 -0.0319  -0.2225  -0.4042  -0.1522   0.0197  -0.0414
 -0.0183  -0.3233  -0.3150   0.0372  -0.0284  -0.0097
 -0.0687  -0.2794  -0.3291   0.0876   0.0423   0.0084
 -0.0471  -0.3656  -0.3386   0.1720   0.0397   0.0587
