  0.3902   0.1769   0.3365   0.3332   0.2672  -0.1741
  0.4261   0.5793   0.4232   0.4624   0.3671  -0.3429
  0.4453   0.4852   0.4008   0.5761   0.3214  -0.3812
  0.4613   0.4779   0.3872   0.4603   0.3125  -0.3477
  0.4536   0.4528   0.3175   0.3320   0.3041  -0.2749
  0.4502   0.4470   0.3458   0.3201   0.3024  -0.2619
  0.4452   0.3872   0.3363   0.2596   0.3076  -0.2133
  0.3896   0.1317   0.3361   0.4519   0.2721  -0.2514
  0.4123   0.3167   0.4533   0.8785   0.2224  -0.4765
  0.3637   0.3137   0.3568   0.4724   0.3433  -0.3118
  0.3740   0.2786   0.3495   0.4733   0.3150  -0.3038
  0.4029   0.3650   0.3388   0.2871   0.3241  -0.2493
  0.4374   0.3543   0.3474   0.2667   0.3186  -0.2000
  0.4256   0.2483   0.3379   0.2634   0.3453  -0.1805
  0.3610   0.2794   0.3942   0.6823   0.2578  -0.3838
  0.4054   0.3882   0.3312   0.1406   0.2778  -0.1549
  0.3907   0.3346   0.2320  -0.3869   0.2204   0.1980
  0.2713   0.4517   0.1107  -0.9876   0.1988   0.4791
  0.2458   0.0817   0.0983   0.4634   0.1243  -0.1659
  0.3141   0.8502   0.0490   1.7200  -0.0351  -0.8695
  0.1905   0.5182   0.0181   1.0492   0.2072  -0.6449
  0.3288   0.3209   0.0506   0.0518   0.2000  -0.0860
  0.2533  -0.4935  -0.2024  -0.6839   0.1492   0.5881
  0.1836  -0.8873  -0.2276  -0.2940   0.0851   0.5371
  0.2713  -0.4358  -0.0758  -0.2711   0.1674   0.3898
  0.2781  -0.3409  -0.0775  -0.5563   0.1823   0.5143
  0.2964  -0.3372  -0.0312  -0.4220   0.1917   0.4272
  0.2725  -0.2960  -0.0590  -0.7650   0.1688   0.5922
  0.2388  -0.4165   0.0217  -0.2426   0.1279   0.3100
  0.2586  -0.4045   0.0863   0.2384   0.1656   0.0625
  0.2857  -0.3202   0.0435  -0.2726   0.1598   0.2822
  0.2425  -0.3479   0.0309  -0.2554   0.1791   0.3105
  0.2034  -0.3741   0.0490   0.0957   0.1516   0.1210
  0.2505  -0.2615   0.0631  -0.2311   0.1562   0.2572
  0.2237  -0.1761   0.0065  -0.3749   0.1320   0.3089
  0.2301  -0.3167  -0.0452  -0.5152   0.1179   0.4361
  0.2408  -0.3351   0.0224  -0.2453   0.1629   0.2980
  0.2357  -0.2204   0.0950   0.0637   0.1470   0.1015
  0.2675  -0.1242   0.0764  -0.2005   0.1490   0.1893
  0.2581  -0.1666   0.0036  -0.3587   0.1874   0.3021
  0.2571  -0.0918   0.2094   0.9199  -0.0332  -0.4395
  0.0021  -0.4291   0.1381   1.5066  -0.0577  -0.5954
  0.0865  -0.2969   0.0951  -0.1102   0.1701   0.1635
  0.1179  -0.2005   0.0874  -0.0721   0.1153   0.1105
  0.1481  -0.3451   0.1276  -0.3099   0.1166   0.3025
  0.1683  -0.2504   0.1081  -0.4507   0.0922   0.3887
  0.2024  -0.1597   0.1569  -0.4623   0.1273   0.3265
  0.1852  -0.2065   0.1133  -0.4879   0.1052   0.3998
  0.1905  -0.0251   0.2350  -0.4124   0.1952   0.2579
  0.0114  -0.1563  -0.0726   0.4482   0.1754  -0.1698
  0.0556  -0.1982  -0.0910   0.1313   0.1490   0.0060
  0.0785   0.1972  -0.0995  -0.1908   0.1803   0.0470
  0.0562   0.1097  -0.0827   0.1059   0.1613  -0.0757
  0.1132  -0.0803   0.0619   0.0921   0.1432  -0.0345
  0.0791  -0.0803   0.0243  -0.0566   0.1463   0.0600
  0.1161  -0.1194   0.0561   0.2615   0.1411  -0.0777
  0.1102  -0.1713  -0.0062   0.1472   0.1509  -0.0301
  0.0954  -0.1978   0.0240   0.1905   0.1629  -0.0239
  0.0547  -0.0823   0.0766   0.1712   0.1371  -0.0425
  0.1044  -0.1581   0.0367   0.1855   0.1450  -0.0480
  0.0987  -0.1681   0.0778   0.2291   0.1202  -0.0703
  0.1013  -0.1114   0.0202  -0.0957   0.1478   0.0954
  0.0776  -0.1641   0.0362   0.0032   0.1286   0.0606
  0.1042  -0.1029   0.0294  -0.0447   0.1264   0.0730
  0.0831  -0.1658   0.0368  -0.1813   0.1053   0.1252
  0.0290  -0.5549   0.0330   0.2721   0.0811   0.0005
  0.0609  -0.3728   0.1354   0.4850   0.0246  -0.1494
  0.1740  -0.0710   0.1950  -0.2018   0.0831   0.1148
  0.1051  -0.1882   0.1287  -0.0707   0.0701   0.0986
 -0.1722   0.0276   0.0126  -1.3399  -0.3597   0.6540
 -0.3161  -0.9895  -0.4114  -1.2043  -0.4214   0.8587
 -0.2246  -0.4421   0.1386   2.5826  -0.3295  -0.7961
 -0.1367  -0.0699   0.3741   2.6012  -0.0771  -1.0554
 -0.0877  -0.1795   0.1560   1.2224  -0.0653  -0.5166
 -0.1315   0.1327  -0.1425  -0.2879  -0.1416   0.1014
 -0.0906   0.1281  -0.1083  -0.0594  -0.1362   0.0348
 -0.0905  -0.0322  -0.1364  -0.3279  -0.1160   0.1604
  0.1567   0.1146   0.4649   1.1202  -0.0924  -0.5301
  0.0910   0.4982   0.3748   1.3382  -0.0682  -0.7235
 -0.0433   0.0171   0.1196   0.2558  -0.0100  -0.2248
 -0.0214   0.0554   0.1395   0.1350  -0.0411  -0.1112
 -0.0538  -0.0533   0.0777   0.0354  -0.0381  -0.0411
 -0.0362  -0.0470   0.0654   0.2407  -0.0738  -0.1328
 -0.0472  -0.0604   0.0601   0.1021  -0.0735  -0.0783
 -0.0376  -0.0845   0.0511   0.1000  -0.0682  -0.0707
 -0.0559  -0.1056   0.0650   0.2569  -0.0804  -0.1467
 -0.0102  -0.0074   0.0862   0.0883  -0.0866  -0.0879
 -0.0434  -0.1276  -0.0046   0.0660  -0.0467  -0.0310
 -0.0805  -0.1687   0.0340   0.2537  -0.0687  -0.1273
 -0.0633  -0.1783   0.0491   0.3176  -0.0634  -0.1650
 -0.0576  -0.1008   0.0299   0.0774  -0.0708  -0.0697
 -0.0579  -0.1163   0.0323   0.0727  -0.0645  -0.0653
 -0.0772  -0.1110   0.0064   0.1241  -0.0588  -0.0871
 -0.0621  -0.1266   0.0590   0.1545  -0.0767  -0.1050
 -0.0684  -0.0215   0.0077  -0.1440  -0.0511   0.0318
 -0.0945  -0.0896   0.1127   0.0757  -0.0756  -0.0647
 -0.0445  -0.0229   0.1269  -0.1248  -0.0712   0.0263
 -0.0963  -0.1104   0.0134  -0.1111  -0.0253   0.0406
 -0.1333  -0.3896   0.0049   0.1674  -0.0457  -0.0137
 -0.0941  -0.2712   0.0630   0.0162  -0.0659   0.0291
 -0.0933  -0.0691   0.0628  -0.1858  -0.0685   0.0763
 -0.1058  -0.1935   0.0449   0.0658  -0.0508   0.0047
 -0.0866  -0.2005   0.0493  -0.0443  -0.0850   0.0399
 -0.0573  -0.1214   0.1255  -0.1821  -0.0208   0.0773
 -0.1305  -0.3516   0.0189   0.1022  -0.0304   0.0269
 -0.1510  -0.3452   0.0050   0.0756  -0.1099   0.0332
 -0.0714  -0.1847   0.0210  -0.1895  -0.1183   0.1197
 -0.1330  -0.2802  -0.0116  -0.0522  -0.0852   0.0839
 -0.0765  -0.2214  -0.0016  -0.0104  -0.1037   0.0380
 -0.1407   0.0773  -0.0348  -0.1615  -0.1132   0.0215
 -0.2563   0.0356  -0.2004  -0.0594  -0.0920   0.0227
 -0.2616  -0.1890  -0.1489  -0.0686  -0.1019   0.0860
 -0.2287  -0.0552  -0.0878  -0.1410  -0.1433   0.0839
 -0.2401  -0.0618  -0.1187  -0.2648  -0.1331   0.1417
 -0.2442  -0.2462  -0.0854  -0.0590  -0.1395   0.0989
 -0.2029  -0.1808  -0.0468  -0.0853  -0.1505   0.0824
 -0.1712  -0.0894  -0.0463  -0.3358  -0.1517   0.1952
 -0.1665  -0.1150  -0.0717  -0.3589  -0.1295   0.2035
 -0.1577  -0.0754  -0.0846  -0.3672  -0.1276   0.2201
 -0.1942  -0.1397  -0.1479  -0.3905  -0.1039   0.2341
 -0.2293  -0.3131  -0.0996   0.0863  -0.1510   0.0293
 -0.1908  -0.2942  -0.0660   0.2365  -0.1175  -0.0867
 -0.1646  -0.1747  -0.1136  -0.0709  -0.0810   0.0480
 -0.2088  -0.2028  -0.1171   0.0338  -0.0731   0.0027
 -0.2197  -0.0796  -0.2021   0.0096  -0.0743  -0.0098
 -0.2011  -0.0474  -0.2432  -0.3193  -0.0264   0.1389
 -0.1930   0.0277  -0.2367  -0.2393  -0.1235   0.1222
 -0.2419  -0.0151  -0.2022   0.0228  -0.1151  -0.0445
 -0.1440   0.2308  -0.1327   0.4639  -0.1687  -0.3165
  0.1122   0.9389   0.2504   1.0442  -0.1469  -0.7475
 -0.0753   0.2748   0.0740  -0.2505   0.0259  -0.0027
 -0.1049   0.2498  -0.0567  -0.2227  -0.0624   0.0009
 -0.1199   0.2092  -0.0696  -0.4563  -0.0399   0.1524
 -0.1336   0.2088  -0.0884  -0.1866  -0.1135   0.0186
 -0.1292   0.1459  -0.0667  -0.1338  -0.0889   0.0049
 -0.1229   0.1878  -0.1154  -0.1638  -0.1003   0.0198
 -0.1437   0.1694  -0.1712  -0.3555  -0.0644   0.1133
 -0.1628   0.1218  -0.1332  -0.0375  -0.1084  -0.0474
 -0.1463   0.1456  -0.1165  -0.1756  -0.0986   0.0190
 -0.1418   0.2087  -0.1529  -0.3069  -0.1110   0.0605
 -0.1472   0.1895  -0.1561  -0.3609  -0.0925   0.1146
 -0.1994   0.1808  -0.1987  -0.1679  -0.1086  -0.0023
 -0.1758   0.1703  -0.1676  -0.2753  -0.1386   0.0403
 -0.1555   0.2361  -0.1617  -0.3928  -0.1089   0.1031
 -0.1552   0.2104  -0.1943  -0.4154  -0.0790   0.1179
 -0.2109   0.1668  -0.2049  -0.2880  -0.1154   0.0346
 -0.2116   0.4190  -0.2540  -0.7591  -0.1106   0.2371
 -0.1968   0.5865  -0.2741  -1.0481  -0.0937   0.2882
 -0.2295   0.0147  -0.1604  -0.1769  -0.1625   0.0391
 -0.2404  -0.0341  -0.1865  -0.0600  -0.1398  -0.0259
 -0.2300   0.0462  -0.1787   0.4171  -0.1040  -0.3222
 -0.2200   0.2109  -0.2093   0.1631  -0.0930  -0.2372
 -0.2142   0.1211  -0.2034   0.2128  -0.1111  -0.2261
 -0.2088   0.2166  -0.2131   0.0806  -0.1191  -0.1815
 -0.2133  -0.0300  -0.1322   0.1793  -0.1660  -0.1554
 -0.1857   0.1412  -0.1167   0.1377  -0.1770  -0.2031
 -0.1666   0.0830  -0.0618   0.1309  -0.1872  -0.1764
 -0.2232   0.2090  -0.1881   0.0686  -0.1552  -0.1707
 -0.2373   0.2448  -0.2490  -0.0166  -0.1643  -0.1254
 -0.1158   0.9288  -0.2065  -0.6033  -0.0419  -0.0440
 -0.2524  -0.4756  -0.2361   0.3411  -0.1924   0.0037
 -0.2757   0.4090  -0.2819   0.3128  -0.2048  -0.2373
 -0.2064   0.6391  -0.2973  -0.0834  -0.1661  -0.2187
 -0.1761   0.4544  -0.2355  -0.3906  -0.1523   0.0307
 -0.2112   0.3993  -0.2648  -0.1856  -0.1691  -0.1037
 -0.2024   0.3829  -0.2859  -0.1234  -0.2001  -0.0635
 -0.2632   0.1273  -0.3048  -0.1711  -0.2013  -0.0464
 -0.2725   0.1067  -0.2742   0.8218  -0.2528  -0.4299
 -0.1083   0.3306   0.3403   0.2625  -0.1314  -0.2302
 -0.0762   0.2798   0.1638  -0.4683  -0.0832   0.0763
 -0.1159   0.3745  -0.0342  -0.7521  -0.1319   0.2618
 -0.1511   0.3493  -0.1509  -1.0223  -0.1517   0.4023
 -0.1907   0.3187  -0.1534  -0.5221  -0.1703   0.1743
 -0.1570   0.2245  -0.1911  -0.5961  -0.1635   0.2374
 -0.1652   0.3871  -0.2809  -0.8729  -0.1723   0.3278
 -0.2028   0.1755  -0.2239  -0.6443  -0.1767   0.2523
