  0.1667   0.6387   0.1475  -0.5375  -0.3011  -0.0133
  0.0827   1.0674   0.2947  -0.2016  -0.2449  -0.1065
  0.0879   1.0068   0.2444  -0.4606  -0.2584  -0.0429
  0.0218   1.0074   0.2867  -0.4102  -0.2765  -0.0086
  0.0528   0.7513   0.2683  -0.1536  -0.2762  -0.2256
  0.0724   0.9071   0.2688  -0.0974  -0.2622  -0.0609
  0.1365   0.7931   0.2157  -0.0207  -0.2251  -0.0717
  0.1270   0.8098   0.2010   0.0152  -0.2493  -0.1083
  0.0858   0.6877   0.2410  -0.0144  -0.2344  -0.1371
  0.0925   0.7674   0.2627  -0.0462  -0.2182  -0.0160
  0.0200   0.6146   0.2847  -0.1113  -0.2534  -0.0878
  0.0318   0.6665   0.2810  -0.1059  -0.2552  -0.1197
 -0.0384  -0.2019   0.3375  -0.3318  -0.2091  -0.1461
 -0.0483  -0.8453   0.3860  -0.6105  -0.1110  -0.0063
 -0.0785  -0.6575   0.3637  -0.5249  -0.1286  -0.0789
 -0.0363  -0.7242   0.3522  -0.5430  -0.0932  -0.1419
 -0.0573  -0.6249   0.3592  -0.5156  -0.1307  -0.2363
  0.2946  -0.0669   0.2845  -0.5625   0.0240  -0.1016
  0.5198   0.3158   0.2311  -0.6172   0.0553  -0.0989
  0.4114   0.7385   0.2028  -0.6730  -0.0581   0.0423
  0.3063   0.2881  -0.0938  -0.5892  -0.0424  -0.0188
  0.2401   0.3649  -0.0333  -0.5597  -0.0966  -0.0963
  0.2737   0.2662  -0.0671  -0.5365  -0.0735  -0.2726
  0.2215  -0.0014  -0.1689  -0.1545  -0.1585  -0.0278
  0.1989  -0.0385  -0.3810   0.0075  -0.2078   0.2908
  0.1465  -0.0133  -0.2926  -0.1432  -0.1721   0.0051
  0.1605   0.0158  -0.2518  -0.1568  -0.1583  -0.0784
  0.1398  -0.1076  -0.1945  -0.2795  -0.1297  -0.1548
  0.1537  -0.0674  -0.2338  -0.2945  -0.1144  -0.1163
  0.1318  -0.1335  -0.1878  -0.3511  -0.0923  -0.0659
  0.1430  -0.2369  -0.2135  -0.2670  -0.0755  -0.0852
  0.1381  -0.2994  -0.1725  -0.2963  -0.0643  -0.1187
  0.1021  -0.2814  -0.1583  -0.2690  -0.0985  -0.1363
  0.1116  -0.2772  -0.1592  -0.3614  -0.0831  -0.0789
  0.1084  -0.2844  -0.1802  -0.2039  -0.1106  -0.1735
  0.1611  -0.3548  -0.1564  -0.1169  -0.0859  -0.2045
  0.1966  -0.3954  -0.2125  -0.1615  -0.0553  -0.0554
  0.2023  -0.3764  -0.2938  -0.1584  -0.0757  -0.1052
  0.1898  -0.4053  -0.2902  -0.1277  -0.0897  -0.1179
  0.1976  -0.4210  -0.2988  -0.1134  -0.0966  -0.1349
  0.1707  -0.4603  -0.2790  -0.1126  -0.0983  -0.0826
  0.1414  -0.5096  -0.2188  -0.2864  -0.1347  -0.3513
  0.1354  -0.4298  -0.2082  -0.4617  -0.1194  -0.3031
  0.1277  -0.3922  -0.2262  -0.4433  -0.0618  -0.0881
  0.1281  -0.3891  -0.2404  -0.5059  -0.0694   0.1223
  0.1315  -0.4794  -0.2186  -0.4220  -0.0573   0.1000
  0.1455  -0.5180  -0.2012  -0.4253  -0.0726  -0.2020
  0.1362  -0.4687  -0.2151  -0.4015  -0.0618  -0.0290
  0.1415  -0.5155  -0.1918  -0.4003  -0.0636  -0.1280
  0.1365  -0.5105  -0.1950  -0.3558  -0.0776  -0.1755
  0.1368  -0.4570  -0.2213  -0.3766  -0.0765  -0.0520
  0.1429  -0.4661  -0.2346  -0.3665  -0.0678  -0.1244
  0.1381  -0.5044  -0.2236  -0.3632  -0.0707  -0.1717
  0.1425  -0.4762  -0.2332  -0.3023  -0.0558  -0.1460
  0.1355  -0.4216  -0.2328  -0.3205  -0.0751  -0.0714
  0.1455  -0.3149  -0.2091  -0.3593  -0.0675  -0.2298
  0.1374  -0.1571  -0.2197  -0.4536  -0.0638  -0.1706
  0.1363  -0.2840  -0.2127  -0.3980  -0.0612  -0.1650
  0.1244  -0.3168  -0.2115  -0.4188  -0.0656  -0.2551
  0.1253  -0.2707  -0.2114  -0.4023  -0.0625  -0.1523
  0.1039  -0.3175  -0.2252  -0.4498  -0.0620  -0.1210
  0.1481  -0.2849  -0.0825  -0.0690  -0.0517   0.0485
 -0.4644  -0.0219   0.0205   1.2910   0.0398   0.9488
 -1.4388   0.1883   0.6674   3.3709   0.2814   2.6025
 -1.1172   0.7782   0.2045   1.8426   0.3656   0.6289
 -1.2221   0.7091   0.3661   2.1757   0.4382   0.5214
 -1.1615   0.8465   0.3905   1.8784   0.4192   0.4941
 -1.2271   0.7346   0.3854   1.9992   0.4263   0.5315
 -1.1709   0.7888   0.4171   1.8264   0.4258   0.3278
 -1.2235   0.6914   0.3886   1.7985   0.4313   0.4673
 -1.2188   0.4186   0.4984   1.3793   0.4055   0.1174
 -1.1067   0.4287   0.6593   1.3729   0.5797   0.2373
 -0.8025   1.5464   1.1886   1.1624   0.7203   0.6893
 -0.7730   1.8091   1.3072   0.9086   0.8257   0.1995
 -0.9842   1.2653   0.7183   0.8674   0.5294  -0.0420
 -1.0410   1.1192   0.8048   0.7538   0.5738  -0.1021
 -1.0451   0.9892   0.7308   0.4591   0.5328   0.1514
 -1.2008   0.7329   0.7066   0.9794   0.6136   0.2466
