  0.3606   0.7495   0.3661  -0.1044   0.2172   0.0233
  0.4717   0.8159   0.4323  -0.2120   0.2164   0.0290
  0.4092   0.7705   0.4563  -0.1937   0.2126   0.0247
  0.3722   0.7972   0.4546  -0.1551   0.2019   0.0024
  0.3263   0.7475   0.4517  -0.1503   0.2130  -0.0050
  0.3260   0.7496   0.4560  -0.1236   0.1980  -0.0015
  0.2869   0.7054   0.4448  -0.1114   0.2046  -0.0077
  0.2761   0.6752   0.4404  -0.1178   0.2003   0.0061
  0.2758   0.5772   0.4172  -0.1122   0.2101   0.0280
  0.2406   0.5197   0.4145  -0.1182   0.1925   0.0303
  0.2467   0.4909   0.4198  -0.1097   0.2221   0.0480
  0.2469   0.4374   0.3430  -0.0985   0.1991   0.0509
  0.2462   0.4358   0.3230  -0.0729   0.2010   0.0291
  0.2534   0.5188   0.3492  -0.0711   0.2066   0.0232
  0.2550   0.5354   0.3368  -0.0828   0.2088   0.0085
  0.2611   0.5468   0.3614  -0.1198   0.2126   0.0319
  0.2468   0.5507   0.3508  -0.1500   0.2016   0.0264
  0.2431   0.5797   0.3679  -0.0915   0.1947  -0.0038
  0.2403   0.5507   0.3440  -0.1207   0.2100   0.0235
  0.2608   0.5477   0.3209  -0.1706   0.2142   0.0585
  0.2518   0.5063   0.3472  -0.1027   0.1670   0.0288
  0.2408   0.5295   0.3165  -0.1810   0.1907   0.0463
  0.2465   0.5326   0.3192  -0.1261   0.1407   0.0132
  0.2704   0.5664   0.2783  -0.1271   0.2008   0.0250
  0.2338   0.6014   0.2562  -0.1780   0.1291   0.0189
  0.2124   0.6187   0.2806  -0.1322   0.1093   0.0003
  0.1811   0.5916   0.2970  -0.1234   0.1134  -0.0037
  0.2073   0.5659   0.3101  -0.0595   0.1404  -0.0166
  0.1585   0.6162   0.3098  -0.0730   0.1234  -0.0289
  0.1439   0.5865   0.3252  -0.0786   0.1167  -0.0271
  0.1851   0.5894   0.3260  -0.1011   0.1541  -0.0162
  0.1604   0.6110   0.2956  -0.0615   0.1233  -0.0499
  0.1667   0.6434   0.3042  -0.1353   0.1461  -0.0162
  0.1890   0.6978   0.3182  -0.1302   0.1513  -0.0137
  0.2050   0.7000   0.3147  -0.1108   0.1535  -0.0215
  0.2518   0.6801   0.2545  -0.1691   0.2058   0.0145
  0.1811   0.6235   0.3197  -0.2049   0.1255   0.0182
  0.1925   0.6400   0.2948  -0.1706   0.1450   0.0103
  0.1689   0.5753   0.3101  -0.1092   0.1590  -0.0165
  0.1816   0.5723   0.2329  -0.1418   0.1859   0.0056
  0.1425   0.5564   0.2788  -0.1504   0.1292  -0.0080
  0.1121   0.4440   0.2513   0.0028   0.1334  -0.0696
  0.1295   0.4199   0.2037  -0.0425   0.1327  -0.0495
  0.1250   0.4804   0.1902  -0.0580   0.1099  -0.0500
  0.1022   0.4267   0.1517  -0.0400   0.1119  -0.0575
  0.1159   0.4586   0.2052   0.0170   0.1060  -0.0775
  0.1220   0.4219   0.1646   0.0391   0.1136  -0.0807
  0.1256   0.3944   0.1395   0.0724   0.0989  -0.0819
  0.1025   0.3511   0.0897   0.1040   0.1118  -0.0928
  0.0929   0.2532   0.0983   0.0968   0.0859  -0.1003
  0.0749   0.2605   0.0700   0.1282   0.1150  -0.0878
  0.0323   0.2151   0.0394   0.1551   0.0910  -0.1210
  0.0252   0.1498   0.0514   0.1500   0.1009  -0.0771
  0.0223   0.0404   0.0133   0.1476   0.1020  -0.0243
  0.0161   0.0049   0.0299   0.1393   0.1018  -0.0206
  0.0409  -0.0208   0.0138   0.1757   0.0811  -0.0312
  0.0243  -0.0565   0.0181   0.1673   0.1056  -0.0316
  0.0623  -0.1001   0.0403   0.2365   0.1094  -0.0626
  0.1073  -0.0723   0.0423   0.1446   0.1842  -0.0162
  0.1161  -0.0115   0.0581   0.2033   0.1251  -0.0700
  0.0822   0.0811   0.0547   0.2044   0.1036  -0.0993
  0.1265   0.0687  -0.0421   0.2599   0.0877  -0.1084
 -0.0078   0.1512  -0.0142   0.2730   0.0173  -0.1454
  0.0897   0.1379  -0.1327   0.3278   0.0468  -0.1593
  0.1040   0.0861  -0.1602   0.2802   0.0858  -0.1451
  0.0640   0.0597  -0.0911   0.3105   0.0771  -0.1401
  0.1045   0.0166  -0.0726   0.2564   0.0635  -0.1121
  0.0750   0.0019  -0.0636   0.2564   0.0456  -0.1111
  0.1046  -0.0805  -0.0786   0.1834   0.0619  -0.0545
  0.0683  -0.1236  -0.1457   0.4401  -0.0190  -0.1561
  0.1187  -0.1288  -0.1131   0.4047   0.0492  -0.0974
  0.1675  -0.2725  -0.0964   0.0825   0.0945   0.0526
  0.1158  -0.3036  -0.1682   0.2299   0.0609  -0.0034
  0.0999  -0.3562  -0.1610   0.1366   0.0507   0.0323
  0.0998  -0.3867  -0.1966   0.2828   0.0088   0.0083
  0.0993  -0.4388  -0.1888   0.2114   0.0446   0.0448
  0.1223  -0.4398  -0.2104   0.2528   0.0368   0.0448
  0.1999  -0.4626  -0.1516   0.0314   0.0749   0.1246
  0.1537  -0.5132  -0.2037   0.2404   0.0092   0.0432
  0.1410  -0.4832  -0.2042   0.2272   0.0483   0.0554
  0.1404  -0.5452  -0.1974   0.2568   0.0105   0.0389
  0.1212  -0.5453  -0.1770   0.2484   0.0284   0.0727
  0.1471  -0.5762  -0.2416   0.2323   0.0578   0.0739
  0.1497  -0.5873  -0.2472   0.1639   0.0624   0.1199
  0.1070  -0.5968  -0.2049   0.2320  -0.0066   0.0898
  0.1082  -0.6709  -0.2340   0.1970   0.0414   0.1226
  0.0617  -0.6413  -0.2552   0.2759  -0.0199   0.0746
  0.0846  -0.6823  -0.2433   0.2216   0.0364   0.1300
  0.0236  -0.4720  -0.2895   0.1975  -0.0067   0.0688
 -0.1230  -0.1527  -0.2449   0.0060  -0.0750   0.0785
 -0.1550   0.0578  -0.0843   0.0668  -0.1227  -0.0356
 -0.1131   0.1338  -0.1106   0.0239  -0.0967  -0.0414
 -0.0688   0.0578  -0.0983  -0.0302  -0.0564   0.0048
 -0.0248   0.1184  -0.1064  -0.0036  -0.0876  -0.0199
 -0.0991   0.0742  -0.0978  -0.0224  -0.1026  -0.0094
 -0.0940   0.0385  -0.0878   0.0152  -0.1051  -0.0109
 -0.1212   0.0335  -0.1006  -0.0043  -0.0995  -0.0163
 -0.1012   0.0216  -0.0960   0.0051  -0.1172  -0.0133
 -0.1059  -0.0048  -0.1115   0.0041  -0.1235   0.0077
 -0.1226  -0.1141  -0.1011   0.0138  -0.1190  -0.0035
 -0.0992  -0.1117  -0.1110  -0.0040  -0.0890   0.0341
 -0.0756  -0.1914  -0.2105  -0.0766  -0.0557   0.0775
 -0.1184  -0.2312  -0.1171  -0.0670  -0.1180   0.0623
 -0.1194  -0.2437  -0.1031  -0.0233  -0.1073   0.0534
 -0.1176  -0.2046  -0.1065  -0.0326  -0.1325   0.0567
 -0.1415  -0.1149  -0.0779  -0.0662  -0.1190   0.0277
 -0.1586  -0.0854  -0.0839  -0.0540  -0.1315   0.0289
 -0.1666  -0.0989  -0.0769  -0.0197  -0.1472   0.0086
 -0.1752  -0.1057  -0.0785  -0.0169  -0.1416   0.0007
 -0.1718  -0.1192  -0.1035  -0.0315  -0.1481   0.0143
 -0.1527  -0.0844  -0.0688   0.0286  -0.1729  -0.0008
 -0.1660  -0.0639  -0.0515  -0.0300  -0.1589   0.0096
 -0.1471  -0.0981  -0.0307   0.0069  -0.1386   0.0129
 -0.1335  -0.1315  -0.1046  -0.0487  -0.1250   0.0144
 -0.1730  -0.1119  -0.1091   0.0103  -0.1972  -0.0271
 -0.1799  -0.1208  -0.0791  -0.0146  -0.1530  -0.0060
 -0.1794  -0.1410  -0.0897   0.0352  -0.1722  -0.0134
 -0.1693  -0.1872  -0.0908   0.0016  -0.1503  -0.0063
 -0.1648  -0.2026  -0.0899   0.0448  -0.1524  -0.0028
 -0.1508  -0.1866  -0.0902   0.0111  -0.1272   0.0024
 -0.1550  -0.1821  -0.0757   0.0299  -0.1470  -0.0014
 -0.1651  -0.1851  -0.0827   0.0208  -0.1384  -0.0038
 -0.1585  -0.1824  -0.0843   0.0200  -0.1498  -0.0209
 -0.1762  -0.2202  -0.0884   0.0149  -0.1346  -0.0195
 -0.1665  -0.2470  -0.0915   0.0275  -0.1355  -0.0072
 -0.1735  -0.2549  -0.1055  -0.0037  -0.1339  -0.0145
 -0.1915  -0.2734  -0.0958   0.0284  -0.1622  -0.0210
 -0.2012  -0.2721  -0.1155   0.0588  -0.1445  -0.0030
 -0.2080  -0.2906  -0.0900   0.0053  -0.1458  -0.0060
 -0.2070  -0.3295  -0.0916   0.0441  -0.1441   0.0277
 -0.2153  -0.3326  -0.0991   0.0186  -0.1366   0.0174
 -0.2261  -0.3452  -0.0955   0.0543  -0.1295   0.0320
 -0.2311  -0.3816  -0.1123   0.0767  -0.1449   0.0141
 -0.2088  -0.4047  -0.1065   0.0705  -0.1061   0.0312
 -0.2423  -0.4666  -0.1185   0.0876  -0.1324   0.0152
 -0.1842  -0.4962  -0.2079   0.0473  -0.0852   0.0493
 -0.1934  -0.4554  -0.1074   0.0641  -0.1333   0.0189
 -0.2009  -0.4193  -0.1291   0.0593  -0.1345   0.0322
 -0.2114  -0.3485  -0.1166   0.0418  -0.1541   0.0040
 -0.2183  -0.3265  -0.1141   0.0245  -0.1360   0.0101
 -0.2125  -0.3651  -0.1130   0.0363  -0.1503   0.0133
 -0.2428  -0.3219  -0.1507  -0.0041  -0.1508   0.0207
 -0.2537  -0.3650  -0.1324   0.0242  -0.1641   0.0170
 -0.2314  -0.3402  -0.1311   0.0244  -0.1293   0.0316
 -0.2631  -0.3534  -0.1310   0.0417  -0.1560   0.0059
 -0.2207  -0.3373  -0.1920  -0.0158  -0.1291   0.0464
 -0.2481  -0.3280  -0.2074  -0.0041  -0.1748   0.0184
 -0.2654  -0.3261  -0.1626  -0.0110  -0.1972   0.0187
 -0.2593  -0.3494  -0.1823   0.0435  -0.1864   0.0008
 -0.2671  -0.3532  -0.1842  -0.0336  -0.1506   0.0417
 -0.2354  -0.3523  -0.1844  -0.0588  -0.1628   0.0424
 -0.2051  -0.3401  -0.1825  -0.0416  -0.1476   0.0450
 -0.1952  -0.3311  -0.1859  -0.1052  -0.1289   0.0586
 -0.2201  -0.3501  -0.1539  -0.0244  -0.1828   0.0180
 -0.2149  -0.3920  -0.2188  -0.0908  -0.1025   0.0716
 -0.1875  -0.3690  -0.1730  -0.0963  -0.1324   0.0631
 -0.1509  -0.3411  -0.1943  -0.1227  -0.0929   0.0748
 -0.1537  -0.3834  -0.1734  -0.1350  -0.1040   0.0636
 -0.1554  -0.3745  -0.1405  -0.1388  -0.1270   0.0579
 -0.1718  -0.4054  -0.1449  -0.1285  -0.1388   0.0584
 -0.1435  -0.3874  -0.1412  -0.1189  -0.0873   0.0480
  0.0022  -0.1332  -0.0683  -0.2721  -0.0129   0.0282
 -0.0186  -0.0827  -0.0604  -0.1558  -0.0657  -0.0666
 -0.0095  -0.0457  -0.0892  -0.1709  -0.0684  -0.0652
 -0.0759  -0.1312  -0.0683  -0.2375  -0.0678  -0.0035
 -0.0923  -0.1384  -0.0983  -0.2594  -0.0570   0.0012
 -0.1002  -0.1248  -0.0988  -0.3007  -0.0646   0.0033
 -0.0786  -0.1173  -0.1130  -0.2417  -0.0643  -0.0291
 -0.1154  -0.1384  -0.1395  -0.2439  -0.0667  -0.0415
 -0.0908  -0.1412  -0.1467  -0.2115  -0.0699  -0.0386
 -0.0666  -0.2028  -0.1365  -0.1896  -0.0635  -0.0332
 -0.0659  -0.2120  -0.1132  -0.2095  -0.0180  -0.0263
 -0.1032  -0.2617  -0.1598  -0.1603  -0.0370  -0.0244
 -0.1160  -0.2553  -0.1610  -0.2052  -0.0244   0.0005
 -0.0741  -0.2575  -0.2509  -0.2799  -0.0140   0.0496
 -0.0711  -0.1706  -0.2153  -0.2526  -0.0453   0.0011
