  0.0927   0.6011   0.0832  -0.0723   0.1090  -0.0757
  0.1016   0.6384   0.1039  -0.1141   0.1115  -0.0765
  0.1045   0.6188   0.0929  -0.0845   0.1066  -0.0494
  0.1009   0.6441   0.0973  -0.0910   0.1117  -0.0845
  0.0994   0.6471   0.1071  -0.0885   0.1103  -0.0438
  0.0873   0.6181   0.1029  -0.0689   0.1046  -0.0713
  0.0870   0.6006   0.1044  -0.0807   0.1033  -0.0712
  0.0871   0.5774   0.1013  -0.0309   0.0984  -0.0684
  0.0817   0.5841   0.0981  -0.0624   0.1061  -0.0681
  0.0769   0.5666   0.1016  -0.0433   0.1001  -0.0460
  0.0734   0.5611   0.0973  -0.0554   0.0912  -0.0757
  0.0723   0.5579   0.1084  -0.0408   0.0898  -0.0477
  0.0722   0.5389   0.0951  -0.0373   0.0953  -0.0599
  0.0754   0.5138   0.0831  -0.0393   0.0957  -0.0537
  0.0710   0.4844   0.0726  -0.0043   0.0887  -0.0478
  0.0771   0.4555   0.0749  -0.0463   0.0986  -0.0494
  0.0777   0.4810   0.0697  -0.0108   0.0939  -0.0434
  0.0789   0.4991   0.0683   0.0082   0.0953  -0.0742
  0.0739   0.4255   0.0636   0.0284   0.0851  -0.0344
  0.0701   0.4287   0.0517  -0.0107   0.0840  -0.0654
  0.0691   0.4020   0.0665  -0.0184   0.0755  -0.0327
  0.0684   0.4240   0.0632   0.0065   0.0710  -0.0675
  0.0682   0.4138   0.0668   0.0084   0.0745  -0.0510
  0.0768   0.4031   0.0520   0.0295   0.0779  -0.0551
  0.0743   0.4312   0.0482  -0.0078   0.0768  -0.0376
  0.0813   0.4268   0.0546  -0.0376   0.0740  -0.0632
  0.0753   0.4117   0.0540  -0.0077   0.0714  -0.0623
  0.0793   0.3873   0.0579   0.0274   0.0774  -0.0471
  0.0731   0.4036   0.0599  -0.0101   0.0749  -0.0555
  0.0730   0.4029   0.0533  -0.0038   0.0738  -0.0497
  0.0710   0.4018   0.0614  -0.0110   0.0724  -0.0576
  0.0748   0.3867   0.0635  -0.0006   0.0624  -0.0365
  0.0783   0.3880   0.0677   0.0059   0.0643  -0.0520
  0.0910   0.3986   0.0694  -0.0271   0.0618  -0.0434
  0.0786   0.4039   0.0739  -0.0423   0.0590  -0.0375
  0.0720   0.3873   0.0742  -0.0183   0.0513  -0.0342
  0.0662   0.3492   0.0549  -0.0168   0.0490  -0.0455
  0.0617   0.3471   0.0479  -0.0652   0.0547  -0.0361
  0.0592   0.3264   0.0376  -0.0473   0.0561  -0.0493
  0.0612   0.3737   0.0334  -0.0975   0.0607  -0.0460
  0.0613   0.3525   0.0413  -0.0428   0.0504  -0.0333
  0.0559   0.3548   0.0368  -0.0148   0.0492  -0.0603
  0.0501   0.3325   0.0413   0.0164   0.0545  -0.0427
  0.0548   0.3269   0.0324  -0.0395   0.0689  -0.0416
  0.0561   0.3228   0.0249  -0.0489   0.0645  -0.0296
  0.0505   0.3285   0.0293  -0.0256   0.0626  -0.0596
  0.0534   0.3363   0.0188  -0.0222   0.0666  -0.0386
  0.0573   0.3235   0.0211  -0.0117   0.0718  -0.0441
  0.0477   0.3194   0.0229  -0.0268   0.0646  -0.0305
  0.0460   0.3088   0.0253  -0.0138   0.0559  -0.0447
  0.0497   0.2924   0.0201  -0.0265   0.0576  -0.0484
  0.0424   0.2879   0.0231  -0.0257   0.0586  -0.0365
  0.0394   0.2802   0.0159  -0.0286   0.0539  -0.0407
  0.0370   0.2612   0.0174  -0.0138   0.0632  -0.0240
  0.0271   0.2164   0.0174  -0.0486   0.0474  -0.0393
  0.0301   0.1782   0.0261  -0.0593   0.0424   0.0008
  0.0209   0.1674   0.0305  -0.0234   0.0325  -0.0219
  0.0259   0.1313   0.0302  -0.0437   0.0352   0.0073
  0.0293   0.1265   0.0312  -0.0121   0.0267   0.0048
  0.0243   0.1484   0.0255   0.0197   0.0308  -0.0097
  0.0256   0.1134   0.0307   0.0470   0.0243   0.0023
  0.0252   0.1329   0.0135   0.0153   0.0360  -0.0122
  0.0280   0.1227   0.0352   0.0198   0.0186  -0.0125
  0.0309   0.1562   0.0059  -0.0256   0.0479  -0.0047
  0.0235   0.1723  -0.0315  -0.0795   0.0796   0.0087
  0.0366   0.3310  -0.0077  -0.1099   0.0716  -0.0511
  0.0500   0.3570  -0.0155  -0.1175   0.0856  -0.0301
  0.0348   0.3121  -0.0112  -0.0889   0.0630  -0.0474
  0.0301   0.2843  -0.0136  -0.0950   0.0639  -0.0172
  0.0213   0.2534  -0.0236  -0.0444   0.0590  -0.0439
  0.0227   0.2642  -0.0208  -0.0508   0.0557  -0.0216
  0.0167   0.2477  -0.0267  -0.0851   0.0517  -0.0448
  0.0213   0.2546  -0.0194  -0.0849   0.0534  -0.0337
  0.0173   0.2357  -0.0111  -0.0556   0.0378  -0.0397
  0.0207   0.2195  -0.0227  -0.0399   0.0512  -0.0337
  0.0181   0.1981  -0.0159   0.0196   0.0460  -0.0296
  0.0268   0.2077  -0.0307  -0.0182   0.0433  -0.0356
  0.0253   0.2042  -0.0251  -0.0143   0.0357  -0.0211
  0.0203   0.2248  -0.0288  -0.0405   0.0430  -0.0454
  0.0125   0.1744  -0.0128  -0.0303   0.0493   0.0008
  0.0131   0.1811  -0.0219  -0.0214   0.0388  -0.0403
  0.0110   0.1710  -0.0137  -0.0231   0.0419  -0.0137
  0.0186   0.1600  -0.0142  -0.0003   0.0348  -0.0305
  0.0278   0.1936  -0.0277  -0.0153   0.0433  -0.0229
  0.0172   0.1671  -0.0277   0.0025   0.0419  -0.0109
 -0.0019   0.0958  -0.0342   0.0160   0.0447  -0.0260
  0.0029   0.0666  -0.0280   0.0313   0.0397   0.0085
  0.0135   0.1053  -0.0227   0.0055   0.0229  -0.0265
  0.0058   0.0832  -0.0262  -0.0028   0.0240  -0.0137
  0.0010   0.0472  -0.0108   0.0201   0.0111  -0.0052
 -0.0019   0.0287  -0.0083   0.0164   0.0148  -0.0010
  0.0011   0.0249  -0.0052   0.0194   0.0102  -0.0097
  0.0008   0.0388  -0.0113   0.0054   0.0163  -0.0137
 -0.0042   0.0177  -0.0090   0.0241   0.0039  -0.0094
 -0.0076   0.0013  -0.0021   0.0006   0.0068  -0.0061
  0.0035  -0.0104  -0.0040   0.0268   0.0027  -0.0057
  0.0070   0.0164   0.0023  -0.0115   0.0150  -0.0185
 -0.0025   0.0013  -0.0066  -0.0053  -0.0036   0.0148
  0.0011   0.0077   0.0000  -0.0295   0.0066  -0.0326
 -0.0037  -0.0429  -0.0008  -0.0158  -0.0073   0.0312
 -0.0029  -0.0815   0.0082  -0.0102  -0.0053  -0.0143
  0.0049  -0.0843   0.0149   0.0435  -0.0230   0.0308
  0.0057  -0.0717  -0.0106   0.0268  -0.0271  -0.0029
  0.0061  -0.0727  -0.0372   0.0456  -0.0119   0.0357
  0.0023  -0.0865  -0.0684   0.0443   0.0182   0.0081
  0.0110  -0.0784  -0.0331   0.0182  -0.0009   0.0173
  0.0036  -0.0893  -0.0244   0.0202  -0.0288  -0.0005
  0.0021  -0.0874  -0.0316   0.0380  -0.0143   0.0097
 -0.0056  -0.1225  -0.0300   0.0480  -0.0217   0.0236
 -0.0162  -0.1296  -0.0403   0.0441  -0.0188   0.0097
 -0.0075  -0.1393  -0.0283   0.0403  -0.0221   0.0321
 -0.0137  -0.1092  -0.0360   0.0205  -0.0220   0.0007
 -0.0073  -0.1193  -0.0395  -0.0348  -0.0232   0.0260
 -0.0248  -0.1482  -0.0376  -0.0221  -0.0223   0.0070
 -0.0350  -0.1523  -0.0325  -0.0580  -0.0318   0.0090
 -0.0275  -0.1182  -0.0274  -0.0553  -0.0385   0.0296
 -0.0224  -0.1214  -0.0202  -0.0133  -0.0373  -0.0029
 -0.0347  -0.1529  -0.0289   0.0150  -0.0337   0.0327
 -0.0274  -0.1773  -0.0293   0.0704  -0.0297   0.0224
 -0.0240  -0.1820  -0.0383   0.0685  -0.0227   0.0231
 -0.0275  -0.2022  -0.0315   0.0980  -0.0301   0.0255
 -0.0260  -0.2094  -0.0294   0.0844  -0.0374   0.0114
 -0.0279  -0.2199  -0.0311   0.0735  -0.0226   0.0462
 -0.0336  -0.2425  -0.0269   0.0995  -0.0320   0.0301
 -0.0350  -0.2310  -0.0348   0.0982  -0.0237   0.0393
 -0.0381  -0.2628  -0.0306   0.1032  -0.0324   0.0536
 -0.0389  -0.2664  -0.0377   0.1118  -0.0221   0.0311
 -0.0390  -0.2763  -0.0401   0.1072  -0.0173   0.0502
 -0.0361  -0.2753  -0.0365   0.1105  -0.0203   0.0413
 -0.0395  -0.2813  -0.0385   0.1036  -0.0229   0.0566
 -0.0422  -0.3019  -0.0506   0.1062  -0.0261   0.0380
 -0.0420  -0.2943  -0.0481   0.0793  -0.0278   0.0652
 -0.0465  -0.3162  -0.0442   0.0984  -0.0411   0.0543
 -0.0521  -0.3119  -0.0510   0.0716  -0.0331   0.0479
 -0.0503  -0.3275  -0.0402   0.0803  -0.0385   0.0590
 -0.0558  -0.3195  -0.0490   0.0422  -0.0433   0.0293
 -0.0613  -0.3435  -0.0422   0.0268  -0.0483   0.0678
 -0.0528  -0.3525  -0.0373   0.0294  -0.0567   0.0370
 -0.0596  -0.3491  -0.0348   0.0308  -0.0587   0.0581
 -0.0520  -0.3651  -0.0301   0.0412  -0.0653   0.0552
 -0.0547  -0.3301  -0.0367  -0.0097  -0.0742   0.0399
 -0.0598  -0.3684  -0.0218   0.0191  -0.0725   0.0691
 -0.0561  -0.3709  -0.0288   0.0338  -0.0772   0.0429
 -0.0554  -0.3715  -0.0154   0.0378  -0.0723   0.0714
 -0.0471  -0.3715  -0.0200   0.0426  -0.0704   0.0478
 -0.0575  -0.3805  -0.0162   0.0312  -0.0651   0.0642
 -0.0523  -0.3957  -0.0212   0.0857  -0.0699   0.0600
 -0.0535  -0.3810  -0.0280   0.0463  -0.0590   0.0582
 -0.0596  -0.3946  -0.0167   0.0356  -0.0685   0.0781
 -0.0601  -0.3846  -0.0229   0.0177  -0.0768   0.0460
 -0.0579  -0.3807  -0.0093  -0.0280  -0.0965   0.0674
 -0.0541  -0.3873  -0.0086  -0.0419  -0.1036   0.0495
 -0.0564  -0.3798  -0.0123  -0.0316  -0.0982   0.0514
 -0.0560  -0.3865  -0.0104   0.0046  -0.0923   0.0727
 -0.0574  -0.3955  -0.0199   0.0391  -0.0951   0.0565
 -0.0605  -0.3634  -0.0082  -0.0295  -0.0914   0.0585
 -0.0577  -0.3904  -0.0033   0.0143  -0.1070   0.0565
 -0.0558  -0.3779  -0.0093  -0.0187  -0.0972   0.0402
 -0.0566  -0.3982  -0.0057   0.0358  -0.1037   0.0638
 -0.0554  -0.3858  -0.0089   0.0058  -0.0931   0.0369
 -0.0626  -0.3938  -0.0095   0.0372  -0.0932   0.0492
 -0.0591  -0.3862  -0.0105   0.0176  -0.0943   0.0338
 -0.0609  -0.3818  -0.0069   0.0036  -0.0948   0.0481
 -0.0487  -0.3988  -0.0052   0.0546  -0.0984   0.0441
 -0.0504  -0.3958  -0.0056   0.0471  -0.0955   0.0252
 -0.0418  -0.4015  -0.0002   0.0595  -0.1030   0.0480
 -0.0507  -0.4030   0.0082   0.0578  -0.1101   0.0237
 -0.0559  -0.4035   0.0069   0.0517  -0.1025   0.0423
 -0.0535  -0.3942   0.0063   0.0605  -0.1014   0.0213
 -0.0590  -0.4108   0.0014   0.0777  -0.0930   0.0506
 -0.0619  -0.4160  -0.0065   0.0498  -0.0861   0.0327
 -0.0678  -0.4209  -0.0154   0.0540  -0.0840   0.0363
 -0.0586  -0.3476  -0.0395   0.0269  -0.0672   0.0219
 -0.0625  -0.3606  -0.0425   0.0130  -0.0643   0.0569
 -0.0635  -0.4101  -0.0239  -0.0085  -0.0744   0.0387
 -0.0672  -0.3676  -0.0294  -0.0161  -0.0822   0.0185
 -0.0678  -0.3792  -0.0154   0.0146  -0.0807   0.0513
 -0.0690  -0.3879  -0.0278   0.0394  -0.0824   0.0341
 -0.0663  -0.3792  -0.0099  -0.0282  -0.0856   0.0256
 -0.0606  -0.3588  -0.0795  -0.0148  -0.0148   0.0355
 -0.0293  -0.3281  -0.1176   0.0262   0.0581   0.0474
 -0.0362  -0.3493  -0.0906   0.0228   0.0010   0.0430
 -0.0591  -0.3714  -0.0708   0.0284  -0.0278   0.0392
 -0.0634  -0.3762  -0.0658   0.0386  -0.0467   0.0262
 -0.0705  -0.3563  -0.0639  -0.0044  -0.0508   0.0522
 -0.0706  -0.3899  -0.0606   0.0321  -0.0723   0.0379
 -0.0674  -0.3843  -0.0571  -0.0276  -0.0669   0.0278
 -0.0701  -0.4253  -0.0388  -0.0357  -0.0878   0.0522
 -0.0806  -0.4129  -0.0397  -0.0169  -0.0884   0.0201
 -0.0834  -0.4098  -0.0391  -0.0120  -0.0857   0.0481
 -0.0861  -0.4250  -0.0346  -0.0081  -0.1127   0.0205
 -0.0894  -0.4225  -0.0270  -0.0598  -0.1307   0.0208
 -0.0878  -0.4510  -0.0258  -0.0325  -0.1320   0.0456
 -0.0947  -0.4492  -0.0165  -0.0784  -0.1490   0.0197
 -0.1016  -0.4724  -0.0210  -0.0594  -0.1500   0.0474
 -0.1039  -0.4559  -0.0158  -0.0549  -0.1539   0.0178
