  0.0624  -0.0987   0.0371   0.0121   0.0290   0.0778
  0.0795  -0.0575   0.0363   0.0465   0.0276  -0.0155
 -0.0030  -0.0244  -0.0018  -0.0677  -0.0127   0.0957
  0.0024   0.0790  -0.0001  -0.2841  -0.0113   0.0359
  0.0156  -0.0925   0.0519  -0.0146  -0.0062  -0.0143
  0.0116  -0.1482   0.0300   0.0242  -0.0085   0.0750
  0.0270  -0.1892   0.0494   0.0986   0.0016   0.0043
  0.0366  -0.1704   0.0442   0.0723   0.0194   0.0285
  0.0311  -0.2878   0.0333   0.1422   0.0125   0.0674
  0.0513  -0.2360   0.0324   0.1010   0.0248   0.0796
  0.0382  -0.2922   0.0516   0.1504   0.0207   0.0580
  0.0250  -0.2755   0.0481   0.1636   0.0251   0.0520
  0.0277  -0.2925   0.0459   0.1416   0.0043   0.0832
  0.0286  -0.2531   0.0200   0.1120   0.0023   0.0700
  0.0209  -0.2616   0.0213   0.1103   0.0064   0.0684
  0.0206  -0.2488   0.0299   0.0930   0.0089   0.0675
  0.0315  -0.2806   0.0345   0.1407   0.0131   0.0646
  0.0205  -0.2654   0.0450   0.1280   0.0097   0.0705
  0.0237  -0.2821   0.0382   0.1370   0.0083   0.0618
  0.0131  -0.2676   0.0300   0.1047   0.0062   0.0594
  0.0133  -0.2838   0.0358   0.1523   0.0083   0.0556
 -0.0029  -0.2654   0.0305   0.1305   0.0018   0.0728
 -0.0035  -0.2884   0.0212   0.1739   0.0078   0.0307
 -0.0226  -0.2614   0.0143   0.1585   0.0147   0.0595
 -0.0118  -0.2795   0.0172   0.1688   0.0192   0.0137
 -0.0128  -0.2525   0.0285   0.1181   0.0124   0.0510
 -0.0001  -0.2797   0.0126   0.1606   0.0225   0.0212
  0.0102  -0.0608   0.0124   0.0005  -0.0044   0.0696
  0.0018  -0.0328  -0.0188   0.0070  -0.0151  -0.0253
  0.0095  -0.1020  -0.0193   0.0910  -0.0191   0.0305
 -0.0036  -0.2415  -0.0068   0.1363  -0.0256   0.0526
  0.0054  -0.2226   0.0180   0.1157  -0.0192   0.0617
  0.0115  -0.2700   0.0001   0.1557  -0.0128  -0.0042
  0.0194  -0.1977   0.0081   0.1121  -0.0110   0.0470
  0.0095  -0.2947  -0.0154   0.1954  -0.0068  -0.0647
  0.0035  -0.1225   0.0327   0.0177  -0.0086   0.0873
 -0.0021  -0.0737   0.0212  -0.1565  -0.0082   0.0100
 -0.0131  -0.1914   0.0313   0.1496   0.0099  -0.0451
 -0.0028  -0.1968  -0.0226   0.0931   0.0086   0.0066
  0.0276   0.0307   0.0049  -0.0121  -0.0201   0.0571
  0.0256   0.1242   0.0214  -0.0830  -0.0195  -0.0018
  0.0852   0.5354   0.0866  -0.2628   0.0014  -0.0714
  0.0817   0.5745   0.0476  -0.3377   0.0187  -0.0334
  0.0729   0.7655   0.0846  -0.4584   0.0178   0.0276
  0.1669   1.3513   0.1827  -0.8695   0.0140  -0.1550
  0.0944   0.8069  -0.0122  -0.2591   0.0090  -0.1398
 -0.0005   0.4806  -0.0391  -0.1003   0.0071  -0.0469
  0.0162   0.3871  -0.0216  -0.0882  -0.0007  -0.0765
  0.0190   0.3386  -0.0194  -0.0165   0.0056  -0.0608
 -0.0227   0.3352   0.0127  -0.1507  -0.0210   0.0253
 -0.0406   0.2900   0.0024  -0.2377  -0.0342  -0.0423
 -0.0409   0.0075  -0.0389   0.0843  -0.0159  -0.1050
 -0.0294   0.2068  -0.0505  -0.0688   0.0214  -0.0154
 -0.0184   0.4280  -0.0237  -0.1331   0.0737  -0.1935
 -0.1096   0.5607   0.0003  -0.3216  -0.0333  -0.0114
 -0.0235   0.1015  -0.0466  -0.0432   0.0155  -0.0922
 -0.0594   0.1091  -0.0269  -0.0538  -0.0278  -0.0157
 -0.0413  -0.0246  -0.0499   0.0080  -0.0046  -0.0558
 -0.0610   0.0688  -0.0305  -0.0705  -0.0252   0.0136
 -0.0573  -0.0609  -0.0547   0.0495   0.0054  -0.0439
 -0.0293   0.3028  -0.0141  -0.1583  -0.0161   0.0592
  0.0076   0.3582  -0.0187  -0.1790   0.0076  -0.1992
 -0.0432   0.0241  -0.0220  -0.0007  -0.0056  -0.0307
 -0.0161  -0.0442  -0.0401   0.0417  -0.0017  -0.0492
 -0.0606  -0.0088  -0.0860   0.0964   0.0175  -0.0454
 -0.0831   0.0037  -0.1071   0.1409   0.0068  -0.0529
 -0.0417  -0.0783  -0.0786   0.1008   0.0128  -0.0245
 -0.0423  -0.0693  -0.0710   0.1141  -0.0052   0.0200
 -0.0264  -0.0747  -0.0626   0.0979   0.0017  -0.0028
 -0.0188  -0.0849  -0.0737   0.1248   0.0067  -0.0086
 -0.0219  -0.0720  -0.0606   0.0883   0.0253  -0.0064
 -0.0314  -0.0867  -0.0642   0.1157   0.0028   0.0167
 -0.0381  -0.0824  -0.0638   0.0749   0.0020  -0.0046
 -0.0492  -0.1207  -0.0783   0.1034  -0.0168  -0.0212
 -0.0674  -0.1083  -0.0709   0.1028  -0.0048   0.0212
 -0.0508   0.0076  -0.0270   0.0370  -0.0400  -0.0398
  0.0163   0.8400   0.1210  -0.5933  -0.0598  -0.0301
 -0.0236   0.9756   0.1349  -0.7969  -0.0594  -0.2270
