 -0.1506   0.1721  -0.0811   0.2261  -0.0369  -0.2989
 -0.1456   0.2695  -0.0985   0.1732  -0.0406  -0.2989
 -0.1412   0.1157  -0.0655   0.1869  -0.0473  -0.3173
 -0.1675   0.0601  -0.0529   0.2272  -0.0463  -0.2800
 -0.1897   0.1671  -0.0333   0.2412  -0.0658  -0.2541
 -0.1597   0.1241  -0.0646   0.2260  -0.0526  -0.2323
 -0.1611   0.1788  -0.0620   0.1585  -0.0524  -0.2289
 -0.1648   0.1854  -0.0661   0.1915  -0.0482  -0.2504
 -0.1595   0.1632  -0.0641   0.2044  -0.0401  -0.2491
 -0.1468   0.1119  -0.0633   0.2267  -0.0378  -0.2261
 -0.1557   0.1366  -0.0617   0.1877  -0.0393  -0.2112
 -0.1303   0.1760  -0.0589   0.0974  -0.0284  -0.2295
 -0.1310   0.1884  -0.0465   0.0808  -0.0348  -0.2558
 -0.1366   0.1159  -0.0489   0.1768  -0.0299  -0.2152
 -0.1382   0.0993  -0.0529   0.1658  -0.0319  -0.1967
 -0.1374   0.0961  -0.0581   0.1090  -0.0345  -0.1848
 -0.1433   0.0977  -0.0569   0.1680  -0.0226  -0.1856
 -0.1330   0.0796  -0.0631   0.2281  -0.0222  -0.1811
 -0.1153   0.0829  -0.0519   0.1360  -0.0221  -0.2073
 -0.1051   0.1241  -0.0528   0.1216  -0.0179  -0.2200
 -0.1120   0.0995  -0.0522   0.1972  -0.0147  -0.2100
 -0.0922   0.1096  -0.0542   0.1476  -0.0126  -0.2146
 -0.0931   0.0754  -0.0422   0.1607  -0.0122  -0.1999
 -0.0872   0.0509  -0.0399   0.1176  -0.0133  -0.1824
 -0.0872   0.0226  -0.0373   0.1781  -0.0184  -0.1730
 -0.0787   0.0476  -0.0429   0.1538  -0.0177  -0.1619
 -0.0861   0.0033  -0.0256   0.1871  -0.0251  -0.1664
 -0.1020   0.1914  -0.0723   0.0905  -0.0143  -0.1470
 -0.1104   0.2455  -0.0869  -0.0167  -0.0036  -0.1614
 -0.1036   0.1335  -0.0414   0.0393  -0.0139  -0.1849
 -0.0857   0.1468  -0.0481   0.0381  -0.0108  -0.1833
 -0.0792   0.0776  -0.0246   0.0782  -0.0158  -0.1703
 -0.0760   0.0723  -0.0222   0.1133  -0.0202  -0.1562
 -0.0658   0.0696  -0.0131   0.1084  -0.0202  -0.1680
 -0.0627   0.0657  -0.0156   0.1146  -0.0230  -0.1566
 -0.0804   0.0503  -0.0319   0.1316  -0.0155  -0.1465
 -0.0738   0.0443  -0.0397   0.1457  -0.0148  -0.1186
 -0.0693   0.0764  -0.0252   0.0896  -0.0185  -0.1441
 -0.0570   0.0323  -0.0346   0.0488  -0.0162  -0.1101
 -0.0723   0.0703  -0.0217   0.0512  -0.0195  -0.1488
 -0.0876   0.0816  -0.0692   0.0587  -0.0000  -0.1367
 -0.0863  -0.0060  -0.0834   0.1538   0.0145  -0.1069
 -0.0678   0.0202  -0.0624   0.1210   0.0044  -0.1105
 -0.0617   0.0226  -0.0490   0.1006   0.0011  -0.1140
 -0.0634   0.0537  -0.0418   0.1026  -0.0075  -0.1165
 -0.0565   0.0626  -0.0344   0.0813  -0.0065  -0.1081
 -0.0542   0.0846  -0.0275   0.0716  -0.0085  -0.1240
 -0.0513   0.0613  -0.0177   0.0861  -0.0081  -0.1260
 -0.0515   0.0462  -0.0140   0.1159  -0.0064  -0.1169
 -0.0442   0.0387  -0.0163   0.0860   0.0001  -0.0915
 -0.0302   0.0135  -0.0063  -0.0145   0.0161  -0.0786
 -0.0350   0.0295   0.0092  -0.0253   0.0008  -0.1144
 -0.0227  -0.0213   0.0060   0.0308  -0.0034  -0.0731
 -0.0031   0.0060   0.0195  -0.1103  -0.0098  -0.0836
  0.0088   0.0557   0.0082  -0.0901   0.0027  -0.0884
 -0.0128  -0.0462  -0.0315   0.0430   0.0217  -0.0546
 -0.0079  -0.0108  -0.0191   0.0311   0.0148  -0.0607
 -0.0030  -0.0229  -0.0111   0.0216   0.0117  -0.0791
  0.0018  -0.0317  -0.0084   0.0397   0.0104  -0.0587
  0.0071  -0.0340   0.0086   0.0105   0.0032  -0.0649
  0.0228  -0.0458   0.0054   0.0266   0.0004  -0.0498
  0.0168  -0.0414   0.0182   0.0155  -0.0035  -0.0309
  0.0150  -0.0052   0.0211  -0.0010  -0.0042  -0.0418
  0.0311  -0.0080   0.0196  -0.0320   0.0021  -0.0171
  0.0399  -0.0298   0.0090  -0.0768   0.0114   0.0024
  0.0422  -0.0706   0.0219  -0.0108   0.0042   0.0070
  0.0209  -0.0538   0.0064   0.0899   0.0151   0.0024
  0.0209  -0.1156   0.0058   0.1152   0.0198   0.0082
  0.0256  -0.1017   0.0256  -0.0147   0.0085  -0.0124
  0.0442  -0.0634   0.0197  -0.0023   0.0161  -0.0296
  0.0496  -0.0405   0.0310  -0.0098   0.0094  -0.0290
  0.0384  -0.0498   0.0441   0.0102   0.0090  -0.0213
  0.0326  -0.0783   0.0331   0.0187   0.0087   0.0208
  0.0497  -0.1112   0.0342   0.0283   0.0071   0.0576
  0.0382  -0.1080   0.0286   0.0224   0.0039   0.0674
  0.0445  -0.1015   0.0343   0.0355   0.0098   0.0900
  0.0412  -0.0554   0.0394  -0.0399   0.0072   0.1165
  0.0440  -0.0337   0.0354  -0.0901   0.0053   0.0828
  0.0622  -0.0424   0.0397  -0.0435   0.0004   0.0504
  0.0576  -0.0252   0.0464  -0.0880  -0.0025   0.0504
  0.0468   0.0024   0.0472  -0.0539   0.0050   0.0244
  0.0592  -0.0132   0.0495  -0.0641   0.0049   0.0389
  0.0725  -0.0385   0.0429  -0.0644   0.0034   0.0458
  0.0683  -0.0771   0.0531  -0.0118   0.0019   0.0718
  0.0715  -0.0921   0.0493   0.0080  -0.0025   0.1115
  0.0780  -0.0904   0.0533  -0.0060  -0.0094   0.1233
  0.0783  -0.0681   0.0526  -0.0562  -0.0064   0.1067
  0.0632  -0.0352   0.0399  -0.0693   0.0084   0.0746
  0.0890  -0.1098   0.0281  -0.1805   0.0103   0.0824
  0.0958  -0.1894   0.0452  -0.0230   0.0037   0.1340
  0.0920  -0.1122   0.0535  -0.0247   0.0049   0.1111
  0.0893  -0.1364   0.0600  -0.0059   0.0013   0.0966
  0.1044  -0.1260   0.0515  -0.0471  -0.0034   0.1247
  0.0975  -0.1213   0.0496  -0.0674   0.0002   0.1423
  0.0956  -0.0556   0.0478  -0.1058  -0.0014   0.1960
  0.1098  -0.0799   0.0591  -0.0817   0.0005   0.1846
  0.0907  -0.0010   0.0494  -0.1704   0.0060   0.1266
  0.1120  -0.1587   0.0606  -0.0170   0.0044   0.2071
  0.0045   0.2200  -0.0277  -0.1679   0.0229   0.3511
 -0.0480   0.3633  -0.0979  -0.2486   0.0283   0.3477
  0.0629  -0.0656  -0.0064  -0.0649   0.0325   0.2650
 -0.0075   0.0289  -0.0208  -0.0515   0.0116   0.3279
 -0.0088  -0.0759  -0.0023  -0.3830   0.0053   0.3026
  0.0886  -0.0427   0.0694  -0.4966   0.0185   0.2137
  0.1279  -0.0938   0.0499  -0.4227   0.0396   0.1978
  0.1381  -0.0647   0.0437  -0.3847   0.0435   0.1980
  0.1306  -0.1288   0.0241  -0.2233   0.0580   0.2483
  0.1361  -0.1155   0.0166  -0.2057   0.0536   0.2585
  0.1281  -0.1533   0.0197  -0.1712   0.0583   0.2691
  0.1338  -0.1469   0.0181  -0.1429   0.0534   0.2576
  0.1512  -0.1784   0.0207  -0.0998   0.0505   0.2713
  0.1532  -0.1631   0.0290  -0.0465   0.0447   0.2462
  0.1612  -0.1536   0.0062  -0.1991   0.0691   0.2291
  0.1900  -0.0419   0.0263  -0.2805   0.0345   0.2798
  0.1907  -0.0989   0.0550  -0.1014   0.0333   0.3190
  0.1896  -0.1222   0.0597  -0.2429   0.0562   0.3040
  0.1701  -0.1528   0.0366  -0.1833   0.0595   0.3197
  0.1848  -0.1085   0.0378  -0.2282   0.0599   0.2971
  0.1871  -0.1171   0.0402  -0.2286   0.0556   0.3038
  0.1188  -0.1157   0.0929  -0.2310   0.0067   0.3410
  0.1146  -0.1024   0.1177  -0.1903  -0.0082   0.3284
  0.1358  -0.1310   0.1192  -0.1947   0.0029   0.3585
  0.1429  -0.1751   0.1178  -0.2114  -0.0007   0.3899
  0.1159  -0.1686   0.1251  -0.1805  -0.0191   0.4209
