  0.1882   0.4986   0.2243  -0.0802   0.0346  -0.0848
  0.1825   0.4857   0.2297  -0.0792   0.0266  -0.0971
  0.2155   0.5340   0.2011  -0.0793   0.0338  -0.0839
  0.2104   0.5469   0.1936  -0.0769   0.0302  -0.1007
  0.2024   0.5341   0.2087  -0.0484   0.0297  -0.0795
  0.2104   0.4906   0.2075  -0.0447   0.0370  -0.0710
  0.1886   0.4564   0.2111  -0.0512   0.0425  -0.0646
  0.1912   0.4539   0.2065  -0.0631   0.0453  -0.0781
  0.1868   0.4311   0.2012  -0.0652   0.0407  -0.1083
  0.1865   0.4386   0.1951  -0.0772   0.0376  -0.0876
  0.1858   0.4370   0.2094  -0.0758   0.0370  -0.0957
  0.1791   0.4429   0.2110  -0.0654   0.0398  -0.0849
  0.1830   0.4299   0.2072  -0.0524   0.0405  -0.0776
  0.1861   0.4158   0.1943  -0.0470   0.0380  -0.0889
  0.1799   0.4254   0.1916  -0.0547   0.0379  -0.0667
  0.1796   0.4185   0.1969  -0.0670   0.0388  -0.0738
  0.1835   0.4106   0.1972  -0.0649   0.0405  -0.1016
  0.1743   0.4009   0.1916  -0.0655   0.0389  -0.0744
  0.1696   0.4164   0.1916  -0.0632   0.0411  -0.0699
  0.1632   0.4026   0.1814  -0.0573   0.0319  -0.0783
  0.1265   0.3893   0.1969  -0.0719   0.0338  -0.0771
  0.0874   0.3929   0.2087  -0.4168   0.0839  -0.1146
  0.1115   0.3426   0.1623  -0.3304   0.0734  -0.0856
  0.0965   0.3608   0.1562  -0.2768   0.0521  -0.0863
  0.0985   0.3513   0.1479  -0.2490   0.0465  -0.0706
 -0.1310   0.0484   0.0154  -0.1069  -0.0272  -0.0339
  0.2312   0.1421  -0.0138  -0.1410   0.0157  -0.0925
  0.1486   0.1108   0.0004  -0.1463   0.0083  -0.0298
  0.1134   0.2163   0.0670  -0.1875   0.0136  -0.0763
  0.0954   0.1449   0.0807  -0.0662   0.0303  -0.0540
  0.0822   0.2377   0.0666  -0.1053  -0.0069  -0.0308
  0.0647   0.2346  -0.0007  -0.1277  -0.0213   0.0560
  0.0361   0.0139   0.0007   0.0075  -0.0101  -0.0075
  0.0244   0.0319  -0.0190  -0.0315  -0.0188  -0.0158
  0.0226   0.0498  -0.0219  -0.0447  -0.0143   0.0074
  0.0119   0.0333  -0.0309  -0.0336  -0.0124   0.0025
  0.0077   0.0301  -0.0494  -0.0415  -0.0277   0.0289
 -0.0004   0.0070  -0.0365  -0.0382  -0.0309   0.0119
  0.0075   0.0016  -0.0293  -0.0302  -0.0209  -0.0048
 -0.0210  -0.0249  -0.0452  -0.1051  -0.0290   0.0029
 -0.0257  -0.0568  -0.0202  -0.0599  -0.0120   0.0066
 -0.0326  -0.0615  -0.0241  -0.0992  -0.0070  -0.0045
 -0.0135  -0.0906   0.0096  -0.1351   0.0122   0.0011
 -0.0134  -0.1223   0.0156  -0.0977   0.0200  -0.0653
 -0.0081  -0.1191   0.0173  -0.0843   0.0312   0.0681
 -0.0106  -0.1212   0.0133  -0.0985   0.0336   0.0286
 -0.0120  -0.0925   0.0580   0.0611   0.0584  -0.1692
 -0.0168   0.0087   0.0431   0.0022   0.0662   0.1430
 -0.0061  -0.0529   0.0104  -0.1274   0.0531   0.0771
  0.0038  -0.0534   0.0215  -0.0859   0.0575  -0.0077
  0.0135  -0.0839   0.0317  -0.0289   0.0589   0.0154
  0.0127  -0.1005   0.0150  -0.0461   0.0562   0.0018
  0.0098  -0.0704   0.0371  -0.0663   0.0548   0.0477
  0.0268  -0.0656   0.0335  -0.0805   0.0593   0.0503
  0.0811  -0.2045   0.0988   0.3845   0.0661   0.0129
  0.0879  -0.3233   0.1390   0.6293   0.0894  -0.0602
  0.0520  -0.2280   0.1850   0.3167   0.0803   0.0179
  0.0395  -0.2305   0.1587   0.3067   0.0772   0.0245
  0.0418  -0.2429   0.1483   0.3493   0.0691   0.0401
 -0.3422  -0.4836  -0.4917  -0.0631  -0.2052   0.1331
 -0.6270  -0.9710  -0.9446   0.0833  -0.3321   0.1886
 -0.1881  -0.5275  -0.0047   0.2625   0.0328   0.0225
 -0.2667  -0.4594  -0.2845   0.1128  -0.0840   0.1173
 -0.2513  -0.4991  -0.2764   0.1347  -0.0789   0.1274
 -0.2480  -0.5352  -0.2956   0.1815  -0.0818   0.1381
 -0.2596  -0.5216  -0.2856   0.1723  -0.0859   0.1088
 -0.2800  -0.5350  -0.3099   0.1686  -0.0964   0.1218
 -0.2794  -0.5454  -0.3168   0.1608  -0.0922   0.1015
 -0.2809  -0.5607  -0.3331   0.1755  -0.0991   0.1429
 -0.2796  -0.5469  -0.3239   0.1715  -0.0900   0.1229
 -0.2739  -0.5482  -0.3237   0.1788  -0.0929   0.1147
 -0.2868  -0.5491  -0.3243   0.1689  -0.0924   0.1307
 -0.2862  -0.6494  -0.3514   0.2185  -0.0993   0.1637
 -0.2982  -0.6178  -0.3451   0.2040  -0.1049   0.1183
 -0.2981  -0.5901  -0.3452   0.1914  -0.0993   0.1376
 -0.3078  -0.5980  -0.3441   0.1919  -0.1028   0.1473
 -0.3149  -0.6163  -0.3647   0.1933  -0.1137   0.1118
