 -0.0430  -0.3159   0.0628  -0.0044  -0.0450   0.4648
 -0.0854  -0.5023   0.0926   0.0903  -0.0718   0.5093
 -0.0611  -0.3849   0.0613   0.0633  -0.0791   0.4568
 -0.0570  -0.4182   0.0778   0.0356  -0.0826   0.4671
 -0.0605  -0.3539   0.0466   0.0080  -0.0546   0.4170
 -0.0557  -0.3215   0.0471  -0.0306  -0.0386   0.3570
 -0.0197  -0.0921   0.0418  -0.1117  -0.0515   0.4000
 -0.0135  -0.0691   0.0333  -0.1934  -0.0613   0.3685
 -0.0117  -0.1419   0.0360  -0.1677  -0.0488   0.3863
 -0.0187  -0.1969   0.0358  -0.1566  -0.0656   0.4920
 -0.0230  -0.2413   0.0290  -0.1646  -0.0572   0.3514
  0.0014  -0.2326   0.0352  -0.0775  -0.0474   0.3788
  0.0062  -0.2815   0.0519  -0.0730  -0.0416   0.3640
 -0.0132  -0.2027   0.0512  -0.0926  -0.0554   0.4301
 -0.0170  -0.2540   0.0467  -0.0902  -0.0510   0.4158
 -0.0158  -0.1311   0.0330  -0.1096  -0.0399   0.4475
 -0.0181  -0.1352   0.0365  -0.1181  -0.0469   0.3997
  0.0061  -0.2210   0.0319  -0.0588  -0.0388   0.4410
 -0.0203  -0.2399   0.0346  -0.0853  -0.0492   0.4302
 -0.0007  -0.2058  -0.0044  -0.1046  -0.0157   0.4087
 -0.0100  -0.1539   0.0032  -0.1656  -0.0164   0.4418
  0.0053  -0.2265   0.0074  -0.1177  -0.0222   0.3969
 -0.0198   0.0956  -0.0006  -0.2308  -0.0306   0.4307
 -0.0009   0.1617   0.0089  -0.2227  -0.0204   0.5327
  0.0130  -0.0652  -0.0064  -0.0920  -0.0219   0.4055
 -0.0027   0.0021  -0.0078  -0.2054  -0.0141   0.3766
 -0.0262  -0.0474   0.0061  -0.2034  -0.0213   0.3961
 -0.0181  -0.1224  -0.0023  -0.1172  -0.0354   0.3655
 -0.0314  -0.1646  -0.0099  -0.1315  -0.0394   0.3317
 -0.0236  -0.1148   0.0060  -0.0754  -0.0541   0.4286
 -0.0248  -0.2120  -0.0050  -0.0755  -0.0333   0.3040
 -0.0214  -0.2116  -0.0065  -0.0837  -0.0261   0.3217
 -0.0217  -0.1794   0.0062  -0.0611  -0.0401   0.3907
 -0.0148  -0.1462   0.0151  -0.0305  -0.0493   0.4456
 -0.0282  -0.1991  -0.0009  -0.0045  -0.0372   0.3466
 -0.0087  -0.1478  -0.0084  -0.0094  -0.0273   0.3122
 -0.0127  -0.1414   0.0079  -0.0357  -0.0441   0.3492
 -0.0068  -0.1364   0.0030   0.0005  -0.0507   0.3563
 -0.0169  -0.1985   0.0039  -0.0507  -0.0533   0.3171
 -0.0236  -0.2214  -0.0057  -0.0556  -0.0516   0.3127
 -0.0093  -0.2123   0.0106   0.0168  -0.0557   0.3677
 -0.0085  -0.1569   0.0043   0.0296  -0.0486   0.3000
 -0.0207  -0.1491  -0.0041  -0.0010  -0.0427   0.3125
 -0.0195  -0.1674  -0.0074  -0.0267  -0.0357   0.3149
 -0.0204  -0.2112  -0.0075  -0.0113  -0.0243   0.2955
 -0.0013  -0.1707  -0.0039   0.0031  -0.0194   0.2640
  0.0132  -0.1054  -0.0087  -0.0274  -0.0293   0.3059
 -0.0017  -0.1127  -0.0062  -0.0147  -0.0485   0.2357
  0.0047  -0.1095   0.0122  -0.0073  -0.0383   0.2712
 -0.0026  -0.0907  -0.0040   0.0252  -0.0339   0.2184
  0.0074  -0.1082   0.0025   0.0311  -0.0082   0.1552
  0.0164  -0.0733   0.0110  -0.0451  -0.0091   0.1861
  0.0077  -0.0401  -0.0175  -0.1231  -0.0123   0.0717
  0.0148   0.0225  -0.0084  -0.0916   0.0004   0.1761
 -0.0071   0.0230   0.0024  -0.0419  -0.0303   0.1808
 -0.0167   0.0753   0.0018  -0.0477   0.0105   0.1919
 -0.0151   0.1189   0.0038  -0.0334   0.0361   0.1560
 -0.0063   0.1045   0.0144  -0.0278   0.0315   0.1694
 -0.0010   0.0366   0.0075   0.0163   0.0392   0.0510
  0.0070   0.0099   0.0014  -0.0142   0.0299   0.0755
 -0.0078   0.0244  -0.0077  -0.0032   0.0129   0.1290
  0.0115   0.0379   0.0104   0.0590   0.0033   0.2044
  0.0099  -0.0171  -0.0073   0.0409   0.0161   0.1167
  0.0072  -0.0052   0.0044   0.0203   0.0134   0.1391
  0.0080   0.0000  -0.0027   0.0572   0.0083   0.1522
 -0.0000  -0.0365  -0.0004   0.0716   0.0063   0.1380
  0.0066  -0.0359   0.0015   0.0550   0.0086   0.1515
  0.0113  -0.0025   0.0124   0.0816  -0.0012   0.2098
 -0.0010  -0.0765  -0.0111   0.0516   0.0096   0.1154
 -0.0038  -0.0618  -0.0047   0.0607   0.0135   0.1156
 -0.0129  -0.0501  -0.0094   0.0559   0.0084   0.1571
 -0.0130  -0.0605  -0.0061   0.0489   0.0133   0.1280
 -0.0039   0.0052  -0.0231   0.0089   0.0190   0.1312
  0.0366   0.0799  -0.0317   0.0402   0.0620   0.1399
  0.0348   0.0230  -0.0227   0.0005   0.0813   0.0647
  0.0197   0.0174  -0.0298   0.0039   0.0558   0.1006
  0.0159   0.0287  -0.0294   0.0733   0.0378   0.1735
 -0.0002  -0.0054  -0.0386   0.2237   0.0333   0.1850
 -0.0030  -0.0335  -0.0311   0.2603   0.0362   0.1209
  0.0110   0.0097  -0.0103   0.1084   0.0339   0.1104
  0.0166   0.0245  -0.0082   0.0322   0.0435   0.1166
  0.0195   0.0267  -0.0057   0.0611   0.0366   0.1267
  0.0206   0.0605   0.0064   0.0310   0.0325   0.0711
  0.0214   0.1317   0.0208   0.0155   0.0086   0.1851
  0.0126   0.0317   0.0125  -0.0317   0.0082   0.0669
  0.0230   0.0585   0.0235  -0.0158   0.0011   0.1304
  0.0127  -0.0061   0.0186  -0.0310   0.0100   0.0798
  0.0115   0.0249   0.0019   0.0020   0.0175   0.1133
  0.0105  -0.0200   0.0000  -0.0064   0.0182   0.0869
  0.0091   0.0109   0.0129   0.0107   0.0172   0.0881
  0.0119  -0.0120   0.0112  -0.0028   0.0182   0.0940
  0.0146   0.0104   0.0130   0.0161   0.0172   0.0753
  0.0184   0.0053   0.0274   0.0261   0.0082   0.1004
  0.0095   0.0144   0.0238   0.0500   0.0068   0.1004
  0.0122   0.0045   0.0295   0.0282   0.0026   0.1123
  0.0066  -0.0284   0.0209   0.0477   0.0127   0.0497
  0.0132  -0.0118   0.0300   0.0323   0.0031   0.0737
  0.0062  -0.0123   0.0291   0.0329   0.0086   0.0715
  0.0053  -0.0227   0.0344   0.0379   0.0155   0.0466
  0.0078  -0.0150   0.0340   0.0360   0.0140   0.0448
  0.0097  -0.0092   0.0367   0.0125   0.0107   0.0718
  0.0107  -0.0222   0.0336   0.0239   0.0086   0.0183
  0.0129   0.0163   0.0356   0.0126  -0.0067   0.0838
  0.0032  -0.0366   0.0335   0.0118   0.0033   0.0091
  0.0075   0.0060   0.0354   0.0235   0.0027   0.0616
  0.0010   0.0057   0.0351  -0.0039   0.0052   0.0453
  0.0040  -0.0071   0.0273   0.0116   0.0058   0.0162
 -0.0042  -0.0271   0.0267   0.0040   0.0059   0.0197
 -0.0038   0.0018   0.0224  -0.0142   0.0069   0.0584
  0.0007  -0.0016   0.0250   0.0167   0.0060   0.0563
  0.0248   0.0769   0.0296   0.0023   0.0276   0.0691
  0.0223   0.0611   0.0241   0.0088   0.0249   0.0080
  0.0176   0.0969   0.0169  -0.0614   0.0226  -0.0313
 -0.0115   0.1558   0.0275  -0.1157  -0.0140   0.0850
  0.0065   0.2411   0.0180  -0.0932   0.0033   0.0556
  0.0067   0.2675   0.0180  -0.1125   0.0092   0.0312
  0.0013   0.2285   0.0135  -0.0952   0.0001   0.0645
  0.0131   0.2197   0.0055  -0.0936   0.0072   0.0233
  0.0145   0.1529  -0.0021  -0.1114   0.0106   0.0045
  0.0034  -0.0414   0.0131  -0.1024  -0.0056   0.0609
 -0.0094  -0.2058   0.0030  -0.0348   0.0010   0.1312
 -0.0489  -0.3798  -0.0151  -0.0112  -0.0132   0.0878
 -0.0537  -0.4552   0.0119  -0.0118  -0.0448   0.1548
 -0.0234  -0.3740   0.0270   0.0040  -0.0481   0.1743
 -0.1002  -0.2890   0.0339  -0.0198  -0.1106   0.1609
 -0.0207  -0.3310  -0.0444  -0.0408  -0.0191   0.0870
 -0.0648  -0.4134  -0.0326  -0.0430  -0.0436   0.0369
 -0.0557  -0.3330  -0.0273  -0.0976  -0.0467   0.0894
 -0.0542  -0.3353  -0.0338  -0.0779  -0.0500   0.0584
 -0.0503  -0.3273  -0.0404  -0.0857  -0.0427   0.0526
 -0.0517  -0.2681  -0.0219  -0.1005  -0.0589   0.1128
 -0.0542  -0.2715  -0.0405  -0.0835  -0.0450   0.0464
 -0.0628  -0.2539  -0.0425  -0.0702  -0.0143  -0.0686
 -0.0697  -0.1352  -0.0334  -0.1219   0.0226  -0.1593
 -0.0568   0.0089   0.0004  -0.1501   0.0238  -0.1635
 -0.0355   0.0787  -0.0055  -0.1341   0.0104  -0.1825
 -0.0411   0.1751  -0.0226  -0.1191   0.0169  -0.1316
 -0.0291   0.1993  -0.0137  -0.0956   0.0270  -0.1054
  0.0013   0.2752   0.0167  -0.0611   0.0316  -0.1355
 -0.0076   0.3260   0.0244  -0.0829   0.0439  -0.1444
 -0.0433   0.3230   0.0252  -0.1487   0.0056  -0.1054
 -0.0283   0.3517   0.0120  -0.1192   0.0062  -0.0644
 -0.0361   0.3207  -0.0000  -0.1429   0.0107  -0.1150
 -0.0286   0.3490   0.0145  -0.1599   0.0015  -0.1104
 -0.0253   0.3446   0.0122  -0.1588  -0.0001  -0.1195
 -0.0335   0.3402   0.0100  -0.1592   0.0134  -0.1903
 -0.0499   0.3543   0.0155  -0.1981   0.0083  -0.2256
 -0.0326   0.4099   0.0175  -0.1851   0.0052  -0.1556
 -0.0337   0.3750   0.0220  -0.1593  -0.0002  -0.1791
 -0.0399   0.4023   0.0052  -0.1735   0.0044  -0.1640
 -0.0322   0.3768   0.0074  -0.1769   0.0277  -0.1610
 -0.0176   0.5203  -0.0033  -0.2232   0.0624  -0.2208
 -0.0096   0.5669  -0.0081  -0.2814   0.0817  -0.2215
 -0.0044   0.5026   0.0010  -0.2587   0.0660  -0.2621
 -0.0079   0.5126   0.0131  -0.2494   0.0325  -0.1742
 -0.0037   0.4718   0.0100  -0.2583   0.0406  -0.2492
 -0.0094   0.4328   0.0257  -0.2456   0.0143  -0.2468
  0.0025   0.3981   0.0129  -0.2155   0.0454  -0.1986
 -0.0061   0.3960  -0.0076  -0.1583   0.0615  -0.2408
  0.0304   0.5479   0.0013  -0.1720   0.1013  -0.1948
  0.0221   0.5236   0.0036  -0.1950   0.1167  -0.2820
  0.0010   0.3221  -0.0264   0.0825   0.0766  -0.3226
  0.0138   0.4319  -0.0169   0.1680   0.0707  -0.4329
  0.0521   0.4447  -0.0455   0.1425   0.0937  -0.4801
  0.1036   0.5006  -0.0479   0.0249   0.0962  -0.4253
  0.1235   0.4720  -0.0668  -0.0171   0.0832  -0.3520
  0.1244   0.4063  -0.0675   0.0210   0.0912  -0.2176
  0.1078   0.3578  -0.0305  -0.0100   0.0646  -0.2537
  0.1123   0.2846  -0.0363   0.0084   0.0783  -0.2995
  0.1196   0.3297  -0.0443   0.0101   0.0884  -0.3121
  0.1126   0.3919  -0.0174   0.0097   0.0737  -0.1949
  0.1529   0.3714   0.0205   0.1618   0.0242  -0.1811
  0.1080   0.2257  -0.0047   0.1401  -0.0115  -0.1863
  0.0721   0.0957  -0.0144   0.0394  -0.0015  -0.1980
  0.0598   0.0890  -0.0013   0.0209   0.0058  -0.1858
  0.0736   0.1301   0.0125   0.0033   0.0014  -0.1372
  0.0587   0.0631  -0.0087   0.0030   0.0077  -0.2234
  0.0485   0.0795  -0.0142   0.0159   0.0096  -0.2219
  0.0485   0.1081  -0.0090   0.0361   0.0021  -0.1785
  0.0473   0.1029  -0.0241  -0.0007   0.0101  -0.2240
  0.0290   0.0802  -0.0327   0.0718   0.0109  -0.2082
  0.0427   0.0554  -0.0363   0.1955   0.0040  -0.1470
  0.0281   0.0133  -0.0421   0.1805   0.0296  -0.2676
  0.0241   0.0059  -0.0596   0.0990   0.0648  -0.3729
 -0.0018   0.0185  -0.0298   0.0723   0.0407  -0.2951
  0.0122   0.0195  -0.0366   0.0992   0.0167  -0.1893
  0.0316   0.0311  -0.0385   0.1650   0.0103  -0.1502
  0.0032  -0.0478  -0.0188   0.1325   0.0095  -0.2498
  0.0305   0.0375  -0.0253   0.1285   0.0583  -0.2666
  0.0230   0.0635  -0.0151   0.1434   0.0493  -0.2718
  0.0086  -0.0020  -0.0297   0.1627   0.0443  -0.2881
  0.0076   0.0275  -0.0183   0.2016   0.0295  -0.2424
  0.0175   0.0230  -0.0107   0.1713   0.0408  -0.3295
  0.0129  -0.0096  -0.0027   0.1490   0.0236  -0.3468
  0.0133   0.0091  -0.0024   0.1561   0.0043  -0.2535
  0.0116   0.0395  -0.0051   0.1349  -0.0001  -0.2368
  0.0133   0.0406   0.0017   0.1438  -0.0100  -0.2326
  0.0128   0.0247   0.0009   0.1478  -0.0051  -0.2325
  0.0177   0.0029  -0.0048   0.1497   0.0016  -0.2681
  0.0080  -0.0404  -0.0087   0.1523  -0.0080  -0.2623
  0.0116  -0.0354  -0.0109   0.1516  -0.0165  -0.2013
  0.0013  -0.0921  -0.0178   0.1331  -0.0033  -0.2712
 -0.0003  -0.0939  -0.0157   0.1428  -0.0100  -0.2528
 -0.0069  -0.0947  -0.0186   0.1379  -0.0066  -0.2615
 -0.0013  -0.1095  -0.0119   0.1539  -0.0132  -0.2586
 -0.0089  -0.1363  -0.0139   0.1357  -0.0177  -0.2813
 -0.0028  -0.1195  -0.0270   0.1286  -0.0080  -0.3107
 -0.0072  -0.1037  -0.0214   0.1171  -0.0192  -0.2908
  0.0043  -0.0595  -0.0093   0.1509  -0.0153  -0.2539
  0.0002  -0.0754  -0.0171   0.1294  -0.0157  -0.2821
 -0.0046  -0.0719  -0.0267   0.1323  -0.0094  -0.2968
 -0.0039  -0.0678  -0.0186   0.1380  -0.0226  -0.2462
 -0.0023  -0.0989  -0.0225   0.1465  -0.0081  -0.2940
 -0.0079  -0.0911  -0.0226   0.1245  -0.0095  -0.2728
 -0.0141  -0.1063  -0.0234   0.1191  -0.0042  -0.3118
 -0.0057  -0.0877  -0.0189   0.1338  -0.0054  -0.2873
 -0.0119  -0.0969  -0.0178   0.1346  -0.0025  -0.3013
 -0.0146  -0.0829  -0.0222   0.1202  -0.0067  -0.2956
 -0.0176  -0.1246  -0.0226   0.1171   0.0006  -0.3449
 -0.0176  -0.0947  -0.0253   0.1375   0.0019  -0.3299
 -0.0135  -0.1078  -0.0208   0.1319  -0.0069  -0.3085
 -0.0151  -0.1257  -0.0224   0.1418  -0.0033  -0.3698
 -0.0078  -0.0886  -0.0132   0.1258  -0.0133  -0.2932
 -0.0172  -0.1337  -0.0205   0.1164  -0.0138  -0.3465
 -0.0111  -0.0998  -0.0115   0.1279  -0.0125  -0.3500
 -0.0119  -0.1141  -0.0142   0.1022  -0.0158  -0.3314
 -0.0207  -0.1369  -0.0244   0.1138  -0.0110  -0.4026
 -0.0250  -0.1220  -0.0235   0.1023  -0.0118  -0.3944
 -0.0195  -0.1197  -0.0110   0.1096  -0.0143  -0.3949
 -0.0132  -0.0887  -0.0077   0.1152  -0.0255  -0.3357
 -0.0134  -0.1123  -0.0136   0.1189  -0.0229  -0.3541
 -0.0185  -0.1502  -0.0133   0.1054  -0.0290  -0.4007
 -0.0292  -0.1877  -0.0157   0.0645  -0.0232  -0.4635
 -0.0226  -0.1453  -0.0038   0.0771  -0.0319  -0.3786
 -0.0263  -0.1408  -0.0027   0.1059  -0.0273  -0.3837
 -0.0221  -0.1642   0.0008   0.1206  -0.0257  -0.3844
