 -0.1570  -0.1106  -0.0219   0.3038  -0.1211   0.1586
 -0.1629  -0.0794  -0.0304   0.2890  -0.1157   0.1497
 -0.1535  -0.0719  -0.0145   0.2857  -0.1032   0.1571
 -0.1551  -0.1005  -0.0234   0.3007  -0.1165   0.1620
 -0.1566  -0.1048  -0.0292   0.3171  -0.1083   0.1393
 -0.1572  -0.1197  -0.0251   0.3025  -0.1218   0.1837
 -0.1519  -0.1155  -0.0318   0.3038  -0.1147   0.1322
 -0.1568  -0.1343  -0.0188   0.3223  -0.1163   0.1758
 -0.1544  -0.1423  -0.0266   0.3300  -0.1160   0.1499
 -0.1390  -0.1396  -0.0142   0.3238  -0.1022   0.1582
 -0.1422  -0.1454  -0.0300   0.3172  -0.1131   0.1453
 -0.1372  -0.1265  -0.0207   0.3101  -0.1010   0.1375
 -0.1340  -0.1395  -0.0261   0.3210  -0.1038   0.1569
 -0.1342  -0.1418  -0.0183   0.3195  -0.1065   0.1419
 -0.1307  -0.1502  -0.0161   0.3263  -0.1005   0.1369
 -0.1255  -0.1507  -0.0184   0.3109  -0.1046   0.1305
 -0.1314  -0.1349  -0.0208   0.3109  -0.0999   0.1279
 -0.1263  -0.1389  -0.0151   0.3174  -0.1041   0.1575
 -0.1248  -0.1355  -0.0204   0.3418  -0.0919   0.1273
 -0.1285  -0.1593  -0.0178   0.3509  -0.0989   0.1671
 -0.1225  -0.1426  -0.0218   0.3414  -0.0924   0.1456
 -0.1183  -0.1758  -0.0015   0.3343  -0.1113   0.2022
 -0.1187  -0.1281  -0.0034   0.3090  -0.0850   0.0968
 -0.1222  -0.1542  -0.0063   0.3276  -0.1013   0.1303
 -0.1134  -0.1173  -0.0180   0.3019  -0.0909   0.1162
 -0.1113  -0.1334  -0.0113   0.3211  -0.1002   0.1437
 -0.1112  -0.1310  -0.0138   0.3135  -0.0909   0.1261
 -0.1100  -0.1406  -0.0121   0.3318  -0.1007   0.1367
 -0.1010  -0.1208   0.0026   0.3161  -0.0868   0.1321
 -0.1065  -0.1528  -0.0019   0.3439  -0.0949   0.1329
 -0.1000  -0.1293  -0.0032   0.3179  -0.0898   0.1230
 -0.1047  -0.1384  -0.0004   0.3252  -0.0959   0.1375
 -0.1072  -0.1375  -0.0060   0.3216  -0.0883   0.1246
 -0.1032  -0.1375  -0.0068   0.3402  -0.0929   0.1559
 -0.1044  -0.1331  -0.0018   0.3462  -0.0904   0.1362
 -0.1101  -0.1351   0.0322   0.3419  -0.1015   0.1570
 -0.1067  -0.1356   0.0155   0.3308  -0.0916   0.1281
 -0.1037  -0.1308  -0.0114   0.2966  -0.0869   0.1224
 -0.1100  -0.1310   0.0052   0.3018  -0.0926   0.1343
 -0.1136  -0.1409  -0.0049   0.3149  -0.0844   0.1078
 -0.1031  -0.1394   0.0020   0.3349  -0.0831   0.1231
 -0.1199  -0.1390   0.0236   0.3595  -0.0960   0.1647
 -0.1292  -0.1092   0.0230   0.3425  -0.0993   0.1619
 -0.1189  -0.0705  -0.0346   0.2410  -0.0794   0.1683
 -0.1111  -0.0427  -0.0155   0.2033  -0.0742   0.0909
 -0.0781  -0.1028  -0.0074   0.2355  -0.0670   0.1487
 -0.0566  -0.1697  -0.0200   0.3219  -0.0567   0.1261
 -0.0579  -0.1599  -0.0148   0.2897  -0.0650   0.1152
 -0.0489  -0.2145  -0.0231   0.3842  -0.0533   0.1527
 -0.0643  -0.1221  -0.0179   0.1466  -0.0579   0.0954
 -0.0604  -0.0464  -0.0262  -0.0737  -0.0493   0.0578
 -0.0559  -0.0716  -0.0193   0.0260  -0.0501   0.0706
 -0.0536  -0.0664  -0.0266  -0.0073  -0.0490   0.0398
 -0.0525  -0.0742  -0.0222   0.0294  -0.0538   0.0549
 -0.0518  -0.0789  -0.0250   0.0063  -0.0513   0.0402
 -0.0535  -0.0887  -0.0109   0.0427  -0.0484   0.0345
 -0.0548  -0.1188  -0.0115   0.0618  -0.0495   0.0499
 -0.0437  -0.1060  -0.0041   0.0677  -0.0494   0.0664
 -0.0460  -0.1134   0.0021   0.0537  -0.0489   0.0493
 -0.0427  -0.1099  -0.0020   0.0525  -0.0396   0.0374
 -0.0346  -0.1208  -0.0027   0.0397  -0.0489   0.0496
 -0.0396  -0.0982  -0.0125   0.0277  -0.0410   0.0229
 -0.0408  -0.1071  -0.0133   0.0237  -0.0545   0.0578
 -0.0424  -0.0872  -0.0186   0.0181  -0.0401   0.0033
 -0.0345  -0.1071  -0.0159   0.0142  -0.0618   0.0814
 -0.0394  -0.0730  -0.0105   0.0024  -0.0383  -0.0027
 -0.0394  -0.0852  -0.0192   0.0250  -0.0446   0.0231
 -0.0323  -0.0594  -0.0065  -0.0236  -0.0499   0.0627
 -0.0331  -0.0660  -0.0171   0.0005  -0.0432   0.0021
 -0.0323  -0.0646  -0.0142  -0.0048  -0.0397   0.0212
 -0.0308  -0.0950  -0.0185   0.0300  -0.0450   0.0303
 -0.0357  -0.0624  -0.0069   0.0116  -0.0401   0.0108
 -0.0370  -0.0777  -0.0006   0.0292  -0.0477   0.0587
 -0.0412  -0.0621  -0.0050   0.0277  -0.0389   0.0212
 -0.0296  -0.0764   0.0065   0.0390  -0.0401   0.0480
 -0.0331  -0.0710  -0.0022   0.0251  -0.0363   0.0323
 -0.0320  -0.0705  -0.0036   0.0171  -0.0377   0.0421
 -0.0299  -0.0763  -0.0013   0.0224  -0.0371   0.0495
 -0.0242  -0.0781  -0.0004   0.0157  -0.0250   0.0195
 -0.0295  -0.0940   0.0032   0.0254  -0.0297   0.0299
 -0.0274  -0.0786  -0.0006  -0.0144  -0.0315   0.0213
 -0.0218  -0.0956  -0.0048  -0.0362  -0.0544   0.0729
 -0.0256  -0.0607   0.0012  -0.0289  -0.0234  -0.0693
 -0.0264  -0.0794  -0.0069   0.0198  -0.0375   0.0408
 -0.0165  -0.0851   0.0153   0.0217  -0.0166   0.0110
 -0.0238  -0.0558   0.0055   0.0303  -0.0382   0.0993
 -0.0048  -0.0700   0.0033   0.0392  -0.0103   0.0827
 -0.0263  -0.0908   0.0230   0.0108  -0.0085  -0.0144
 -0.0065  -0.0245   0.0071  -0.0409   0.0053   0.0054
  0.0057   0.0164   0.0285  -0.0628   0.0340  -0.0292
 -0.0591   0.1057   0.0462  -0.0741   0.0006  -0.0056
 -0.0065   0.0606   0.0245  -0.0313   0.0072   0.0630
  0.0322   0.1082   0.0348  -0.0481   0.0711  -0.0191
 -0.0476   0.0757   0.0710  -0.0455  -0.0100   0.0878
  0.0315   0.1077   0.0281  -0.1095   0.0361   0.0191
  0.0317   0.1296   0.0287  -0.1284   0.0532  -0.0299
 -0.0197   0.1484   0.0265  -0.1340   0.0047   0.0332
 -0.0026   0.1143   0.0057  -0.0863   0.0318  -0.0373
 -0.0119   0.1558   0.0074  -0.2725   0.0113   0.0046
 -0.0186   0.2038   0.0035  -0.4702   0.0206  -0.0082
 -0.0022   0.2435   0.0046  -0.3463   0.0453  -0.1857
 -0.0049   0.2688   0.0017  -0.2688   0.0463  -0.1996
 -0.0014   0.2411  -0.0014  -0.1726   0.0450  -0.1188
 -0.0113   0.1879   0.0304  -0.1503   0.0421  -0.0105
 -0.0086   0.1391   0.0607  -0.0876   0.0661   0.0039
  0.0004   0.1915   0.0510  -0.1757   0.0683  -0.0503
 -0.0020   0.1807   0.0483  -0.1589   0.0547  -0.0056
  0.0089   0.2545   0.0312  -0.2185   0.0520  -0.0603
  0.0412   0.2247   0.0296  -0.0947   0.0772   0.0487
  0.0863   0.1680   0.0186   0.0332   0.1150  -0.0042
  0.0646   0.1774   0.0001  -0.1138   0.0756  -0.1151
  0.0581   0.1729  -0.0024  -0.1254   0.0637  -0.0745
  0.0549   0.1704  -0.0086  -0.1473   0.0536  -0.0672
  0.0681   0.1759  -0.0051  -0.1097   0.0691  -0.1064
  0.0614   0.1587  -0.0137  -0.1375   0.0520  -0.0604
  0.0752   0.1490  -0.0103  -0.1385   0.0566  -0.0675
  0.0703   0.1498  -0.0135  -0.1023   0.0713  -0.1142
  0.0833   0.1322  -0.0098  -0.1039   0.0535  -0.0171
  0.0752   0.1441  -0.0153  -0.1129   0.0543  -0.0853
  0.0740   0.1211  -0.0153  -0.1143   0.0477  -0.0689
  0.0807   0.1200  -0.0097  -0.1318   0.0492  -0.0696
  0.0731   0.1258  -0.0189  -0.1338   0.0548  -0.1138
  0.0742   0.1231  -0.0196  -0.1550   0.0476  -0.0934
  0.0725   0.1219  -0.0166  -0.1432   0.0486  -0.1010
  0.0750   0.1233  -0.0173  -0.1337   0.0498  -0.1031
  0.0744   0.1208  -0.0200  -0.1238   0.0479  -0.0817
  0.0734   0.1299  -0.0257  -0.1228   0.0535  -0.0979
  0.0626   0.1281  -0.0105  -0.0950   0.0550  -0.0583
  0.0581   0.1306   0.0099  -0.1168   0.0525  -0.0886
  0.0629   0.0984  -0.0041  -0.0896   0.0500  -0.0606
  0.0614   0.0675  -0.0232  -0.0780   0.0558  -0.0667
  0.0723   0.1019  -0.0244  -0.1522   0.0579  -0.1110
  0.0658   0.0992  -0.0252  -0.1507   0.0491  -0.0859
  0.0697   0.1259  -0.0306  -0.1523   0.0489  -0.1014
  0.0674   0.1304  -0.0364  -0.1609   0.0524  -0.1082
  0.0715   0.1279  -0.0175  -0.1498   0.0586  -0.0863
  0.0716   0.1082  -0.0193  -0.1310   0.0631  -0.1082
  0.0769   0.1128  -0.0116  -0.1425   0.0669  -0.0879
  0.0767   0.1002  -0.0228  -0.1375   0.0570  -0.0965
  0.0741   0.1045  -0.0016  -0.1143   0.0595  -0.0934
  0.0640   0.0831  -0.0117  -0.1047   0.0395  -0.0760
  0.0722   0.1006  -0.0041  -0.1195   0.0495  -0.0751
  0.0717   0.0847  -0.0106  -0.1191   0.0519  -0.0934
  0.0717   0.0714  -0.0187  -0.1346   0.0512  -0.0931
  0.0768   0.0754  -0.0114  -0.1505   0.0523  -0.1234
  0.0753   0.0922  -0.0143  -0.1556   0.0506  -0.1225
  0.0673   0.0945  -0.0112  -0.1484   0.0459  -0.0917
  0.0750   0.1030  -0.0064  -0.1121   0.0616  -0.1007
  0.0822   0.0788   0.0049  -0.0897   0.0660  -0.0582
  0.0847   0.0820  -0.0041  -0.0919   0.0717  -0.0814
  0.0871   0.0735  -0.0056  -0.1108   0.0613  -0.0506
  0.0858   0.0585  -0.0206  -0.0618   0.0700  -0.0692
  0.1078   0.0163  -0.0184   0.0322   0.0701  -0.0350
  0.1162   0.0478   0.0097  -0.0587   0.0683  -0.1169
  0.0988   0.1060  -0.0069  -0.2282   0.0520  -0.1289
  0.0938   0.1258  -0.0098  -0.2420   0.0619  -0.1410
  0.0875   0.0960  -0.0061  -0.2254   0.0507  -0.1028
  0.0904   0.1097   0.0012  -0.2058   0.0731  -0.1348
  0.0881   0.0752   0.0085  -0.2100   0.0529  -0.0909
  0.0894   0.0839   0.0065  -0.1957   0.0812  -0.1484
  0.0883   0.0503   0.0177  -0.1934   0.0562  -0.0774
  0.0855   0.0674   0.0153  -0.1870   0.0674  -0.1337
  0.1012   0.0521   0.0197  -0.1989   0.0672  -0.0834
  0.0890   0.0453   0.0070  -0.1863   0.0651  -0.1437
  0.0977   0.0653   0.0057  -0.2231   0.0667  -0.1274
  0.0957   0.0460   0.0051  -0.2001   0.0623  -0.1170
  0.0945   0.0552   0.0170  -0.2017   0.0634  -0.0885
  0.0950   0.0543   0.0157  -0.1919   0.0672  -0.1027
  0.0898   0.0584   0.0101  -0.2055   0.0661  -0.0967
  0.0935   0.0433   0.0174  -0.1921   0.0641  -0.0948
  0.0936   0.0417   0.0117  -0.2069   0.0631  -0.1012
  0.0944   0.0452   0.0229  -0.2075   0.0659  -0.0914
  0.0932   0.0361   0.0189  -0.1898   0.0652  -0.0931
  0.0965   0.0449   0.0338  -0.1866   0.0733  -0.0773
  0.0930   0.0292   0.0193  -0.1694   0.0650  -0.0663
  0.0916   0.0462   0.0287  -0.1777   0.0745  -0.0949
  0.0998   0.0258   0.0289  -0.1875   0.0598  -0.0770
  0.0962   0.0435   0.0137  -0.2088   0.0738  -0.1194
  0.0936   0.0153   0.0300  -0.2071   0.0592  -0.0610
  0.0911   0.0263   0.0220  -0.2058   0.0711  -0.1267
  0.0982   0.0120   0.0239  -0.1854   0.0692  -0.0503
  0.0914   0.0109   0.0170  -0.1552   0.0789  -0.1030
  0.0961   0.0064   0.0311  -0.1628   0.0740  -0.0647
  0.0984  -0.0035   0.0195  -0.1459   0.0757  -0.0958
  0.0950  -0.0022   0.0270  -0.1513   0.0734  -0.0627
  0.0964  -0.0167   0.0338  -0.1273   0.0756  -0.0741
  0.1080  -0.0095   0.0396  -0.1990   0.0619  -0.0220
  0.1090   0.0076   0.0331  -0.2341   0.0803  -0.1159
  0.1051  -0.0069   0.0249  -0.1921   0.0809  -0.1124
  0.0996  -0.0111   0.0238  -0.1799   0.0830  -0.1060
  0.0968  -0.0141   0.0253  -0.1856   0.0737  -0.0905
  0.0874  -0.0097   0.0320  -0.1977   0.0679  -0.1030
  0.0929  -0.0046   0.0299  -0.2051   0.0760  -0.1010
  0.0926  -0.0194   0.0297  -0.1729   0.0765  -0.0876
  0.0894  -0.0167   0.0339  -0.0958   0.0770  -0.0815
  0.0873  -0.0558   0.0335   0.0152   0.0778  -0.0378
