 -0.1171  -0.0156  -0.0264   0.0045  -0.1283  -0.3513
 -0.1245   0.0020  -0.0775   0.0497  -0.1442  -0.2771
 -0.1170   0.0137  -0.0497   0.0377  -0.1153  -0.3036
 -0.1087   0.0278  -0.0541   0.0635  -0.1196  -0.2812
 -0.1028   0.0068  -0.0544   0.0340  -0.1037  -0.2991
 -0.1001   0.0215  -0.0517   0.0571  -0.0996  -0.3082
 -0.1055   0.0200  -0.0481   0.0572  -0.0924  -0.3080
 -0.0970   0.0067  -0.0468   0.0555  -0.0897  -0.2942
 -0.0923  -0.0280  -0.0450   0.0287  -0.0826  -0.2990
 -0.0770  -0.0406  -0.0328   0.0099  -0.0706  -0.2878
 -0.0696  -0.0486  -0.0255  -0.0230  -0.0666  -0.2918
 -0.0801  -0.0245  -0.0244  -0.0270  -0.0724  -0.2857
 -0.0746  -0.0325  -0.0173  -0.0369  -0.0710  -0.2945
 -0.0569  -0.0255  -0.0048  -0.0627  -0.0636  -0.2926
 -0.0511  -0.0185  -0.0071  -0.0746  -0.0443  -0.2905
 -0.0631   0.0105  -0.0141  -0.0559  -0.0463  -0.2775
 -0.0522   0.0209  -0.0073  -0.0504  -0.0419  -0.2832
 -0.0568   0.0152  -0.0087  -0.0171  -0.0543  -0.2814
 -0.0706   0.0415  -0.0333  -0.0203  -0.0571  -0.2858
 -0.0866  -0.0176  -0.0226   0.0254  -0.0619  -0.2748
 -0.0840  -0.0736  -0.0456   0.0844  -0.0443  -0.2774
 -0.0488   0.0037  -0.0288   0.0514  -0.0338  -0.2761
 -0.0508  -0.0428  -0.0236  -0.0124  -0.0458  -0.2829
 -0.0339   0.0067  -0.0111  -0.0271  -0.0444  -0.2636
 -0.0542  -0.0537  -0.0290  -0.0568  -0.0413  -0.2855
 -0.0156   0.1687   0.0235   0.0705  -0.0571  -0.2231
  0.0041   0.2506   0.0722   0.0506  -0.0685  -0.2373
 -0.0108   0.0891   0.0191  -0.0644  -0.0570  -0.3024
 -0.0158   0.1273   0.0100   0.0143  -0.0548  -0.2880
 -0.0333   0.0937   0.0047  -0.0103  -0.0520  -0.2874
 -0.0387   0.0776   0.0212  -0.0501  -0.0603  -0.2669
 -0.0433   0.0389   0.0249  -0.0907  -0.0610  -0.2736
 -0.0498   0.0568   0.0324  -0.0511  -0.0575  -0.2515
 -0.0445   0.0365   0.0261  -0.0467  -0.0368  -0.2547
 -0.0513   0.0525   0.0128  -0.0362  -0.0518  -0.2582
 -0.0476   0.0325   0.0028  -0.0391  -0.0685  -0.2664
 -0.0504   0.0395   0.0170  -0.0445  -0.0526  -0.2651
 -0.0441   0.0234   0.0193  -0.0270  -0.0382  -0.2550
 -0.0522  -0.0244   0.0314   0.0304  -0.0570  -0.2317
 -0.0533  -0.1167   0.0113   0.0650  -0.0392  -0.2214
 -0.0223  -0.2177  -0.0183   0.0606   0.0035  -0.2259
 -0.0204  -0.2209   0.0016   0.0855  -0.0014  -0.2289
 -0.0076  -0.2123   0.0336   0.0707   0.0182  -0.2199
 -0.0102  -0.1603   0.0140   0.0128  -0.0053  -0.2231
 -0.0178  -0.1522   0.0120  -0.0671  -0.0264  -0.2117
 -0.0219  -0.1251   0.0354  -0.0935  -0.0004  -0.1940
 -0.0383  -0.0815   0.0142  -0.0465  -0.0194  -0.1904
 -0.0439  -0.0305   0.0125  -0.0205  -0.0313  -0.1862
 -0.0588  -0.0392   0.0161   0.0008  -0.0207  -0.1830
 -0.0536  -0.0626   0.0238  -0.0658  -0.0279  -0.1856
 -0.0476  -0.0767   0.0263  -0.0685  -0.0336  -0.1879
 -0.0522  -0.0699   0.0256  -0.0456  -0.0304  -0.1902
 -0.0526  -0.0651   0.0242  -0.0403  -0.0301  -0.1871
 -0.0556  -0.0559   0.0220  -0.0933  -0.0304  -0.1760
 -0.0438  -0.0582   0.0211  -0.0992  -0.0313  -0.1711
 -0.0484  -0.0472   0.0125  -0.1208  -0.0364  -0.1624
 -0.0526  -0.0605   0.0247  -0.1255  -0.0314  -0.1574
 -0.0505  -0.0359   0.0252  -0.1252  -0.0385  -0.1434
 -0.0508  -0.0263   0.0188  -0.0578  -0.0217  -0.1283
 -0.0352  -0.0699   0.0208  -0.1050  -0.0209  -0.1349
 -0.0198  -0.0499   0.0189  -0.1621  -0.0005  -0.1317
 -0.0085   0.0033   0.0337  -0.1188   0.0028  -0.1167
  0.0085   0.0096   0.0393  -0.0062  -0.0033  -0.0940
 -0.0216   0.0136   0.0286  -0.0280  -0.0042  -0.1282
 -0.0382  -0.0214   0.0471  -0.0921  -0.0089  -0.1305
 -0.0179  -0.0134   0.0496  -0.1040   0.0040  -0.1241
  0.0211  -0.0602   0.0547  -0.1293   0.0151  -0.1267
  0.0240  -0.0804   0.0630  -0.1082   0.0200  -0.1276
  0.0222  -0.0719   0.0720  -0.0360   0.0105  -0.1162
  0.0120  -0.0610   0.0672  -0.0463   0.0015  -0.1120
 -0.0055  -0.0523   0.0674  -0.0546   0.0069  -0.1003
 -0.0138  -0.0217   0.0620  -0.1357  -0.0081  -0.0973
 -0.0227  -0.0119   0.0515  -0.1208  -0.0067  -0.0928
 -0.0263  -0.0260   0.0596  -0.1486  -0.0076  -0.0790
 -0.0300  -0.0481   0.0589  -0.1264   0.0057  -0.0682
 -0.0335  -0.0438   0.0637  -0.0955   0.0101  -0.0709
 -0.0299  -0.0384   0.0558  -0.0974  -0.0025  -0.0698
 -0.0426  -0.0319   0.0561  -0.1510  -0.0159  -0.0692
 -0.0439  -0.0362   0.0546  -0.1142  -0.0115  -0.0355
 -0.0474  -0.0248   0.0565  -0.1486  -0.0213  -0.0164
 -0.0593  -0.0136   0.0442  -0.1552  -0.0248  -0.0082
 -0.0520  -0.0018   0.0672  -0.1960  -0.0305  -0.0162
 -0.0509  -0.0344   0.0519  -0.1500  -0.0315  -0.0174
 -0.0538  -0.0278   0.0623  -0.1651  -0.0293  -0.0099
 -0.0443  -0.0468   0.0581  -0.1466  -0.0303  -0.0129
 -0.0491  -0.0240   0.0683  -0.2156  -0.0379  -0.0111
 -0.0461  -0.0375   0.0593  -0.1468  -0.0331   0.0009
 -0.0321   0.0380   0.0743  -0.1070  -0.0268  -0.0041
  0.0149  -0.0525   0.1041   0.4601   0.0237   0.0192
  0.0495  -0.0255   0.1817   0.6413   0.0284   0.0682
  0.0497  -0.0215   0.0648   0.3296  -0.0146   0.0364
  0.0021  -0.1834  -0.0217   0.2890  -0.0538   0.0304
 -0.0122  -0.0937  -0.0041  -0.0052  -0.1077   0.0298
 -0.0243  -0.1561  -0.0228   0.0872  -0.1272   0.0158
 -0.0458  -0.0987  -0.0078   0.0304  -0.1210   0.0542
 -0.0161  -0.0274   0.0192   0.1830  -0.0523   0.1060
  0.0284   0.0409   0.0001   0.2668  -0.0116   0.1325
  0.0320   0.0316  -0.0181   0.2044  -0.0212   0.1101
 -0.0027   0.0663   0.0060   0.1453  -0.0410   0.1090
 -0.0130   0.0434  -0.0187   0.0978  -0.0529   0.1032
 -0.0261   0.0626  -0.0216   0.1058  -0.0597   0.0931
 -0.0209   0.0676  -0.0256   0.1027  -0.0735   0.0868
 -0.0251   0.0895  -0.0179   0.0717  -0.0701   0.1094
 -0.0256   0.0895  -0.0245   0.0591  -0.0645   0.1194
 -0.0304   0.0956  -0.0241   0.0159  -0.0554   0.1180
 -0.0287   0.0889  -0.0173   0.0657  -0.0417   0.1357
 -0.0374   0.0741  -0.0188  -0.0055  -0.0488   0.1501
 -0.0426   0.0473  -0.0485  -0.0308  -0.0629   0.1577
 -0.0441   0.0466  -0.0362  -0.0640  -0.0645   0.1617
 -0.0247   0.0504  -0.0118  -0.0666  -0.0562   0.1587
  0.0018   0.0935  -0.0032   0.1301  -0.0333   0.1967
  0.0399   0.0628   0.0279   0.1233  -0.0076   0.1824
  0.0563   0.0608   0.0325   0.0163  -0.0174   0.1738
  0.0371   0.0277   0.0162   0.0564   0.0039   0.2025
  0.0501   0.0596   0.0022   0.0409   0.0058   0.1964
  0.0903   0.0177   0.0095   0.0784   0.0668   0.2019
  0.1121  -0.0348  -0.0016  -0.0211   0.0931   0.2112
  0.0904  -0.0448  -0.0336   0.0172   0.0987   0.2174
  0.1178  -0.0131  -0.0255   0.0337   0.1176   0.2661
  0.1007   0.0315  -0.0510   0.0058   0.0742   0.2766
  0.0632   0.0301  -0.0527  -0.0183   0.0489   0.2560
  0.0735   0.0237  -0.0338  -0.0218   0.0582   0.2630
  0.0762   0.0118  -0.0382   0.0310   0.0722   0.2713
  0.0769   0.0126  -0.0368   0.0215   0.0777   0.2947
  0.0783   0.0370  -0.0442   0.0109   0.0826   0.3071
  0.0748   0.0351  -0.0466   0.0072   0.0991   0.3183
  0.0820   0.0132  -0.0354  -0.0278   0.1128   0.3235
  0.1004  -0.0023  -0.0405  -0.0417   0.1250   0.3279
  0.1012  -0.0048  -0.0401   0.0028   0.1212   0.3295
  0.0990  -0.0028  -0.0481  -0.0184   0.1253   0.3414
  0.0993   0.0101  -0.0483  -0.0085   0.1315   0.3355
  0.0860   0.0253  -0.0515  -0.0104   0.1349   0.3441
  0.0960   0.0342  -0.0487  -0.0314   0.1295   0.3502
  0.0877   0.0243  -0.0653  -0.0401   0.1331   0.3672
  0.0895   0.0300  -0.0771  -0.0033   0.1459   0.3819
  0.0841   0.0178  -0.0732   0.0124   0.1352   0.4051
  0.0789   0.0306  -0.0666   0.0001   0.1302   0.4228
  0.0667   0.0184  -0.0771   0.0151   0.1348   0.4271
  0.0748   0.0146  -0.0685   0.0165   0.1358   0.4030
  0.0963   0.0229  -0.0678   0.0858   0.1343   0.4298
  0.1047   0.0546  -0.0715   0.0479   0.1087   0.4364
  0.1024   0.0593  -0.0559   0.0610   0.1150   0.4388
  0.1133   0.0677  -0.0610   0.0049   0.1144   0.4475
  0.1164   0.0517  -0.0513   0.0019   0.1160   0.4490
  0.1308   0.0455  -0.0529   0.0046   0.1415   0.4466
  0.1552   0.0298  -0.0358  -0.0341   0.1724   0.4585
  0.1932   0.0395  -0.0114  -0.0464   0.1919   0.4650
  0.1704   0.0173  -0.0319  -0.0084   0.1869   0.4802
  0.1819   0.0304  -0.0300  -0.0584   0.1849   0.4816
  0.1353   0.0081  -0.0638   0.1297   0.1618   0.5216
  0.2832   0.2681   0.0131   0.5730   0.1547   0.5563
  0.3468   0.3954   0.1642   0.4202   0.1545   0.5816
