 -0.3006  -0.2753  -0.2394   0.5000  -0.4488   0.6165
 -0.3889  -0.2951  -0.3478   0.5188  -0.4887   0.6555
 -0.3529  -0.2982  -0.3272   0.5203  -0.4783   0.6710
 -0.3758  -0.2867  -0.3215   0.4519  -0.4836   0.6715
 -0.3810  -0.3398  -0.3303   0.5778  -0.4868   0.6236
 -0.3981  -0.3693  -0.3633   0.6503  -0.5315   0.6673
 -0.3992  -0.3431  -0.3593   0.5888  -0.5392   0.6600
 -0.3904  -0.3421  -0.3520   0.5783  -0.5617   0.6356
 -0.3719  -0.3259  -0.3450   0.5575  -0.5643   0.6787
 -0.3667  -0.3310  -0.3227   0.6094  -0.5426   0.6090
 -0.3562  -0.3135  -0.2928   0.5111  -0.5181   0.6233
 -0.3583  -0.3224  -0.3048   0.5538  -0.5144   0.6256
 -0.3544  -0.3396  -0.2957   0.5437  -0.5097   0.6152
 -0.3509  -0.3817  -0.3122   0.6251  -0.5195   0.5904
 -0.3243  -0.3604  -0.2762   0.5683  -0.4999   0.5888
 -0.2962  -0.3542  -0.2406   0.5631  -0.4800   0.6188
 -0.3215  -0.3371  -0.2644   0.4910  -0.4986   0.5994
 -0.2876  -0.3300  -0.2303   0.4953  -0.4428   0.5773
 -0.2463  -0.2796  -0.1686   0.4241  -0.4394   0.5885
 -0.2481  -0.3152  -0.1755   0.5405  -0.4440   0.5285
 -0.2234  -0.3063  -0.1673   0.5314  -0.4323   0.5527
 -0.1916  -0.3129  -0.1472   0.5999  -0.4306   0.5352
 -0.2083  -0.2421  -0.1461   0.4219  -0.4038   0.5830
 -0.1860  -0.2905  -0.1175   0.5062  -0.3660   0.4964
 -0.1622  -0.3139  -0.1121   0.6048  -0.3896   0.4823
 -0.1815  -0.2668  -0.1089   0.4915  -0.3903   0.5081
 -0.1595  -0.2754  -0.0990   0.4680  -0.3660   0.4778
 -0.1549  -0.2285  -0.1111   0.4241  -0.3414   0.5150
 -0.1670  -0.2741  -0.1068   0.4940  -0.3547   0.4635
 -0.1637  -0.2539  -0.1077   0.4104  -0.3558   0.5494
 -0.1653  -0.2742  -0.1215   0.4515  -0.3457   0.4340
 -0.1443  -0.2439  -0.1168   0.3767  -0.3570   0.4984
 -0.1388  -0.2477  -0.1103   0.4029  -0.3585   0.4499
 -0.1659  -0.1782  -0.1163   0.3055  -0.3344   0.5126
 -0.1459  -0.2539  -0.1055   0.4422  -0.3283   0.3895
 -0.1586  -0.2185  -0.1158   0.4109  -0.3237   0.4630
 -0.1532  -0.2314  -0.1066   0.3817  -0.3219   0.4436
 -0.1568  -0.2277  -0.1093   0.4021  -0.3382   0.4016
 -0.1427  -0.2624  -0.1088   0.4987  -0.3317   0.3959
 -0.1676  -0.2448  -0.1160   0.4487  -0.3698   0.4351
 -0.1491  -0.2637  -0.1128   0.4268  -0.3371   0.4025
 -0.1800  -0.1874  -0.1328   0.3338  -0.3829   0.4636
 -0.1625  -0.0059  -0.1734   0.1804  -0.3791   0.3864
 -0.1290  -0.1399  -0.1736   0.3177  -0.3390   0.2907
 -0.1261  -0.1173  -0.1419   0.3269  -0.3171   0.3558
 -0.1030  -0.1515  -0.1446   0.3856  -0.3219   0.3553
 -0.1153  -0.0983  -0.1330   0.2574  -0.3063   0.3485
 -0.0893  -0.1398  -0.1126   0.3259  -0.2873   0.3198
 -0.0922  -0.1267  -0.1335   0.2613  -0.2742   0.3000
 -0.0919  -0.1264  -0.0766   0.3269  -0.3070   0.3220
 -0.0688  -0.1651  -0.0631   0.3356  -0.2423   0.3151
 -0.0644  -0.1355  -0.0872   0.2866  -0.2366   0.2971
 -0.0560  -0.1497  -0.0615   0.3532  -0.2780   0.3201
 -0.0684  -0.1465  -0.0574   0.2880  -0.2700   0.3371
 -0.0602  -0.1500  -0.0561   0.3311  -0.2580   0.2905
 -0.0574  -0.1419  -0.0562   0.2763  -0.2360   0.3184
 -0.0456  -0.1411  -0.0605   0.2860  -0.2367   0.3260
 -0.0641  -0.1107  -0.0499   0.2158  -0.1730   0.2694
 -0.0490  -0.1322  -0.0348   0.2219  -0.1618   0.2690
 -0.0130  -0.0991  -0.0240   0.1663  -0.1130   0.2681
 -0.0035  -0.1074  -0.0127   0.2005  -0.1236   0.2367
 -0.0067  -0.1308   0.0001   0.2375  -0.1669   0.2576
 -0.0054  -0.1167   0.0021   0.2038  -0.1406   0.2267
 -0.0023  -0.0981   0.0058   0.1568  -0.1090   0.2539
  0.0056  -0.0942  -0.0054   0.1375  -0.0926   0.2725
  0.0017  -0.0974  -0.0058   0.1491  -0.0920   0.2159
  0.0031  -0.0983   0.0067   0.1382  -0.0807   0.1923
  0.0068  -0.1050  -0.0019   0.1414  -0.0770   0.2159
  0.0088  -0.0877  -0.0002   0.1062  -0.0539   0.2186
  0.0057  -0.1266  -0.0034   0.1808  -0.0876   0.1492
  0.0079  -0.0828  -0.0125   0.1001  -0.0637   0.2093
  0.0061  -0.1006   0.0011   0.1153  -0.0687   0.2086
  0.0206  -0.1031   0.0018   0.1245  -0.0739   0.1691
  0.0021  -0.0957   0.0023   0.1094  -0.0975   0.1934
  0.0163  -0.1098  -0.0039   0.1216  -0.0706   0.2326
  0.0124  -0.0938   0.0039   0.1274  -0.0696   0.1426
  0.0386  -0.0857   0.0184   0.1050  -0.0255   0.1595
  0.0238  -0.0841   0.0020   0.1390  -0.0695   0.1382
  0.0189  -0.0916  -0.0051   0.1514  -0.0644   0.1506
 -0.0025  -0.1103   0.0062   0.1631  -0.0495   0.1616
  0.0166  -0.0900   0.0098   0.1332  -0.0435   0.1588
  0.0060  -0.1029  -0.0000   0.1777  -0.0540   0.1668
  0.0208  -0.0973   0.0106   0.1237  -0.0210   0.1298
  0.0215  -0.0776   0.0170   0.1145  -0.0108   0.1383
  0.0127  -0.0784   0.0130   0.0558  -0.0211   0.1335
  0.0193  -0.0798   0.0154   0.1085  -0.0284   0.1016
  0.0184  -0.0740   0.0260   0.0583  -0.0194   0.1744
  0.0208  -0.0731   0.0179   0.1068  -0.0302   0.0626
  0.0256  -0.0707   0.0159   0.0826  -0.0009   0.1562
  0.0363  -0.0616   0.0301   0.0514  -0.0175   0.1460
  0.0296  -0.0523   0.0239   0.0500  -0.0206   0.1025
  0.0370  -0.0520   0.0215   0.0759  -0.0340   0.1346
  0.0336  -0.0627   0.0274   0.0303  -0.0227   0.0823
  0.0367  -0.0485   0.0276   0.0599  -0.0080   0.0887
  0.0251  -0.0794   0.0154   0.0777   0.0035   0.0883
  0.0466  -0.0467   0.0275   0.0559   0.0026   0.0918
  0.0373  -0.0658   0.0240   0.0478  -0.0029   0.0604
  0.0363  -0.0289   0.0241   0.0133  -0.0013   0.0939
  0.0505  -0.0788   0.0256   0.0540  -0.0031   0.0595
  0.0303  -0.0391   0.0246   0.0209   0.0197   0.0573
  0.0544  -0.1022   0.0073   0.0920   0.0167   0.0408
  0.0451  -0.0302   0.0103   0.0478  -0.0052   0.0603
  0.0534  -0.1213   0.0181   0.0585   0.0083   0.0336
  0.0316   0.2485   0.0471  -0.2167  -0.0368   0.0275
  0.0070   0.3098  -0.0039  -0.2284  -0.0094  -0.0076
  0.0203  -0.0224  -0.0083   0.0031   0.0009  -0.0153
  0.0161   0.1196   0.0122  -0.1545   0.0064   0.0371
  0.0225   0.0253   0.0197  -0.0516   0.0140   0.0038
  0.0443   0.0686   0.0175  -0.0178   0.0269   0.0044
  0.0262   0.0420   0.0199  -0.0624   0.0151  -0.0088
  0.0371   0.0540   0.0239  -0.0518   0.0051   0.0120
  0.0389   0.0426   0.0241  -0.0611   0.0061  -0.0337
  0.0274   0.0611   0.0245  -0.0769   0.0186  -0.0056
  0.0420   0.0369   0.0229  -0.0542   0.0184   0.0021
  0.0242   0.0688   0.0259  -0.0960   0.0324  -0.0295
  0.0394   0.0486   0.0269  -0.0713   0.0302  -0.0193
  0.0348   0.0541   0.0275  -0.0728   0.0426  -0.0155
  0.0380   0.0438   0.0366  -0.0794   0.0485  -0.0395
  0.0551   0.0667   0.0399  -0.1047   0.0693  -0.0387
  0.0601   0.0447   0.0452  -0.1348   0.1017  -0.0416
  0.0604   0.0674   0.0385  -0.1282   0.0963  -0.0542
  0.0484   0.0739   0.0264  -0.1526   0.0822  -0.0487
  0.0470   0.0205   0.0360  -0.0230   0.0875  -0.1029
  0.0424   0.0379   0.0404  -0.0607   0.1042  -0.0699
  0.0321   0.0401   0.0402  -0.0864   0.0889  -0.0507
  0.0473   0.0473   0.0409  -0.0998   0.0772  -0.0787
  0.0384   0.0643   0.0334  -0.1178   0.1033  -0.0745
  0.0467   0.0465   0.0388  -0.1208   0.1068  -0.0916
  0.0461   0.0668   0.0316  -0.1257   0.1077  -0.0933
  0.0318   0.0516   0.0303  -0.1263   0.1050  -0.1072
  0.0358   0.0532   0.0377  -0.1309   0.1116  -0.0744
  0.0556   0.0559   0.0400  -0.1024   0.1017  -0.0834
  0.0594   0.0557   0.0380  -0.1484   0.1231  -0.1024
  0.0492   0.0477   0.0475  -0.1081   0.1069  -0.0920
  0.0658   0.0543   0.0409  -0.1183   0.1155  -0.0731
  0.0642   0.0475   0.0485  -0.1325   0.1194  -0.1373
  0.0617   0.0613   0.0507  -0.1514   0.1253  -0.1171
  0.0599   0.0697   0.0689  -0.2007   0.1337  -0.0921
  0.0702   0.0702   0.0645  -0.1723   0.1207  -0.1337
  0.0599   0.0707   0.0637  -0.1787   0.1378  -0.1353
  0.0716   0.0725   0.0602  -0.1854   0.1316  -0.1271
  0.0667   0.0883   0.0555  -0.1964   0.1575  -0.1440
  0.0756   0.0798   0.0690  -0.1692   0.1435  -0.1461
  0.0466   0.0750   0.0510  -0.1858   0.1285  -0.1199
  0.0734   0.0653   0.0511  -0.1626   0.1288  -0.1301
  0.0730   0.0666   0.0640  -0.1505   0.1327  -0.1432
  0.0722   0.0586   0.0603  -0.1598   0.1253  -0.1070
  0.0742   0.0739   0.0667  -0.2028   0.1523  -0.1591
  0.0690   0.0703   0.0709  -0.1909   0.1535  -0.1734
  0.0706   0.0630   0.0591  -0.1594   0.1729  -0.1724
  0.0669   0.0750   0.0664  -0.2068   0.1839  -0.1615
  0.0667   0.0865   0.0574  -0.1965   0.1738  -0.1716
  0.0707   0.0718   0.0605  -0.2208   0.1805  -0.1369
  0.0819   0.0741   0.0561  -0.1723   0.1790  -0.1867
  0.0705   0.0710   0.0575  -0.2069   0.1796  -0.1463
  0.0701   0.0776   0.0619  -0.1835   0.1689  -0.1745
  0.0727   0.0700   0.0598  -0.2162   0.1822  -0.1774
  0.0756   0.0814   0.0700  -0.1821   0.1793  -0.1944
  0.0875   0.0606   0.0588  -0.2068   0.1864  -0.1931
  0.0611   0.1397   0.0784  -0.2120   0.1873  -0.2262
  0.0047   0.4505   0.1151  -0.3250   0.2074  -0.2995
  0.0711   0.2156   0.1127  -0.2435   0.2364  -0.2964
  0.0431   0.2315   0.1105  -0.2254   0.2367  -0.2921
  0.0467   0.1955   0.0993  -0.2316   0.2292  -0.2937
  0.0399   0.2138   0.1006  -0.2302   0.2228  -0.2842
  0.0537   0.1998   0.1051  -0.2299   0.2301  -0.2336
  0.0627   0.2011   0.1176  -0.1848   0.2437  -0.3003
  0.0454   0.2175   0.1115  -0.2485   0.2263  -0.2724
  0.0705   0.1776   0.1453  -0.2522   0.2342  -0.2463
  0.0559   0.0195   0.1276  -0.1119   0.1927  -0.3662
  0.0350   0.1273   0.1158  -0.2020   0.1773  -0.3154
  0.0560   0.0614   0.0967  -0.1443   0.1816  -0.2743
  0.0603   0.1261   0.0928  -0.1999   0.1832  -0.3197
  0.0729   0.1114   0.1019  -0.2084   0.2128  -0.2696
  0.0656   0.1312   0.0918  -0.2354   0.2057  -0.2656
  0.0570   0.0694   0.0873  -0.1589   0.1984  -0.3276
  0.0467   0.0962   0.1001  -0.1627   0.1679  -0.2870
  0.0634   0.0956   0.0932  -0.1877   0.1903  -0.2838
  0.0702   0.1163   0.0970  -0.2158   0.1967  -0.3096
  0.0705   0.0959   0.1021  -0.2055   0.2079  -0.3153
  0.0637   0.0961   0.0934  -0.1756   0.1951  -0.2937
  0.0647   0.0943   0.1006  -0.1918   0.2226  -0.3337
  0.0705   0.1103   0.1001  -0.2061   0.2278  -0.3317
  0.0805   0.0877   0.1090  -0.1909   0.2345  -0.3202
  0.0679   0.1221   0.0978  -0.2175   0.2388  -0.3336
  0.0564   0.0929   0.0989  -0.1933   0.2432  -0.3561
  0.0629   0.1149   0.0912  -0.2142   0.2415  -0.3154
  0.0629   0.0887   0.1060  -0.2192   0.2528  -0.3559
  0.0708   0.1289   0.0962  -0.2611   0.2491  -0.3256
  0.0606   0.0797   0.0943  -0.2225   0.2516  -0.3595
  0.0662   0.1349   0.0980  -0.2720   0.2413  -0.3303
  0.0745   0.0978   0.1031  -0.2023   0.2551  -0.3480
  0.0745   0.1303   0.0949  -0.2517   0.2476  -0.3059
  0.0719   0.0837   0.1047  -0.1832   0.2632  -0.3714
  0.0749   0.1366   0.0884  -0.2340   0.2476  -0.3317
  0.0600   0.0127   0.1044  -0.0803   0.2837  -0.3821
  0.0896   0.3727   0.0108  -0.3493   0.2274  -0.3888
  0.1064   1.0261  -0.0426  -0.7961   0.1963  -0.4489
  0.0965   0.3874   0.0774  -0.3862   0.2655  -0.4626
  0.1247   0.2234   0.0575  -0.3297   0.2458  -0.3817
  0.1186   0.2083   0.0374  -0.2889   0.2589  -0.4240
  0.1130   0.2027   0.0312  -0.3323   0.2299  -0.3661
  0.1119   0.1901   0.0432  -0.3174   0.2265  -0.3817
  0.1095   0.2018   0.0462  -0.3629   0.2263  -0.4015
  0.1087   0.2034   0.0466  -0.3448   0.2367  -0.3833
  0.1243   0.1975   0.0442  -0.3258   0.2342  -0.4152
  0.1214   0.2031   0.0552  -0.3613   0.2424  -0.4001
  0.1269   0.2051   0.0571  -0.3401   0.2267  -0.3850
  0.1280   0.1948   0.0596  -0.3097   0.2598  -0.4124
  0.1239   0.1911   0.0577  -0.3439   0.2451  -0.4303
  0.1351   0.2122   0.0590  -0.3684   0.2485  -0.3696
  0.1159   0.1809   0.0493  -0.3381   0.2297  -0.4305
  0.1218   0.2039   0.0543  -0.3441   0.2273  -0.4091
  0.1176   0.1825   0.0459  -0.3632   0.2180  -0.4131
  0.1135   0.1381   0.0525  -0.3370   0.2467  -0.4015
  0.1212   0.1592   0.0533  -0.3551   0.2642  -0.4351
  0.1215   0.2322   0.0823  -0.4335   0.2695  -0.3718
  0.0960   0.3515   0.0648  -0.5249   0.2564  -0.4390
  0.1021   0.1264   0.0554  -0.3421   0.2544  -0.5160
  0.1019   0.1572   0.0558  -0.3475   0.2717  -0.4422
  0.1002   0.1384   0.0515  -0.3300   0.2834  -0.4430
  0.1038   0.1741   0.0533  -0.3822   0.2595  -0.4347
  0.1398   0.1287   0.0566  -0.3164   0.2756  -0.4896
  0.1323   0.1435   0.0524  -0.3602   0.2745  -0.4403
  0.1068   0.1211   0.0557  -0.3535   0.2635  -0.4695
  0.1124   0.1621   0.0340  -0.4103   0.2450  -0.4547
  0.1177   0.1737   0.0492  -0.4345   0.2489  -0.4599
  0.1016   0.1499  -0.0006  -0.3258   0.1805  -0.4749
  0.1120   0.1478   0.0312  -0.3708   0.2317  -0.4639
  0.1273   0.1371   0.0412  -0.3340   0.2494  -0.4606
  0.1056   0.1417   0.0386  -0.3471   0.2300  -0.4674
  0.1410   0.1455   0.0659  -0.3554   0.2650  -0.4468
  0.1517   0.1466   0.0562  -0.3322   0.2717  -0.4790
  0.1442   0.1527   0.0464  -0.3662   0.2697  -0.4680
  0.1251   0.1434   0.0553  -0.3361   0.2515  -0.4752
  0.1393   0.1293   0.0505  -0.3186   0.2229  -0.4838
