  0.1719   0.0122   0.2270   0.3863   0.1325   0.1390
  0.2097  -0.0151   0.3260   0.4877   0.1792   0.1722
  0.1831   0.0073   0.2857   0.4575   0.1731   0.1640
  0.2048   0.0003   0.2852   0.4741   0.1987   0.1796
  0.2074   0.0187   0.2810   0.4736   0.1962   0.1597
  0.1931   0.0255   0.2804   0.4433   0.1565   0.1421
  0.2029   0.0199   0.2814   0.4485   0.1668   0.1704
  0.2236  -0.0120   0.3047   0.4759   0.1729   0.1827
  0.2137  -0.0058   0.2969   0.4656   0.1932   0.1814
  0.2090   0.0204   0.2778   0.4040   0.1860   0.1573
  0.2114   0.0226   0.2847   0.4267   0.1867   0.1635
  0.2097   0.0262   0.2718   0.4348   0.1874   0.1707
  0.2003   0.0222   0.2722   0.4588   0.1776   0.1403
  0.1819   0.0467   0.2406   0.4328   0.1568   0.1653
  0.1695   0.0374   0.2339   0.3998   0.1518   0.1705
  0.1690   0.0334   0.2309   0.4115   0.1495   0.1372
  0.1610   0.0363   0.2209   0.4138   0.1431   0.1492
  0.1577   0.0377   0.2209   0.4280   0.1402   0.1534
  0.1515   0.0504   0.1981   0.3980   0.1327   0.1500
  0.1509   0.0442   0.1946   0.4087   0.1486   0.1707
  0.1393   0.0453   0.1875   0.4130   0.1485   0.1554
  0.1442   0.0422   0.1868   0.4198   0.1529   0.1479
  0.1328   0.0344   0.1768   0.4107   0.1458   0.1490
  0.1362   0.0435   0.1728   0.3903   0.1292   0.1308
  0.1310   0.0398   0.1763   0.3966   0.1219   0.1421
  0.1342   0.0501   0.1762   0.3317   0.1059   0.1401
  0.1258   0.0578   0.1540   0.3046   0.0997   0.1245
  0.1310   0.0497   0.1675   0.2970   0.0844   0.1028
  0.1052   0.0362   0.1280   0.2474   0.0969   0.1214
  0.0787   0.0411   0.1224   0.2489   0.0842   0.1396
  0.0876   0.0521   0.1332   0.2705   0.0867   0.1025
  0.0898   0.0447   0.1263   0.2689   0.0830   0.1241
  0.1015   0.0340   0.1345   0.2768   0.0889   0.1331
  0.0860   0.0362   0.1254   0.2531   0.0819   0.1391
  0.0843   0.0282   0.1255   0.2239   0.0701   0.1039
  0.0848   0.0393   0.1307   0.2136   0.0587   0.1056
  0.0919   0.0392   0.1418   0.2272   0.0606   0.1007
  0.1000   0.0432   0.1408   0.2332   0.0660   0.0810
  0.0963   0.0300   0.1436   0.2267   0.0597   0.0776
  0.1193   0.0392   0.1512   0.2600   0.0579   0.1105
  0.1286   0.0568   0.1771   0.2212   0.0399   0.0508
  0.1178   0.0573   0.1614   0.2057   0.0429   0.0778
  0.1271   0.0565   0.1538   0.2304   0.0673   0.1145
  0.1236   0.0599   0.1438   0.2281   0.0661   0.1088
  0.1271   0.0450   0.1491   0.2283   0.0662   0.0916
  0.1254   0.0625   0.1431   0.2264   0.0574   0.0912
  0.1179   0.0426   0.1395   0.2274   0.0708   0.0813
  0.1190   0.0578   0.1356   0.2022   0.0654   0.0974
  0.1116   0.0405   0.1425   0.2149   0.0722   0.0715
  0.1173   0.0273   0.1375   0.1785   0.0565   0.0611
  0.1030   0.0437   0.1200   0.1931   0.0582   0.0525
  0.1005   0.0492   0.1195   0.1733   0.0573   0.0744
  0.1123   0.0490   0.1359   0.1744   0.0392   0.0723
  0.1108   0.0520   0.1383   0.1693   0.0335   0.0959
  0.1187   0.0341   0.1550   0.1851   0.0353   0.0247
  0.1245   0.0851   0.1431   0.1480   0.0359   0.0654
  0.1192   0.0653   0.1416   0.1606   0.0336   0.1079
  0.1252   0.0281   0.1422   0.1677   0.0310   0.0726
  0.1133  -0.0035   0.1451   0.1423   0.0292   0.0219
  0.1187   0.0052   0.1336   0.1330   0.0413   0.0822
  0.1056   0.0035   0.1355   0.1379   0.0380  -0.0115
  0.1034  -0.0024   0.1258   0.1293   0.0441   0.0769
  0.1028   0.0070   0.1150   0.1264   0.0245   0.0407
  0.0753   0.0171   0.0899   0.0452   0.0274   0.0386
  0.0592  -0.0145   0.0706   0.0311   0.0024   0.0863
  0.0799  -0.0027   0.0990   0.0778   0.0038   0.0085
  0.0792  -0.0059   0.0963   0.1192   0.0145   0.0380
  0.0768   0.0113   0.0826   0.1024   0.0183   0.0562
  0.0660  -0.0218   0.0747   0.0958   0.0126   0.0157
  0.0728   0.0118   0.0794   0.0944   0.0177   0.0492
  0.0713  -0.0172   0.0723   0.1019   0.0207   0.0439
  0.0761   0.0125   0.0833   0.0734   0.0262   0.0468
  0.0621  -0.0317   0.0689   0.1112   0.0226  -0.0098
  0.1263   0.2858   0.1149  -0.1075   0.0320   0.1077
  0.1445   0.1938   0.1227  -0.1106   0.0226  -0.0216
  0.0536  -0.0192   0.0678  -0.0017  -0.0100  -0.0066
  0.0640  -0.0110   0.0785   0.0081  -0.0118   0.0396
  0.0614  -0.0480   0.0737   0.0239   0.0012  -0.0004
  0.0497   0.1053   0.0579  -0.0401  -0.0088   0.0073
  0.0238   0.2195   0.1183  -0.1664   0.0359   0.0810
  0.0101   0.1480   0.1018  -0.1401   0.0350   0.0655
  0.0088   0.1012   0.0231  -0.0843   0.0027   0.0339
  0.0108   0.0385   0.0373  -0.0438   0.0068   0.0357
  0.0060  -0.0074   0.0083  -0.0283   0.0077   0.0467
  0.0179  -0.0352   0.0226  -0.0359  -0.0044  -0.0383
  0.0082  -0.0509   0.0166   0.0157  -0.0013   0.0155
  0.0050  -0.0455  -0.0049  -0.0444   0.0085   0.0308
  0.0091  -0.0433   0.0058  -0.0275  -0.0017  -0.0212
 -0.0021  -0.0493   0.0034  -0.0362   0.0050   0.0083
 -0.0014  -0.0492  -0.0003  -0.0284   0.0033   0.0201
  0.0036  -0.0584   0.0058  -0.0222  -0.0008   0.0097
  0.0038  -0.0492   0.0018  -0.0353  -0.0107  -0.0156
  0.0016  -0.0590   0.0041  -0.0190   0.0075   0.0263
 -0.0044  -0.0700  -0.0054  -0.0213  -0.0054  -0.0174
  0.0069  -0.0724   0.0103  -0.0449  -0.0212  -0.0089
 -0.0002  -0.0989   0.0073  -0.0401  -0.0163  -0.0030
  0.0054  -0.0748  -0.0007  -0.0626  -0.0106   0.0026
 -0.0002  -0.0762   0.0044  -0.0538  -0.0186  -0.0007
 -0.0016  -0.0562  -0.0059  -0.0341  -0.0113   0.0112
 -0.0061  -0.0665  -0.0063  -0.0200  -0.0162  -0.0146
  0.0006  -0.0715  -0.0019  -0.0044  -0.0164  -0.0074
 -0.0006  -0.0736  -0.0072  -0.0085  -0.0155  -0.0086
  0.0172  -0.0781   0.0044   0.0028  -0.0190  -0.0008
 -0.0016  -0.0778   0.0053  -0.0599  -0.0365  -0.0134
 -0.0052  -0.0626  -0.0134  -0.0628  -0.0244   0.0162
  0.0033  -0.0649  -0.0100  -0.0260  -0.0182  -0.0088
 -0.0109  -0.0499  -0.0326  -0.0337   0.0038   0.0095
 -0.0258  -0.0673  -0.0346  -0.0282  -0.0030  -0.0107
 -0.0283  -0.0591  -0.0447  -0.0179   0.0013  -0.0011
 -0.0296  -0.0694  -0.0334  -0.0063   0.0021   0.0032
 -0.0327  -0.0595  -0.0415  -0.0366   0.0022   0.0208
 -0.0228  -0.0636  -0.0370  -0.0396   0.0010  -0.0157
 -0.0197  -0.0740  -0.0311  -0.0636  -0.0107  -0.0304
 -0.0305  -0.0689  -0.0357  -0.0890  -0.0081  -0.0569
 -0.0281  -0.0649  -0.0347  -0.0790  -0.0065  -0.0120
 -0.0394  -0.0540  -0.0451  -0.0725  -0.0050  -0.0237
 -0.0402  -0.0520  -0.0391  -0.0682  -0.0042  -0.0186
 -0.0249  -0.0630  -0.0372  -0.0752  -0.0135  -0.0466
 -0.0499  -0.0549  -0.0636  -0.1012  -0.0004  -0.0190
 -0.0374  -0.0719  -0.0427  -0.0581  -0.0117  -0.0153
 -0.0375  -0.0498  -0.0499  -0.0874  -0.0129  -0.0376
 -0.0371  -0.0675  -0.0466  -0.0725  -0.0169  -0.0130
 -0.0350  -0.0601  -0.0506  -0.0717  -0.0092  -0.0043
 -0.0477  -0.0654  -0.0610  -0.0884  -0.0060  -0.0043
 -0.0505  -0.0598  -0.0638  -0.0744   0.0009  -0.0268
 -0.0508  -0.0526  -0.0678  -0.0861   0.0030  -0.0160
 -0.0538  -0.0509  -0.0755  -0.0753  -0.0005  -0.0216
 -0.0408  -0.0577  -0.0561  -0.0625  -0.0161  -0.0387
 -0.0424  -0.0479  -0.0628  -0.0829  -0.0232  -0.0128
 -0.0399  -0.0428  -0.0643  -0.1086  -0.0248  -0.0204
 -0.0445  -0.0345  -0.0658  -0.1027  -0.0077  -0.0335
 -0.0490  -0.0342  -0.0697  -0.1119  -0.0144  -0.0197
 -0.0506  -0.0262  -0.0706  -0.0887  -0.0118   0.0123
 -0.0547  -0.0347  -0.0717  -0.0689  -0.0081  -0.0321
 -0.0578  -0.0227  -0.0758  -0.0787  -0.0070  -0.0324
 -0.0627  -0.0282  -0.0766  -0.0815  -0.0006  -0.0206
 -0.0707  -0.0310  -0.0911  -0.1016   0.0032  -0.0131
 -0.0685  -0.0367  -0.0799  -0.0936   0.0023  -0.0386
 -0.0607  -0.0283  -0.0760  -0.0895  -0.0042  -0.0652
 -0.0582  -0.0333  -0.0808  -0.0986  -0.0078  -0.0448
 -0.0426  -0.0353  -0.0745  -0.1152  -0.0177  -0.0363
 -0.0416  -0.0417  -0.0821  -0.1414  -0.0276  -0.0478
 -0.0378  -0.0380  -0.0672  -0.1357  -0.0260  -0.0498
 -0.0445  -0.0293  -0.0667  -0.1256  -0.0314  -0.0259
 -0.0422  -0.0417  -0.0589  -0.0828  -0.0378  -0.0492
 -0.0523  -0.0408  -0.0766  -0.1290  -0.0390  -0.0594
 -0.0426  -0.0366  -0.0623  -0.0798  -0.0381  -0.0444
 -0.0512  -0.0357  -0.0704  -0.0937  -0.0444  -0.0393
 -0.0643  -0.0396  -0.0768  -0.1365  -0.0394  -0.0428
 -0.0718  -0.0459  -0.0934  -0.1146  -0.0231  -0.0508
 -0.0725  -0.0384  -0.0942  -0.1061  -0.0277  -0.0527
 -0.0715  -0.0345  -0.0869  -0.0842  -0.0272  -0.0294
 -0.0739  -0.0419  -0.0878  -0.0789  -0.0308  -0.0402
 -0.0703  -0.0430  -0.0873  -0.1118  -0.0306  -0.0565
 -0.0619  -0.0373  -0.0814  -0.1233  -0.0377  -0.0474
 -0.0593  -0.0349  -0.0795  -0.1102  -0.0441  -0.0448
 -0.0642  -0.0401  -0.0841  -0.1146  -0.0406  -0.0777
 -0.0668  -0.0300  -0.0898  -0.1386  -0.0396  -0.0483
 -0.0571  -0.0283  -0.0757  -0.1198  -0.0445  -0.0632
 -0.0517  -0.0340  -0.0745  -0.1077  -0.0493  -0.0465
 -0.0604  -0.0207  -0.0849  -0.1299  -0.0454  -0.0676
 -0.0559  -0.0197  -0.0765  -0.1507  -0.0571  -0.0578
 -0.0545  -0.0188  -0.0795  -0.1154  -0.0466  -0.0367
 -0.0584  -0.0192  -0.0917  -0.1241  -0.0404  -0.0428
 -0.0558  -0.0256  -0.0805  -0.1073  -0.0483  -0.0609
 -0.0601  -0.0330  -0.0911  -0.0922  -0.0402  -0.0692
 -0.0682  -0.0253  -0.0958  -0.0893  -0.0345  -0.0431
 -0.0662  -0.0390  -0.0943  -0.1041  -0.0360  -0.0530
 -0.0689  -0.0411  -0.0922  -0.1061  -0.0343  -0.0656
 -0.0635  -0.0328  -0.0939  -0.1360  -0.0461  -0.0423
 -0.0617  -0.0279  -0.0847  -0.1516  -0.0509  -0.0645
 -0.0640  -0.0384  -0.0947  -0.1413  -0.0461  -0.0858
 -0.0561  -0.0134  -0.0873  -0.1428  -0.0470  -0.0391
 -0.0632  -0.0286  -0.0808  -0.1357  -0.0559  -0.0793
 -0.0527   0.0036  -0.0700  -0.1415  -0.0785  -0.0510
 -0.0569  -0.0140  -0.0729  -0.1009  -0.0776  -0.0822
 -0.0459  -0.0080  -0.0590  -0.1360  -0.0818  -0.0664
 -0.0489  -0.0117  -0.0732  -0.1139  -0.0672  -0.0683
 -0.0586  -0.0053  -0.0804  -0.1193  -0.0626  -0.0835
 -0.0624  -0.0113  -0.0860  -0.1635  -0.0644  -0.0634
 -0.0633  -0.0036  -0.0828  -0.1389  -0.0611  -0.0953
 -0.0755  -0.0150  -0.0844  -0.1205  -0.0584  -0.0731
 -0.0831   0.0150  -0.0831  -0.1925  -0.0624  -0.1005
 -0.0643   0.0167  -0.0786  -0.1844  -0.0672  -0.0800
 -0.0582   0.0180  -0.0889  -0.2356  -0.0863  -0.1059
 -0.0807   0.0497  -0.1211  -0.2307  -0.0580  -0.0759
 -0.0974   0.0304  -0.1210  -0.1863  -0.0614  -0.0486
 -0.0882   0.0265  -0.1062  -0.2132  -0.0800  -0.0897
 -0.0937   0.0057  -0.1186  -0.2006  -0.0693  -0.0857
 -0.0916   0.0167  -0.1070  -0.1986  -0.0791  -0.0833
 -0.0978   0.0082  -0.1202  -0.2101  -0.0740  -0.0706
 -0.0983   0.0225  -0.1114  -0.2054  -0.0723  -0.0755
 -0.1178   0.0095  -0.1312  -0.1589  -0.0593  -0.0851
 -0.1192   0.0095  -0.1360  -0.1429  -0.0516  -0.0764
 -0.1196   0.0106  -0.1427  -0.1607  -0.0519  -0.0645
 -0.1168   0.0156  -0.1397  -0.1551  -0.0447  -0.0648
 -0.1258   0.0146  -0.1511  -0.1587  -0.0404  -0.0639
 -0.1248   0.0201  -0.1381  -0.1727  -0.0602  -0.0723
 -0.1188   0.0209  -0.1428  -0.1678  -0.0552  -0.0689
 -0.1124   0.0237  -0.1401  -0.1531  -0.0528  -0.0592
 -0.1077   0.0208  -0.1319  -0.1602  -0.0622  -0.0432
 -0.0936   0.0085  -0.1224  -0.1561  -0.0689  -0.0875
 -0.1100   0.0247  -0.1308  -0.1744  -0.0638  -0.0714
 -0.1223   0.0282  -0.1390  -0.1594  -0.0573  -0.0766
 -0.1092   0.0343  -0.1291  -0.1726  -0.0761  -0.0701
 -0.1026   0.0303  -0.1377  -0.1794  -0.0686  -0.0840
 -0.1187   0.0171  -0.1506  -0.1890  -0.0597  -0.0988
 -0.1208   0.0270  -0.1408  -0.2206  -0.0697  -0.0648
 -0.1221   0.0272  -0.1414  -0.2089  -0.0672  -0.0853
 -0.1226   0.0335  -0.1461  -0.2127  -0.0640  -0.0801
 -0.1160   0.0389  -0.1356  -0.2082  -0.0741  -0.0846
 -0.1138   0.0295  -0.1410  -0.2320  -0.0781  -0.1118
 -0.1184   0.0364  -0.1462  -0.2572  -0.0806  -0.0944
 -0.1221   0.0307  -0.1527  -0.2447  -0.0757  -0.0970
 -0.1242   0.0199  -0.1540  -0.2270  -0.0765  -0.0966
 -0.1266   0.0238  -0.1562  -0.2602  -0.0786  -0.1281
 -0.1266   0.0187  -0.1558  -0.2502  -0.0778  -0.0830
 -0.1273   0.0232  -0.1562  -0.2131  -0.0672  -0.0951
 -0.1217   0.0244  -0.1519  -0.2317  -0.0821  -0.0840
 -0.1189   0.0240  -0.1502  -0.2385  -0.0847  -0.0849
 -0.1219   0.0321  -0.1467  -0.2255  -0.0880  -0.0801
 -0.1279   0.0221  -0.1517  -0.1969  -0.0807  -0.1071
 -0.1183   0.0071  -0.1509  -0.1732  -0.0907  -0.1027
 -0.1096   0.0109  -0.1437  -0.1674  -0.0829  -0.1202
 -0.1133   0.0093  -0.1452  -0.1739  -0.0895  -0.1173
 -0.1063   0.0295  -0.1385  -0.1886  -0.0908  -0.1357
 -0.1134   0.0366  -0.1348  -0.1931  -0.0980  -0.0943
 -0.1105   0.0425  -0.1348  -0.1692  -0.0996  -0.0983
 -0.1049   0.0401  -0.1271  -0.1560  -0.1010  -0.0979
 -0.1058   0.0436  -0.1259  -0.1304  -0.1036  -0.1057
 -0.0988   0.0462  -0.1219  -0.1632  -0.1142  -0.1003
 -0.0934   0.0368  -0.1175  -0.1705  -0.1022  -0.1290
 -0.1012   0.0301  -0.1272  -0.2106  -0.1134  -0.1274
 -0.0991   0.0429  -0.1299  -0.2124  -0.1112  -0.0888
 -0.1088   0.0376  -0.1346  -0.2108  -0.1075  -0.1248
 -0.0930   0.0543  -0.1260  -0.1962  -0.1016  -0.0776
