  0.1045   0.0764   0.0080   0.5181  -0.0552   0.2886
  0.1103  -0.0211   0.0496   0.4707  -0.0443   0.3106
  0.1446   0.0308   0.0468   0.4945  -0.0545   0.3249
  0.1358  -0.0004   0.0368   0.4780  -0.0494   0.3318
  0.1239   0.0324   0.0163   0.4884  -0.0526   0.3087
  0.1340  -0.0053   0.0246   0.4655  -0.0541   0.3000
  0.1284   0.0252   0.0246   0.4584  -0.0521   0.3055
  0.1354   0.0209   0.0389   0.3814  -0.0447   0.3378
  0.1351   0.0263   0.0382   0.4521  -0.0448   0.2938
  0.1286   0.0325   0.0212   0.4825  -0.0481   0.2717
  0.1405   0.0268   0.0201   0.4797  -0.0516   0.2519
  0.1388   0.0317   0.0266   0.4243  -0.0504   0.3123
  0.1311   0.0221   0.0262   0.4374  -0.0480   0.3238
  0.1223   0.0212   0.0295   0.4492  -0.0398   0.2630
  0.1276   0.0007   0.0280   0.4993  -0.0423   0.2197
  0.1281  -0.0242  -0.0046   0.3613  -0.0433   0.2801
  0.1175  -0.0022   0.0156   0.3758  -0.0316   0.2706
  0.1108  -0.0096   0.0119   0.4120  -0.0267   0.2573
  0.0905   0.0151   0.0047   0.4648  -0.0164   0.2413
  0.0902   0.0379   0.0108   0.4524  -0.0092   0.2405
  0.1013   0.0441   0.0161   0.4258  -0.0138   0.2548
  0.1120   0.0101   0.0059   0.5326  -0.0104   0.2452
  0.1083   0.0239  -0.0021   0.4625  -0.0153   0.2177
  0.1086   0.0288  -0.0099   0.4401  -0.0234   0.2515
  0.1205   0.0150  -0.0125   0.4588  -0.0278   0.2528
  0.1311   0.0186  -0.0098   0.5165  -0.0339   0.2176
  0.1077   0.0417  -0.0306   0.4447  -0.0324   0.1922
  0.0913   0.0560  -0.0259   0.4055  -0.0373   0.2271
  0.0837   0.0408  -0.0241   0.3990  -0.0395   0.2465
  0.0943   0.0381  -0.0317   0.4221  -0.0418   0.2094
  0.1032   0.0532  -0.0263   0.4532  -0.0425   0.2003
  0.1005   0.0445  -0.0334   0.4197  -0.0351   0.2489
  0.1107   0.0513  -0.0353   0.4383  -0.0424   0.1645
  0.0935   0.0851  -0.0327   0.4686  -0.0435   0.2309
  0.0912   0.0730  -0.0158   0.4768  -0.0418   0.2386
  0.0817   0.0864  -0.0219   0.4601  -0.0412   0.1781
  0.0864   0.1107  -0.0280   0.4613  -0.0416   0.2185
  0.0817   0.1008  -0.0390   0.4565  -0.0411   0.2164
  0.0767   0.1133  -0.0444   0.4407  -0.0519   0.1790
  0.0646   0.1158  -0.0479   0.4369  -0.0635   0.1861
  0.0624   0.1287  -0.0388   0.4088  -0.0687   0.2384
  0.0637   0.1096  -0.0457   0.4572  -0.0614   0.1363
  0.0736   0.0973  -0.0445   0.4239  -0.0582   0.1603
  0.0791   0.0523   0.0073   0.4581  -0.0479   0.1002
  0.0833   0.0901   0.0028   0.4027  -0.0378   0.1593
  0.0695   0.0844  -0.0059   0.3584  -0.0490   0.1028
  0.0548   0.0767   0.0046   0.2959  -0.0410   0.1708
  0.0594   0.0957   0.0191   0.3672  -0.0356   0.1614
  0.0544   0.1221   0.0069   0.4261  -0.0345   0.0890
  0.0582   0.1174   0.0133   0.3796  -0.0321   0.1406
  0.0529   0.1196  -0.0081   0.4266  -0.0272   0.0948
  0.0332   0.1159   0.0032   0.3942  -0.0241   0.1001
  0.0285   0.1092   0.0029   0.2972  -0.0244   0.1765
  0.0353   0.1059  -0.0001   0.3003  -0.0350   0.1006
  0.0521   0.1395   0.0035   0.3487  -0.0301   0.1139
  0.0440   0.1150   0.0099   0.3825  -0.0152   0.0761
  0.0494   0.1673  -0.0031   0.2616  -0.0208   0.1576
  0.0343   0.1600  -0.0181   0.3033  -0.0325   0.0327
  0.0086   0.1798  -0.0254   0.2815  -0.0195   0.1140
  0.0040   0.1574  -0.0318   0.2633  -0.0276   0.1071
  0.0238   0.1682  -0.0413   0.4000  -0.0488   0.0305
  0.0123   0.2087  -0.0323   0.3918  -0.0356   0.0580
  0.0133   0.1733  -0.0414   0.2793  -0.0408   0.1072
  0.0184   0.1809  -0.0361   0.3203  -0.0501   0.0147
  0.0224   0.1904  -0.0404   0.3270  -0.0530   0.1116
  0.0146   0.1360  -0.0414   0.3526  -0.0456   0.0306
 -0.0002   0.1513  -0.0453   0.2550  -0.0295   0.0810
 -0.0004   0.1364  -0.0456   0.2428  -0.0252   0.0773
  0.0005   0.1314  -0.0421   0.2419  -0.0287   0.0458
  0.0033   0.1700  -0.0458   0.2822  -0.0378   0.0303
  0.0269   0.1710  -0.0325   0.2381  -0.0395   0.1252
  0.0302   0.1506  -0.0434   0.3146  -0.0447  -0.0009
  0.0319   0.1629  -0.0425   0.3847  -0.0499   0.0294
  0.0463   0.1540  -0.0456   0.3595  -0.0509  -0.0532
  0.0392   0.1553  -0.0487   0.1649  -0.0347   0.0676
  0.0244   0.1345  -0.0389   0.1713  -0.0190   0.0650
  0.0234   0.1401  -0.0278   0.0498  -0.0287   0.0469
  0.0364   0.1229  -0.0320   0.0681  -0.0386   0.0869
  0.0400   0.1339  -0.0332   0.0748  -0.0452   0.0607
  0.0309   0.1014  -0.0341   0.1469  -0.0407   0.0174
  0.0223   0.1211  -0.0261   0.1171  -0.0365   0.0578
  0.0301   0.0854  -0.0416   0.1057  -0.0436   0.0465
  0.0272   0.1238  -0.0437   0.0879  -0.0317   0.0946
  0.0377   0.1186  -0.0284   0.0732  -0.0270   0.0170
  0.0279   0.0642  -0.0297   0.1347  -0.0247  -0.0431
  0.0207   0.0691  -0.0282   0.0648  -0.0226   0.0141
  0.0246   0.0709  -0.0340   0.1229  -0.0190   0.0275
  0.0219   0.0873  -0.0275   0.0934  -0.0187   0.0832
  0.0368   0.0830  -0.0390   0.0785  -0.0298  -0.0351
  0.0425   0.1058  -0.0436   0.0725  -0.0306   0.0658
  0.0425   0.0809  -0.0455   0.1318  -0.0220  -0.0034
  0.0250   0.1138  -0.0456   0.1318  -0.0255   0.0271
  0.0092   0.1128  -0.0336   0.1223  -0.0152   0.0252
  0.0130   0.0999  -0.0325   0.1134  -0.0135   0.0006
  0.0318   0.1062  -0.0314   0.1506  -0.0303   0.0204
  0.0258   0.1029  -0.0382   0.1367  -0.0243  -0.0179
  0.0125   0.1257  -0.0490   0.0869  -0.0229   0.0556
  0.0175   0.0914  -0.0539   0.1419  -0.0240   0.0028
  0.0154   0.1026  -0.0599   0.0894  -0.0240   0.0216
  0.0117   0.0434  -0.0496   0.1259  -0.0307  -0.0387
  0.0057   0.1113  -0.0554   0.0434  -0.0238   0.0840
  0.0302   0.1895  -0.0648   0.0317  -0.0383  -0.0401
  0.0249   0.1033  -0.0452   0.0670  -0.0245  -0.0503
  0.0078   0.0985  -0.0456   0.0774  -0.0169  -0.0153
 -0.0038   0.0989  -0.0377   0.1177  -0.0105  -0.0702
  0.0040   0.1279  -0.0219   0.1187  -0.0108   0.0022
  0.0186   0.1064  -0.0262   0.1631  -0.0170  -0.0653
  0.0103   0.1314  -0.0260   0.1765  -0.0033  -0.0487
  0.0052   0.1101  -0.0244   0.1416  -0.0116  -0.0129
  0.0031   0.1105  -0.0261   0.2038  -0.0030  -0.0316
 -0.0087   0.1029  -0.0358   0.1585   0.0001  -0.0453
 -0.0041   0.1199  -0.0436   0.1548  -0.0028   0.0112
  0.0057   0.1002  -0.0278   0.1486  -0.0077  -0.1009
  0.0217   0.1249  -0.0094   0.1836  -0.0064  -0.0229
  0.0249   0.1033  -0.0303   0.1676  -0.0102  -0.0735
  0.0144   0.1259  -0.0251   0.1938   0.0044  -0.0442
 -0.0004   0.1055  -0.0307   0.0911   0.0164  -0.0070
 -0.0093   0.1202  -0.0357   0.1405   0.0189  -0.0583
 -0.0172   0.1109  -0.0365   0.1022   0.0192  -0.0435
 -0.0071   0.0971  -0.0277   0.1585   0.0098  -0.1036
 -0.0108   0.1013  -0.0383   0.1127   0.0050  -0.0680
 -0.0054   0.1056  -0.0300   0.1485   0.0155  -0.0296
 -0.0226   0.1330  -0.0443   0.0842  -0.0031  -0.0673
 -0.0331   0.1403  -0.0576   0.0954   0.0082   0.0008
  0.0135   0.0862  -0.0405   0.1771  -0.0147  -0.2271
  0.0227   0.0850  -0.0262   0.2060  -0.0156  -0.1454
  0.0004   0.0811  -0.0138   0.1510   0.0018   0.0579
 -0.0024   0.0823  -0.0168   0.1842   0.0050  -0.1168
 -0.0105   0.0965  -0.0164   0.1690   0.0092  -0.0667
 -0.0124   0.1036  -0.0144   0.2329   0.0377  -0.0593
 -0.0270   0.0741  -0.0073   0.2236   0.0332  -0.1151
 -0.0287   0.1035  -0.0174   0.2065   0.0196  -0.1073
 -0.0406   0.0806  -0.0122   0.1219   0.0264   0.0287
 -0.0273   0.0706  -0.0201   0.1880   0.0174  -0.1719
 -0.0427   0.0699  -0.0241   0.0947   0.0289  -0.0162
 -0.0256   0.0688  -0.0313   0.1696   0.0078  -0.1660
 -0.0370   0.0470  -0.0291   0.0471   0.0144  -0.0590
 -0.0434   0.0780  -0.0284   0.1369   0.0226  -0.0541
 -0.0378   0.0380  -0.0257   0.0269   0.0164  -0.0903
 -0.0313   0.1154  -0.0231   0.1166   0.0141  -0.0700
 -0.0283  -0.0738   0.0109  -0.4016   0.0129  -0.0642
  0.0117  -0.2486   0.0468  -0.7186   0.0109   0.0058
  0.0226  -0.0801   0.0350  -0.3105   0.0076  -0.0128
  0.0088  -0.0527   0.0266  -0.3462   0.0159  -0.0370
 -0.0381  -0.3700   0.0959  -0.8298   0.0543   0.0515
 -0.0287  -0.5302   0.1124  -0.8594   0.0343   0.0026
 -0.0483  -0.2827   0.1198  -0.6570   0.0587   0.0583
 -0.0744  -0.2476   0.1411  -0.5115   0.0437  -0.0532
 -0.0521  -0.1059   0.1066  -0.3431   0.0427  -0.0256
 -0.0474  -0.1932   0.0849  -0.4617   0.0459   0.0038
 -0.0098  -0.1348   0.0602  -0.3136   0.0245  -0.0772
 -0.0016  -0.1813   0.0681  -0.3552   0.0306  -0.0272
 -0.0086  -0.1382   0.0622  -0.2336   0.0172  -0.0561
 -0.0124  -0.1792   0.0603  -0.2942   0.0162  -0.0466
 -0.0171  -0.1588   0.0428  -0.2755   0.0137  -0.0588
 -0.0444  -0.2008   0.0425  -0.3379   0.0274  -0.0376
 -0.0419  -0.1541   0.0312  -0.3385   0.0064  -0.0799
 -0.0344  -0.1623   0.0263  -0.3794   0.0109   0.0039
 -0.0346  -0.1384   0.0257  -0.3033   0.0189  -0.1298
 -0.0389  -0.1492   0.0306  -0.3072   0.0129  -0.0227
 -0.0362  -0.1508   0.0244  -0.2497   0.0148  -0.1179
 -0.0423  -0.1574   0.0244  -0.2986   0.0216  -0.0577
 -0.0442  -0.1457   0.0192  -0.2815   0.0238  -0.0631
 -0.0378  -0.1732   0.0261  -0.3049   0.0213  -0.0936
 -0.0280  -0.1656   0.0005  -0.2587  -0.0073  -0.1439
 -0.0379  -0.1777   0.0086  -0.3636   0.0108  -0.0418
 -0.0218  -0.1847   0.0286  -0.3675   0.0103  -0.1091
 -0.0153  -0.1321   0.0275  -0.3650   0.0058  -0.0528
 -0.0202  -0.1377   0.0357  -0.3459   0.0112  -0.0795
 -0.0224  -0.1507   0.0237  -0.3790   0.0167  -0.0472
 -0.0196  -0.1371   0.0291  -0.3619   0.0106  -0.1029
 -0.0178  -0.1495   0.0350  -0.3273   0.0157  -0.0826
 -0.0252  -0.1211   0.0381  -0.3073   0.0178  -0.0762
 -0.0010  -0.1877   0.0252  -0.2587   0.0061  -0.1223
 -0.0312  -0.1742   0.0308  -0.2062   0.0147  -0.1684
 -0.0590  -0.1636   0.0403  -0.3080   0.0245  -0.1002
 -0.0422  -0.1614   0.0328  -0.2594   0.0199  -0.0868
 -0.0318  -0.1526   0.0316  -0.2516   0.0156  -0.1359
 -0.0420  -0.1666   0.0436  -0.3419   0.0232  -0.1147
 -0.0279  -0.1336   0.0409  -0.3104   0.0103  -0.1263
 -0.0343  -0.1453   0.0344  -0.2882   0.0190  -0.0827
 -0.0306  -0.1569   0.0326  -0.2835   0.0133  -0.1250
 -0.0251  -0.1472   0.0351  -0.2643   0.0174  -0.1636
 -0.0352  -0.1533   0.0322  -0.3570   0.0130  -0.0897
 -0.0378  -0.1714   0.0291  -0.4114   0.0160  -0.1230
 -0.0303  -0.1627   0.0279  -0.3615   0.0107  -0.1065
 -0.0560  -0.1676   0.0280  -0.2943   0.0316  -0.1128
 -0.0626  -0.1479   0.0370  -0.3003   0.0388  -0.1477
 -0.0610  -0.1713   0.0254  -0.3698   0.0273  -0.0818
 -0.0587  -0.1727   0.0251  -0.3787   0.0282  -0.1285
 -0.0703  -0.1729   0.0218  -0.3998   0.0331  -0.1017
 -0.0939  -0.2096   0.0226  -0.3876   0.0501  -0.1005
 -0.1079  -0.2056   0.0407  -0.4304   0.0601  -0.1181
 -0.1171  -0.2050   0.0318  -0.4616   0.0523  -0.0924
 -0.0978  -0.2042   0.0272  -0.3900   0.0442  -0.0983
 -0.1047  -0.1780   0.0291  -0.3658   0.0559  -0.1211
 -0.1028  -0.1963   0.0228  -0.3799   0.0516  -0.0907
 -0.1024  -0.2031   0.0218  -0.3744   0.0504  -0.1372
 -0.0960  -0.1815   0.0219  -0.3564   0.0412  -0.1238
 -0.1072  -0.1711   0.0252  -0.3158   0.0445  -0.1020
 -0.0961  -0.1683   0.0192  -0.3505   0.0397  -0.1178
 -0.0904  -0.1314   0.0183  -0.3817   0.0231  -0.1827
 -0.0762  -0.0470   0.0242  -0.4956   0.0437  -0.1551
 -0.0956  -0.0826   0.0217  -0.3968   0.0538  -0.2097
 -0.0978  -0.0735   0.0138  -0.4577   0.0480  -0.1655
 -0.1001  -0.0966   0.0088  -0.3473   0.0608  -0.2375
 -0.1045  -0.0883   0.0096  -0.4532   0.0671  -0.1522
 -0.1193  -0.1290   0.0123  -0.5061   0.0662  -0.1407
 -0.1123  -0.0880   0.0026  -0.4428   0.0569  -0.2102
 -0.0979  -0.1298   0.0032  -0.5523   0.0516  -0.1896
 -0.0996  -0.1126   0.0118  -0.5230   0.0484  -0.1902
 -0.0862  -0.1401   0.0143  -0.5250   0.0467  -0.1566
 -0.0968  -0.1229   0.0156  -0.4924   0.0516  -0.1948
 -0.1016  -0.1471   0.0078  -0.4441   0.0558  -0.2290
 -0.0873  -0.0494   0.0104  -0.5370   0.0580  -0.0973
 -0.0938  -0.0832   0.0117  -0.4897   0.0581  -0.3037
 -0.0898  -0.0737   0.0144  -0.4757   0.0568  -0.1637
 -0.0830  -0.0963   0.0200  -0.4452   0.0518  -0.1550
 -0.0769  -0.1014   0.0202  -0.4317   0.0534  -0.2012
 -0.0853  -0.1049   0.0162  -0.4344   0.0538  -0.1521
 -0.1011  -0.0937   0.0221  -0.4204   0.0598  -0.2089
 -0.1103  -0.1055   0.0283  -0.4460   0.0642  -0.1712
 -0.1058  -0.0987   0.0212  -0.4299   0.0551  -0.1831
 -0.1120  -0.1068   0.0173  -0.4249   0.0565  -0.2003
 -0.1081  -0.1144   0.0214  -0.4641   0.0536  -0.1951
 -0.1098  -0.1059   0.0220  -0.4625   0.0514  -0.2091
 -0.1185  -0.1101   0.0313  -0.4571   0.0635  -0.1597
 -0.1007  -0.1148   0.0363  -0.4860   0.0505  -0.2086
 -0.0904  -0.1062   0.0407  -0.4501   0.0496  -0.2130
 -0.0868  -0.1134   0.0362  -0.4480   0.0549  -0.1692
 -0.0924  -0.1142   0.0281  -0.4336   0.0567  -0.2364
 -0.0914  -0.1160   0.0288  -0.4427   0.0592  -0.1642
 -0.0907  -0.1130   0.0281  -0.4135   0.0582  -0.2194
 -0.0852  -0.1181   0.0213  -0.4337   0.0533  -0.1981
 -0.0823  -0.1229   0.0236  -0.4395   0.0538  -0.2005
 -0.0922  -0.1214   0.0253  -0.4517   0.0509  -0.2098
