  0.1085  -0.0829  -0.0958   0.1104  -0.3068   0.0738
 -0.1034   0.0430  -0.1366   0.0059  -0.3703   0.0991
 -0.0250  -0.0422  -0.0964   0.0724  -0.3709   0.0870
 -0.0768   0.0335  -0.1170  -0.0018  -0.3554   0.1106
  0.0274  -0.0583  -0.0521   0.2995  -0.4394   0.0322
  0.0106   0.1502  -0.1046   0.0584  -0.3625   0.0413
  0.1322   0.8338   0.0919  -0.3818  -0.1506   0.0822
  0.1577   0.5969   0.1678  -0.1790  -0.1820   0.0409
  0.1720   0.4184   0.1095  -0.1250  -0.1655   0.0493
  0.1834   0.3830   0.1202  -0.0385  -0.1581   0.0242
  0.1885   0.3446   0.1175   0.0098  -0.1456   0.0118
  0.1804   0.3191   0.1291   0.0224  -0.1440   0.0115
  0.1985   0.3001   0.1090   0.0094  -0.1455   0.0171
  0.2042   0.2676   0.1182   0.0661  -0.1466  -0.0021
  0.2121   0.2276   0.1078   0.1136  -0.1582  -0.0020
  0.2109   0.1418   0.0740   0.1205  -0.1432  -0.0126
  0.1988   0.0062   0.0646   0.2377  -0.1928  -0.0272
  0.2017  -0.0154   0.0339   0.1985  -0.1570  -0.0193
  0.2335  -0.0867   0.0425   0.2982  -0.1828  -0.0433
  0.2305  -0.1046   0.0030   0.2242  -0.1438  -0.0226
  0.2445  -0.1915  -0.0474   0.2511  -0.1440   0.0068
  0.2420  -0.1834   0.0066   0.3175  -0.1659  -0.0084
  0.2477  -0.2300  -0.0050   0.3371  -0.1789  -0.0076
  0.2377  -0.2168  -0.0228   0.2903  -0.1545   0.0027
  0.2570  -0.2499  -0.0366   0.3129  -0.1686   0.0072
  0.2455  -0.2310  -0.0533   0.2646  -0.1345   0.0295
  0.2756  -0.2853  -0.0436   0.3831  -0.1634  -0.0023
  0.2567  -0.2588  -0.0722   0.2899  -0.1399   0.0101
  0.2756  -0.3006  -0.0654   0.3427  -0.1637  -0.0045
  0.2657  -0.2840  -0.1076   0.2850  -0.1231   0.0298
  0.2732  -0.3240  -0.0807   0.3347  -0.1552   0.0151
  0.2349  -0.3235  -0.1169   0.3431  -0.1231  -0.0083
  0.2633  -0.3754  -0.1139   0.4053  -0.1251  -0.0333
  0.2895  -0.3908  -0.1308   0.3459  -0.1232  -0.0027
  0.2880  -0.3952  -0.1561   0.3300  -0.1007   0.0164
  0.2828  -0.3912  -0.1321   0.3146  -0.1145   0.0230
  0.2851  -0.3824  -0.1512   0.2985  -0.1063   0.0223
  0.2814  -0.4028  -0.1682   0.2841  -0.0958   0.0280
  0.2854  -0.4109  -0.1688   0.2850  -0.1000   0.0316
  0.2548  -0.4156  -0.1565   0.3077  -0.1498   0.0113
  0.2638  -0.4237  -0.1476   0.3834  -0.1681  -0.0015
  0.2718  -0.4073  -0.1629   0.2985  -0.1249   0.0125
  0.2796  -0.4382  -0.1488   0.3800  -0.1522  -0.0036
  0.2767  -0.4098  -0.1605   0.3338  -0.1333  -0.0148
  0.2852  -0.4318  -0.1672   0.3724  -0.1348  -0.0063
  0.2811  -0.4292  -0.1582   0.3419  -0.1256   0.0093
  0.2819  -0.4338  -0.1836   0.3667  -0.1232   0.0107
  0.2800  -0.4364  -0.1444   0.4017  -0.1492  -0.0082
  0.2766  -0.4435  -0.1625   0.3583  -0.1425   0.0095
  0.2770  -0.4158  -0.1607   0.3454  -0.1319   0.0043
  0.2773  -0.4230  -0.1660   0.3642  -0.1268   0.0055
  0.2709  -0.4291  -0.1596   0.3758  -0.1300  -0.0017
  0.2822  -0.4294  -0.1573   0.4060  -0.1358  -0.0142
  0.2680  -0.4205  -0.1864   0.3013  -0.0996   0.0043
  0.2743  -0.4693  -0.1797   0.4475  -0.1615  -0.0220
  0.2690  -0.4663  -0.1551   0.4196  -0.1507  -0.0159
  0.2557  -0.4727  -0.1931   0.3748  -0.1365   0.0204
  0.2675  -0.4569  -0.1781   0.4190  -0.1611  -0.0120
  0.2625  -0.4443  -0.1833   0.3514  -0.1297   0.0136
  0.2696  -0.4388  -0.1726   0.4094  -0.1404  -0.0199
  0.2627  -0.4090  -0.1806   0.3224  -0.1360   0.0215
  0.2578  -0.4385  -0.1780   0.3937  -0.1372  -0.0097
  0.2722  -0.3616  -0.2072   0.3332  -0.1285   0.0078
  0.2626  -0.3504  -0.2149   0.4138  -0.1363  -0.0374
  0.2969  -0.2215  -0.1801   0.2022  -0.1451   0.0508
  0.1781  -0.2894   0.0484   0.1102   0.1882  -0.1562
  0.2935  -0.1606   0.1755   0.1720   0.3060  -0.1602
  0.4067  -0.1237   0.0772   0.1973   0.0425  -0.0687
  0.4437  -0.3197  -0.1201   0.2517  -0.0705  -0.0487
  0.3329  -0.2627   0.0294   0.1696  -0.1511  -0.0428
  0.0668   0.5167   0.0628  -0.5388  -0.1736   0.0368
  0.0394   0.4268   0.1451  -0.4512  -0.1446   0.0922
  0.0672   0.2127   0.0611  -0.2208  -0.1104   0.0542
  0.0842   0.2159   0.0899  -0.2143  -0.1020   0.0367
  0.0970   0.0581   0.0097  -0.0203  -0.1131  -0.0209
  0.0256   0.0212   0.2313   0.1466  -0.2269  -0.0800
  0.0600   0.0561   0.2622   0.1645  -0.1678  -0.0859
  0.1675  -0.0341   0.1460   0.1319  -0.0936  -0.0650
  0.1822  -0.0890   0.1078   0.1172  -0.0727  -0.0413
  0.1886  -0.1316   0.0430   0.0696  -0.0554  -0.0145
  0.2113  -0.1561   0.0885   0.1901  -0.0967  -0.0452
  0.2031  -0.1723   0.0316   0.0572  -0.0548   0.0112
  0.2161  -0.2142   0.0476   0.1544  -0.0826  -0.0431
  0.2280  -0.2219   0.0320   0.1498  -0.0803  -0.0146
  0.2262  -0.2578   0.0612   0.1852  -0.1094  -0.0108
  0.2196  -0.2733   0.0001   0.1778  -0.0692  -0.0112
  0.2246  -0.2534   0.0196   0.2583  -0.0766  -0.0340
  0.2197  -0.2900   0.0004   0.2409  -0.0792  -0.0253
  0.2117  -0.2958  -0.0007   0.3088  -0.0733  -0.0502
  0.2195  -0.3160  -0.0181   0.1834  -0.0598  -0.0026
  0.2068  -0.2934  -0.0142   0.2725  -0.0876  -0.0346
  0.2035  -0.3181  -0.0032   0.2071  -0.0704  -0.0096
  0.2235  -0.1945  -0.0432   0.3348  -0.0981  -0.0817
  0.0658  -0.2680  -0.2301  -0.2465   0.1387   0.1678
 -0.0928  -0.3040  -0.3781  -0.3185   0.2598   0.2253
  0.1204  -0.0789  -0.1829   0.0948   0.0942   0.0365
  0.2525  -0.2966  -0.2487   0.1179   0.0239   0.0195
  0.2705  -0.3274  -0.2698   0.0086   0.0422   0.0976
  0.2481  -0.3784  -0.2505  -0.0163   0.0368   0.1097
  0.2409  -0.3200  -0.2889  -0.1132   0.0421   0.1360
  0.2302  -0.3712  -0.2803  -0.0512   0.0310   0.1203
  0.2633  -0.3169  -0.3219  -0.0911   0.0646   0.1266
  0.3025  -0.3982  -0.3241  -0.1344   0.1684   0.1427
  0.2428  -0.3338  -0.2902  -0.1446   0.0601   0.1383
  0.2516  -0.4221  -0.2917  -0.0774   0.0697   0.1399
  0.2417  -0.1883  -0.2658  -0.2017  -0.0061   0.1255
  0.1435  -0.2597  -0.1932  -1.2018   0.2761   0.3731
 -0.4921   0.4704   0.5286  -1.7940  -0.1352   0.2374
 -0.2921   1.6235   0.1804  -1.6042  -0.2898   0.0422
 -2.4048   1.3313   1.2928  -1.5362   0.7492   0.3662
 -1.5591   1.3103   0.9691  -1.6053   0.4477   0.2708
 -1.1662   1.3750   0.8094  -1.4979   0.2485   0.2129
 -1.1122   1.3338   0.7375  -1.5398   0.3565   0.2246
 -1.0388   1.3316   0.7117  -1.5165   0.3347   0.2182
 -1.1272   1.2640   0.5461  -1.2071   0.1697   0.1208
 -0.9911   0.8579   0.3014  -0.5983  -0.0298   0.0136
 -0.9040   0.8990   0.2656  -0.6218   0.0005  -0.0045
 -0.7367   0.7786   0.2036  -0.5017   0.0724  -0.0093
 -0.6075   0.7455   0.2927  -0.3109   0.0134  -0.0640
 -0.6258   0.6718   0.1958  -0.3148   0.0464  -0.0584
 -0.5681   0.6242   0.2068  -0.2745   0.0295  -0.0672
 -0.5689   0.5720   0.1082  -0.3626   0.1019  -0.0335
 -0.5487   0.5065   0.1367  -0.2503   0.0459  -0.0598
 -0.5407   0.5000   0.0890  -0.2951   0.0781  -0.0382
 -0.5446   0.5981   0.1193  -0.3139   0.0352  -0.0515
 -0.5226   0.4842   0.1097  -0.2809   0.0744  -0.0395
 -0.3687   0.3365   0.1735  -0.1013   0.0874  -0.0604
 -0.4024   0.3702   0.1321  -0.1530   0.0874  -0.0518
 -0.3671   0.3001   0.1079  -0.1643   0.1325  -0.0435
 -0.3597   0.3199   0.0901  -0.2216   0.1514  -0.0305
 -0.3396   0.2589   0.0907  -0.1316   0.1416  -0.0478
 -0.3222   0.1716   0.0532  -0.1174   0.1721  -0.0470
 -0.2966   0.1427   0.0481  -0.0698   0.1604  -0.0634
 -0.3098   0.1147   0.0530  -0.0637   0.1654  -0.0574
 -0.3064   0.1308   0.0147  -0.1230   0.1940  -0.0283
 -0.2938   0.1043   0.0347   0.0002   0.1548  -0.0581
 -0.2931   0.0740   0.0174  -0.0619   0.1697  -0.0389
 -0.2774   0.0147   0.0214  -0.0004   0.1668  -0.0427
 -0.2701   0.0201   0.0006  -0.0417   0.1772  -0.0097
 -0.2578  -0.0158   0.0160   0.0414   0.1652  -0.0338
 -0.2745  -0.0072   0.0144  -0.0244   0.1641  -0.0078
 -0.2594  -0.0239   0.0181   0.0027   0.1616  -0.0204
 -0.2648   0.0006   0.0086  -0.0578   0.1724  -0.0130
 -0.2590   0.0158   0.0028  -0.0486   0.1639  -0.0253
 -0.2680   0.1309   0.0151  -0.1159   0.1658  -0.0262
 -0.2607   0.0955   0.0364  -0.0550   0.1683  -0.0418
 -0.2764   0.1574   0.0304  -0.0996   0.1689  -0.0436
 -0.2473   0.0470   0.0489  -0.0109   0.1863  -0.0424
 -0.2782   0.3765   0.0221  -0.3402   0.2141  -0.0041
 -0.2628   0.8310   0.0685  -0.5356   0.2583  -0.0336
 -0.2040   0.4117   0.1307  -0.2927   0.2394  -0.0141
 -0.2161   0.3894   0.0750  -0.2922   0.2458  -0.0198
 -0.2063   0.3419   0.1034  -0.2248   0.2300  -0.0341
 -0.2131   0.3418   0.0687  -0.2419   0.2434  -0.0292
 -0.1945   0.2250   0.0952  -0.1325   0.2272  -0.0524
 -0.2030   0.2088   0.0525  -0.1462   0.2343  -0.0468
 -0.1935   0.2087   0.0942  -0.1258   0.2238  -0.0478
 -0.1943   0.2451   0.0791  -0.1244   0.2131  -0.0762
 -0.1265   0.3068   0.1529   0.0306   0.0761  -0.1201
 -0.1689   0.2471   0.1123  -0.1654   0.1790  -0.0541
 -0.1648   0.2336   0.0997  -0.0450   0.2044  -0.0995
 -0.1650   0.2310   0.0883  -0.0998   0.2049  -0.0828
 -0.1715   0.2292   0.0975  -0.0747   0.2118  -0.0870
 -0.1608   0.2362   0.0885  -0.0810   0.2143  -0.1039
 -0.1689   0.1948   0.0570  -0.0552   0.2420  -0.0964
 -0.1637   0.1770   0.0383  -0.0481   0.2315  -0.1015
 -0.1685   0.1597   0.0136  -0.0796   0.2606  -0.0891
 -0.1538   0.1468   0.0475   0.0490   0.1958  -0.1086
 -0.1601   0.1347   0.0427   0.0388   0.2144  -0.0964
 -0.1396   0.0568   0.0466   0.1523   0.1852  -0.1279
 -0.1452   0.0265   0.0163   0.0846   0.1991  -0.1069
 -0.1300   0.0203   0.0253   0.1327   0.1846  -0.1245
 -0.1401  -0.0344   0.0015   0.0545   0.2226  -0.0776
 -0.1283  -0.0675  -0.0083   0.1712   0.1638  -0.1241
 -0.0537  -0.0973   0.0288   0.2715   0.0178  -0.1615
 -0.0148  -0.1632  -0.0253   0.1714   0.1238  -0.1136
