  0.1406  -0.0801  -0.0320  -0.9324   0.1411   0.5954
  0.1435  -0.2002  -0.0203  -0.7613   0.1704   0.6278
  0.1375  -0.1731  -0.0280  -0.8246   0.1693   0.6270
  0.1381  -0.2069  -0.0310  -0.7819   0.1645   0.6306
  0.1339  -0.1764  -0.0196  -0.7985   0.1707   0.6235
  0.1336  -0.1809  -0.0334  -0.7882   0.1616   0.6256
  0.1259  -0.1585  -0.0224  -0.8269   0.1681   0.6255
  0.1236  -0.1799  -0.0339  -0.8052   0.1492   0.6175
  0.1227  -0.1325  -0.0109  -0.8349   0.1697   0.6144
  0.1240  -0.1500  -0.0279  -0.7979   0.1557   0.5871
  0.1144  -0.0609  -0.0058  -0.8530   0.1785   0.5897
  0.1465  -0.1433  -0.0674  -0.9113   0.1558   0.6080
  0.1013  -0.0385   0.0395  -0.7898   0.1779   0.5688
  0.0991  -0.0629  -0.0502  -0.7173   0.1109   0.5052
  0.0952  -0.0502   0.0337  -0.8027   0.2283   0.5939
  0.3025  -0.5718  -0.0655  -0.2394   0.0586   0.3023
  0.1833  -0.5738  -0.3759  -0.0889  -0.2795   0.2305
  0.1348  -0.3983  -0.1184  -0.3426  -0.0396   0.3912
  0.1188  -0.3794  -0.1443  -0.3338  -0.0910   0.3412
  0.1064  -0.3944  -0.1002  -0.3610  -0.0471   0.4102
  0.1073  -0.4424  -0.1440  -0.3504  -0.0864   0.4022
  0.0893  -0.4582  -0.1137  -0.3747  -0.0564   0.4421
  0.0897  -0.4591  -0.0921  -0.3574  -0.0629   0.4245
  0.0833  -0.4465  -0.0649  -0.3773  -0.0328   0.4377
  0.0830  -0.4430  -0.1065  -0.3514  -0.0534   0.4044
  0.0681  -0.4351  -0.0856  -0.2926  -0.0643   0.4126
  0.0694  -0.4394  -0.1104  -0.4015  -0.0510   0.4305
  0.0725  -0.4018  -0.0859  -0.2442  -0.0706   0.3913
  0.0754  -0.4047  -0.1199  -0.3072  -0.0762   0.3913
  0.0544  -0.4369  -0.1042  -0.3848  -0.0640   0.4229
  0.0936  -0.2190  -0.1168  -0.4163  -0.0607   0.3463
  0.1075  -0.0469  -0.0917  -0.5497  -0.0159   0.3285
  0.1066  -0.0692  -0.0749  -0.4511  -0.0312   0.3130
  0.1026  -0.0781  -0.0796  -0.5625  -0.0137   0.3474
  0.1275  -0.1947  -0.1219  -0.4667  -0.0322   0.3567
  0.1042  -0.1619  -0.1212  -0.4860  -0.0351   0.3636
  0.1199  -0.1553  -0.0998  -0.4667  -0.0374   0.3461
  0.1019  -0.1396  -0.0846  -0.4907  -0.0260   0.3560
  0.1100  -0.1557  -0.0807  -0.4765  -0.0227   0.3494
  0.1064  -0.1223  -0.0940  -0.4623  -0.0406   0.3473
  0.0916  -0.0912  -0.0666  -0.5011  -0.0294   0.3404
  0.0948  -0.1220  -0.0576  -0.4881  -0.0249   0.3335
  0.0996  -0.1158  -0.0734  -0.4873  -0.0103   0.3424
  0.0888  -0.1248  -0.0659  -0.4700  -0.0398   0.3362
  0.0770  -0.1368  -0.0687  -0.4485  -0.0314   0.3464
  0.1374  -0.0555  -0.0442  -0.5224  -0.0132   0.3321
  0.1874   0.4564   0.0067  -0.7817   0.1290   0.2548
  0.2105   0.5374   0.0507  -0.7735   0.1591   0.2082
  0.1884   0.5263   0.0715  -0.7962   0.1127   0.2224
  0.1445   0.1446   0.1932  -0.8151   0.1719   0.3361
  0.0758   0.1651   0.1112  -0.6709   0.0892   0.2761
  0.1078   0.2604   0.0516  -0.5638   0.0867   0.2330
  0.0787   0.1935   0.0289  -0.6345   0.0774   0.2638
  0.0737   0.1682   0.0186  -0.6045   0.0636   0.2690
  0.0448   0.1903   0.0175  -0.6233   0.0286   0.2599
  0.0514   0.2172   0.0366  -0.6269   0.0742   0.2461
  0.0537   0.2609   0.0140  -0.5736  -0.0081   0.2440
  0.0585   0.2313  -0.0157  -0.5533   0.0041   0.2431
  0.0381   0.1447  -0.0043  -0.6085   0.0284   0.2802
  0.0486   0.2482  -0.0067  -0.5852   0.0407   0.2335
  0.0270   0.2787  -0.0252  -0.6497   0.0392   0.2473
  0.0255   0.2433  -0.0252  -0.6158   0.0410   0.2385
  0.0405   0.2218  -0.0024  -0.6132   0.0418   0.2526
  0.0416   0.2055   0.0071  -0.5924   0.0393   0.2476
  0.0213   0.2409   0.0257  -0.6475   0.0430   0.2577
  0.0271   0.2104   0.0117  -0.6258   0.0414   0.2623
  0.0252   0.2667   0.0127  -0.7188   0.0554   0.2681
  0.0278   0.2897   0.0221  -0.7103   0.0631   0.2631
  0.0110   0.3143   0.0135  -0.7617   0.0575   0.2522
  0.0500   0.3217   0.0311  -0.7601   0.0859   0.2538
  0.0100   0.5626   0.0613  -0.8799   0.0798   0.2267
  0.0124   0.6081   0.0869  -0.8632   0.1025   0.1868
  0.0224   0.5335   0.0659  -0.8249   0.1079   0.2067
  0.0069   0.5020   0.0751  -0.7829   0.1138   0.1947
  0.0083   0.4537   0.0415  -0.7448   0.0823   0.2048
  0.0154   0.5091   0.0559  -0.8052   0.0927   0.2094
  0.0077   0.4279   0.0531  -0.7441   0.0971   0.2219
  0.0139   0.4536   0.0561  -0.7031   0.0850   0.1964
  0.0083   0.3836   0.0527  -0.7413   0.1036   0.2340
  0.0385   0.3491   0.0874  -0.6268   0.0897   0.2144
  0.0140   0.3504   0.0630  -0.7388   0.1009   0.2428
  0.0097   0.4270   0.0660  -0.7427   0.0973   0.2267
 -0.0961   0.5569   0.0435  -0.8184   0.0346   0.2287
 -0.0700   0.4897   0.0633  -0.7664   0.0820   0.2066
 -0.0933   0.4821   0.0518  -0.7898   0.0506   0.2263
 -0.0650   0.4626   0.0531  -0.7930   0.0847   0.2301
 -0.1054   0.4486   0.0482  -0.7696   0.0457   0.2398
  0.0802   0.3698   0.1276  -0.7253   0.2545   0.2298
  0.1309   0.3260   0.0983  -0.7283   0.2894   0.2409
  0.0511   0.3472   0.0678  -0.7143   0.2160   0.2486
  0.0477   0.2977   0.0610  -0.6874   0.2028   0.2454
  0.0434   0.3625   0.0412  -0.6729   0.1992   0.2154
  0.0210   0.2973   0.0335  -0.7195   0.1679   0.2617
  0.1609   0.8807  -0.0374  -1.0723   0.3881   0.1931
  0.2147   1.1766   0.1302  -1.1697   0.3927   0.1147
  0.2039   0.7296   0.0611  -0.9092   0.3436   0.1473
  0.1674   0.7642   0.0599  -0.9303   0.2917   0.1447
  0.1463   0.6469   0.0461  -0.8298   0.2655   0.1423
  0.1495   0.6433   0.0539  -0.8547   0.2753   0.1463
  0.1306   0.5774   0.0337  -0.7522   0.2482   0.1516
  0.1524   0.5669   0.0626  -0.7903   0.2841   0.1533
  0.1267   0.4718   0.0866  -0.6982   0.2760   0.1604
  0.1311   0.5517   0.0954  -0.7597   0.2784   0.1345
  0.1613   0.2346   0.1174   0.0696   0.1989   0.0302
  0.1157   0.3075   0.0944  -0.5064   0.2268   0.1300
  0.0848   0.3206   0.0694  -0.9177   0.2056   0.1977
  0.0443   0.1326   0.0375   0.1207   0.1246   0.0434
  0.0579   0.3882   0.0798  -0.3274   0.2274   0.0650
  0.0341   0.2866   0.1000  -0.6526   0.2107   0.1498
  0.0285   0.1796   0.0855  -0.0075   0.0844   0.0221
  0.0701   0.0857   0.0885  -0.2410   0.2037   0.1468
  0.0600   0.1055   0.0755  -0.0561   0.1221   0.0475
  0.0275   0.1034   0.0939   0.0218   0.1200   0.0681
 -0.0384  -0.0269   0.1457   0.3999   0.0291  -0.0558
 -0.1293  -0.0229   0.2292  -0.2676   0.0799   0.1623
 -0.0864  -0.2108   0.0044   0.6238  -0.0268   0.0129
 -0.1129  -0.2989   0.1408   0.9562  -0.0827   0.0023
 -0.1391   0.1587  -0.0290   0.2754  -0.0471  -0.3427
 -0.0923   0.3623  -0.2576   0.4514  -0.2830  -2.0834
 -0.1517   0.2998  -0.2122   0.1756  -0.3366  -2.2456
 -0.1182   0.2075  -0.2848   0.3005  -0.3622  -2.1364
 -0.1528   0.3165  -0.1996   0.2210  -0.3248  -2.2263
 -0.2367  -0.3053   0.1128   0.7783  -0.2189  -0.9306
 -0.1619  -0.1659   0.0391   0.8435  -0.2030  -0.5341
 -0.1857  -0.2208  -0.0681   1.0692  -0.2792  -0.6308
 -0.1376   0.0556   0.0180   0.8851  -0.1720  -0.6034
 -0.1177   0.2036   0.0084   0.8590  -0.1888  -0.6790
 -0.1259   0.0736   0.0152   0.8298  -0.1767  -0.5796
 -0.1427   0.1997   0.0207   0.9375  -0.1952  -0.6617
 -0.1224   0.1122  -0.0018   0.9466  -0.1873  -0.5973
 -0.1068   0.0059  -0.0296   0.9399  -0.1849  -0.5984
 -0.1222   0.0366  -0.0434   0.9002  -0.1773  -0.5722
 -0.1348   0.0265  -0.0361   0.9899  -0.2016  -0.5987
 -0.1385  -0.0202  -0.0172   0.9106  -0.1740  -0.5413
 -0.1322   0.0181  -0.0155   0.9770  -0.1940  -0.5863
 -0.1496  -0.0438  -0.0180   0.8577  -0.1530  -0.5289
 -0.1580  -0.0353  -0.0360   0.9248  -0.1771  -0.5489
 -0.1716  -0.0751  -0.0251   0.8568  -0.1394  -0.5159
 -0.1777  -0.0888  -0.0283   0.9665  -0.1608  -0.5473
 -0.1648  -0.0925  -0.0204   0.9418  -0.1397  -0.5404
 -0.1520  -0.1647  -0.0131   1.0727  -0.1817  -0.5404
 -0.1568  -0.1903   0.0773   0.9869  -0.1359  -0.4985
 -0.1396  -0.2086   0.0212   1.0991  -0.1554  -0.5294
 -0.1602  -0.1579   0.0039   1.0557  -0.1661  -0.5157
 -0.1526  -0.2186   0.0093   0.9303  -0.1168  -0.4788
 -0.1568  -0.2567   0.0249   1.2533  -0.2045  -0.5257
 -0.1451  -0.2186   0.0330   1.1967  -0.1817  -0.5222
 -0.1739  -0.2373   0.0155   1.0160  -0.1675  -0.4746
 -0.2102  -0.3097   0.0003   1.3338  -0.2244  -0.5134
 -0.1739  -0.3331   0.0120   1.1884  -0.1559  -0.4685
 -0.1767  -0.2448  -0.0822   1.1273  -0.1638  -0.4898
 -0.1839  -0.1692  -0.0537   1.1584  -0.1762  -0.5140
 -0.1751  -0.3536  -0.0442   1.3380  -0.1995  -0.4970
 -0.1862  -0.4449   0.0011   1.2636  -0.1613  -0.4495
 -0.1914  -0.4942  -0.0204   1.4014  -0.1844  -0.4551
 -0.1922  -0.4795   0.0018   1.2735  -0.1425  -0.4449
 -0.1995  -0.5669  -0.0034   1.4090  -0.1833  -0.4370
 -0.2014  -0.5214   0.0249   1.2371  -0.1300  -0.4342
 -0.2183  -0.6984  -0.0074   2.4495  -0.4184  -0.5669
 -0.2037  -0.9608   0.0093   2.8523  -0.4460  -0.5017
 -0.2202  -0.9368  -0.0801   2.1322  -0.2972  -0.4339
 -0.2337  -0.9288  -0.1643   2.0780  -0.3191  -0.4126
 -0.2331  -0.9486  -0.0922   1.9793  -0.2679  -0.3956
 -0.2654  -0.9909  -0.1132   2.0344  -0.2964  -0.3882
 -0.2587  -0.9025  -0.0313   2.2725  -0.3136  -0.4779
 -0.2407  -0.9437  -0.0184   1.9566  -0.2344  -0.3702
 -0.2676  -1.0074  -0.0746   1.8676  -0.2335  -0.3447
 -0.2804  -0.9668  -0.0470   1.8304  -0.2370  -0.3252
 -0.2992  -1.0574   0.0147   1.8525  -0.2270  -0.3170
 -0.2776  -1.0427  -0.0157   1.7921  -0.2227  -0.2897
 -0.2930  -1.1270   0.0077   1.8887  -0.2275  -0.2825
 -0.2637  -1.0433  -0.0131   1.7595  -0.1903  -0.2678
 -0.2699  -1.0666  -0.0040   1.8084  -0.2011  -0.2939
 -0.2595  -0.8309  -0.0529   1.6360  -0.1815  -0.3371
 -0.2340  -0.0569  -0.0435   1.4288  -0.1203  -0.6104
 -0.2409  -0.1972   0.0666   1.3306  -0.0722  -0.5074
