  0.0427  -0.1876   0.0741   0.2169   0.0467   0.0540
 -0.0339   0.1170   0.1711   0.0458   0.0488  -0.0739
 -0.0052  -0.0026   0.1252   0.1137   0.0504  -0.1009
  0.0015   0.0167   0.1079   0.0197   0.0260   0.0304
  0.0154  -0.0760   0.0343   0.0690   0.0218   0.0022
  0.0273  -0.0954   0.0586   0.1189   0.0331  -0.0449
  0.0455  -0.1255   0.0399   0.1363   0.0332   0.0104
  0.0359  -0.1182   0.0457   0.1036   0.0246   0.0757
  0.0526  -0.1525   0.0353   0.1367   0.0314  -0.0005
  0.0657  -0.1549   0.0542   0.1584   0.0368  -0.0481
  0.0540  -0.1120   0.0412   0.1310   0.0308   0.0544
  0.0856  -0.2241   0.0560   0.1691   0.0456   0.0283
  0.0959  -0.3549  -0.0503   0.2098   0.0422   0.0137
  0.0911  -0.3894  -0.0834   0.2033   0.0235   0.1300
  0.0774  -0.4456  -0.0182   0.2252   0.0273  -0.0492
  0.0271  -0.3540  -0.0308   0.1541   0.0009   0.0280
  0.0171  -0.3736  -0.0263   0.2131   0.0139   0.0842
  0.0477  -0.3500  -0.0378   0.1881   0.0268   0.0437
  0.0796  -0.2743  -0.0318   0.1780   0.0439   0.0842
  0.0580  -0.2751  -0.0322   0.1678   0.0417   0.1083
  0.0640  -0.2628  -0.0349   0.2021   0.0396   0.0157
  0.0504  -0.2219  -0.0390   0.2053   0.0394   0.0944
  0.0495  -0.2104  -0.0485   0.1752   0.0257   0.0856
  0.0632  -0.2293  -0.0538   0.2157   0.0350  -0.0594
  0.0595  -0.1656  -0.0313   0.2047   0.0428   0.0622
  0.0610  -0.2542  -0.0493   0.2014   0.0333   0.0280
  0.0662  -0.2879  -0.0481   0.2182   0.0250  -0.0317
  0.0523  -0.2376  -0.0386   0.1490   0.0108   0.0712
  0.0656  -0.2743  -0.0305   0.2064   0.0152  -0.0387
  0.0733  -0.2449  -0.0238   0.2268   0.0269   0.0027
  0.0549  -0.2154  -0.0254   0.1534   0.0030   0.1111
  0.0607  -0.2556  -0.0316   0.1907   0.0249  -0.0095
  0.0764  -0.2548  -0.0284   0.1908   0.0209  -0.0354
  0.0574  -0.2156  -0.0196   0.1223   0.0132   0.1147
  0.0602  -0.2634  -0.0335   0.1587   0.0282  -0.0275
  0.0579  -0.2613  -0.0363   0.1894   0.0241  -0.0347
  0.0410  -0.2197  -0.0420   0.1242   0.0006   0.1104
  0.0392  -0.2309  -0.0455   0.1464  -0.0081   0.0161
  0.0524  -0.2350  -0.0456   0.1790   0.0098  -0.0526
  0.0443  -0.2062  -0.0267   0.1449  -0.0047   0.0729
  0.0441  -0.2294  -0.0337   0.1438   0.0010   0.0150
  0.0426  -0.2269  -0.0319   0.1520   0.0038   0.0006
  0.0547  -0.2116  -0.0115   0.1635   0.0173   0.0292
  0.0404  -0.1941  -0.0132   0.1368   0.0043   0.0717
  0.0480  -0.2174  -0.0169   0.1599   0.0247  -0.0018
  0.0473  -0.2152  -0.0228   0.1602   0.0336  -0.0210
  0.0372  -0.1895  -0.0033   0.1210   0.0300   0.0736
  0.0399  -0.1932  -0.0140   0.0962   0.0212   0.0574
  0.0375  -0.2131  -0.0096   0.1119   0.0260  -0.0120
  0.0556  -0.2457  -0.0174   0.1603   0.0359  -0.0198
  0.0501  -0.2097  -0.0092   0.1382   0.0273   0.0728
  0.0371  -0.1943   0.0022   0.1201   0.0185   0.0507
  0.0425  -0.2347  -0.0194   0.1391   0.0134  -0.0075
  0.0538  -0.2705  -0.0331   0.1255   0.0133   0.0405
  0.0479  -0.3468  -0.0763   0.0270  -0.0280   0.0822
  0.0394  -0.2973  -0.0715   0.0345  -0.0179  -0.0325
  0.0379  -0.3219  -0.0757   0.1314  -0.0046  -0.0329
  0.0386  -0.2536  -0.0349   0.1253  -0.0164   0.0655
  0.0409  -0.2214  -0.0170   0.0957  -0.0291  -0.0191
  0.0307  -0.2258  -0.0307   0.1381  -0.0233  -0.0993
  0.0449  -0.1720  -0.0006   0.1263  -0.0134   0.0101
  0.0366  -0.2027   0.0290   0.1930   0.0183  -0.0187
  0.0394  -0.1940   0.0382   0.2586   0.0380  -0.0625
  0.0372  -0.1920   0.0358   0.2522   0.0417   0.0401
  0.0281  -0.1465   0.0288   0.2035   0.0443   0.0364
  0.0264  -0.1019   0.0510   0.1655   0.0359   0.0965
 -0.0414   0.1130   0.0001  -0.0210   0.0174  -0.0817
 -0.1393   0.6115  -0.0020  -0.1760  -0.0032  -0.1394
 -0.2380   0.9732  -0.0177  -0.4282  -0.0324  -0.1188
 -0.3313   1.4838   0.0264  -0.5477  -0.0717  -0.2024
 -0.3259   1.7146   0.1182  -0.9397  -0.1159  -0.0915
 -0.3844   2.0623   0.1368  -1.4019  -0.1832   0.0397
 -0.4491   2.1392   0.0946  -1.5239  -0.2517  -0.0444
 -0.4761   2.1472   0.0763  -1.5731  -0.2846  -0.2482
 -0.4962   2.3060   0.0834  -1.4955  -0.2854  -0.1908
 -0.6723   2.9226   0.1427  -1.7223  -0.3576  -0.2528
 -0.6425   2.9314   0.2042  -1.6394  -0.2963  -0.1998
 -0.7629   3.5831   0.0873  -1.9614  -0.3680  -0.3451
