 -0.4408   1.0021  -0.5110   0.6823  -0.1288  -0.1640
 -0.4989   1.2509  -0.4947   0.6363  -0.1120  -0.2629
 -0.4850   1.2040  -0.5107   0.6241  -0.1279  -0.2432
 -0.4974   1.2574  -0.5084   0.6734  -0.1210  -0.2348
 -0.4821   1.2385  -0.5040   0.7256  -0.1054  -0.2409
 -0.4716   1.3098  -0.4880   0.6974  -0.1098  -0.2364
 -0.4721   1.2986  -0.5030   0.7380  -0.1148  -0.2266
 -0.4786   1.2961  -0.4959   0.7514  -0.1027  -0.2760
 -0.4555   1.2011  -0.5029   0.7118  -0.1073  -0.2315
 -0.4594   1.2055  -0.4918   0.7252  -0.0979  -0.2364
 -0.4537   1.2009  -0.4863   0.7249  -0.1103  -0.2557
 -0.4152   1.1530  -0.4609   0.6861  -0.1044  -0.2110
 -0.3975   1.1521  -0.4542   0.7192  -0.0975  -0.2069
 -0.3964   1.1657  -0.4288   0.7111  -0.0787  -0.2436
 -0.3931   1.1533  -0.4376   0.7347  -0.0777  -0.2251
 -0.4266   1.1304  -0.4317   0.7257  -0.0868  -0.2197
 -0.4303   1.1259  -0.4306   0.7135  -0.0780  -0.2438
 -0.4097   1.1697  -0.4283   0.7269  -0.0810  -0.2308
 -0.3930   1.1501  -0.4348   0.6872  -0.0794  -0.2235
 -0.3758   1.0406  -0.4383   0.6595  -0.0904  -0.2092
 -0.3498   0.9718  -0.4405   0.6798  -0.0898  -0.2123
 -0.3354   1.0011  -0.4219   0.6435  -0.0813  -0.1959
 -0.3284   0.9426  -0.4336   0.6667  -0.0882  -0.2169
 -0.3050   0.8915  -0.4229   0.6254  -0.0946  -0.2003
 -0.2904   0.7687  -0.4221   0.6113  -0.0895  -0.1476
 -0.2930   0.7704  -0.4219   0.6013  -0.0884  -0.1992
 -0.2961   0.8131  -0.4308   0.6379  -0.0848  -0.1750
 -0.2982   0.7968  -0.4210   0.6288  -0.0782  -0.1849
 -0.2891   0.7553  -0.4290   0.6145  -0.0795  -0.1402
 -0.2817   0.7223  -0.4072   0.5629  -0.0792  -0.1484
 -0.2813   0.7579  -0.4118   0.5466  -0.0838  -0.1224
 -0.2697   0.7777  -0.3838   0.6293  -0.1123  -0.1944
 -0.2623   0.7646  -0.3780   0.5602  -0.0920  -0.1502
 -0.2534   0.7402  -0.4053   0.7460  -0.0877  -0.1454
 -0.2591   0.7334  -0.3831   0.5896  -0.0833  -0.1719
 -0.2493   0.7208  -0.3805   0.5517  -0.0808  -0.1038
 -0.2595   0.7091  -0.3746   0.5425  -0.0873  -0.1695
 -0.2421   0.6819  -0.3581   0.5145  -0.0901  -0.1184
 -0.2365   0.5835  -0.3466   0.4766  -0.0897  -0.1337
 -0.2247   0.5336  -0.3315   0.4675  -0.0893  -0.1035
 -0.1875   0.4381  -0.3284   0.4479  -0.0743  -0.1069
 -0.2291   0.4831  -0.3207   0.4899  -0.0918  -0.1159
 -0.2401   0.4504  -0.3155   0.4977  -0.0905  -0.0865
 -0.2237   0.4101  -0.3389   0.4626  -0.0843  -0.0314
 -0.2250   0.3811  -0.3298   0.4551  -0.0949  -0.0774
 -0.2404   0.4422  -0.3108   0.4307  -0.1060  -0.0440
 -0.2315   0.3951  -0.3305   0.4452  -0.0948  -0.0637
 -0.2183   0.3631  -0.3201   0.4253  -0.0972  -0.0564
 -0.2109   0.3839  -0.3264   0.4359  -0.0858  -0.0181
 -0.2088   0.3760  -0.3210   0.4505  -0.0760  -0.0734
 -0.2257   0.3416  -0.3275   0.4713  -0.0796  -0.0437
 -0.2116   0.3723  -0.3191   0.4772  -0.0770  -0.0453
 -0.2093   0.3642  -0.3230   0.4547  -0.0768  -0.0475
 -0.2126   0.3642  -0.3314   0.4546  -0.0713  -0.0468
 -0.2151   0.3510  -0.3253   0.4240  -0.0731  -0.0493
 -0.2124   0.3113  -0.3147   0.3836  -0.0817  -0.0590
 -0.2016   0.3155  -0.3123   0.3903  -0.0870  -0.0293
 -0.1980   0.3032  -0.3096   0.3751  -0.0904  -0.0413
 -0.1954   0.2979  -0.3182   0.3669  -0.0909  -0.0599
 -0.1835   0.2901  -0.3306   0.3673  -0.0860  -0.0461
 -0.1963   0.2688  -0.3160   0.4036  -0.0911  -0.0331
 -0.2074   0.2317  -0.3103   0.4054  -0.0832  -0.0558
 -0.1845   0.2118  -0.3010   0.3780  -0.0697   0.0112
 -0.1860   0.1901  -0.3026   0.3712  -0.0749  -0.0641
 -0.1758   0.1711  -0.2847   0.3599  -0.0671   0.0060
 -0.1801   0.1638  -0.3012   0.3713  -0.0664  -0.0290
 -0.1851   0.1848  -0.3114   0.3992  -0.0672  -0.0127
 -0.1998   0.1997  -0.3240   0.4106  -0.0615  -0.0251
 -0.1920   0.1749  -0.3207   0.3873  -0.0700  -0.0133
 -0.1831   0.1691  -0.3125   0.3734  -0.0699   0.0104
 -0.1812   0.1578  -0.3071   0.3578  -0.0723  -0.0312
 -0.1687   0.1652  -0.3105   0.3557  -0.0622   0.0173
 -0.1565   0.1443  -0.3046   0.3537  -0.0582  -0.0317
 -0.1542   0.1330  -0.2924   0.3468  -0.0570  -0.0145
 -0.1505   0.1269  -0.2880   0.3173  -0.0675   0.0017
 -0.1629   0.1025  -0.2960   0.3430  -0.0653  -0.0218
 -0.1765   0.1095  -0.2869   0.3225  -0.0752   0.0120
 -0.1593   0.0876  -0.2687   0.3495  -0.0533  -0.0044
 -0.1563   0.1022  -0.2778   0.3601  -0.0487   0.0067
 -0.1487   0.0831  -0.2834   0.3443  -0.0558  -0.0067
 -0.1487   0.0827  -0.2817   0.3406  -0.0531  -0.0202
 -0.1458   0.0891  -0.2876   0.3423  -0.0498   0.0222
 -0.1360   0.0697  -0.2690   0.3133  -0.0500  -0.0164
 -0.1274   0.0744  -0.2660   0.3155  -0.0517   0.0216
 -0.1381   0.0694  -0.2688   0.3142  -0.0467  -0.0077
 -0.1441   0.0707  -0.2616   0.3190  -0.0347  -0.0006
 -0.1451   0.0445  -0.2725   0.3378  -0.0361   0.0059
 -0.1498   0.0485  -0.2785   0.3207  -0.0347   0.0098
 -0.1356   0.0409  -0.2707   0.3219  -0.0371  -0.0116
 -0.1366   0.0435  -0.2634   0.3008  -0.0347   0.0131
 -0.1349   0.0342  -0.2616   0.3069  -0.0330  -0.0023
 -0.1272   0.0460  -0.2661   0.2966  -0.0361   0.0220
 -0.1266   0.0317  -0.2560   0.2768  -0.0379   0.0254
 -0.1424   0.0364  -0.2439   0.2839  -0.0445   0.0013
 -0.1506   0.0481  -0.2400   0.2711  -0.0472   0.0252
 -0.1428   0.0320  -0.2266   0.2476  -0.0448   0.0009
 -0.1255   0.0374  -0.2244   0.2475  -0.0469   0.0127
 -0.1197   0.0444  -0.2248   0.2555  -0.0489   0.0233
 -0.1079   0.0305  -0.2129   0.2224  -0.0508   0.0207
 -0.1113   0.0225  -0.2080   0.2168  -0.0530   0.0184
 -0.1111   0.0171  -0.2040   0.2142  -0.0545   0.0322
 -0.1074   0.0113  -0.1929   0.1899  -0.0568   0.0224
 -0.0958  -0.0159  -0.1950   0.2201  -0.0587   0.0181
 -0.0920  -0.0324  -0.1853   0.2040  -0.0538   0.0302
 -0.0840  -0.0228  -0.1834   0.2023  -0.0479   0.0194
 -0.0657  -0.0296  -0.1748   0.1836  -0.0569   0.0333
 -0.0707  -0.0392  -0.1792   0.2015  -0.0510   0.0274
 -0.0523  -0.0271  -0.1604   0.1712  -0.0636   0.0074
 -0.0435  -0.0393  -0.1444   0.1443  -0.0599   0.0434
 -0.0332  -0.0465  -0.1377   0.1548  -0.0683  -0.0062
 -0.0214  -0.0436  -0.1462   0.1428  -0.0810   0.0327
 -0.0127  -0.0487  -0.1493   0.1660  -0.0641   0.0087
  0.0050  -0.0596  -0.1409   0.1316  -0.0630   0.0016
 -0.0064  -0.0785  -0.1230   0.1131  -0.0568   0.0244
 -0.0005  -0.0718  -0.1344   0.1596  -0.0452   0.0198
  0.0058  -0.0835  -0.1214   0.1293  -0.0572   0.0451
  0.0280  -0.0664  -0.0993   0.0736  -0.0670   0.0319
  0.0335  -0.0810  -0.0858   0.0864  -0.0676   0.0377
  0.0526  -0.0985  -0.0747   0.0759  -0.0664   0.0009
  0.0484  -0.0864  -0.0679   0.0738  -0.0520   0.0587
  0.0668  -0.1024  -0.0729   0.0630  -0.0742   0.0150
  0.0842  -0.0780  -0.0316  -0.0265  -0.0844   0.0491
  0.0542  -0.1062   0.0109  -0.0451  -0.0401   0.0321
  0.0437  -0.1040  -0.0166   0.0472  -0.0298   0.0160
  0.0393  -0.1209  -0.0163   0.0160  -0.0279   0.0338
  0.0306  -0.1096  -0.0226   0.0775  -0.0220   0.0155
  0.0557  -0.1222   0.0148  -0.0566  -0.0388   0.0480
  0.0663  -0.1413   0.0623  -0.0685  -0.0207   0.0441
  0.0909  -0.1272   0.1355  -0.2362  -0.0527   0.0668
  0.0715  -0.1537   0.1914  -0.3240  -0.0427   0.0413
  0.1153  -0.1616   0.1483  -0.2828  -0.0519   0.0557
  0.1488  -0.1613   0.0197  -0.2516  -0.1088   0.0651
  0.1361  -0.2142   0.1015  -0.1932  -0.0407   0.0579
  0.1259  -0.2440   0.1003  -0.1992  -0.0283   0.0780
  0.1267  -0.2170   0.0911  -0.1512  -0.0191   0.0306
  0.1445  -0.1917   0.1280  -0.3259  -0.0502   0.0640
  0.1463  -0.2193   0.1199  -0.2668  -0.0271   0.0600
  0.1140  -0.2099   0.0752  -0.0938  -0.0073   0.0382
  0.1679  -0.2129   0.1105  -0.2049  -0.0212   0.0427
  0.1738  -0.2110   0.1547  -0.2885  -0.0172   0.0498
  0.1611  -0.1797   0.1939  -0.3930  -0.0242   0.0601
  0.1758  -0.2017   0.1814  -0.3019  -0.0097   0.0443
  0.1508  -0.2113   0.1591  -0.1992   0.0115   0.0185
  0.1650  -0.2190   0.1555  -0.2180   0.0062   0.0383
  0.1714  -0.2156   0.1691  -0.2262   0.0080   0.0574
  0.1867  -0.2140   0.1764  -0.2897  -0.0091   0.0651
  0.1722  -0.2176   0.1795  -0.2368   0.0080   0.0641
  0.1812  -0.2062   0.1759  -0.2196   0.0126   0.0457
  0.1411  -0.2161   0.1705  -0.2456   0.0249   0.0451
  0.1088  -0.2140   0.1566  -0.2538   0.0228   0.0457
  0.1121  -0.2349   0.1883  -0.2712   0.0146   0.0626
  0.1065  -0.2896   0.1867  -0.2743   0.0154   0.0509
  0.0967  -0.2656   0.1651  -0.2011   0.0249  -0.0013
  0.1164  -0.2449   0.1894  -0.3241   0.0136   0.0686
  0.0955  -0.2401   0.1757  -0.2447   0.0314   0.0650
  0.0995  -0.2469   0.1688  -0.2315   0.0279   0.0482
  0.0999  -0.2589   0.1773  -0.2278   0.0319   0.0813
  0.0913  -0.2200   0.1439  -0.2440   0.0476   0.0626
  0.1096  -0.2509   0.1532  -0.2058   0.0344   0.0330
  0.1118  -0.2552   0.1347  -0.1825   0.0354   0.0499
  0.1226  -0.2484   0.1457  -0.2295   0.0337   0.0767
  0.0998  -0.2521   0.1310  -0.1644   0.0340   0.0348
  0.1209  -0.2297   0.1551  -0.2655   0.0373   0.0777
  0.1238  -0.2494   0.1533  -0.2091   0.0272   0.0393
  0.1397  -0.2288   0.1990  -0.4170   0.0063   0.0705
  0.1379  -0.2644   0.1966  -0.3443   0.0216   0.0584
  0.1513  -0.2468   0.2456  -0.4890   0.0182   0.0755
  0.1603  -0.2707   0.2175  -0.4036   0.0260   0.0714
  0.1839  -0.2484   0.2577  -0.4521   0.0257   0.0445
  0.0844  -0.2485   0.2508  -0.4647   0.0482   0.0871
  0.1633  -0.2533   0.2617  -0.5541   0.0547   0.0527
  0.1372  -0.2971   0.2448  -0.3000   0.0422   0.0364
  0.1592  -0.2555   0.2718  -0.4591   0.0466   0.0437
  0.0861  -0.3523   0.2283  -0.2707   0.0049   0.0248
  0.0704  -0.4075   0.3493  -0.7276   0.0029   0.0583
  0.3598  -0.5070   0.5556  -0.6900   0.2447   0.0357
  0.2557  -0.4985   0.3732  -0.4903   0.1333   0.0586
  0.2711  -0.4803   0.4169  -0.3971   0.1388   0.0356
  0.2516  -0.4980   0.3954  -0.4006   0.1296   0.0749
  0.2561  -0.5028   0.4419  -0.5139   0.1220   0.1086
  0.2946  -0.5017   0.4531  -0.4470   0.1220   0.0746
  0.2834  -0.5011   0.4333  -0.4770   0.1372   0.0726
  0.2410  -0.5182   0.3760  -0.2831   0.1412   0.0662
  0.2510  -0.5123   0.4167  -0.3862   0.1393   0.0944
  0.2418  -0.5091   0.3904  -0.3549   0.1286   0.0908
  0.2722  -0.5198   0.4627  -0.5417   0.1292   0.1051
  0.2782  -0.5327   0.4627  -0.4624   0.1165   0.0681
  0.2792  -0.5385   0.4823  -0.6456   0.1220   0.0800
  0.2446  -0.5468   0.4332  -0.5348   0.1239   0.0711
  0.2465  -0.5655   0.4358  -0.5192   0.1241   0.0909
  0.2720  -0.5546   0.4660  -0.6663   0.1371   0.1169
  0.2659  -0.5614   0.4574  -0.5364   0.1275   0.0700
  0.2864  -0.5716   0.4590  -0.6363   0.1319   0.0899
  0.2611  -0.5671   0.4745  -0.6114   0.1309   0.0821
  0.2676  -0.5632   0.4772  -0.6507   0.1334   0.0871
  0.2748  -0.5335   0.4761  -0.6558   0.1432   0.1012
  0.2760  -0.5286   0.4642  -0.6236   0.1524   0.0503
  0.2754  -0.5479   0.4621  -0.6026   0.1522   0.0631
  0.2679  -0.5699   0.4680  -0.5662   0.1443   0.0699
  0.2688  -0.5532   0.4645  -0.5494   0.1496   0.0783
  0.2681  -0.5397   0.4678  -0.5840   0.1441   0.0855
  0.2558  -0.5389   0.4689  -0.5878   0.1388   0.0395
  0.2414  -0.5683   0.4735  -0.5116   0.1290   0.0793
  0.2682  -0.5612   0.4758  -0.5609   0.1420   0.0922
  0.2756  -0.5292   0.4835  -0.5946   0.1335   0.0857
  0.2783  -0.5405   0.4734  -0.5595   0.1467   0.0773
  0.2764  -0.5476   0.4798  -0.5950   0.1471   0.0786
  0.2850  -0.5498   0.4956  -0.6182   0.1398   0.0887
  0.2820  -0.5619   0.4962  -0.6501   0.1329   0.0732
  0.2786  -0.5545   0.4847  -0.6048   0.1506   0.0855
  0.2700  -0.5594   0.4789  -0.6032   0.1548   0.0669
  0.2815  -0.5468   0.4686  -0.6162   0.1590   0.0852
  0.2691  -0.5582   0.4654  -0.6354   0.1476   0.0624
  0.2698  -0.5612   0.4475  -0.6317   0.1499   0.0265
  0.2952  -0.5622   0.4666  -0.6304   0.1510   0.0668
  0.2999  -0.5500   0.4634  -0.6351   0.1571   0.0739
  0.2844  -0.5537   0.4683  -0.6163   0.1521   0.0676
  0.2884  -0.5455   0.4757  -0.6668   0.1550   0.0595
  0.3003  -0.5578   0.4853  -0.6266   0.1453   0.0850
  0.2953  -0.5758   0.4902  -0.6379   0.1486   0.0562
  0.2970  -0.5742   0.4942  -0.5954   0.1409   0.0612
  0.2881  -0.5622   0.4920  -0.6515   0.1527   0.0954
  0.2950  -0.5691   0.4960  -0.6260   0.1398   0.0583
  0.3046  -0.5648   0.5005  -0.6311   0.1362   0.0615
  0.3080  -0.5601   0.5024  -0.6768   0.1386   0.0938
  0.3148  -0.5569   0.4989  -0.6538   0.1420   0.0522
  0.3116  -0.5499   0.5063  -0.6982   0.1492   0.1005
  0.2989  -0.5709   0.4942  -0.6085   0.1411   0.0605
  0.3137  -0.5377   0.5056  -0.6968   0.1447   0.0731
  0.3131  -0.5494   0.4959  -0.6336   0.1450   0.0789
  0.3125  -0.5474   0.5033  -0.6354   0.1511   0.0508
  0.3274  -0.5301   0.4947  -0.6954   0.1500   0.0718
  0.3187  -0.5591   0.4809  -0.5388   0.1389   0.0563
  0.3253  -0.5223   0.5028  -0.7090   0.1546   0.0841
  0.3197  -0.5702   0.4890  -0.6183   0.1622   0.0506
  0.3116  -0.5315   0.4862  -0.6748   0.1658   0.0571
