  0.1610   0.1674   0.0746   0.3104  -0.0341   0.1623
  0.1326   0.1126   0.0819   0.4164  -0.0315   0.2038
  0.1472   0.1463   0.0703   0.3499  -0.0404   0.1682
  0.1387   0.1175   0.0185   0.4733  -0.0498   0.1341
  0.1654   0.2321   0.0553   0.3150  -0.0613   0.2040
  0.1705   0.2571   0.0811   0.1364  -0.0658   0.1399
  0.1528   0.2283   0.0787   0.2176  -0.0442   0.1441
  0.1454   0.2273   0.0517   0.2491  -0.0521   0.1817
  0.1389   0.1941   0.0619   0.2287  -0.0556   0.1252
  0.1358   0.1802   0.0437   0.3089  -0.0409   0.1834
  0.1268   0.1860   0.0308   0.3094  -0.0494   0.0983
  0.1164   0.2145   0.0335   0.2473  -0.0556   0.1487
  0.1097   0.1824   0.0373   0.2436  -0.0554   0.1861
  0.1190   0.1809   0.0324   0.2100  -0.0538   0.1386
  0.1066   0.1581   0.0470   0.2306  -0.0517   0.0976
  0.1294   0.1494   0.0594   0.2226  -0.0420   0.0969
  0.1151   0.1489   0.0461   0.2509  -0.0530   0.1845
  0.1139   0.1408   0.0485   0.2619  -0.0534   0.1191
  0.1235   0.1585   0.0489   0.2446  -0.0496   0.1511
  0.1231   0.1599   0.0503   0.2105  -0.0429   0.0900
  0.1340   0.1927   0.0522   0.1911  -0.0511   0.1299
  0.1303   0.1727   0.0550   0.1705  -0.0392   0.1512
  0.1214   0.1802   0.0465   0.1570  -0.0340   0.1561
  0.1096   0.1624   0.0501   0.1791  -0.0486   0.1011
  0.1095   0.1606   0.0552   0.1780  -0.0444   0.1428
  0.1019   0.1597   0.0521   0.1565  -0.0390   0.1012
  0.1137   0.1591   0.0524   0.1634  -0.0368   0.0858
  0.1232   0.1811   0.0391   0.0346  -0.0266   0.1231
  0.1383   0.2064   0.0500   0.0072  -0.0186   0.0920
  0.1164   0.2061   0.0489   0.0275  -0.0198   0.0850
  0.1200   0.1906   0.0486   0.0545  -0.0122   0.0774
  0.1444   0.1612   0.0658   0.0701  -0.0147   0.0574
  0.1293   0.1450   0.0794   0.1051  -0.0145   0.0414
  0.1119   0.1633   0.0904   0.0985  -0.0214   0.0712
  0.1291   0.1678   0.0746   0.0746  -0.0194   0.1087
  0.1080   0.1603   0.0753   0.1406  -0.0303   0.1273
  0.1106   0.1297   0.0648   0.1268  -0.0371   0.0476
  0.0944   0.1419   0.0624   0.1300  -0.0465   0.0882
  0.1129   0.1049   0.0654   0.1332  -0.0297   0.0482
  0.0832   0.1251   0.0742   0.1150  -0.0262   0.0150
  0.0699   0.1060   0.0687   0.1457  -0.0289   0.1073
  0.0741   0.0673   0.0595   0.1911  -0.0241   0.0587
  0.0758   0.0713   0.0527   0.2110  -0.0303   0.0796
  0.0907   0.0886   0.0510   0.1950  -0.0248   0.0129
  0.0834   0.1142   0.0613   0.2274  -0.0317   0.1406
  0.0869   0.0903   0.0642   0.2063  -0.0281   0.0571
  0.0918   0.1304   0.0661   0.1767  -0.0324   0.0975
  0.1007   0.0847   0.0741   0.2008  -0.0299   0.0677
  0.0839   0.0928   0.0916   0.1323  -0.0252   0.0397
  0.0667   0.0587   0.0864   0.1637  -0.0121   0.0968
  0.0722   0.0748   0.0632   0.1317  -0.0063   0.0103
  0.0815   0.0988   0.0704   0.0773  -0.0126   0.1009
  0.0687   0.0848   0.0341   0.1327  -0.0290   0.0835
  0.0799   0.0854   0.0086   0.1683  -0.0324   0.0503
  0.0744   0.1319   0.0187   0.1231  -0.0214   0.0750
  0.0668   0.0640   0.0247   0.1703  -0.0327   0.0504
  0.0747   0.0580   0.0203   0.1653  -0.0254   0.0598
  0.0664   0.0814   0.0219   0.1510  -0.0190   0.0905
  0.0684   0.0635   0.0174   0.1988  -0.0147   0.0122
  0.0623   0.0882   0.0247   0.1672  -0.0205   0.0544
  0.0531   0.0926   0.0216   0.1531  -0.0270   0.0742
  0.0698   0.0462   0.0009   0.1661  -0.0216   0.0550
  0.0838   0.0213  -0.0205   0.1803  -0.0254   0.0415
  0.0725   0.0770  -0.0600   0.1748  -0.0180   0.0881
  0.0680   0.0430  -0.0166   0.1730  -0.0124   0.0877
  0.0623   0.0624  -0.0146   0.1637  -0.0057   0.0497
  0.0760   0.0758  -0.0169   0.1590  -0.0133   0.0928
  0.0857   0.0856  -0.0098   0.1155  -0.0182   0.0567
  0.1277   0.0964   0.0076   0.1236  -0.0190   0.0680
  0.1424   0.0694   0.0358   0.1311  -0.0185   0.0516
  0.1295   0.0760   0.0375   0.1158  -0.0165   0.0382
  0.1256   0.0905   0.0365   0.1077  -0.0147   0.0424
  0.1101   0.0940   0.0225   0.1146  -0.0201   0.0728
  0.1114   0.1050   0.0281   0.0667  -0.0079  -0.0012
  0.1048   0.1014   0.0297   0.0639  -0.0075   0.0346
  0.1095   0.0852   0.0326   0.0819   0.0023   0.0815
  0.1148   0.0853   0.0329   0.0797   0.0035  -0.0039
  0.1009   0.0903   0.0326   0.0859   0.0073   0.0632
  0.1024   0.0778   0.0244   0.0740   0.0123   0.0483
  0.1009   0.0957   0.0377   0.0855   0.0044   0.0139
  0.1012   0.0846   0.0309   0.0874  -0.0004  -0.0004
  0.1087   0.1064   0.0301   0.0736  -0.0123   0.0470
  0.0826   0.1210   0.0412   0.0366  -0.0126   0.0806
  0.0807   0.0724   0.0265   0.1017   0.0051   0.0122
  0.0730   0.0809   0.0384   0.0668   0.0044   0.0548
  0.0781   0.0902   0.0395   0.0699   0.0093   0.0753
  0.0718   0.0866   0.0352   0.0661   0.0144   0.0309
  0.0884   0.0456   0.0418   0.0892   0.0149   0.0111
  0.0729   0.0679   0.0348   0.0881   0.0108   0.0135
  0.0734   0.0994   0.0217   0.0394   0.0110   0.0901
  0.0696   0.0850   0.0181   0.0554   0.0134   0.0429
  0.0686   0.0765   0.0245   0.0226   0.0050  -0.0095
  0.0506   0.0951   0.0180   0.0246   0.0105   0.0850
  0.0489   0.0774   0.0060   0.0421   0.0059   0.0371
  0.0649   0.0735   0.0112   0.0739   0.0025   0.0208
  0.0706   0.0856   0.0103   0.0877   0.0025   0.0256
  0.0617   0.0899   0.0059   0.0796   0.0064   0.0417
  0.0756   0.0935   0.0082   0.0706   0.0155   0.0088
  0.0736   0.1018   0.0100   0.0564   0.0116   0.0131
  0.0575   0.0970   0.0197   0.0475   0.0186   0.0221
  0.0528   0.1140   0.0098   0.0496   0.0186   0.0298
  0.0675   0.1016   0.0270   0.0448   0.0247   0.0048
  0.0660   0.1260   0.0036   0.0432   0.0072   0.0054
  0.0609   0.1730  -0.0152  -0.0408   0.0014   0.0172
  0.0602   0.1381   0.0061  -0.0265  -0.0059  -0.0056
  0.0647   0.1265   0.0133  -0.0348  -0.0044   0.0023
  0.0509   0.1339   0.0336  -0.0766  -0.0027   0.0003
  0.0269   0.1186   0.0302  -0.0626   0.0000   0.0052
  0.0178   0.0835   0.0173  -0.0389   0.0082  -0.0240
  0.0226   0.0800   0.0251  -0.0238   0.0104  -0.0135
  0.0284   0.0785   0.0316  -0.0474   0.0105  -0.0169
  0.0268   0.0818   0.0332  -0.0561   0.0171  -0.0072
  0.0275   0.0662   0.0330  -0.0475   0.0187  -0.0413
  0.0247   0.0624   0.0338  -0.0377   0.0230  -0.0237
  0.0214   0.0721   0.0512  -0.0314   0.0189  -0.0603
  0.0298   0.0657   0.0487  -0.0070   0.0214  -0.0056
  0.0370   0.0306   0.0395  -0.0021   0.0276  -0.0101
  0.0207   0.0222   0.0340   0.0224   0.0231  -0.0227
  0.0344   0.0225   0.0232   0.0419   0.0245  -0.0596
  0.0304   0.0059   0.0049   0.1233  -0.0030  -0.0255
  0.0232  -0.0180   0.0060   0.1715  -0.0012  -0.0108
  0.0256  -0.0031   0.0168   0.1515   0.0021   0.0062
  0.0281  -0.0169   0.0146   0.1750   0.0113  -0.0171
  0.0243   0.0066   0.0082   0.1477   0.0104   0.0195
  0.0183  -0.0183   0.0160   0.1440   0.0123  -0.0211
  0.0179  -0.0159   0.0133   0.1431   0.0112   0.0115
  0.0192  -0.0394   0.0155   0.1679   0.0100  -0.0427
  0.0147  -0.0182   0.0075   0.1172   0.0049  -0.0016
  0.0135  -0.0569   0.0066   0.1588   0.0106  -0.0218
  0.0126  -0.0543   0.0034   0.1557   0.0087   0.0032
  0.0094  -0.0501   0.0129   0.1511   0.0022  -0.0080
  0.0236  -0.0279   0.0130   0.1459   0.0102  -0.0370
  0.0190  -0.0695   0.0172   0.1703   0.0075  -0.0355
  0.0292  -0.0550   0.0035   0.1776   0.0101  -0.0063
  0.0191  -0.0769   0.0186   0.1724  -0.0016  -0.0350
  0.0118   0.0339   0.0254  -0.1069   0.0388  -0.0065
  0.0051  -0.0473   0.0382  -0.0440   0.0684  -0.0997
  0.0090  -0.0422   0.0023  -0.0869   0.0270  -0.0900
  0.0284   0.2754  -0.1434  -0.5682   0.0078   0.0131
  0.0106   0.2307  -0.1052  -0.4520  -0.0048  -0.0664
 -0.0008   0.1112  -0.0901  -0.3335   0.0125  -0.0397
 -0.0106   0.0677  -0.0251  -0.2805   0.0366  -0.0249
 -0.0231   0.1450  -0.0497  -0.4142   0.0211  -0.0299
 -0.0295   0.0463  -0.0668  -0.2815   0.0198  -0.0690
 -0.0272   0.0285  -0.0686  -0.1526   0.0070  -0.0359
 -0.0213  -0.0354  -0.0604  -0.0666   0.0018  -0.0576
 -0.0121  -0.0265  -0.0423  -0.0403   0.0011  -0.0237
 -0.0136  -0.0550  -0.0448  -0.0157   0.0025  -0.0232
 -0.0267  -0.0610  -0.0424  -0.0075   0.0004  -0.0344
 -0.0216  -0.0835  -0.0481   0.0286   0.0032  -0.0167
 -0.0281  -0.0754  -0.0492   0.0148  -0.0026  -0.0003
 -0.0299  -0.0722  -0.0489   0.0071  -0.0125  -0.0289
 -0.0291  -0.0896  -0.0613   0.0197  -0.0129  -0.0276
 -0.0275  -0.0903  -0.0580   0.0128  -0.0054  -0.0539
 -0.0389  -0.0757  -0.0675   0.0039  -0.0086  -0.0141
 -0.0606  -0.0888  -0.0728   0.0528  -0.0031  -0.0272
 -0.0465  -0.0893  -0.0680   0.0288  -0.0008  -0.0215
 -0.0460  -0.0990  -0.0513   0.0373  -0.0088  -0.0194
 -0.0322  -0.0717  -0.0607   0.0413  -0.0195  -0.0416
 -0.0270  -0.1108  -0.0544   0.0633  -0.0181  -0.0529
 -0.0261  -0.1045  -0.0514   0.0373  -0.0153  -0.0239
 -0.0246  -0.1030  -0.0336   0.0195  -0.0134  -0.0190
 -0.0358  -0.1071  -0.0395   0.0110  -0.0122  -0.0182
 -0.0304  -0.1225  -0.0219   0.0141  -0.0140  -0.0931
 -0.0294  -0.1102  -0.0454  -0.0431  -0.0596  -0.0761
 -0.0404  -0.1639  -0.0252   0.0073  -0.0356  -0.0496
 -0.0203  -0.0835  -0.1015  -0.1721  -0.0245  -0.0073
 -0.0445  -0.0135  -0.1543  -0.2941  -0.0361  -0.0266
 -0.0495  -0.1244  -0.0799  -0.1077  -0.0185  -0.1095
 -0.0578  -0.1517  -0.0806  -0.0581  -0.0326  -0.0716
 -0.0640  -0.1702  -0.0712  -0.0184  -0.0251  -0.0697
 -0.0625  -0.1388  -0.0753  -0.0571  -0.0285  -0.0545
 -0.0476  -0.1492  -0.0733  -0.0223  -0.0275  -0.0958
 -0.0539  -0.1430  -0.0588  -0.0209  -0.0265  -0.0531
 -0.0527  -0.1492  -0.0556  -0.0308  -0.0206  -0.0525
 -0.0513  -0.1610  -0.0614  -0.0039  -0.0240  -0.0718
 -0.0621  -0.1691  -0.0602   0.0045  -0.0290  -0.0615
 -0.0935  -0.1748  -0.0472   0.0453  -0.0328  -0.0333
 -0.0811  -0.1778  -0.0358   0.0337  -0.0288  -0.0492
 -0.0990  -0.1577  -0.0318   0.0061  -0.0314  -0.0600
 -0.1081  -0.2158  -0.0421   0.0519  -0.0280  -0.0770
 -0.1034  -0.1526  -0.0591  -0.0139  -0.0199  -0.0357
 -0.1153  -0.1773  -0.0581  -0.0032  -0.0296  -0.0522
 -0.1352  -0.2154  -0.0795   0.0225  -0.0167  -0.0551
 -0.1412  -0.2018  -0.0666   0.0005  -0.0168  -0.0427
 -0.1265  -0.2004  -0.0596  -0.0072  -0.0091  -0.0853
 -0.1229  -0.1908  -0.0587  -0.0445   0.0072  -0.0816
 -0.1322  -0.2045  -0.0587  -0.0558   0.0091  -0.0975
 -0.1336  -0.2093  -0.0699  -0.0443   0.0075  -0.0524
 -0.1274  -0.2098  -0.0648  -0.0386   0.0107  -0.0532
 -0.1332  -0.2119  -0.0630  -0.0312   0.0149  -0.0869
 -0.1276  -0.2025  -0.0614  -0.0804   0.0203  -0.0919
 -0.1278  -0.1836  -0.0555  -0.1001   0.0201  -0.0632
 -0.1416  -0.1781  -0.0574  -0.1088   0.0165  -0.0845
 -0.1401  -0.1485  -0.0539  -0.1326   0.0107  -0.0457
 -0.1398  -0.1592  -0.0652  -0.1563   0.0214  -0.0599
 -0.1473  -0.1711  -0.0644  -0.1480   0.0214  -0.0874
 -0.1540  -0.1828  -0.0604  -0.1549   0.0193  -0.1074
 -0.1480  -0.1866  -0.0537  -0.1514   0.0135  -0.0878
 -0.1431  -0.1936  -0.0546  -0.1598   0.0326  -0.0587
 -0.1536  -0.1786  -0.0410  -0.1760   0.0326  -0.0784
 -0.1513  -0.1696  -0.0545  -0.2146   0.0493  -0.0771
 -0.1714  -0.1724  -0.0472  -0.2467   0.0579  -0.0617
 -0.1895  -0.1663  -0.0529  -0.3389   0.0757  -0.1209
 -0.1902  -0.1312  -0.0411  -0.3739   0.0743  -0.1057
 -0.1797  -0.1874  -0.0232  -0.3096   0.0575  -0.1442
 -0.1940  -0.1730  -0.0320  -0.3174   0.0555  -0.0646
 -0.1885  -0.1660  -0.0292  -0.3467   0.0606  -0.1321
 -0.1918  -0.1618  -0.0447  -0.3439   0.0686  -0.0892
 -0.1904  -0.1570  -0.0430  -0.3065   0.0650  -0.1075
 -0.2009  -0.1818  -0.0347  -0.2208   0.0501  -0.1313
 -0.2003  -0.1520  -0.0373  -0.2727   0.0539  -0.0648
 -0.1928  -0.1575  -0.0361  -0.3035   0.0609  -0.1081
 -0.1905  -0.1598  -0.0209  -0.3024   0.0517  -0.1158
 -0.1927  -0.1602  -0.0220  -0.3029   0.0514  -0.0658
 -0.1946  -0.1426  -0.0251  -0.2703   0.0548  -0.0435
 -0.2055  -0.1384  -0.0263  -0.2845   0.0626  -0.0898
 -0.1968  -0.1745  -0.0218  -0.2714   0.0600  -0.1061
 -0.1939  -0.2185  -0.0377  -0.3195   0.0314  -0.1664
 -0.1889  -0.2178  -0.0149  -0.3465   0.0491  -0.1485
 -0.2005  -0.2181  -0.0053  -0.3364   0.0618  -0.0895
 -0.2014  -0.2001  -0.0141  -0.3826   0.0656  -0.0733
 -0.2197  -0.2167  -0.0073  -0.3790   0.0624  -0.1042
 -0.2230  -0.2217  -0.0260  -0.3621   0.0628  -0.1212
 -0.2122  -0.2197  -0.0222  -0.3601   0.0598  -0.1132
 -0.2063  -0.2036  -0.0237  -0.3647   0.0538  -0.1113
 -0.1975  -0.2249  -0.0234  -0.3321   0.0458  -0.1102
 -0.2125  -0.2082  -0.0182  -0.3633   0.0485  -0.0983
 -0.2147  -0.2300  -0.0106  -0.3578   0.0468  -0.1184
 -0.2114  -0.2116  -0.0093  -0.3830   0.0454  -0.1159
 -0.2022  -0.2436  -0.0030  -0.3499   0.0558  -0.1487
 -0.2022  -0.1822  -0.0237  -0.4529   0.0577  -0.0921
 -0.1875  -0.1096  -0.0384  -0.6739   0.0526  -0.1119
 -0.2081  -0.1786  -0.0243  -0.5369   0.0610  -0.1508
 -0.2122  -0.1964  -0.0068  -0.4669   0.0692  -0.1175
 -0.2098  -0.2348   0.0160  -0.4497   0.0749  -0.1636
