 -0.4415   0.4470   0.0914  -0.1838  -0.0786  -0.2463
 -0.5423   0.8805   0.1929  -0.1504  -0.0670  -0.3325
 -0.5636   0.7074   0.1694  -0.1296  -0.0595  -0.3194
 -0.5643   0.7106   0.1829  -0.1151  -0.0670  -0.2892
 -0.4900   0.4531   0.1171  -0.1465  -0.0816  -0.2589
 -0.4254   0.3601   0.1117  -0.0780  -0.0657  -0.2461
 -0.3982   0.3252   0.0437  -0.1338  -0.0731  -0.2683
 -0.3431   0.2788  -0.0204  -0.1324  -0.0720  -0.2425
 -0.3102   0.1986  -0.0339  -0.1336  -0.0723  -0.2252
 -0.3040   0.1571  -0.0387  -0.1521  -0.0747  -0.2404
 -0.3064   0.1548  -0.0290  -0.1099  -0.0642  -0.2168
 -0.3183   0.2188  -0.0264  -0.1800  -0.0637  -0.2157
 -0.3201   0.1788  -0.0146  -0.1148  -0.0546  -0.2065
 -0.3609   0.2060   0.0337  -0.0865  -0.0583  -0.1925
 -0.3592   0.2050   0.0342  -0.1146  -0.0635  -0.1866
 -0.3467   0.1424   0.0148  -0.1075  -0.0571  -0.1809
 -0.3201   0.1356   0.0065  -0.0751  -0.0563  -0.1767
 -0.3111   0.0985   0.0060  -0.0682  -0.0555  -0.1897
 -0.3061   0.1094  -0.0042  -0.1230  -0.0619  -0.1643
 -0.3012   0.0997   0.0011  -0.0871  -0.0644  -0.1737
 -0.2835   0.0121  -0.0296  -0.0810  -0.0599  -0.1673
 -0.3181   0.0756  -0.0144  -0.1048  -0.0640  -0.1649
 -0.3000   0.0270  -0.0125  -0.0693  -0.0574  -0.1204
 -0.2939   0.0326  -0.0148  -0.0406  -0.0547  -0.1400
 -0.2969   0.0733  -0.0117  -0.0568  -0.0541  -0.1546
 -0.2929   0.1000  -0.0156  -0.1337  -0.0553  -0.1300
 -0.2648   0.0384  -0.0235  -0.0920  -0.0457  -0.1349
 -0.2706   0.0540  -0.0525  -0.0929  -0.0363  -0.1569
 -0.2751   0.0331  -0.0719  -0.1378  -0.0471  -0.1152
 -0.2795   0.0123  -0.0740  -0.0712  -0.0474  -0.1153
 -0.2844   0.0340  -0.0600  -0.1194  -0.0449  -0.1329
 -0.2663   0.0307  -0.0659  -0.1272  -0.0523  -0.1056
 -0.2988   0.0405  -0.0362  -0.1964  -0.0374  -0.1083
 -0.2679   0.0164   0.0016  -0.2483  -0.0418  -0.0759
 -0.1277  -0.1317   0.0080  -0.0736  -0.0415  -0.0628
 -0.1796  -0.1117   0.0121  -0.0812  -0.0305  -0.0949
 -0.1554  -0.1208  -0.0136  -0.0952  -0.0349  -0.0858
 -0.1898  -0.1174  -0.0030  -0.1885  -0.0380  -0.0666
 -0.1338  -0.1731  -0.0132  -0.0786  -0.0272  -0.0687
 -0.1555  -0.1938  -0.0472  -0.1345  -0.0254  -0.0675
 -0.1264  -0.2367  -0.0254  -0.1019  -0.0230  -0.0218
 -0.1837  -0.1364   0.0145  -0.1513  -0.0219  -0.0306
 -0.1260  -0.0223   0.0516  -0.1091  -0.0180  -0.0687
 -0.1114  -0.0175   0.0693  -0.0176  -0.0149  -0.0372
 -0.1209  -0.0944   0.0206   0.0020  -0.0235  -0.0015
 -0.1189  -0.0884   0.0302  -0.0155  -0.0172  -0.0451
 -0.0958  -0.1361  -0.0151  -0.0929  -0.0207  -0.0088
 -0.1130  -0.1686   0.0191  -0.0342  -0.0054  -0.0310
 -0.0841  -0.1818  -0.0144  -0.0607  -0.0065  -0.0268
 -0.1028  -0.1963  -0.0008  -0.0758   0.0002  -0.0060
 -0.0658  -0.2424  -0.0223  -0.0413  -0.0032  -0.0013
 -0.1198  -0.2135   0.0018  -0.0661  -0.0049  -0.0041
 -0.0149  -0.3277  -0.0638  -0.0440  -0.0026   0.0455
 -0.1452  -0.3782  -0.0083  -0.0061  -0.0174   0.0371
  0.3588  -0.5016  -0.3076  -0.0482  -0.0146   0.0723
  0.6284  -0.5922  -0.4108  -0.0909  -0.0220   0.1317
  0.2693  -0.6200  -0.1459   0.0014  -0.0168   0.0872
  0.3745  -0.6999  -0.2044  -0.0144  -0.0164   0.0943
  0.2676  -0.5999  -0.1758  -0.1309  -0.0301   0.0860
  0.3364  -0.6084  -0.2250  -0.0790  -0.0287   0.1099
  0.2970  -0.6441  -0.1779  -0.0694  -0.0240   0.0864
  0.3354  -0.6423  -0.2207  -0.0752  -0.0298   0.1078
  0.3193  -0.6793  -0.1814  -0.0397  -0.0228   0.1228
  0.3675  -0.7915  -0.2295  -0.0298  -0.0300   0.1175
  0.2383  -0.5772  -0.0848  -0.0549  -0.0123   0.1032
  0.1937  -0.5022  -0.0213  -0.0420  -0.0086   0.1168
  0.2217  -0.7662  -0.0793   0.0126  -0.0123   0.1400
  0.2466  -0.7489  -0.0508  -0.0239  -0.0112   0.1183
  0.2543  -0.8237   0.0227   0.1697  -0.0042   0.1534
  0.2353  -0.7268   0.0758   0.3530   0.0077   0.2335
  0.2529  -1.0210   0.0186   0.2051   0.0155   0.2132
  0.0548  -0.1527   0.0957  -0.0167  -0.0016   0.0613
  0.1016   1.4819   0.1033  -0.1559  -0.0010  -0.3137
  0.3391   0.5370   0.0360   0.0205   0.0379  -0.0634
  0.2355   0.6724   0.0836  -0.0197   0.0357  -0.0902
  0.2640   0.4395   0.0623  -0.0614   0.0344  -0.0266
  0.2305   0.4428   0.0688  -0.0325   0.0354  -0.0348
  0.2628   0.3075   0.0772  -0.0197   0.0482  -0.0217
  0.1648   0.3869   0.0519  -0.0503   0.0303  -0.0339
  0.1653   0.2927   0.0212  -0.0322   0.0276  -0.0029
  0.1668   0.3045   0.0243   0.0124   0.0225   0.0106
  0.1793   0.2330   0.0131  -0.0024   0.0259   0.0176
  0.1733   0.2589   0.0157  -0.0100   0.0165   0.0282
  0.2132   0.1505   0.0181   0.0393   0.0216   0.0449
  0.2088   0.1558   0.0052   0.0374   0.0218   0.0217
  0.1998   0.1408   0.0176  -0.0006   0.0235   0.0485
  0.1681   0.1698   0.0450  -0.0014   0.0254   0.0616
  0.1744   0.1446   0.0538   0.1374   0.0303   0.0541
  0.1531   0.1550   0.0590   0.1340   0.0274   0.0556
  0.1581   0.1511   0.0491   0.1044   0.0310   0.0867
  0.1497   0.1448   0.0452   0.1438   0.0340   0.0650
  0.1630   0.1221   0.0395   0.1410   0.0373   0.0643
  0.1504   0.1813   0.0295   0.0880   0.0363   0.0622
  0.1723   0.1406   0.0336   0.1170   0.0415   0.0868
  0.1576   0.1216   0.0326   0.1486   0.0427   0.0835
  0.1577   0.0764   0.0114   0.1354   0.0318   0.0962
  0.1845   0.0736  -0.0078   0.1325   0.0379   0.1154
  0.1913   0.0455  -0.0047   0.1154   0.0409   0.1148
  0.1849   0.0486   0.0070   0.0894   0.0401   0.0901
  0.1803   0.0414   0.0086   0.0717   0.0388   0.1148
  0.1883   0.0341  -0.0111   0.1016   0.0412   0.1335
  0.1794   0.0342   0.0144   0.0673   0.0394   0.1132
  0.1846   0.0531  -0.0074   0.0344   0.0379   0.1187
  0.1904   0.0635   0.0092   0.0873   0.0390   0.1296
  0.1721   0.1266   0.0269   0.1399   0.0532   0.1257
  0.1611   0.1110   0.0235   0.0543   0.0440   0.1302
  0.1917   0.1131  -0.0064   0.2184   0.0793   0.1507
  0.1657   0.1016   0.0283   0.2164   0.0880   0.1408
  0.1378   0.0778   0.0498   0.1233   0.0670   0.1566
  0.1573   0.0339   0.0421   0.1941   0.0785   0.1564
  0.1446   0.0272   0.0264   0.1748   0.0746   0.1532
  0.1378   0.0993   0.0588   0.1226   0.0674   0.1817
  0.1230   0.1559   0.0220   0.2570   0.0790   0.1921
  0.1372   0.0734  -0.0046   0.2970   0.0810   0.1610
  0.1327   0.0930   0.0514   0.1559   0.0684   0.1668
  0.1510  -0.0041   0.0358   0.2553   0.0861   0.1993
  0.1408  -0.0493   0.0668   0.2403   0.0901   0.1833
  0.1395   0.0083   0.0467   0.1953   0.0796   0.2058
  0.1450  -0.0043   0.0575   0.1706   0.0810   0.2104
  0.1398  -0.0363   0.0429   0.1830   0.0865   0.2056
  0.1397  -0.0478   0.0609   0.1945   0.0913   0.1922
  0.1262  -0.0469   0.0469   0.1698   0.0884   0.2075
  0.1454  -0.0852   0.0460   0.1706   0.0927   0.2144
  0.1281  -0.1002   0.0438   0.1974   0.0959   0.2262
