  0.5844   0.8155   0.3299  -0.8806   0.2130   0.1930
  0.6808   1.2811   0.4130  -1.1525   0.2606   0.1327
  0.6389   1.1492   0.3765  -1.0729   0.2432   0.1593
  0.6495   1.1859   0.3736  -1.0698   0.2343   0.1395
  0.6271   1.0590   0.3824  -1.0013   0.2344   0.1495
  0.6037   0.8635   0.4058  -0.6884   0.1832   0.0981
  0.5813   0.8481   0.3846  -0.7541   0.1963   0.1207
  0.6266   0.8468   0.3883  -0.7682   0.1874   0.1156
  0.6415   0.8400   0.3007  -0.8576   0.2111   0.1309
  0.5870   0.9376   0.2660  -1.0367   0.2345   0.1756
  0.6021   0.8228   0.2827  -0.9503   0.2263   0.1789
  0.5403   0.8183   0.2983  -1.0014   0.2447   0.2066
  0.5406   0.8495   0.3121  -0.9571   0.2238   0.1652
  0.5540   0.8850   0.3223  -0.9993   0.1992   0.1586
  0.5112   0.7159   0.2679  -0.8837   0.1883   0.1666
  0.5200   0.6578   0.2122  -0.8500   0.1878   0.1843
  0.4662   0.4884   0.2442  -0.5069   0.1524   0.1183
  0.2909  -0.0759   0.2205  -0.0510   0.0067   0.1116
  0.3737  -0.2308   0.1477  -0.4727   0.0840   0.2575
  0.4444  -0.2141   0.2350  -0.6029   0.1190   0.2822
  0.4534  -0.5462   0.2698  -0.4617   0.1053   0.3029
  0.3810  -0.0733   0.2053  -0.7129   0.0959   0.3083
  0.5159   0.3914   0.2490  -0.3287   0.1094   0.0236
  0.1122  -0.0408   0.3003  -0.0967  -0.0711   0.2374
  0.2107  -0.1353   0.1435  -0.7100   0.0535   0.4307
  0.3010  -0.2070   0.1245  -0.6445   0.1023   0.3949
  0.2745  -0.2285   0.1266  -0.7542   0.0889   0.3989
  0.3413  -0.2521   0.1115  -0.7111   0.1177   0.3788
  0.3208  -0.2564   0.1342  -0.6794   0.0701   0.3465
  0.3297  -0.3820   0.1985  -0.1511   0.0329   0.2092
  0.2950  -0.2606   0.1474  -0.5644   0.0809   0.3271
  0.2926  -0.2958   0.1078  -0.6761   0.1295   0.3947
  0.3762   0.3675   0.1037  -0.8394   0.1438   0.2595
  0.3561   0.0688   0.1444  -0.4614   0.0947   0.2394
  0.3416   0.2077   0.0744  -1.2399   0.2094   0.4681
  0.3299   0.0988   0.0603  -1.1836   0.2037   0.4294
  0.2898  -0.0578   0.0264  -0.9222   0.1792   0.4298
  0.2532  -0.2767   0.0793  -0.6116   0.1093   0.3300
  0.2450  -0.2652   0.0826  -0.5386   0.1004   0.3026
  0.2503  -0.3342   0.1108  -0.5514   0.0958   0.3037
  0.0308  -0.2538   0.4333  -0.4633   0.1338   0.3457
  0.1783  -0.4178   0.1345  -0.5225   0.0884   0.3281
  0.2433  -0.4101   0.0907  -0.5185   0.0998   0.3359
  0.3491  -0.4430   0.0455  -0.5527   0.1052   0.3044
  0.3278   0.1975   0.1548  -0.5702   0.1425   0.2037
  0.2847   0.7324   0.1651  -0.7053   0.1684   0.1203
  0.2486   0.2327   0.0919  -0.5929   0.1139   0.1689
  0.3279   0.2774   0.0998  -0.6014   0.1454   0.1616
  0.3170   0.2300   0.0866  -0.5652   0.1292   0.1642
  0.2572   0.2990   0.0875  -0.5832   0.1489   0.1760
  0.2534   0.2305   0.0811  -0.4119   0.1292   0.1487
  0.2481   0.2050   0.0421  -0.4799   0.1446   0.1507
  0.2240   0.1010   0.0321  -0.4885   0.1387   0.1932
  0.2179   0.1344   0.0294  -0.4695   0.1374   0.1786
  0.2056   0.0534   0.0128  -0.4551   0.1270   0.1930
  0.1933   0.0586   0.0277  -0.4463   0.1392   0.1886
  0.2029   0.0271  -0.0058  -0.4130   0.1344   0.1922
  0.1818   0.0401   0.0319  -0.4720   0.1505   0.1994
  0.1998  -0.0511  -0.0150  -0.4543   0.0971   0.2203
  0.0756  -0.0263   0.1401  -0.4789   0.1113   0.2565
 -0.0849  -0.0070   0.4309  -0.3719   0.1480   0.2736
 -0.0536  -0.0290   0.3924  -0.4189   0.1462   0.2566
  0.0725  -0.1030   0.1522  -0.3776   0.1647   0.2322
  0.1058  -0.1592   0.1168  -0.4049   0.1327   0.1925
  0.1491  -0.5254   0.1070   0.2057   0.0609   0.0970
  0.1569  -0.9206   0.2115   0.5090  -0.0040   0.0896
  0.1321  -0.7242   0.1372   0.3391   0.0420   0.0631
  0.1133  -0.8666   0.2354   0.5504  -0.0611   0.0535
  0.1118  -0.1926   0.0515   0.5278  -0.0645  -0.0771
  0.0952  -0.1513  -0.0370   0.5012  -0.0517  -0.0584
  0.0831  -0.7131   0.1124   0.5362  -0.0713   0.0477
  0.0443  -0.7482   0.0778   0.5598  -0.0732   0.0253
  0.1635   0.0928   0.2141   0.5207   0.0186  -0.1951
  0.1831   0.5347   0.2225   0.4885   0.0751  -0.2563
  0.1659  -0.0975   0.0966   0.5434   0.0029  -0.1602
  0.1507   0.0897   0.1232   0.4773   0.0210  -0.1597
  0.1181  -0.2208   0.1243   0.6739  -0.0274  -0.1441
  0.0997  -0.1171   0.1345   0.5976  -0.0100  -0.1421
  0.0988  -0.2946   0.0806   0.6102  -0.0045  -0.1034
  0.0701  -0.1983   0.1596   0.5673  -0.0248  -0.1123
  0.2916  -0.4441  -0.2337   0.5842   0.0072  -0.1375
  0.2078  -0.4885  -0.1025   0.5759  -0.0153  -0.1406
 -0.0917  -0.6792   0.2517   0.9302  -0.1050  -0.1772
  0.1190  -0.1047   0.1126   0.6024  -0.0036  -0.1937
 -0.3929  -1.3065   0.0788   0.9189  -0.2201   0.0619
 -0.2328  -1.3714  -0.1473   0.9400  -0.2229   0.1572
 -0.0407  -1.5449  -0.1382   0.8024  -0.1263   0.1015
 -0.1249  -0.6793   0.1166   0.5763  -0.1057  -0.0421
 -0.0437   0.6960   0.0290   0.2934  -0.0447  -0.2512
  0.0300  -0.1092   0.1008   0.6396  -0.0117  -0.1459
 -0.4537  -0.4284   0.0450   1.2445  -0.2871  -0.3445
 -0.7299  -0.6773   0.1488   2.1251  -0.4881  -0.4279
 -0.4035  -0.5042   0.1181   1.3763  -0.3088  -0.4141
 -0.3761  -0.8271   0.0203   1.4898  -0.3148  -0.2637
 -0.3074  -0.7032   0.0664   1.3790  -0.2213  -0.3361
 -0.1845   0.0863   0.0216   0.1776  -0.0683  -0.1376
 -0.1957  -0.0598  -0.0591   0.2975  -0.0959  -0.1275
 -0.2130  -0.2027  -0.0752   0.3167  -0.0951  -0.1314
 -0.1785  -0.1996  -0.0603   0.2602  -0.0903  -0.0781
 -0.1933  -0.2509  -0.0793   0.3303  -0.1071  -0.0949
 -0.2458  -0.3343  -0.0752   0.4716  -0.1074  -0.1089
 -0.2007  -0.2257  -0.0902   0.4198  -0.0841  -0.1207
 -0.1963  -0.3177  -0.0871   0.3286  -0.0837  -0.0897
 -0.2036  -0.3165  -0.0930   0.3535  -0.0754  -0.0794
 -0.2078  -0.2921  -0.0931   0.3238  -0.0644  -0.0955
 -0.3113   0.0900  -0.0883   0.2368  -0.0693  -0.1425
 -0.2863   0.1723  -0.0551   0.2822  -0.1108  -0.1686
 -0.2259  -0.0470  -0.0214   0.5686  -0.0924  -0.2479
 -0.2285  -0.0338  -0.0987   0.5517  -0.0887  -0.2209
 -0.1939   0.0185  -0.1400   0.2452  -0.0488  -0.1606
 -0.2944   1.1833  -0.2407   0.1869  -0.0489  -0.5310
 -0.3810   1.1717  -0.2471  -0.0344  -0.0181  -0.3660
 -0.3055   1.0845  -0.1280  -0.0072  -0.0037  -0.3699
 -0.3064   0.7167  -0.1910   0.0735  -0.0197  -0.2693
 -0.2545   0.4332  -0.1697   0.1726  -0.0506  -0.2503
 -0.2459   0.3584  -0.1717   0.2754  -0.0506  -0.2379
 -0.2496   0.3980  -0.2141   0.0824  -0.0444  -0.1890
 -0.2484   0.3299  -0.2073   0.0787  -0.0225  -0.1444
 -0.2280   0.3739  -0.2386   0.0436  -0.0624  -0.1407
 -0.2624   0.5077  -0.2692   0.1591  -0.1007  -0.1900
 -0.2423   0.2801  -0.2395   0.2431  -0.1355  -0.1646
 -0.2469   0.1407  -0.2016   0.4312  -0.0978  -0.2297
 -0.2713   0.1125  -0.1489   0.3852  -0.1032  -0.2182
 -0.2661   0.1286  -0.1909   0.3767  -0.1118  -0.2154
 -0.2645   0.1068  -0.1237   0.2316  -0.1090  -0.1664
 -0.2810   0.0843  -0.1772   0.1555  -0.0596  -0.1431
 -0.2592   0.0773  -0.1848   0.0916  -0.0497  -0.1160
 -0.2483  -0.0050  -0.1903   0.0978  -0.0762  -0.1062
 -0.2311   0.0015  -0.1808   0.1093  -0.0569  -0.1066
 -0.2133   0.0251  -0.1941   0.1800  -0.0283  -0.1283
 -0.2651   0.0584  -0.1570   0.1639  -0.0435  -0.1102
 -0.3262   0.1782  -0.1217   0.1358  -0.1112  -0.1298
 -0.2736  -0.1624  -0.1112   0.2044  -0.1104  -0.0701
 -0.2050  -0.1332  -0.1889   0.1354  -0.0549  -0.0706
 -0.2142  -0.0745  -0.1882   0.0785  -0.0657  -0.0722
 -0.2283  -0.0111  -0.2145   0.1511  -0.0594  -0.1120
 -0.2130  -0.0235  -0.1634   0.0069  -0.0732  -0.0655
 -0.1427   0.0211  -0.0491  -0.2338  -0.0516  -0.0262
 -0.1070   0.0050  -0.1203  -0.3253   0.0660   0.0730
 -0.1356  -0.1159  -0.1505  -0.2272   0.0077   0.0261
 -0.1653  -0.1786  -0.1520  -0.1389  -0.0088   0.0110
 -0.0800   0.0800  -0.0825  -0.1589   0.0477  -0.0821
 -0.0358   0.1256  -0.0626  -0.2489   0.0555  -0.0481
 -0.0694   0.0376  -0.0945  -0.2721   0.0347  -0.0372
 -0.0644  -0.1490  -0.0253   0.2543  -0.0163  -0.1199
 -0.0852  -0.2329  -0.0533   0.0922  -0.0220  -0.0971
 -0.0880  -0.1751   0.0178   0.4934  -0.0197  -0.1771
 -0.1455  -0.0286  -0.1163   0.5305  -0.0808  -0.2612
 -0.1101   0.0182  -0.0892   0.6037  -0.0773  -0.2637
 -0.0721   0.1023  -0.1503   0.7081  -0.0638  -0.3514
 -0.1528  -0.0959  -0.0396   0.7269  -0.0742  -0.2084
 -0.3933  -0.6271   0.3101   0.8016  -0.0519   0.1820
 -0.2455   0.2089   0.0957   1.1942  -0.1117  -0.4393
 -0.1923   0.5483  -0.0279   0.6215   0.0356  -0.2794
 -0.2201   0.4856  -0.1225  -0.1674   0.0484  -0.0814
 -0.1757   0.4826  -0.1004  -0.1401   0.0347  -0.0779
 -0.1506   0.2303  -0.1063  -0.2470   0.0248  -0.0323
 -0.2028   0.2176  -0.1334  -0.1862   0.0217  -0.0083
 -0.2498   0.1332  -0.1450  -0.1842   0.0051  -0.0045
 -0.4544   0.1175  -0.0478   0.6351  -0.1054  -0.2293
 -0.5185  -1.2854  -0.1577   0.6412  -0.2015   0.0952
 -0.4323  -1.4105  -0.2801   0.6294  -0.1879   0.1474
 -0.4819  -0.7506  -0.1415   0.4265  -0.1354  -0.0075
 -0.4580  -0.8006  -0.1800   0.4498  -0.1252   0.0196
 -0.4441  -0.8179  -0.1811   0.4485  -0.1423   0.0030
 -0.4181  -0.8751  -0.2157   0.4741  -0.1460   0.0312
 -0.3837  -1.0332  -0.1899   0.4179  -0.1675   0.0686
 -0.3128  -0.2333  -0.2729   0.2929  -0.1508  -0.0843
 -0.2719   0.2398  -0.2994   0.2354  -0.1257  -0.1632
 -0.3070  -0.0507  -0.2772   0.2205  -0.1203  -0.0981
 -0.3485  -0.0555  -0.2801   0.2132  -0.1169  -0.1277
 -0.3746  -0.1850  -0.2346   0.2351  -0.1278  -0.0744
 -0.3376   0.3814  -0.3456   0.1741  -0.2117  -0.1423
 -0.4563   0.5440  -0.4268   0.0933  -0.2525  -0.1064
 -0.3962   0.1453  -0.3721   0.1338  -0.2237  -0.0733
 -0.2435   0.2551  -0.4488   0.0884  -0.1306  -0.1342
