 -0.2023   0.0536  -0.3297  -0.5166  -0.1700  -0.1067
 -0.1452  -0.0441  -0.4285  -0.4600  -0.1405  -0.0987
 -0.1698   0.0017  -0.3796  -0.4620  -0.1572  -0.0781
 -0.1857  -0.1011  -0.3414  -0.4381  -0.1407  -0.0597
 -0.1670  -0.1002  -0.3445  -0.4435  -0.1151  -0.0939
 -0.1689  -0.1009  -0.3374  -0.4060  -0.1277  -0.0828
 -0.2047  -0.0749  -0.3383  -0.4042  -0.1429  -0.0921
 -0.1485  -0.1242  -0.3500  -0.3571  -0.1466  -0.0751
 -0.0863  -0.2500  -0.3000  -0.3892  -0.0897  -0.1464
 -0.1283  -0.2145  -0.2826  -0.4696  -0.1080  -0.1508
 -0.2092  -0.1390  -0.3308  -0.5224  -0.1664  -0.1031
 -0.0933  -0.1215  -0.2061  -0.5420  -0.0580  -0.1391
 -0.0882  -0.1908  -0.2007  -0.4942  -0.0944  -0.1447
 -0.1192  -0.1727  -0.2197  -0.4908  -0.1308  -0.1282
 -0.1139  -0.1786  -0.2208  -0.4722  -0.1321  -0.1303
 -0.0799  -0.1079  -0.1966  -0.4252  -0.1037  -0.0997
 -0.0869  -0.0915  -0.1698  -0.3311  -0.0595  -0.0772
 -0.0917  -0.0991  -0.1652  -0.3179  -0.0844  -0.1171
 -0.0813  -0.0766  -0.1701  -0.3129  -0.0890  -0.1134
 -0.0897  -0.0896  -0.1827  -0.2939  -0.1032  -0.1095
 -0.0876  -0.0660  -0.1802  -0.2999  -0.1013  -0.0852
 -0.1005  -0.0439  -0.1813  -0.3038  -0.1110  -0.0908
 -0.1105  -0.0282  -0.1978  -0.2752  -0.1073  -0.0726
 -0.1076  -0.0088  -0.2050  -0.2485  -0.1046  -0.0738
 -0.1199   0.0229  -0.2051  -0.2682  -0.1255  -0.0529
 -0.1450   0.0641  -0.1923  -0.2910  -0.1495  -0.0374
 -0.1297   0.0734  -0.1977  -0.2686  -0.1392  -0.0432
 -0.1173   0.1024  -0.1889  -0.2265  -0.1363  -0.0361
 -0.1128   0.1330  -0.1871  -0.2370  -0.1256  -0.0341
 -0.1193   0.1598  -0.1748  -0.2775  -0.1369  -0.0678
 -0.1188   0.1432  -0.1811  -0.2576  -0.1482  -0.0596
 -0.1068   0.1509  -0.1698  -0.2834  -0.1496  -0.0485
 -0.1126   0.1545  -0.1765  -0.2653  -0.1386  -0.0516
 -0.1122   0.1766  -0.1690  -0.2624  -0.1270  -0.0382
 -0.1144   0.1748  -0.1645  -0.2507  -0.1283  -0.0480
 -0.1030   0.1860  -0.1557  -0.2473  -0.1255  -0.0425
 -0.1263   0.1864  -0.1620  -0.2528  -0.1282  -0.0594
 -0.1136   0.1774  -0.1597  -0.2543  -0.1338  -0.0598
 -0.1551   0.1320  -0.1807  -0.1967  -0.1326  -0.0696
 -0.1963   0.1434  -0.1639  -0.1991  -0.1480  -0.0779
 -0.1949   0.1830  -0.1545  -0.2278  -0.1530  -0.0740
 -0.1813   0.2016  -0.1428  -0.2250  -0.1426  -0.0642
 -0.1593   0.2013  -0.1388  -0.1967  -0.1339  -0.0637
 -0.1680   0.2124  -0.1290  -0.1888  -0.1427  -0.0563
 -0.1944   0.2083  -0.1235  -0.1688  -0.1545  -0.0602
 -0.1856   0.2205  -0.1191  -0.1656  -0.1535  -0.0592
 -0.1817   0.2135  -0.1230  -0.1802  -0.1536  -0.0531
 -0.1907   0.2205  -0.1202  -0.1808  -0.1662  -0.0607
 -0.1865   0.2185  -0.1326  -0.1752  -0.1527  -0.0430
 -0.1832   0.2501  -0.0923  -0.2241  -0.1504  -0.0061
 -0.1594   0.1974  -0.0461  -0.1634  -0.1305  -0.0245
 -0.1141   0.1976  -0.0394  -0.1466  -0.0919  -0.0326
 -0.1122   0.2407  -0.0472  -0.1507  -0.0884  -0.0325
 -0.1152   0.2324  -0.0527  -0.1554  -0.0947  -0.0185
 -0.1262   0.2387  -0.0527  -0.1375  -0.1051  -0.0227
 -0.1207   0.2598  -0.0488  -0.1357  -0.1033  -0.0122
 -0.1275   0.2608  -0.0593  -0.1136  -0.0964  -0.0276
 -0.1345   0.2586  -0.0629  -0.1031  -0.1136  -0.0194
 -0.1346   0.2617  -0.0596  -0.0686  -0.1222  -0.0110
 -0.1260   0.2537  -0.0407  -0.1287  -0.1317  -0.0171
 -0.1402   0.2507  -0.0476  -0.0439  -0.1275  -0.0264
 -0.0939   0.2015  -0.0137  -0.4568  -0.1383  -0.0333
 -0.0470   0.1616  -0.0153  -1.3170  -0.1502  -0.0242
 -0.0403   0.0724  -0.0011  -1.3208  -0.1737  -0.0499
  0.0098  -0.0048   0.0318  -1.2083  -0.1385  -0.0884
 -0.0176  -0.0046  -0.0352  -1.0753  -0.1512  -0.0745
  0.0887  -0.0968  -0.0164  -0.8555  -0.1456  -0.0840
  0.1660   0.0020   0.0420  -0.6078  -0.0513  -0.0593
  0.1142   0.0701   0.0357  -0.6113  -0.0506  -0.0397
  0.1112   0.0779   0.0535  -0.5787  -0.0434  -0.0349
  0.0896   0.0951   0.0641  -0.5254  -0.0576  -0.0470
  0.0813   0.1398   0.0958  -0.4866  -0.0351  -0.0433
  0.0562   0.1217   0.0970  -0.4136  -0.0367  -0.0361
  0.0348   0.1793   0.1285  -0.4137  -0.0381  -0.0350
  0.0437  -0.0232   0.1072  -0.3172  -0.0345  -0.0132
  0.0469  -0.1398   0.0623  -0.3156   0.0032  -0.0639
 -0.0603  -0.0717  -0.0009  -0.5147  -0.0669  -0.1217
 -0.1639  -0.0429  -0.0117  -0.3660  -0.1164  -0.0788
 -0.1916   0.0299  -0.0040  -0.4255  -0.1358  -0.1013
 -0.1589   0.0664   0.0958  -0.3082  -0.1059  -0.0315
 -0.2024   0.0680   0.1563  -0.4128  -0.1464  -0.0455
 -0.0705   0.2518   0.1190  -0.0254   0.0173   0.0736
 -0.0763   0.1806   0.1464   0.2921   0.1533   0.0713
 -0.1225   0.1132   0.1334   0.2209   0.1193   0.0194
 -0.1394   0.0918   0.1003   0.3156   0.1349   0.0190
 -0.0895   0.2115   0.0461   0.3743   0.0336   0.0351
  0.0003   0.2355  -0.0970   0.3747  -0.0268   0.0471
 -0.0849   0.2268  -0.2080   0.2337  -0.0139   0.0272
 -0.1263   0.1902  -0.0817   0.3071  -0.0163   0.0464
 -0.1259   0.0266  -0.0799   0.2823  -0.0326   0.0169
 -0.0903   0.1404  -0.0407   0.2718  -0.0137   0.0377
 -0.0057   0.0114   0.0077   0.2067   0.0402   0.0076
  0.1325  -0.0561   0.1691   0.2430   0.1434  -0.0076
  0.0884  -0.0431   0.1865   0.3202   0.1378  -0.0070
  0.1017  -0.0341   0.1870   0.3524   0.1383  -0.0006
  0.0747  -0.0667   0.1965   0.4168   0.1126   0.0103
  0.0869  -0.0745   0.2090   0.4277   0.1138   0.0331
  0.0368  -0.0433   0.1999   0.3866   0.0944   0.0228
  0.0317   0.0266   0.1845   0.4051   0.1127   0.0697
 -0.0143   0.0495   0.1267   0.4028   0.1080   0.0841
 -0.0168   0.0463   0.1582   0.4360   0.0941   0.0810
 -0.0429   0.0429   0.1415   0.4219   0.0879   0.0851
 -0.0130   0.0494   0.1663   0.4374   0.0869   0.0824
 -0.0091   0.0495   0.1522   0.4585   0.0964   0.0826
  0.0039   0.0403   0.1635   0.4815   0.1034   0.0962
 -0.0060   0.0199   0.1336   0.4533   0.1058   0.1216
 -0.0030   0.0433   0.1269   0.4474   0.0794   0.1091
 -0.0213   0.0219   0.1142   0.5109   0.0462   0.0841
  0.0032   0.0638   0.1412   0.5153   0.0643   0.1064
 -0.0222   0.0177   0.1276   0.5544   0.0529   0.0838
  0.0088  -0.0937   0.1557   0.5885   0.0649   0.0816
  0.0052  -0.0815   0.0951   0.5935   0.0751   0.0977
  0.0576  -0.1725   0.1460   0.5895   0.1027   0.1225
  0.0686  -0.1642   0.1255   0.5425   0.1363   0.1245
  0.0658  -0.1478   0.1384   0.5660   0.1363   0.1161
  0.0789  -0.0719   0.0842   0.6152   0.1686   0.1644
  0.0930  -0.0539   0.0575   0.5169   0.1780   0.1829
  0.1303  -0.0451   0.1080   0.4723   0.2017   0.1581
  0.1675  -0.1082   0.1759   0.5533   0.2489   0.1657
  0.1547  -0.0415   0.1714   0.4917   0.2559   0.1363
  0.1417   0.0888   0.1185   0.3694   0.2246   0.1437
  0.1332  -0.0078   0.1608   0.4449   0.1998   0.1405
  0.1229  -0.0287   0.1917   0.4836   0.1794   0.1494
  0.1326  -0.0847   0.1621   0.5349   0.2242   0.1310
  0.2230  -0.1517   0.1004   0.4863   0.2311   0.0687
  0.1724  -0.1492   0.1488   0.4310   0.2013   0.0901
  0.1685  -0.2546   0.1443   0.4105   0.2005   0.0635
  0.1996  -0.3066   0.1450   0.3959   0.1788   0.0420
  0.2625  -0.3558   0.1433   0.4630   0.1819   0.0489
  0.3031  -0.2988   0.1933   0.5677   0.2826   0.0893
  0.2808  -0.3200   0.1819   0.4588   0.2212   0.0501
  0.3389  -0.3029   0.2558   0.4680   0.1838   0.1048
  0.3876  -0.2148   0.2742   0.5854   0.2606   0.1505
  0.3983  -0.1922   0.2049   0.4613   0.2415   0.1164
  0.3198  -0.2319   0.2421   0.3933   0.2037   0.0957
  0.3624  -0.3051   0.2570   0.2582   0.1748   0.0283
  0.3454  -0.3638   0.2245   0.3092   0.1624   0.0071
  0.2874  -0.3340   0.2279   0.3824   0.1425   0.0553
  0.2767  -0.3461   0.2241   0.4229   0.1270   0.0591
  0.3227  -0.4130   0.1798   0.4395   0.1752   0.0590
  0.3318  -0.3784   0.2263   0.4052   0.2143   0.0525
  0.3207  -0.4169   0.2085   0.4216   0.1771   0.0365
  0.3426  -0.4039   0.2598   0.4137   0.2016   0.0568
  0.3520  -0.4239   0.2758   0.4467   0.2003   0.0564
  0.3280  -0.4370   0.2334   0.4112   0.1469   0.0239
  0.2801  -0.1540   0.1981   0.2730   0.0456   0.0555
  0.2742   0.0200   0.2239   0.3102   0.0454   0.1144
  0.2666  -0.1100   0.1875   0.2459   0.1807   0.0803
  0.2223  -0.0626   0.1452   0.3432   0.2283   0.1036
  0.2304  -0.1336   0.1803   0.2677   0.1996   0.0657
  0.2057  -0.1520   0.1685   0.3571   0.1890   0.0709
  0.2031  -0.1226   0.1559   0.3563   0.1633   0.0720
