 -0.0396   0.0779   0.1345  -0.5366  -0.0264  -0.2437
 -0.0698   0.1157   0.2338  -0.4976  -0.0489  -0.2561
 -0.0468   0.1214   0.2019  -0.5687  -0.0393  -0.3035
 -0.0514   0.1255   0.2230  -0.5358  -0.0558  -0.2889
 -0.0506   0.1290   0.2275  -0.5347  -0.0647  -0.2768
 -0.0735   0.1236   0.2248  -0.4705  -0.0640  -0.2172
 -0.0719   0.0777   0.2163  -0.4420  -0.0544  -0.2329
 -0.0720   0.0932   0.2255  -0.5247  -0.0635  -0.2569
 -0.0765   0.0430   0.2232  -0.5312  -0.0749  -0.2397
 -0.0837   0.0123   0.2344  -0.5403  -0.0785  -0.2443
 -0.0703   0.0401   0.2207  -0.5015  -0.0808  -0.2325
 -0.0749   0.0358   0.2261  -0.5311  -0.0731  -0.2290
 -0.0279   0.0830   0.2148  -0.6001  -0.0461  -0.2365
 -0.0196   0.1310   0.1647  -0.6823  -0.0175  -0.2453
 -0.0266   0.0910   0.1851  -0.6636  -0.0163  -0.2641
 -0.0965   0.0551   0.0961  -0.4525  -0.0151  -0.2242
 -0.0875   0.0327  -0.0105  -0.3138  -0.0259  -0.2324
 -0.0364   0.0715   0.0333  -0.3105  -0.0273  -0.1855
 -0.0646  -0.0596   0.0421  -0.1214  -0.0312  -0.1642
 -0.0945  -0.0110   0.0382  -0.4147  -0.0381  -0.1722
 -0.1078   0.1625   0.0529  -0.6878  -0.0336  -0.2212
 -0.0345   0.0552   0.1020  -0.3864   0.0069  -0.1425
  0.0463   0.2144   0.0930  -0.5460   0.0586  -0.2452
 -0.0105   0.0161   0.1229  -0.1420  -0.0026  -0.0180
 -0.0055  -0.1994   0.1916  -0.0179  -0.0109   0.0399
  0.0494  -0.1402   0.2234  -0.1206   0.0178  -0.1482
 -0.0615  -0.0055   0.1268  -0.3567   0.0095  -0.1284
 -0.1031  -0.1751   0.0769  -0.1864  -0.0146  -0.1134
 -0.0701  -0.2291  -0.0017  -0.1767   0.0088  -0.1234
 -0.0114  -0.0160  -0.0676  -0.2789   0.0196  -0.1644
  0.0034   0.0296  -0.1102  -0.2986   0.0126  -0.1627
  0.0046  -0.0357  -0.1444  -0.3080   0.0262  -0.1673
  0.0209  -0.0476  -0.1444  -0.2589   0.0274  -0.1224
  0.0452  -0.0514  -0.1538  -0.3379   0.0420  -0.1358
  0.0532  -0.0430  -0.1773  -0.3524   0.0542  -0.1368
  0.0491  -0.0204  -0.1899  -0.2403   0.0460  -0.0895
  0.0511  -0.0969  -0.1868  -0.3663   0.0574  -0.1165
  0.0498  -0.1304  -0.1980  -0.2911   0.0559  -0.1184
  0.0719  -0.0678  -0.1960  -0.2933   0.0501  -0.0558
  0.0687  -0.0585  -0.1965  -0.2722   0.0492  -0.0424
  0.0604   0.0150  -0.1816  -0.3096   0.0536  -0.1059
  0.0501   0.0388  -0.1924  -0.3401   0.0477  -0.1071
  0.0457   0.0579  -0.1733  -0.2980   0.0436  -0.0828
  0.0415  -0.0446  -0.2018  -0.3224   0.0423  -0.0796
  0.0460  -0.0203  -0.1845  -0.3486   0.0476  -0.0669
  0.0545   0.0261  -0.1787  -0.2767   0.0472  -0.0318
  0.0575   0.0184  -0.1423  -0.2873   0.0528  -0.0366
  0.0498   0.0184  -0.1409  -0.2447   0.0289  -0.0570
  0.0711   0.0414  -0.1162  -0.2837   0.0260  -0.0381
  0.0586   0.0491  -0.1414  -0.2166   0.0010  -0.0619
  0.1208  -0.0091  -0.1117  -0.2515   0.0307  -0.0334
  0.1139  -0.2369  -0.3043  -0.0202   0.0054  -0.0835
 -0.0579   0.3646  -0.4660  -0.0759  -0.0316  -0.0391
 -0.0524   0.6744  -0.2804  -0.2894  -0.0116  -0.0442
 -0.0589   0.6059  -0.2838  -0.3056  -0.0053  -0.0625
 -0.0463   0.8069  -0.3316  -0.3384   0.0014  -0.0686
 -0.0065   0.7499  -0.2970  -0.1793  -0.0148  -0.0501
  0.0028   0.8211  -0.3389  -0.2878   0.0137  -0.0923
  0.0261   0.7721  -0.3473  -0.1216  -0.0084  -0.0422
  0.0127   0.6369  -0.2863  -0.2456   0.0188  -0.1029
  0.0407   0.5443  -0.2288  -0.2900   0.0231  -0.0856
  0.0374   0.7451  -0.3034  -0.3229   0.0403  -0.0495
  0.0426   0.6494  -0.2765  -0.2899   0.0458  -0.0432
 -0.0074   0.6607  -0.1813  -0.5355   0.0518  -0.0984
  0.0214   0.6665  -0.1559  -0.4749   0.0381  -0.0362
 -0.0216   0.6376  -0.0958  -0.5206   0.0432  -0.0554
  0.0309   0.3340  -0.0663  -0.4505   0.0472  -0.0244
  0.0043   0.7118  -0.1781  -0.7510   0.0733  -0.0932
  0.1090   0.3948   0.0455  -0.4912   0.0543  -0.0165
  0.0459   0.5096   0.0387  -0.3385   0.0087   0.0401
  0.0132   0.1150   0.0953  -0.6866  -0.0193  -0.0135
 -0.0615  -1.2527   0.0666   0.9769   0.0269   0.1554
 -0.2329  -2.7627   0.2750   2.3343  -0.0063   0.3199
  0.0575  -1.3738   0.6077   0.8491   0.0011   0.1311
  0.1110  -1.0643   0.4214   0.9132   0.0347   0.2152
  0.1285  -0.9756   0.4335   0.8018   0.0164   0.2348
  0.0913  -0.8995   0.4414   0.9155   0.0183   0.2729
  0.0862  -0.9129   0.4652   0.8745  -0.0007   0.2807
  0.0310  -0.9282   0.4175   0.8710  -0.0021   0.2759
  0.0792  -0.9304   0.4267   0.6932  -0.0002   0.2207
  0.0537  -1.0023   0.3845   0.7765   0.0175   0.2386
  0.0711  -0.9399   0.3664   0.8106   0.0158   0.2951
  0.0637  -1.0088   0.3902   0.8275  -0.0018   0.2632
  0.0814  -0.9575   0.4105   0.7492  -0.0171   0.2899
  0.0413  -1.0248   0.3511   0.8339  -0.0087   0.2988
  0.0277  -0.9467   0.2942   0.6173   0.0167   0.2243
  0.0079  -0.9337   0.2960   0.6702   0.0111   0.2880
  0.0158  -0.9287   0.2648   0.6201   0.0042   0.2384
  0.0117  -0.9315   0.2598   0.6325   0.0059   0.2647
  0.0185  -0.8957   0.2515   0.6557   0.0125   0.2868
  0.0196  -0.9209   0.2808   0.6423   0.0108   0.2381
  0.0188  -0.9336   0.2526   0.5983   0.0078   0.3066
  0.0030  -1.0863   0.2851   0.6244   0.0081   0.3244
  0.0312  -0.9026   0.2751   0.4986   0.0138   0.2705
  0.0347  -1.0284   0.3065   0.5838   0.0221   0.3029
  0.0109  -0.7854   0.2560   0.5083   0.0073   0.2764
 -0.0407  -1.0387   0.3468   0.5598   0.0058   0.3219
  0.0018  -0.1341   0.1386   0.0987  -0.0539   0.1593
 -0.3219   0.4551   0.3402   0.6128  -0.3238  -0.1456
 -0.5798   0.0794   0.6200   1.2303  -0.3455   0.0101
 -0.3435   0.7894   0.2978   0.6354  -0.2246   0.1151
 -0.1487   0.2972   0.1944   0.4857  -0.0953   0.1022
 -0.0637   0.2425  -0.0074   0.3259  -0.0369   0.0210
 -0.0193   0.2417  -0.0885   0.4816  -0.0116   0.1256
  0.0228   0.3846  -0.2088   0.4034   0.0086   0.1122
  0.0119   0.3377  -0.2285   0.4320   0.0251   0.1362
  0.0310   0.4084  -0.2743   0.4224   0.0378   0.1168
  0.0193   0.2829  -0.2618   0.4104   0.0320   0.1108
  0.0275   0.2714  -0.2881   0.3908   0.0442   0.0896
  0.0348   0.3170  -0.2940   0.3262   0.0393   0.0980
  0.0366   0.4260  -0.3227   0.3024   0.0232   0.1064
  0.0165   0.3928  -0.2973   0.3795   0.0223   0.1873
  0.0009   0.3339  -0.2748   0.2674   0.0298   0.1333
  0.0296   0.3635  -0.2335   0.2528   0.0254   0.1638
  0.0290   0.3707  -0.2581   0.2541   0.0221   0.1326
  0.0379   0.3940  -0.2517   0.2542   0.0262   0.1424
  0.0328   0.4165  -0.2598   0.2425   0.0181   0.1499
  0.0434   0.4115  -0.2518   0.1314   0.0083   0.1228
  0.0132   0.4092  -0.2322   0.2070  -0.0053   0.1747
  0.0211   0.3937  -0.2308   0.1044   0.0045   0.1419
  0.0256   0.3751  -0.2195   0.1633  -0.0038   0.1555
  0.0280   0.3867  -0.2276   0.1008   0.0035   0.1413
  0.0251   0.3978  -0.2226   0.1452  -0.0003   0.1866
  0.0413   0.3723  -0.2402   0.0923   0.0245   0.2135
