 -0.0941  -0.2485  -0.1193  -0.9260  -0.0842   0.1860
 -0.0876  -0.4423  -0.1493  -0.2209  -0.0997   0.2947
 -0.0707  -0.1387  -0.1317  -0.6969  -0.0832   0.2056
 -0.0746  -0.1150  -0.1336  -0.7945  -0.0916   0.0888
 -0.0710  -0.2127  -0.1345  -0.7257  -0.0419   0.1479
 -0.0683  -0.2292  -0.1403  -0.6319  -0.0578   0.1714
 -0.0783  -0.2555  -0.1423  -0.6693  -0.0580   0.1712
 -0.0867  -0.2296  -0.1534  -0.6753  -0.0791   0.1575
 -0.1018  -0.2433  -0.1448  -0.7322  -0.0813   0.1361
 -0.1034  -0.2332  -0.1447  -0.7469  -0.0800   0.1609
 -0.0999  -0.2124  -0.1447  -0.7274  -0.0760   0.2125
 -0.0893  -0.2374  -0.1391  -0.7239  -0.0777   0.1726
 -0.0956  -0.2350  -0.1568  -0.7331  -0.0759   0.1702
 -0.0975  -0.2237  -0.1585  -0.7059  -0.0808   0.1750
 -0.1024  -0.2205  -0.1499  -0.7399  -0.0726   0.1988
 -0.0949  -0.2397  -0.1589  -0.7298  -0.0814   0.1668
 -0.1013  -0.2562  -0.1504  -0.7350  -0.0755   0.1666
 -0.0872  -0.2267  -0.1669  -0.6965  -0.0795   0.1608
 -0.0572  -0.2455  -0.1358  -0.7729  -0.0789   0.1720
 -0.0497  -0.1947  -0.1811  -0.9302  -0.0739   0.1727
 -0.0521  -0.2178  -0.1904  -1.3142  -0.0685   0.2856
 -0.0879  -0.5465  -0.2402  -1.2783  -0.0685   0.3591
 -0.1504  -0.4990  -0.2456  -0.7718  -0.0679   0.2200
 -0.2149  -0.4559  -0.1928  -0.6234  -0.0772   0.2079
 -0.2034  -0.4291  -0.2060  -0.6167  -0.0828   0.1571
 -0.2064  -0.4053  -0.1967  -0.6070  -0.0834   0.2064
 -0.1961  -0.3656  -0.1927  -0.5619  -0.0842   0.1998
 -0.2032  -0.3758  -0.1947  -0.5240  -0.0868   0.2030
 -0.1336  -0.3607  -0.1365  -0.7103  -0.0713   0.1662
 -0.1092  -0.4089  -0.1277  -0.7897  -0.0682   0.2188
 -0.1147  -0.4561  -0.1592  -0.6067  -0.0896   0.1826
 -0.1105  -0.3544  -0.1290  -0.5737  -0.0909   0.1944
 -0.1168  -0.4493  -0.1291  -0.5213  -0.0913   0.2087
 -0.1427  -0.3260  -0.1126  -0.5676  -0.0807   0.1769
 -0.1443  -0.4368  -0.1197  -0.4713  -0.0811   0.1650
 -0.1023  -0.0662  -0.0945  -0.8356  -0.0460   0.1109
 -0.0913   0.2481  -0.0921  -1.0982  -0.0411  -0.0501
 -0.0799   0.0500  -0.0827  -0.9823  -0.0324  -0.0110
 -0.0235   0.3496  -0.1061  -1.2274  -0.0048  -0.0579
 -0.0578   0.1816  -0.0782  -1.1475  -0.0154  -0.0432
 -0.0280   0.3469  -0.0833  -1.2116  -0.0099  -0.0130
 -0.0839   0.5533  -0.0841  -1.4327  -0.0481  -0.0372
 -0.1106   0.2856  -0.1207  -1.2046  -0.0202  -0.0397
 -0.1258   0.3242  -0.1301  -1.2833  -0.0071   0.0543
 -0.1087   0.2864  -0.0784  -1.2631   0.0352  -0.0905
 -0.2295   0.1848  -0.0098  -2.3611   0.0370   0.3238
 -0.2444   0.0205   0.0309  -3.1115   0.0487   0.2813
 -0.1226   0.1815  -0.1144  -2.0453  -0.0063  -0.1889
 -0.1283   0.0632  -0.1187  -1.7098   0.0058   0.0151
 -0.0846   0.0829  -0.0883  -1.6918   0.0254  -0.0230
 -0.0900   0.0531  -0.0888  -1.7184   0.0156   0.0306
 -0.0738  -0.0249  -0.0912  -1.6086   0.0191  -0.0360
 -0.0870   0.0791  -0.1229  -1.6162  -0.0097  -0.0245
 -0.1038   0.0821  -0.1654  -1.4850  -0.0141  -0.0115
 -0.0852  -0.0834  -0.1207  -1.3793   0.0142   0.0673
 -0.0769   0.0290  -0.1088  -1.5110   0.0027   0.0302
 -0.0708   0.0324  -0.1166  -1.4897   0.0068   0.0545
 -0.0802  -0.0547  -0.0941  -1.4123   0.0096   0.0178
 -0.0827   0.0327  -0.0970  -1.4164   0.0100   0.0100
 -0.0726   0.0339  -0.0898  -1.3332   0.0088   0.0464
 -0.0785   0.0746  -0.0867  -1.3789   0.0025   0.0615
 -0.0634   0.1807  -0.0771  -1.4504   0.0121   0.0124
 -0.0550   0.2544  -0.0830  -1.4594   0.0076   0.0273
 -0.0481   0.0638  -0.0743  -1.3828   0.0149  -0.0049
 -0.0436   0.1296  -0.0696  -1.3527   0.0063   0.0127
 -0.0480   0.0986  -0.0730  -1.3448   0.0051   0.0333
 -0.0434   0.1161  -0.0652  -1.3090  -0.0021   0.0103
 -0.0552   0.0808  -0.0535  -1.3869   0.0029  -0.0246
 -0.0117   0.0972  -0.0213  -0.9731   0.0087  -0.0885
 -0.0290   0.3301  -0.0212  -0.9142  -0.0150  -0.0489
 -0.0079   0.2671  -0.0190  -1.3998   0.0048   0.0778
 -0.0070   0.2003   0.0138  -1.2141  -0.0065  -0.0353
 -0.0201   0.1771   0.0111  -1.2503   0.0051  -0.0296
 -0.0133   0.1736   0.0189  -1.1571   0.0037  -0.0591
 -0.0092   0.1938   0.0087  -1.1676   0.0006  -0.0039
 -0.0104   0.1896   0.0197  -1.1073  -0.0015  -0.0018
 -0.0113   0.1978   0.0133  -1.1521  -0.0015   0.0046
 -0.0101   0.1724   0.0190  -1.1140  -0.0003  -0.0095
 -0.0135   0.1943   0.0168  -1.1395   0.0042  -0.0153
 -0.0126   0.2065   0.0219  -1.0971   0.0008  -0.0119
 -0.0135   0.2259   0.0261  -1.1360  -0.0017   0.0081
 -0.0156   0.1836   0.0263  -1.1135  -0.0003  -0.0251
 -0.0171   0.1621   0.0209  -1.1400   0.0041  -0.0301
 -0.0141   0.2041   0.0228  -1.0832  -0.0003   0.0055
 -0.0133   0.1911   0.0245  -1.0908  -0.0041   0.0238
 -0.0107   0.1474   0.0186  -1.0765  -0.0025  -0.0347
 -0.0094   0.1875   0.0211  -1.0631  -0.0023  -0.0036
 -0.0192   0.1827   0.0093  -1.0488  -0.0076   0.0014
 -0.0153   0.1424   0.0153  -1.0757  -0.0046   0.0207
 -0.0099   0.1540   0.0247  -1.1113  -0.0097  -0.0242
 -0.0147   0.1656   0.0400  -1.1340  -0.0108  -0.0382
 -0.0026   0.1822   0.0452  -1.1168  -0.0119  -0.0029
 -0.0136   0.1732   0.0399  -1.1205  -0.0083   0.0044
 -0.0022   0.1369   0.0750  -1.1502  -0.0094  -0.0362
 -0.0081   0.1512   0.0713  -1.1698  -0.0070  -0.0496
 -0.0077   0.1751   0.0525  -1.1647  -0.0049   0.0152
 -0.0207   0.1746   0.0552  -1.1683  -0.0075  -0.0167
 -0.0177   0.1559   0.0513  -1.1986  -0.0104  -0.0561
 -0.0166   0.1738   0.0569  -1.1800  -0.0098  -0.0359
 -0.0090   0.1871   0.0492  -1.1663  -0.0099  -0.0088
 -0.0163   0.1893   0.0411  -1.1475  -0.0118  -0.0362
 -0.0185   0.1657   0.0550  -1.1794  -0.0205  -0.0454
 -0.0038   0.1976   0.0381  -1.1829  -0.0157  -0.0668
 -0.0273   0.0814   0.1144  -1.5661  -0.0150   0.0378
 -0.0393  -0.2394   0.1612  -1.9526   0.0037   0.1499
 -0.0396  -0.2533   0.3685  -1.7620   0.0452   0.1745
 -0.0241  -0.4225   0.3217  -1.1618   0.0475   0.1095
 -0.0403  -0.2406   0.2046   0.2650   0.0126  -0.1247
  0.0735  -0.3232   0.1688   0.4343   0.0266   0.0016
  0.1316  -0.4427   0.1594   0.8113   0.0415  -0.0270
  0.1582  -0.3882   0.1814   0.8710   0.0598   0.0297
  0.1564  -0.2633   0.2035   0.7912   0.0468  -0.0304
  0.1713  -0.2496   0.1995   0.8079   0.0634   0.0299
  0.1484  -0.4049   0.2115   0.9074   0.0576  -0.0401
  0.1318  -0.1409   0.2165   0.8176   0.0499   0.0272
  0.1307  -0.0907   0.2732   0.6953   0.0482  -0.0758
  0.1475  -0.0896   0.2763   0.6394   0.0714  -0.0803
  0.1419  -0.2101   0.2991   0.7095   0.0050  -0.1858
  0.1438  -0.1710   0.3046   0.7434   0.0255  -0.1012
  0.1618  -0.2670   0.2946   0.8797   0.1109   0.0120
  0.1772  -0.1144   0.2139   1.0969   0.0907  -0.1239
  0.1897  -0.0242   0.1410   1.3480   0.0960  -0.0856
  0.1851   0.0291   0.1336   1.4034   0.0782  -0.0688
  0.1751   0.0063   0.1230   1.4261   0.0715  -0.0505
  0.1755   0.0110   0.1112   1.4162   0.0569  -0.1003
  0.1698   0.0238   0.1054   1.4315   0.0472  -0.0749
  0.1737   0.0626   0.1013   1.4564   0.0397  -0.0676
  0.1730   0.0660   0.0979   1.4732   0.0385  -0.0469
  0.1765   0.0529   0.0997   1.4887   0.0344  -0.0653
  0.1716   0.0232   0.0920   1.4757   0.0339  -0.0807
  0.1784   0.0489   0.0889   1.5193   0.0280  -0.1001
  0.1749   0.0707   0.0908   1.5190   0.0220  -0.0521
  0.1752   0.0746   0.0905   1.5651   0.0258  -0.0612
  0.1716   0.0524   0.0851   1.5184   0.0258  -0.0718
  0.1777   0.0456   0.0797   1.5774   0.0291  -0.0956
  0.1734   0.0977   0.0839   1.5423   0.0219  -0.0512
  0.1898   0.0610   0.0782   1.6065   0.0254  -0.0625
  0.1724   0.0566   0.0688   1.5348   0.0193  -0.0917
  0.1922  -0.0376   0.0861   1.2796   0.0341   0.0125
  0.1661  -0.0590   0.0968   0.6265   0.0086   0.0777
  0.1453  -0.0976   0.0970   0.4279   0.0246   0.0150
  0.0180  -0.0756   0.0456   0.6784   0.0196  -0.1156
 -0.0061  -0.4084   0.0485   1.0002   0.0578  -0.0512
  0.0321  -0.5008   0.0817   1.2530   0.0368   0.0041
  0.0119  -0.2960   0.1116   0.4150   0.0128   0.0720
  0.0018  -0.4031   0.1146   0.8022   0.0421   0.0321
  0.0473  -0.3531   0.1473   0.5961   0.0261  -0.0000
  0.0410  -0.2018   0.2009   0.4492   0.0448   0.0353
  0.0717  -0.1758   0.1589   0.3942   0.0463  -0.0106
  0.0589  -0.1427   0.0506   0.7052   0.0318  -0.0501
  0.0903   0.0354   0.0336   0.5210   0.0447  -0.0365
  0.1029   0.0400   0.0374   0.5071   0.0690  -0.1589
  0.0804  -0.0421   0.0038   0.6727   0.0480  -0.0410
  0.0966  -0.0060  -0.0066   0.6959   0.0429  -0.0462
  0.0711   0.0207   0.0012   0.6977   0.0287  -0.0514
  0.0746   0.0157   0.0102   0.7089   0.0382  -0.0694
  0.0601   0.0321   0.0114   0.6813   0.0267  -0.0739
  0.0617   0.0502   0.0145   0.7230   0.0290  -0.0868
  0.0618   0.0678   0.0212   0.7028   0.0185  -0.0664
  0.0716   0.0715   0.0081   0.7480   0.0213  -0.0587
  0.0731   0.0812   0.0064   0.7648   0.0158  -0.0136
  0.0726   0.0859   0.0035   0.8143   0.0147  -0.0483
  0.0733   0.0688   0.0043   0.7926   0.0113  -0.0524
  0.0673   0.0513   0.0061   0.8240   0.0149  -0.0490
  0.0658   0.0441   0.0023   0.8019   0.0095  -0.0564
  0.0637   0.0543  -0.0018   0.8308   0.0136  -0.0505
  0.0529   0.0741  -0.0199   0.7853   0.0047  -0.0422
  0.0423   0.0742  -0.0380   0.8103   0.0115  -0.0337
  0.0337   0.0774  -0.0419   0.7698   0.0081  -0.0392
  0.0359   0.0499  -0.0344   0.7957   0.0167  -0.0593
  0.0548   0.0347  -0.0246   0.7691   0.0073  -0.0764
  0.0644   0.0416  -0.0290   0.7859   0.0060  -0.0413
  0.0407   0.0955  -0.0365   0.7539   0.0096  -0.0365
  0.0569   0.0410  -0.0339   0.7556   0.0090  -0.0733
  0.0545  -0.0017  -0.0136   0.7327   0.0037  -0.0945
  0.0563  -0.0122  -0.0007   0.7436   0.0008  -0.0885
  0.0497   0.0230  -0.0118   0.7233  -0.0007  -0.0769
  0.0472   0.0294  -0.0138   0.7370  -0.0047  -0.0594
  0.0382   0.0124  -0.0069   0.7214  -0.0079  -0.0555
  0.0374   0.0113  -0.0110   0.7315  -0.0045  -0.0750
  0.0398   0.0204  -0.0149   0.7412  -0.0029  -0.0905
  0.0389   0.0694  -0.0250   0.7602   0.0014  -0.0582
  0.0352   0.0615  -0.0241   0.7411  -0.0033  -0.0367
  0.0304   0.0481  -0.0231   0.7294   0.0038  -0.0511
  0.0315   0.0310  -0.0213   0.7097  -0.0031  -0.0523
  0.0337   0.0411  -0.0190   0.7180  -0.0012  -0.0547
  0.0384   0.0578  -0.0202   0.7340  -0.0023  -0.0099
  0.0316   0.0755  -0.0296   0.7377  -0.0051   0.0090
  0.0278   0.0495  -0.0126   0.7333  -0.0004  -0.0192
  0.0257   0.0522  -0.0183   0.7134  -0.0023  -0.0407
  0.0302   0.0425  -0.0113   0.7171  -0.0009  -0.0352
  0.0189   0.0875  -0.0147   0.6723   0.0007  -0.0209
  0.0155   0.0745  -0.0056   0.6638  -0.0016  -0.0136
  0.0176   0.0768  -0.0129   0.6992   0.0017  -0.0113
  0.0257   0.0430  -0.0146   0.7287   0.0009  -0.0435
  0.0283   0.0441  -0.0142   0.7164   0.0019  -0.0436
  0.0323   0.0620  -0.0190   0.7519   0.0042  -0.0351
  0.0200   0.0876  -0.0220   0.7019   0.0059  -0.0153
  0.0243   0.0596  -0.0057   0.7115   0.0043  -0.0383
  0.0165   0.0462  -0.0051   0.7016  -0.0011  -0.0505
  0.0250   0.0644  -0.0121   0.7426  -0.0051  -0.0407
  0.0200   0.0893  -0.0184   0.7292  -0.0078  -0.0179
  0.0210   0.0835  -0.0235   0.7667  -0.0076  -0.0126
  0.0217   0.0632  -0.0224   0.7028  -0.0039  -0.0196
  0.0310   0.0578  -0.0248   0.8132  -0.0072  -0.0628
 -0.0181   0.1026   0.0008   0.2563   0.0006   0.0331
 -0.0207   0.1414   0.0301  -0.1352  -0.0045   0.0090
  0.0013   0.0844   0.0111  -0.0595  -0.0078  -0.1745
  0.0002   0.0783   0.0224   0.3224  -0.0007  -0.1672
 -0.0014   0.0245   0.0317   0.0471   0.0002  -0.0135
  0.0005  -0.0049   0.0183   0.5652   0.0008  -0.0773
  0.0230   0.0706  -0.0259   1.2484   0.0074  -0.1379
  0.0198   0.0363  -0.0129   1.3450   0.0023  -0.0154
  0.0011   0.0565  -0.0315   1.4090  -0.0027  -0.0414
 -0.0094   0.0277  -0.0192   1.3510  -0.0053  -0.0578
 -0.0125   0.0240  -0.0169   1.3489   0.0034  -0.0726
 -0.0053   0.0657   0.0046   0.9658  -0.0056   0.0178
 -0.0118   0.0851  -0.0138   0.8374   0.0069  -0.0283
 -0.0114   0.0419   0.0563   0.9542  -0.0039  -0.1011
 -0.0460   0.0633   0.0709   1.1053   0.0090  -0.1040
  0.0128   0.1305   0.0145   0.8255  -0.0143  -0.0529
 -0.0149   0.0357  -0.0327   0.7633  -0.0102  -0.0197
 -0.0175   0.0174  -0.0120   0.9873  -0.0176  -0.1230
 -0.0167  -0.0097   0.0987   0.7548  -0.0049  -0.0091
 -0.0499  -0.0302   0.1502   0.6896   0.0069  -0.0135
 -0.0871   0.0226   0.0047   0.5573   0.0230  -0.0224
 -0.0795  -0.0003   0.0049   0.8973   0.0183  -0.0669
  0.0057   0.0622   0.0086   1.4046   0.0158  -0.1136
 -0.0226   0.0064  -0.0512   1.6009  -0.0098  -0.0722
  0.0043   0.2256   0.0073   1.4135   0.0268  -0.1130
 -0.0098   0.1477   0.0052   1.4354   0.0505  -0.1152
  0.0158   0.2014  -0.0014   1.3603   0.0550  -0.1412
 -0.0254   0.1801  -0.0299   1.4272   0.0414  -0.0756
 -0.0168   0.3377  -0.0141   1.3372   0.0640  -0.1404
  0.0189   0.2070   0.0055   1.3959   0.0924  -0.1760
  0.0400   0.1669  -0.0442   1.4912   0.0691  -0.1131
