 -0.1856   0.0978  -0.1781  -0.2007  -0.0735   0.0005
 -0.2080   0.0019  -0.2470  -0.1712  -0.0978   0.0146
 -0.2381  -0.0609  -0.2240  -0.1160  -0.0978   0.0298
 -0.2409  -0.1527  -0.2010  -0.0466  -0.0993   0.0546
 -0.2538  -0.2163  -0.1956  -0.0448  -0.1045   0.0540
 -0.2566  -0.2324  -0.2299  -0.0531  -0.1018   0.0400
 -0.2615  -0.2103  -0.2136  -0.0091  -0.0949   0.0508
 -0.2659  -0.2447  -0.2102   0.0041  -0.0851   0.0561
 -0.2729  -0.2362  -0.2079  -0.0092  -0.0931   0.0695
 -0.2661  -0.2092  -0.1956  -0.0445  -0.0962   0.0263
 -0.2567  -0.3479  -0.1752   0.0232  -0.0886   0.0963
 -0.2406  -0.8631  -0.0957   0.2531  -0.0758   0.1074
 -0.2054  -0.7328  -0.0371   0.2691  -0.0340   0.1096
  0.0253   0.3282  -0.0465  -0.2698   0.0503  -0.0634
  0.1822   0.5928  -0.0946  -0.4512   0.1229  -0.1513
  0.1989   0.7457  -0.1141  -0.4492   0.0937  -0.1645
  0.1493   0.3827  -0.0251  -0.3330   0.0708  -0.1095
  0.0696   0.3836  -0.0023  -0.3486   0.0429  -0.0598
  0.0238   0.3742   0.0503  -0.3674   0.0337  -0.1331
  0.0160   0.3031   0.0689  -0.3095   0.0436  -0.1190
  0.0255   0.3505   0.0535  -0.3281   0.0393  -0.0910
  0.0361   0.4644   0.0833  -0.3744   0.0482  -0.0753
  0.0406   0.4284   0.0603  -0.2573   0.0151  -0.2715
  0.0188   0.4052   0.0898  -0.3270   0.0121  -0.1205
  0.0060   0.4028   0.0973  -0.3725   0.0048   0.0801
 -0.0026   0.4869   0.1317  -0.3994   0.0153   0.0381
  0.0342   0.5655   0.1704  -0.2755   0.0033  -0.0820
  0.0246   0.5700   0.1467  -0.3045   0.0110  -0.0426
  0.0287   0.5067   0.1509  -0.2443   0.0060  -0.0441
  0.0307   0.4441   0.1369  -0.2029   0.0059  -0.0275
  0.0247   0.3697   0.1272  -0.1754   0.0039  -0.0697
  0.0176   0.2963   0.1051  -0.1372  -0.0113  -0.0590
 -0.0004   0.2546   0.1020  -0.1346  -0.0146   0.0252
  0.0094   0.2168   0.0805  -0.1445  -0.0207  -0.0450
  0.0079   0.1597   0.0629  -0.0937  -0.0261  -0.0614
  0.0017   0.1041   0.0510  -0.0758  -0.0390  -0.0553
  0.0023   0.0214   0.0478  -0.0469  -0.0229  -0.0429
 -0.0074  -0.0144   0.0170  -0.0507  -0.0239   0.0305
  0.0018  -0.0105   0.0023  -0.0173  -0.0182  -0.0159
  0.0193  -0.0048  -0.0072  -0.0543  -0.0037   0.0176
  0.0148  -0.0675  -0.0100   0.0618   0.0089  -0.0381
  0.0032  -0.1040  -0.0392   0.1790   0.0067  -0.0019
 -0.0021  -0.1264  -0.0447   0.1946  -0.0027   0.0180
 -0.0023  -0.1393  -0.0543   0.2152  -0.0022   0.0698
 -0.0059  -0.1550  -0.0435   0.2319  -0.0061   0.0521
 -0.0051  -0.1789  -0.0478   0.2529  -0.0087   0.0277
  0.0017  -0.1681  -0.0474   0.2226  -0.0135   0.0463
  0.0163  -0.1707  -0.0466   0.2102  -0.0097   0.0843
 -0.0087  -0.1705  -0.0500   0.2159  -0.0419   0.0411
 -0.0453  -0.1253  -0.0301   0.2018  -0.0402   0.0670
 -0.0323  -0.1168  -0.0057   0.1515  -0.0349   0.0283
 -0.0058  -0.0749   0.0229   0.0994  -0.0088   0.0953
  0.0363  -0.1202   0.0486   0.1191   0.0162   0.0249
  0.0421  -0.0442   0.0338   0.1219  -0.0000  -0.0129
  0.0529   0.0348   0.0097   0.0944   0.0074   0.0108
  0.0516  -0.0100   0.0129   0.1271   0.0101   0.0030
  0.0500  -0.0301   0.0000   0.1206   0.0208   0.0336
  0.0543  -0.0460   0.0193   0.1300   0.0235   0.0039
  0.0697  -0.0459   0.0320   0.1434   0.0377  -0.0198
  0.0603  -0.0537   0.0356   0.1460   0.0059   0.0172
  0.0609  -0.0691   0.0319   0.1543  -0.0081   0.0071
  0.0367  -0.0500   0.0271   0.1430  -0.0212   0.0055
  0.0536  -0.0412   0.0330   0.1392  -0.0062   0.0124
  0.0576  -0.0008   0.0313   0.1126   0.0136   0.0606
  0.0611  -0.0099   0.0293   0.1087   0.0181   0.0204
  0.0590  -0.0703   0.0296   0.1618   0.0004  -0.0529
  0.0583  -0.0495   0.0203   0.1533   0.0033   0.0259
  0.0539  -0.1038   0.0123   0.1898  -0.0128   0.0197
  0.0341  -0.1570   0.0183   0.1949  -0.0075   0.0216
  0.0557  -0.3012   0.0316   0.2288  -0.0115   0.0210
  0.0961  -0.3465   0.0536   0.2102   0.0069   0.0452
  0.0910  -0.3054   0.0507   0.1715   0.0346   0.0702
  0.1827  -0.2885   0.1046   0.1865   0.0812   0.0667
  0.1942  -0.1967   0.0737   0.1198   0.1141  -0.0024
  0.2001  -0.2990   0.0917   0.1070   0.1552   0.0466
  0.1835  -0.4334   0.1402   0.2264   0.1444   0.0015
  0.1660  -0.4556   0.1457   0.3022   0.1138   0.0504
  0.1660  -0.5056   0.1831   0.4106   0.1181   0.0484
