  0.0145  -0.0260   0.0707   0.0331   0.0176   0.0096
  0.0229   0.0798   0.0727  -0.0701   0.0189  -0.0297
  0.0189   0.0686   0.0705  -0.0538   0.0155   0.0015
  0.0199   0.0571   0.0650  -0.0330   0.0225   0.0039
  0.0206   0.0380   0.0689  -0.0271   0.0265  -0.0218
  0.0198   0.0360   0.0680  -0.0385   0.0215  -0.0119
  0.0223   0.0244   0.0598  -0.0184   0.0200   0.0234
  0.0203   0.0291   0.0615  -0.0176   0.0170   0.0134
  0.0286   0.0122   0.0627   0.0017   0.0173   0.0081
  0.0298  -0.0053   0.0640   0.0036   0.0155  -0.0119
  0.0294  -0.0204   0.0559   0.0176   0.0184   0.0097
  0.0241  -0.0539   0.0475   0.0570   0.0210  -0.0091
  0.0273  -0.0541   0.0530   0.0418   0.0243   0.0050
  0.0238  -0.0568   0.0526   0.0322   0.0179   0.0044
  0.0214  -0.0951   0.0505   0.0745   0.0239  -0.0264
  0.0147  -0.1061   0.0452   0.0868   0.0232  -0.0032
  0.0139  -0.1401   0.0517   0.0975   0.0165  -0.0065
  0.0060  -0.1250   0.0458   0.1089   0.0186   0.0103
 -0.0001  -0.1542   0.0380   0.1293   0.0143   0.0309
  0.0035  -0.1672   0.0354   0.1353   0.0171   0.0255
  0.0018  -0.1668   0.0337   0.1349   0.0098   0.0073
  0.0008  -0.1567   0.0258   0.1510   0.0083  -0.0039
  0.0022  -0.1979   0.0178   0.1830   0.0127   0.0132
  0.0010  -0.1733   0.0150   0.1520   0.0202   0.0364
 -0.0045  -0.1536   0.0053   0.1300   0.0120   0.0208
 -0.0074  -0.1388   0.0086   0.1261   0.0146   0.0268
 -0.0027  -0.1065   0.0105   0.1136   0.0093   0.0248
 -0.0014  -0.1213   0.0055   0.1403   0.0097   0.0162
  0.0036  -0.1352  -0.0031   0.1415   0.0093  -0.0425
 -0.0122  -0.1212   0.0027   0.1226   0.0115   0.0502
 -0.0185  -0.1284  -0.0052   0.1072   0.0104   0.0361
 -0.0151  -0.1167  -0.0080   0.1141   0.0052  -0.0040
 -0.0097  -0.1107  -0.0021   0.1324   0.0059   0.0169
 -0.0158  -0.1094  -0.0047   0.1212   0.0037  -0.0052
 -0.0011  -0.1164  -0.0054   0.1309   0.0071   0.0046
 -0.0181  -0.0965  -0.0171   0.1048  -0.0094   0.0231
 -0.0148  -0.1167  -0.0187   0.0996   0.0022   0.0415
 -0.0543  -0.1274  -0.0220   0.0924  -0.0394  -0.0071
 -0.0312  -0.0312  -0.0152   0.0172  -0.0248   0.0358
 -0.0165   0.0308  -0.0159  -0.0272  -0.0209  -0.0209
 -0.0237   0.0321  -0.0210   0.0070  -0.0222  -0.0204
 -0.0103   0.0401  -0.0164  -0.0063  -0.0289  -0.0063
 -0.0151   0.0330  -0.0148  -0.0040  -0.0369   0.0328
 -0.0154   0.0244  -0.0135  -0.0144  -0.0340   0.0048
 -0.0220   0.0336  -0.0187  -0.0078  -0.0334   0.0006
 -0.0205  -0.0064  -0.0268   0.0095  -0.0248  -0.0348
 -0.0290   0.0031  -0.0242  -0.0080  -0.0183  -0.0021
 -0.0235  -0.0082  -0.0285  -0.0281  -0.0138  -0.0163
 -0.0259   0.0209  -0.0191  -0.0393  -0.0037  -0.0132
 -0.0301   0.0295  -0.0257  -0.0408   0.0007  -0.0162
 -0.0226   0.0223  -0.0242  -0.0407  -0.0035  -0.0342
 -0.0221  -0.0006  -0.0328  -0.0275  -0.0096  -0.0387
 -0.0136  -0.0025  -0.0247  -0.0221  -0.0072  -0.0245
 -0.0106   0.0226  -0.0279   0.0003   0.0077  -0.0041
  0.0001   0.0276  -0.0056  -0.0344  -0.0092   0.0256
 -0.0036   0.0108  -0.0046  -0.0530  -0.0245  -0.0280
 -0.0244   0.0199  -0.0053  -0.0485  -0.0098  -0.0142
 -0.0168   0.0454  -0.0075  -0.0787  -0.0210  -0.0125
 -0.0111   0.0727  -0.0167  -0.0652  -0.0257  -0.0072
 -0.0120   0.0918  -0.0269  -0.0807  -0.0291  -0.0006
  0.0030   0.1106  -0.0258  -0.0937  -0.0137   0.0458
 -0.0012   0.0897  -0.0285  -0.0904  -0.0090  -0.0064
  0.0006   0.1191  -0.0164  -0.0907  -0.0034  -0.0696
  0.0105   0.1415  -0.0185  -0.1113   0.0031   0.0350
  0.0182   0.1385   0.0054  -0.0533  -0.0093  -0.0184
  0.0247   0.1180   0.0019  -0.0677  -0.0131   0.0000
  0.0186   0.1166  -0.0252  -0.1389  -0.0046  -0.0074
  0.0110   0.1427  -0.0279  -0.1336   0.0002   0.0023
  0.0155   0.1440  -0.0322  -0.1348   0.0030   0.0061
  0.0079   0.1581  -0.0295  -0.1302  -0.0047  -0.0027
  0.0103   0.1651  -0.0358  -0.1349  -0.0035  -0.0432
  0.0119   0.1757  -0.0469  -0.1483  -0.0017   0.0179
  0.0062   0.1586  -0.0581  -0.1455  -0.0188  -0.0132
  0.0179   0.1624  -0.0778  -0.1444  -0.0083   0.0193
  0.0156   0.1473  -0.0855  -0.1651  -0.0082  -0.0243
  0.0129   0.1200  -0.0868  -0.1406  -0.0033  -0.0126
 -0.0071   0.1495  -0.0841  -0.1579  -0.0009   0.0123
  0.0025   0.1815  -0.0925  -0.1672   0.0004  -0.0156
