 -0.0511   0.0598  -0.3516   0.1001   0.0341   0.0161
 -0.1298  -0.0331  -0.3481  -0.0159   0.0369   0.0509
 -0.0959  -0.0121  -0.3379   0.0640   0.0268   0.0065
 -0.1106  -0.0157  -0.3652  -0.0051   0.0474   0.0423
 -0.1124  -0.0164  -0.3599   0.0663   0.0406   0.0124
 -0.1027   0.0081  -0.3685   0.0503   0.0255   0.0293
 -0.1045  -0.0072  -0.3615   0.0386   0.0336   0.0332
 -0.1008   0.0112  -0.3757   0.0349   0.0265   0.0193
 -0.1083  -0.0070  -0.3620   0.0224   0.0326   0.0162
 -0.0853  -0.0074  -0.3756  -0.0328   0.0255   0.0333
 -0.0917   0.0028  -0.3690   0.0030   0.0258   0.0195
 -0.0596  -0.0003  -0.3887  -0.0632   0.0123   0.0430
 -0.0664   0.0095  -0.3842  -0.0063   0.0224   0.0214
 -0.0785  -0.0036  -0.3726   0.0328   0.0279   0.0132
 -0.0708   0.0221  -0.3805   0.0616   0.0183   0.0221
 -0.0895   0.0270  -0.3994   0.0768   0.0088   0.0133
 -0.0840   0.0457  -0.4087   0.0235   0.0176   0.0387
 -0.1026   0.0366  -0.4078   0.0487   0.0269   0.0134
 -0.1152   0.0412  -0.4009   0.0059   0.0334   0.0397
 -0.1295  -0.0044  -0.3737  -0.0310   0.0361   0.0244
 -0.1363   0.0224  -0.3816   0.0036   0.0407   0.0388
 -0.1288   0.0202  -0.3825  -0.0139   0.0233   0.0324
 -0.1047   0.0154  -0.3688  -0.0210   0.0186   0.0226
 -0.0929   0.0105  -0.3624  -0.0024   0.0081   0.0164
 -0.0775   0.0115  -0.3704   0.0074   0.0193   0.0196
 -0.0686   0.0012  -0.3668   0.0122   0.0136   0.0201
 -0.0561   0.0067  -0.3604   0.1037   0.0124  -0.0020
 -0.0355   0.0132  -0.3755   0.0167   0.0039   0.0299
 -0.0297  -0.0032  -0.3497   0.1282   0.0142  -0.0085
 -0.0245   0.0415  -0.3668   0.0826   0.0195   0.0127
 -0.0278   0.0265  -0.3268   0.1301   0.0311  -0.0084
 -0.0338   0.1526  -0.3113   0.1706   0.0312  -0.0207
 -0.0132   0.1843  -0.3131   0.2081   0.0267  -0.0271
 -0.0255   0.1548  -0.3069   0.2661   0.0179  -0.0539
  0.0031   0.1605  -0.3048   0.1664   0.0224  -0.0263
 -0.0016   0.1072  -0.2692   0.1226   0.0271  -0.0247
 -0.0327   0.1551  -0.2711   0.2051   0.0526  -0.0363
 -0.0295   0.1621  -0.2801   0.1387   0.0471  -0.0243
 -0.0452   0.1612  -0.2816   0.2757   0.0478  -0.0555
 -0.0251   0.1670  -0.3122   0.1229   0.0473   0.0039
 -0.0204   0.1440  -0.2865   0.2199   0.0457  -0.0262
 -0.0002   0.1493  -0.3088   0.1014   0.0391   0.0181
 -0.0109   0.1565  -0.2858   0.1817   0.0480  -0.0250
  0.0193   0.1325  -0.2935   0.0381   0.0117   0.0157
  0.0063   0.1349  -0.2794   0.1792   0.0205  -0.0359
  0.0066   0.1289  -0.2888   0.1076   0.0135  -0.0073
  0.0345   0.1304  -0.2757   0.1077  -0.0028  -0.0090
  0.0269   0.1379  -0.2717   0.0908   0.0136  -0.0009
  0.0202   0.1207  -0.2766   0.1054   0.0080  -0.0076
  0.0215   0.1041  -0.2567   0.1184  -0.0050  -0.0019
  0.0316   0.1868  -0.3056   0.1101  -0.0165  -0.0158
  0.0143   0.2135  -0.3008   0.1988  -0.0128  -0.0240
  0.0154   0.1742  -0.2745   0.1531  -0.0111   0.0010
  0.0351   0.1304  -0.2447   0.0450  -0.0171  -0.0031
  0.0471   0.1023  -0.2253   0.0514  -0.0175   0.0117
  0.0575   0.0952  -0.2106   0.0179  -0.0536   0.0059
  0.0683   0.1441  -0.1865   0.0956  -0.0530  -0.0029
  0.0693   0.1120  -0.2053   0.0683  -0.0256  -0.0079
  0.0815   0.0730  -0.1812  -0.0102  -0.0385   0.0275
  0.0836   0.0736  -0.1939   0.0741  -0.0298   0.0043
  0.0854   0.1003  -0.1839   0.0373  -0.0267   0.0307
  0.0630   0.1202  -0.1639   0.2271  -0.0105  -0.0227
  0.0722   0.1632  -0.1914   0.1099  -0.0102   0.0136
  0.0599   0.1290  -0.1662   0.1427   0.0008  -0.0157
  0.0650   0.2361  -0.1813   0.1383  -0.0062  -0.0123
  0.0235   0.2169  -0.1741   0.1880  -0.0038  -0.0348
  0.0634   0.1710  -0.1701   0.1925  -0.0063  -0.0423
  0.0855   0.1854  -0.1598   0.1583  -0.0031  -0.0195
  0.0874   0.1409  -0.1586   0.1132  -0.0164  -0.0173
  0.0801   0.1411  -0.1485   0.0928  -0.0186  -0.0102
  0.0742   0.1708  -0.1411   0.2588   0.0098  -0.0630
  0.0644   0.1505  -0.1383   0.0923   0.0057  -0.0064
  0.1128   0.1174  -0.1167   0.1828   0.0240  -0.0492
  0.0996   0.1483  -0.1307   0.1270   0.0281  -0.0277
  0.1273   0.0957  -0.1082   0.0617   0.0462  -0.0230
  0.0926   0.1332  -0.1254   0.1683   0.0425  -0.0423
  0.1259   0.0909  -0.1178  -0.0367   0.0307   0.0212
  0.1193   0.0593  -0.1182  -0.0327   0.0271   0.0241
  0.0816   0.1404  -0.1321   0.1973   0.0330  -0.0429
  0.0996   0.1553  -0.1530   0.0667   0.0202   0.0086
  0.0926   0.1479  -0.1274   0.1874   0.0239  -0.0493
  0.1017   0.1557  -0.1594   0.1000   0.0105  -0.0086
  0.1028   0.1284  -0.1244   0.1935   0.0087  -0.0449
  0.1234   0.1266  -0.1324   0.0713   0.0012  -0.0059
  0.1421   0.1317  -0.1247   0.2108   0.0006  -0.0421
  0.1575   0.1133  -0.1181   0.1299  -0.0151  -0.0159
  0.1481   0.1078  -0.1191   0.1917  -0.0233  -0.0300
  0.1012   0.0740  -0.0672   0.0647   0.0099   0.0061
  0.0874   0.0783  -0.0901   0.0951   0.0100  -0.0040
  0.1303   0.0505  -0.0722  -0.0098  -0.0119   0.0344
  0.1260   0.0106  -0.0452   0.0076  -0.0001   0.0321
  0.1339   0.0870  -0.0629   0.1730   0.0058  -0.0171
  0.1392   0.0910  -0.0756   0.1389   0.0229  -0.0348
  0.1688   0.0689  -0.0464   0.1586   0.0254  -0.0493
  0.1194   0.0774  -0.0574   0.1358   0.0073  -0.0551
  0.1008   0.0147  -0.0370  -0.0984   0.0409   0.0186
  0.0152   0.0600  -0.0723   0.1977   0.0755  -0.0496
  0.0443   0.0331  -0.0692   0.0154   0.0607   0.0134
  0.0874  -0.0010  -0.0116  -0.0166   0.0429   0.0184
  0.0908   0.0845  -0.0405   0.1216   0.0365  -0.0223
  0.1024   0.0668   0.0009   0.1105   0.0361  -0.0215
  0.0798   0.0055   0.0129  -0.0361   0.0520  -0.0157
  0.0814  -0.0109   0.0272   0.0225   0.0428  -0.0125
  0.0658   0.0241   0.0013  -0.0291   0.0258   0.0180
  0.0550   0.0356   0.0283  -0.0096   0.0165  -0.0033
  0.0569   0.0570  -0.0117   0.0511   0.0108  -0.0168
  0.0749  -0.0116   0.0162   0.0129  -0.0041  -0.0166
  0.0366   0.0519  -0.0224   0.1217   0.0216  -0.0257
  0.0296   0.0026  -0.0086  -0.0199   0.0181   0.0078
  0.0482   0.0355  -0.0034   0.0767   0.0141  -0.0179
  0.0471   0.0149   0.0067   0.0460   0.0050   0.0167
  0.0625   0.0294   0.0092   0.0739  -0.0008  -0.0135
  0.0615  -0.0469   0.0055  -0.1188  -0.0200   0.0449
  0.0561  -0.0014   0.0580   0.1230   0.0285  -0.0130
  0.0769  -0.0323   0.0176   0.0163   0.1180   0.0134
  0.0921  -0.0229  -0.0070   0.1632   0.0934  -0.0305
  0.0747  -0.0454   0.0139  -0.0575   0.0465   0.0355
  0.0366  -0.0313   0.0172   0.0577   0.0416   0.0128
  0.0726   0.0197   0.0187   0.1055   0.0209  -0.0040
  0.0526   0.0550   0.0050   0.1186   0.0306  -0.0081
  0.0746  -0.0040   0.0284   0.0930  -0.0022  -0.0081
  0.0696  -0.0052   0.0343   0.0684   0.0016  -0.0204
  0.0575  -0.0109   0.0287  -0.0668   0.0116   0.0365
  0.0310   0.0193   0.0655   0.0639   0.0325  -0.0178
  0.0404   0.0300   0.0334   0.0933   0.0153   0.0048
  0.0812  -0.0094   0.0315   0.1256  -0.0008  -0.0140
  0.0578   0.0242   0.0315   0.0787   0.0128  -0.0015
  0.0602  -0.0118   0.0243  -0.0328  -0.0044   0.0448
  0.0103  -0.0260   0.0659   0.0635   0.0023  -0.0159
  0.0368  -0.0129   0.0254  -0.0224   0.0109   0.0284
  0.0288  -0.0170   0.0639   0.1861   0.0204  -0.0304
  0.0670   0.0047  -0.0014  -0.0068  -0.0041   0.0318
  0.0939   0.0333   0.0812   0.0676  -0.0270   0.0022
  0.0211   0.0532   0.1281   0.0758   0.0086  -0.0144
  0.0122   0.0168   0.1343   0.0591  -0.0000  -0.0094
 -0.0211   0.0410   0.1360   0.0712   0.0163  -0.0313
 -0.0292   0.0231   0.1248   0.1038   0.0062  -0.0268
  0.0143   0.0165   0.1486   0.0465  -0.0032  -0.0142
  0.0007   0.0277   0.1391   0.0043  -0.0047   0.0043
 -0.0215   0.0018   0.1272   0.0131   0.0173  -0.0140
 -0.0137  -0.0379   0.1215  -0.1376  -0.0084   0.0346
 -0.0002  -0.0173   0.1476   0.0541  -0.0024  -0.0193
  0.0100  -0.0174   0.1391  -0.1112  -0.0014   0.0145
 -0.0186  -0.1060   0.1509  -0.3125   0.0056   0.0704
 -0.0262  -0.1022   0.1695  -0.1887   0.0002   0.0333
 -0.0244  -0.0463   0.1683  -0.0137   0.0052  -0.0212
 -0.0260  -0.0592   0.1618  -0.1032  -0.0178   0.0123
 -0.0535  -0.0273   0.1799   0.1024   0.0052  -0.0294
 -0.0368   0.0132   0.1412   0.0225  -0.0056  -0.0081
 -0.0381   0.0438   0.1502   0.1008   0.0039  -0.0404
 -0.0332   0.0338   0.1368   0.0566   0.0082  -0.0153
 -0.0365  -0.0413   0.1563  -0.1140   0.0068  -0.0156
 -0.0427  -0.0439   0.1624   0.0352  -0.0088  -0.0183
 -0.0301  -0.0560   0.1525  -0.0876  -0.0173   0.0140
 -0.0328  -0.0565   0.1858   0.0621  -0.0206  -0.0163
 -0.0769  -0.0741   0.1516  -0.0862   0.0419   0.0168
 -0.0768  -0.0822   0.1456   0.0275   0.0310  -0.0157
 -0.0701  -0.0713   0.1501  -0.0692   0.0005   0.0379
 -0.0528  -0.0619   0.1505  -0.0849  -0.0016   0.0253
 -0.0491  -0.0410   0.1509  -0.0436   0.0005   0.0227
 -0.0465  -0.0713   0.1411  -0.1155   0.0361   0.0313
 -0.0392  -0.0279   0.1404  -0.0344   0.0260  -0.0038
 -0.0551  -0.1030   0.1663  -0.1829   0.0154   0.0417
 -0.0412  -0.0413   0.1543   0.0691   0.0179  -0.0331
 -0.0645  -0.0312   0.1228  -0.1083   0.0205   0.0265
 -0.0524  -0.0240   0.1455   0.1151   0.0096  -0.0490
 -0.0447  -0.0241   0.1165  -0.0855  -0.0128   0.0115
 -0.0224  -0.0099   0.1460   0.1359  -0.0232  -0.0491
 -0.0245  -0.0296   0.0983  -0.2007  -0.0446   0.0486
 -0.0215  -0.0316   0.1731   0.0928  -0.0274  -0.0421
 -0.0371   0.0155   0.1160  -0.0611  -0.0246   0.0187
 -0.0121   0.0113   0.1577   0.1238  -0.0299  -0.0301
 -0.0043  -0.0289   0.1342  -0.0210  -0.0286   0.0032
  0.0103  -0.0031   0.1430  -0.0356  -0.0333   0.0080
  0.0008  -0.0789   0.1276  -0.2063  -0.0398   0.0432
  0.0101  -0.0305   0.1508  -0.0454  -0.0435  -0.0151
  0.0080  -0.0150   0.0966  -0.1007  -0.0488   0.0183
  0.0101  -0.0277   0.1271   0.0311  -0.0427  -0.0264
 -0.0349  -0.0257   0.1544  -0.0904  -0.0168   0.0197
 -0.0415  -0.0237   0.1457   0.0248  -0.0115  -0.0122
 -0.0138  -0.0401   0.1539  -0.1286  -0.0275   0.0213
 -0.0478  -0.0857   0.1595  -0.2675  -0.0053   0.0265
 -0.0254  -0.0361   0.1616   0.0762  -0.0267  -0.0425
 -0.0170  -0.0448   0.1356  -0.1883  -0.0314   0.0296
 -0.0118  -0.0817   0.1994   0.0274  -0.0305  -0.0145
 -0.0160  -0.0442   0.1490  -0.0882  -0.0393   0.0269
 -0.0090  -0.0428   0.1950   0.0999  -0.0452  -0.0210
 -0.0042  -0.0589   0.1460  -0.0860  -0.0484   0.0223
  0.0101  -0.0464   0.1766  -0.0047  -0.0652  -0.0072
 -0.0155  -0.0934   0.1514  -0.1876  -0.0038   0.0188
 -0.0184  -0.1297   0.1679  -0.2564  -0.0218   0.0363
 -0.0127  -0.0596   0.1868  -0.0195  -0.0251  -0.0124
 -0.0350  -0.1250   0.1762  -0.3556  -0.0243   0.0760
 -0.0399  -0.1490   0.1804  -0.3047  -0.0224   0.0445
 -0.0162  -0.1200   0.2012  -0.1587  -0.0344   0.0228
 -0.0253  -0.1457   0.2079  -0.1558  -0.0250  -0.0008
 -0.0195  -0.1193   0.2037  -0.1210  -0.0345   0.0090
 -0.0200  -0.1244   0.1986  -0.0904  -0.0183   0.0076
 -0.0205  -0.0899   0.2021  -0.0179  -0.0253   0.0106
 -0.0175  -0.1230   0.1834  -0.1688  -0.0344   0.0377
 -0.0317  -0.1084   0.2017  -0.0587  -0.0211  -0.0107
 -0.0710  -0.1279   0.1831  -0.2019   0.0198   0.0455
 -0.0553  -0.1362   0.2041  -0.1333   0.0167   0.0228
 -0.0828  -0.0764   0.1791   0.0275   0.0184  -0.0074
 -0.0874  -0.0853   0.1615  -0.1680   0.0172   0.0290
 -0.0520  -0.0848   0.2086   0.1511   0.0031  -0.0652
 -0.0409  -0.0542   0.1746  -0.1593  -0.0312   0.0451
 -0.0284  -0.0559   0.2196  -0.0054  -0.0322  -0.0087
 -0.0101  -0.0539   0.2045   0.0084  -0.0365  -0.0218
  0.0019  -0.0943   0.2044  -0.1700  -0.0620   0.0246
 -0.0294  -0.0835   0.2337   0.0986  -0.0263  -0.0532
 -0.0501  -0.0996   0.2005  -0.2205  -0.0116   0.0310
 -0.0588  -0.1104   0.2213  -0.0715   0.0005  -0.0237
 -0.0408  -0.0809   0.1892  -0.1316  -0.0225   0.0302
 -0.0648  -0.1144   0.2156  -0.1613   0.0001   0.0287
 -0.0160  -0.0538   0.2111   0.0198  -0.0421  -0.0233
 -0.0141  -0.0767   0.2150  -0.1063  -0.0542   0.0181
  0.0269  -0.0761   0.2116  -0.1259  -0.0666   0.0286
 -0.0007  -0.0780   0.2249  -0.0935  -0.0417   0.0059
 -0.0142  -0.0928   0.2155  -0.0526  -0.0305  -0.0084
 -0.0336  -0.1367   0.1901  -0.3275  -0.0276   0.0561
 -0.0438  -0.0982   0.2379   0.0861  -0.0263  -0.0419
 -0.0510  -0.0881   0.1982  -0.1716  -0.0309   0.0361
 -0.0352  -0.0748   0.2418   0.0893  -0.0276  -0.0315
 -0.0595  -0.1046   0.2316  -0.1930  -0.0143   0.0283
 -0.0565  -0.1288   0.2266  -0.0791  -0.0196  -0.0042
 -0.0279  -0.1311   0.2476  -0.0476  -0.0382  -0.0229
 -0.0287  -0.0805   0.2248  -0.0942  -0.0294   0.0133
 -0.0496  -0.1112   0.2173  -0.2121  -0.0155   0.0360
 -0.0383  -0.0697   0.2437   0.0418  -0.0211  -0.0436
 -0.0389  -0.1480   0.2005  -0.3893  -0.0137   0.0736
 -0.0105  -0.0976   0.2359  -0.0079  -0.0258  -0.0323
 -0.0434  -0.1158   0.2408  -0.1470  -0.0119  -0.0061
 -0.0602  -0.1550   0.2148  -0.2932   0.0049   0.0266
 -0.0471  -0.0785   0.2224  -0.0773  -0.0360  -0.0053
 -0.0158  -0.1024   0.2112  -0.1224  -0.0368  -0.0006
 -0.0119  -0.0702   0.2583  -0.0515  -0.0562  -0.0224
 -0.0343  -0.1445   0.1901  -0.3486  -0.0242   0.0465
 -0.0333  -0.1035   0.2751  -0.0585  -0.0325  -0.0233
 -0.0133  -0.0913   0.0241  -0.0940   0.0156  -0.0056
 -0.0094  -0.0613   0.0653  -0.0153   0.0088  -0.0263
 -0.0203  -0.0615   0.2051  -0.1529  -0.0459   0.0216
 -0.0397  -0.1150   0.1855  -0.1366  -0.0192  -0.0063
  0.0069  -0.0572   0.2085   0.0272  -0.0547  -0.0359
 -0.0158  -0.1166   0.1493  -0.2960  -0.0556   0.0298
 -0.0228  -0.1121   0.2415   0.0098  -0.0367  -0.0433
 -0.0230  -0.1017   0.1865  -0.1635  -0.0288  -0.0063
 -0.0324  -0.1172   0.2222  -0.1392  -0.0264  -0.0122
 -0.0231  -0.0852   0.1972  -0.0333  -0.0318  -0.0288
 -0.0210  -0.0941   0.2159  -0.0828  -0.0280  -0.0246
 -0.0591  -0.1401   0.1895  -0.2847  -0.0182   0.0329
 -0.0072  -0.1162   0.2083  -0.0685   0.0006  -0.0170
 -0.0073  -0.0956   0.2065  -0.0817  -0.0022  -0.0182
 -0.0533  -0.1568   0.2170  -0.3412  -0.0049   0.0316
 -0.0120  -0.0585   0.2261   0.0892  -0.0345  -0.0761
 -0.0212  -0.1291   0.1518  -0.3784  -0.0220   0.0441
 -0.0123  -0.1096   0.2096  -0.0157  -0.0201  -0.0290
 -0.0303  -0.1144   0.2326  -0.2078  -0.0148   0.0110
 -0.0566  -0.1834   0.2107  -0.3500  -0.0072   0.0328
 -0.0358  -0.1046   0.2386  -0.0876  -0.0248  -0.0196
 -0.0357  -0.1672   0.2187  -0.2788  -0.0170   0.0284
