 -0.1109   0.3618  -0.1366  -0.4287   0.0425  -0.0671
 -0.0379   0.2512  -0.2254  -0.6482   0.0624  -0.0172
 -0.0569   0.1830  -0.1740  -0.7342   0.0459  -0.0620
 -0.0652   0.1416  -0.1792  -0.5759   0.0501  -0.0408
 -0.0527   0.1030  -0.1335  -0.4441   0.0503  -0.0505
 -0.0791   0.2209  -0.0971  -0.7388   0.0402  -0.0186
 -0.0764   0.2484  -0.1225  -0.6148   0.0372  -0.0267
 -0.1099   0.2717  -0.1498  -0.4712   0.0519   0.0178
 -0.0480   0.1192  -0.0397  -0.4691   0.0006   0.0912
 -0.0187   0.0520   0.0554  -0.5257  -0.0293   0.0169
 -0.0915   0.1938  -0.0259  -0.4385  -0.0403   0.0058
 -0.1182   0.2593  -0.0225  -0.4199  -0.0122  -0.0133
 -0.1141   0.2892  -0.0322  -0.4090  -0.0282  -0.0258
 -0.1158   0.2637  -0.0266  -0.3432  -0.0170  -0.0331
 -0.0813   0.2925  -0.0366  -0.3339  -0.0218  -0.0289
 -0.0730   0.2548  -0.0006  -0.2637  -0.0118  -0.0384
 -0.0820   0.3005  -0.0114  -0.1444  -0.0384  -0.0478
 -0.0921   0.3436  -0.0113  -0.1801  -0.0370  -0.0609
 -0.0988   0.2854  -0.0177  -0.0186  -0.0341  -0.0737
 -0.0776   0.2970  -0.0217   0.0313  -0.0152  -0.0683
 -0.0682   0.3308  -0.0179  -0.0503  -0.0324  -0.0584
 -0.0759   0.3396  -0.0253   0.0514  -0.0638  -0.0638
 -0.0828   0.3213  -0.0350   0.1787  -0.0452  -0.0743
 -0.0976   0.4275  -0.0274   0.1011  -0.0562  -0.1199
 -0.0986   0.2472  -0.0774   0.0777  -0.0579  -0.1085
 -0.1049   0.2283  -0.0625  -0.1222  -0.0496  -0.0567
 -0.1310   0.3485  -0.0298  -0.4808  -0.0537  -0.0573
 -0.1393   0.4872  -0.0025  -0.5777  -0.0511  -0.0321
 -0.1191   0.5470  -0.0157  -0.2340  -0.0121  -0.0702
 -0.1340   0.5658  -0.0268  -0.0345   0.0610  -0.0456
 -0.1447   0.5734  -0.0108   0.0778   0.0215  -0.0616
 -0.1559   0.6276  -0.0044  -0.2286   0.0413  -0.0713
 -0.1328   0.6151   0.0242  -0.2888   0.0337  -0.0693
 -0.1137   0.5680  -0.0013   0.0525   0.0100  -0.0828
 -0.0924   0.6670  -0.0242   0.0895   0.0208  -0.1069
 -0.1034   0.5849  -0.0193   0.1100   0.0142  -0.1095
 -0.0900   0.4096  -0.0492   0.1232   0.0122  -0.0914
 -0.0787   0.4855  -0.0257   0.3662   0.0226  -0.0829
 -0.0757   0.5118  -0.0341   0.3146   0.0239  -0.1030
 -0.0874   0.5598  -0.0227   0.3960   0.0285  -0.1052
 -0.0856   0.5227  -0.0506   0.2975   0.0226  -0.1369
 -0.0867   0.4867  -0.0602   0.2746  -0.0003  -0.1096
 -0.0632   0.2590  -0.0702   0.1527  -0.0118  -0.1244
 -0.0695   0.4173  -0.0493   0.2691  -0.0057  -0.1053
 -0.0837   0.1938  -0.0943   0.0837  -0.0135  -0.1397
 -0.1083   0.1007  -0.0903  -0.0015  -0.0312  -0.1125
 -0.0926   0.2225  -0.0812   0.0042   0.0242  -0.0988
 -0.1128   0.1476  -0.0815  -0.0856   0.0193  -0.0659
  0.0674  -0.2503  -0.1016  -0.4627   0.0456  -0.1535
  0.1877  -0.0869  -0.0856  -0.5782   0.0823  -0.1386
  0.0459   0.2049  -0.0512   0.0605   0.0594  -0.0738
 -0.0242   0.0446  -0.0505   0.0220   0.0550  -0.0764
 -0.0317   0.0461   0.0537  -0.0846   0.0153  -0.0645
 -0.0315   0.1097   0.0564   0.0875   0.0512  -0.0833
 -0.0500   0.1625   0.0420   0.1693   0.0604  -0.0782
 -0.0401   0.2316   0.0357   0.1223   0.0559  -0.0840
  0.0043   0.0096   0.0274  -0.0442   0.0130  -0.0840
  0.0387  -0.1043   0.0155  -0.0496   0.0074  -0.0833
  0.0160   0.0164   0.0177   0.1183  -0.0342  -0.0877
  0.0525  -0.1279  -0.0488   0.0847  -0.0578  -0.0643
  0.0158  -0.0283  -0.0170   0.2101  -0.0553  -0.0493
  0.0150  -0.1489  -0.0065   0.2214  -0.0712  -0.0575
  0.0122  -0.1416   0.0252   0.1629  -0.0380  -0.0549
  0.0217  -0.1147   0.0384   0.1019  -0.0429  -0.0307
  0.0158  -0.0352   0.0563   0.0020  -0.0361  -0.0280
  0.0583  -0.0336   0.0687  -0.0404  -0.0257  -0.0217
 -0.0066  -0.1707   0.0409  -0.0446  -0.0371  -0.0425
  0.0142  -0.4412   0.0056  -0.1736  -0.0606  -0.0087
  0.0597  -0.3583   0.0220  -0.0097  -0.0800  -0.0067
 -0.0169  -0.1949   0.0652   0.2991  -0.0903  -0.0318
  0.0098  -0.2311   0.0386   0.2984  -0.0539  -0.0237
  0.0187  -0.3309  -0.0065   0.0860  -0.0436  -0.0244
  0.0585  -0.2443  -0.0264   0.5290  -0.0380  -0.0124
  0.0890  -0.4531   0.0165   0.4253  -0.0672   0.0204
  0.0662  -0.2773   0.0337   0.1077   0.0131   0.0021
  0.1472  -0.3417  -0.0638  -0.1116   0.0259   0.0053
  0.0675  -0.3145  -0.0296  -0.2989  -0.0661  -0.0527
 -0.0063  -0.1781   0.0349   0.0710  -0.0410  -0.0441
  0.0146  -0.2654   0.0373   0.3088  -0.0296   0.0484
 -0.0129  -0.2040   0.0171   0.4131  -0.0341   0.0186
 -0.0076  -0.1647   0.0196   0.3620  -0.0216   0.0019
 -0.0110  -0.1244   0.0170   0.6359   0.0232  -0.0025
  0.0096  -0.1523   0.0440   0.3596  -0.0137   0.0096
  0.0159  -0.1430   0.0625   0.2900  -0.0330  -0.0085
  0.0012  -0.0867   0.0032   0.3779  -0.0157   0.0167
 -0.0399  -0.0338   0.0545   0.2389  -0.0404  -0.0161
 -0.0479  -0.0780   0.0632   0.2816  -0.0337   0.0246
 -0.0260  -0.0516   0.0333   0.5368  -0.0194  -0.0001
 -0.0408  -0.0319   0.0807   0.5931   0.0126   0.0348
  0.0007  -0.1150   0.0462   0.4665  -0.0339  -0.0021
  0.0309  -0.1301   0.1020   0.1236   0.0195   0.0184
  0.0676  -0.1928   0.2278  -0.3660   0.0466   0.0576
  0.1183  -0.3800   0.1922  -0.4075  -0.0577   0.0726
  0.1152  -0.3460   0.1578  -0.2349  -0.0367   0.0900
  0.1367  -0.4370   0.1662  -0.3427  -0.0442   0.0737
  0.1588  -0.4358   0.1599  -0.2329  -0.0193   0.0705
  0.1451  -0.4131   0.1092   0.1405   0.0057   0.1239
  0.1412  -0.3229   0.1079   0.1055   0.0448   0.1080
  0.1085  -0.3675   0.0843   0.1024   0.0294   0.0873
  0.1432  -0.5596   0.1348  -0.0393   0.0184   0.1254
  0.1058  -0.4052   0.1280  -0.0369   0.0214   0.1530
  0.1103  -0.4780   0.1102  -0.2071   0.0413   0.1405
  0.1305  -0.4401   0.1001  -0.1163   0.0935   0.1051
  0.0873  -0.4798   0.0864   0.0024   0.0683   0.1211
  0.1168  -0.5960   0.0817   0.1644   0.0763   0.1189
  0.0960  -0.4569   0.0995   0.0323   0.0669   0.1263
  0.1109  -0.4889   0.0951  -0.0766   0.0538   0.1257
  0.1396  -0.4410   0.0398  -0.0712   0.0336   0.1261
  0.1205  -0.4943   0.0710  -0.1252   0.0331   0.1105
  0.1307  -0.4984   0.0695  -0.0304  -0.0147   0.1506
  0.1749  -0.3153  -0.0035  -0.1394  -0.0527   0.1730
  0.1597  -0.2759  -0.0409  -0.0192  -0.0225   0.1682
  0.1285  -0.2456  -0.0291   0.1390   0.0006   0.1579
  0.1320  -0.2460  -0.0470   0.2805   0.0149   0.1402
  0.1085  -0.1873  -0.0515   0.1814   0.0372   0.1390
  0.0908  -0.1423  -0.0685   0.2360   0.0232   0.1415
  0.0910  -0.0869  -0.0329   0.1836  -0.0004   0.1499
  0.0654  -0.0134  -0.0245   0.1268   0.0064   0.1606
  0.0530  -0.1108  -0.0263   0.2241   0.0302   0.1613
  0.0673  -0.0509  -0.0198   0.2248   0.0330   0.1661
  0.0653  -0.1534  -0.0081   0.2162   0.0446   0.1983
  0.0701  -0.1632  -0.0345   0.3311   0.0525   0.2005
  0.0676  -0.2233  -0.0310   0.2200   0.0614   0.1753
  0.0641  -0.1941  -0.0598   0.1391   0.0476   0.1731
