  0.0890   0.1325   0.0314   0.0160   0.0407   0.0460
  0.1017   0.1084   0.1742   0.0641   0.0387  -0.0227
  0.0975   0.0888   0.1277   0.0341   0.0446   0.0550
  0.0794   0.0659   0.1112   0.0072   0.0387   0.0678
  0.0816   0.0088   0.0803   0.0138   0.0311  -0.0390
  0.0978   0.0460   0.0679   0.0369   0.0336   0.0065
  0.0992   0.0677   0.0479   0.0197   0.0259   0.0232
  0.0939   0.0665   0.0527   0.0150   0.0263  -0.0040
  0.0643   0.0838   0.0888   0.0155   0.0412   0.0440
  0.0710   0.0677   0.0619   0.0222   0.0421  -0.0257
 -0.0292   0.3877   0.0838   0.2163   0.1269  -0.1028
 -0.0336   0.1219   0.2701  -0.0679   0.0898   0.0729
 -0.0435   0.1076   0.2507  -0.0595   0.0636   0.0532
 -0.0560   0.1199   0.2493  -0.0528   0.0424  -0.0622
 -0.0167   0.1092   0.2162   0.0187   0.0359   0.0273
 -0.0024   0.0747   0.1914   0.0226   0.0295  -0.0047
 -0.0005   0.0691   0.1516  -0.0211   0.0198   0.0120
 -0.0027   0.0773   0.1481  -0.0449   0.0189   0.0040
 -0.0010   0.0536   0.1419  -0.0598   0.0180   0.0124
  0.0012  -0.0006   0.1384  -0.0427   0.0414  -0.0449
 -0.0173   0.0034   0.1521  -0.0512   0.0347  -0.0024
 -0.0233   0.0203   0.1637  -0.0487   0.0365   0.0299
 -0.0330  -0.0620   0.1726  -0.0085   0.0293   0.0107
 -0.0136  -0.1328   0.2232  -0.0546   0.0107   0.0117
 -0.0113  -0.1476   0.1696  -0.0500   0.0148  -0.0305
  0.0139  -0.0910   0.1505  -0.0585   0.0173   0.0722
  0.0069  -0.0853   0.1185   0.0185   0.0270  -0.0203
  0.0054  -0.0383   0.1189  -0.0098   0.0253   0.0662
 -0.0018  -0.0730   0.1070   0.0118   0.0173  -0.0076
 -0.0277  -0.0744  -0.0126  -0.0122  -0.0458   0.0260
  0.0016  -0.0617  -0.0807  -0.0443  -0.0377   0.0202
  0.0091  -0.0668  -0.0807  -0.0092  -0.0346  -0.0173
 -0.0007  -0.0506  -0.0983  -0.0320  -0.0300   0.0042
  0.0028  -0.0525  -0.0981  -0.0145  -0.0275   0.0444
 -0.0073  -0.0666  -0.1041   0.0479  -0.0418  -0.0051
 -0.0075  -0.0359  -0.1068   0.0097  -0.0374   0.0314
 -0.0022  -0.0366  -0.1147   0.0128  -0.0368   0.0494
 -0.0019  -0.0482  -0.1183   0.0148  -0.0386  -0.0092
  0.0001  -0.0504  -0.1258   0.0163  -0.0434   0.0123
  0.0083  -0.0406  -0.1288   0.0094  -0.0347   0.0276
  0.0070  -0.0461  -0.1347   0.0060  -0.0321   0.0038
  0.0085  -0.0382  -0.1291   0.0093  -0.0345   0.0015
  0.0093  -0.0379  -0.1243   0.0204  -0.0334   0.0421
  0.0061  -0.0602  -0.1320   0.0516  -0.0311  -0.0073
 -0.0021  -0.0632  -0.1299   0.0368  -0.0295   0.0108
 -0.0031  -0.0655  -0.1136   0.0268  -0.0273   0.0123
 -0.0190  -0.0710  -0.1015   0.0197  -0.0194  -0.0222
 -0.0349  -0.0612  -0.0868   0.0123  -0.0089  -0.0174
 -0.0212  -0.0493  -0.0972   0.0020  -0.0167   0.0135
 -0.0303  -0.0508  -0.0922  -0.0072  -0.0175  -0.0102
 -0.0206  -0.0879  -0.1106  -0.0235  -0.0273  -0.0091
 -0.0312  -0.1270  -0.0865  -0.0093  -0.0357   0.0130
 -0.0179  -0.0693  -0.0967  -0.0050  -0.0297   0.0062
 -0.0096  -0.0771  -0.1254   0.0125  -0.0319  -0.0090
 -0.0053  -0.0650  -0.1301  -0.0064  -0.0336   0.0086
 -0.0003  -0.0436  -0.1321  -0.0128  -0.0347   0.0438
 -0.0039  -0.0673  -0.1361  -0.0166  -0.0328  -0.0138
 -0.0063  -0.0614  -0.1353  -0.0143  -0.0294  -0.0111
 -0.0118  -0.0540  -0.1243  -0.0183  -0.0400  -0.0077
 -0.0134  -0.0453  -0.1211  -0.0080  -0.0395   0.0032
 -0.0056  -0.0628  -0.1218  -0.0123  -0.0300  -0.0186
 -0.0004  -0.0663  -0.1241  -0.0155  -0.0330   0.0166
 -0.0055  -0.0642  -0.1268  -0.0224  -0.0314   0.0041
 -0.0066  -0.0495  -0.1196  -0.0230  -0.0348  -0.0374
 -0.0123  -0.0523  -0.1200  -0.0224  -0.0393  -0.0328
 -0.0129  -0.0383  -0.1172  -0.0297  -0.0384   0.0117
 -0.0134  -0.0653  -0.1265  -0.0067  -0.0407  -0.0646
 -0.0104  -0.0326  -0.1248  -0.0183  -0.0349   0.0342
 -0.0027  -0.0143  -0.1429  -0.0320  -0.0363  -0.0080
 -0.0030  -0.0330  -0.1465  -0.0238  -0.0357  -0.0358
  0.0014  -0.0162  -0.1507  -0.0271  -0.0362  -0.0062
 -0.0004  -0.0170  -0.1485  -0.0387  -0.0416  -0.0023
 -0.0809   0.0495  -0.0126   0.3071   0.0481  -0.0319
 -0.1274   0.0382  -0.3357  -0.0544  -0.0887  -0.0196
 -0.0203   0.4207   0.3734  -0.1194   0.1355  -0.1760
 -0.0957   0.4721   0.8280   0.1235   0.1855  -0.1522
 -0.0529   0.3264   0.3079   0.0644   0.1273  -0.0200
