  0.0637   0.0824   0.0527   0.0448   0.0209  -0.0193
  0.0622   0.1005   0.0941   0.0126   0.0526  -0.0209
  0.0473   0.0898   0.0783   0.0020   0.0361   0.0593
  0.0479   0.1254   0.0819   0.0331   0.0454   0.0143
  0.0416   0.1180   0.0703   0.0752   0.0403   0.0581
  0.0580   0.1210   0.0592   0.0679   0.0424  -0.0402
  0.0491   0.1084   0.0671   0.1164   0.0429   0.1455
  0.0493   0.1062   0.0605   0.0589   0.0222  -0.0997
  0.0418   0.0748   0.0446   0.0310   0.0279   0.0119
  0.0282   0.0822   0.0581   0.0736   0.0250   0.1188
  0.0528   0.0180   0.0336   0.0675   0.0234  -0.0521
  0.0544  -0.0274   0.0450   0.0585   0.0419  -0.0612
  0.0498   0.0160   0.0365   0.0497   0.0196  -0.0606
  0.0660   0.0507   0.0210   0.0640   0.0330   0.0520
  0.0623  -0.0092  -0.0334   0.0912   0.0146  -0.0061
  0.0404  -0.0324  -0.0639   0.0864   0.0041  -0.0195
  0.0510  -0.0727  -0.0949   0.1162  -0.0179  -0.0063
  0.0397  -0.0369  -0.0699   0.0827  -0.0194   0.0050
  0.0471   0.0178  -0.0282   0.0640  -0.0090  -0.0386
  0.0249   0.0136  -0.0214   0.0643  -0.0202  -0.0259
  0.0682  -0.0250  -0.0228   0.0687  -0.0185  -0.0428
  0.0517  -0.0906  -0.0409  -0.0354  -0.0412  -0.0737
  0.0655  -0.0111  -0.0961  -0.1216  -0.0536   0.1386
  0.0115   0.0656  -0.1174  -0.1214  -0.0807  -0.0155
  0.0250  -0.0383  -0.1016  -0.0835  -0.0515  -0.0835
  0.0090   0.1279  -0.0608  -0.0750  -0.0388   0.1478
  0.0076   0.1160  -0.0499  -0.0759  -0.0241  -0.0214
  0.0212   0.0668  -0.0741  -0.0379  -0.0297  -0.0401
  0.0241   0.0389  -0.0673  -0.0098  -0.0252   0.0056
  0.0148  -0.0463  -0.0727  -0.0184  -0.0313  -0.1290
 -0.0033  -0.0466  -0.0768  -0.0457  -0.0345   0.0603
  0.0091  -0.0068  -0.0639   0.0021  -0.0224   0.1451
  0.0211  -0.0904  -0.0735  -0.0237  -0.0228  -0.1369
  0.0141  -0.0614  -0.0480   0.0173  -0.0212   0.1343
 -0.0107  -0.1051  -0.0585   0.0530  -0.0380   0.0685
 -0.0330  -0.1105  -0.0740   0.0539  -0.0733   0.0174
 -0.0217  -0.0633  -0.0542   0.0534  -0.0424   0.0735
 -0.0201  -0.0350   0.0325   0.0087  -0.0715  -0.0782
  0.0012   0.0793   0.0500  -0.0160  -0.0476   0.0002
 -0.0071  -0.0029   0.0488   0.0029  -0.0293   0.1021
  0.0031   0.0222   0.0585  -0.0043  -0.0270  -0.0338
 -0.0066   0.0409   0.0525   0.0076  -0.0169   0.0558
 -0.0076   0.0473   0.0565  -0.0162  -0.0197  -0.0254
  0.0051   0.0683   0.0591   0.0038   0.0058   0.0512
  0.0010   0.0371   0.0619   0.0353  -0.0058  -0.0254
 -0.0022   0.0311   0.0517   0.0609  -0.0074   0.0552
 -0.0037  -0.0243   0.0609   0.0833   0.0135  -0.0039
 -0.0168  -0.0284   0.0663   0.1052   0.0206   0.0842
 -0.0153   0.0640   0.0385   0.0216   0.0006  -0.0258
 -0.0065   0.0251  -0.0008   0.0180   0.0135   0.0070
 -0.0116   0.0048   0.0210   0.0310  -0.0111  -0.0401
 -0.0268   0.0793   0.0640   0.0227   0.0212   0.0255
 -0.0367   0.1497   0.0960   0.0063   0.0091  -0.0589
 -0.0361   0.0835   0.0916   0.0930   0.0268   0.0702
 -0.0243   0.0474   0.0680  -0.0488  -0.0187  -0.2744
 -0.0241  -0.0623   0.0213  -0.2700  -0.0135  -0.1088
 -0.0353  -0.1086   0.0299  -0.2430   0.0360   0.1689
 -0.0307  -0.0418   0.0286  -0.1061   0.0182  -0.0781
 -0.0573   0.0198   0.0475  -0.0338   0.0321   0.0986
 -0.0370  -0.0445   0.0480  -0.0421   0.0117  -0.1144
 -0.0338  -0.0058   0.0485  -0.1250   0.0171  -0.0404
 -0.0555  -0.0217   0.0205  -0.0438   0.0157   0.0264
 -0.0365  -0.0648   0.0225  -0.0339   0.0263  -0.0109
 -0.0314  -0.0471   0.0166   0.0153   0.0433   0.0725
 -0.0416  -0.0562   0.0063   0.0423   0.0354   0.0543
 -0.0327  -0.0703   0.0123   0.1500   0.0485   0.0542
 -0.0563  -0.0357   0.0063   0.1270   0.0383   0.0534
 -0.0524  -0.0871   0.0104   0.2006   0.0537  -0.0270
 -0.1046  -0.0378  -0.0129  -0.0220   0.0322  -0.0013
 -0.0970   0.0645  -0.0564  -0.2712  -0.0038  -0.1205
 -0.0270   0.0440  -0.0180  -0.1814   0.0096  -0.0507
 -0.0776   0.0983  -0.0417  -0.1892  -0.0021   0.0403
 -0.0005  -0.0846  -0.0194  -0.1202  -0.0017  -0.2126
 -0.0216  -0.1089  -0.1073  -0.0965  -0.0099  -0.0659
 -0.0481  -0.2138  -0.1357  -0.0120  -0.0120   0.1822
 -0.0397  -0.2222  -0.1320   0.0194  -0.0097  -0.0413
 -0.0503  -0.1481  -0.0701  -0.0567   0.0087   0.0321
 -0.0617  -0.1402  -0.0446   0.0151  -0.0064  -0.0558
