 -0.1094   0.6540   0.4017  -0.3682   0.0085  -0.2045
 -0.0865   0.7330   0.4662  -0.4155  -0.0168  -0.2122
 -0.0873   0.7272   0.4207  -0.4284  -0.0005  -0.2477
 -0.0796   0.7634   0.4573  -0.4640   0.0032  -0.2675
 -0.0628   0.6907   0.4153  -0.3748   0.0292  -0.2196
 -0.1033   0.7603   0.3838  -0.5199  -0.0349  -0.2824
 -0.1286   0.7553   0.3587  -0.5506  -0.0920  -0.2682
 -0.1206   0.7403   0.3925  -0.4762  -0.1027  -0.2385
 -0.1190   0.7618   0.3834  -0.5648  -0.0958  -0.2798
 -0.1320   0.7766   0.3985  -0.5955  -0.0940  -0.2803
 -0.1002   0.6854   0.3627  -0.4291  -0.0521  -0.2211
 -0.1377   0.7148   0.4062  -0.4527  -0.0805  -0.2448
 -0.1489   0.6408   0.3964  -0.4341  -0.1059  -0.2037
 -0.1193   0.6019   0.4315  -0.3887  -0.0881  -0.1924
 -0.0808   0.6483   0.3934  -0.5415   0.1111  -0.2598
 -0.0515   0.5962   0.3531  -0.4458   0.1860  -0.2045
 -0.0831   0.5816   0.3235  -0.3834   0.1054  -0.1951
 -0.0645   0.6359   0.3472  -0.4868   0.1389  -0.2567
 -0.0696   0.5673   0.3209  -0.4033   0.1026  -0.1893
 -0.0559   0.6451   0.3344  -0.4782   0.1358  -0.2375
 -0.0632   0.5898   0.3160  -0.4140   0.1108  -0.1965
 -0.0438   0.5753   0.3112  -0.3447   0.1212  -0.1572
 -0.0558   0.6295   0.3290  -0.4270   0.1293  -0.2280
 -0.0504   0.5800   0.3228  -0.3871   0.1177  -0.1755
 -0.0758   0.6276   0.2921  -0.4489   0.0796  -0.2220
 -0.0794   0.6072   0.2820  -0.4263   0.0380  -0.2074
 -0.0909   0.5798   0.2408  -0.3757   0.0150  -0.1904
 -0.1141   0.6173   0.2570  -0.4697  -0.0288  -0.2076
 -0.1426   0.5838   0.2422  -0.5163  -0.0783  -0.2205
 -0.1109   0.5274   0.2306  -0.4285  -0.0564  -0.1797
 -0.1199   0.5531   0.1815  -0.4387  -0.0502  -0.2120
 -0.0840   0.5170   0.2584  -0.4089  -0.0623  -0.1866
 -0.0630   0.3736   0.1567  -0.0037  -0.0624  -0.1169
 -0.1535   0.0593   0.0632   0.5960  -0.1766   0.1260
 -0.3172  -0.3813   0.0264   1.1382  -0.2720   0.2639
 -0.1814  -0.2831   0.3967   0.9286   0.0254   0.1577
 -0.1065  -0.2518   0.5538   0.8989   0.1942   0.1916
 -0.1290   0.1022   0.2556   0.9266   0.0662   0.1082
 -0.0558   0.1761   0.2514   0.5143   0.0563   0.0300
 -0.0296   0.0753   0.1830   0.4139   0.0727   0.0010
  0.0015   0.1549   0.1815   0.3400   0.0752   0.0094
 -0.0027   0.2471   0.1421   0.2756   0.0803  -0.0465
 -0.0126   0.1968   0.1702   0.2497   0.0741   0.0049
 -0.0351   0.2324   0.1280   0.2644   0.0613  -0.0387
 -0.0494   0.3146   0.1698   0.1624   0.0329  -0.0659
 -0.0654   0.2958   0.1749   0.1293   0.0263  -0.0495
 -0.0472   0.2668   0.1604   0.0786   0.0145  -0.0619
 -0.0599   0.3443   0.1202  -0.0985  -0.0258  -0.1369
 -0.0502   0.2516   0.1171  -0.0623  -0.0058  -0.0614
 -0.0528   0.2309   0.1119   0.0253  -0.0242  -0.0589
 -0.0594   0.2419   0.0979  -0.0722  -0.0361  -0.1238
 -0.0649   0.2509   0.0867  -0.3104  -0.0461  -0.1442
 -0.0511   0.1516   0.1198  -0.0356  -0.0327  -0.0576
 -0.0551   0.1751   0.1245   0.0735  -0.0158  -0.0663
 -0.0695   0.2359   0.1399   0.0537   0.0142  -0.1193
 -0.0770   0.1695   0.1277   0.1584   0.0378  -0.0496
 -0.0490   0.1584   0.1063   0.1536   0.0625  -0.0614
 -0.0527   0.2287   0.1218   0.1100   0.0790  -0.0724
 -0.0512   0.1521   0.1334   0.1500   0.0625  -0.0123
 -0.0407   0.1881   0.1140   0.1513   0.0701  -0.0440
 -0.0484   0.2843   0.1193  -0.0178   0.0664  -0.1009
 -0.0451   0.2506   0.1108   0.0205   0.0561  -0.0695
 -0.0349   0.2272   0.1123   0.0685   0.0536  -0.0623
 -0.0372   0.3428   0.1102  -0.0777   0.0492  -0.1110
 -0.0372   0.2095   0.1153   0.0702   0.0324  -0.0365
 -0.0418   0.2824   0.0950   0.0055   0.0284  -0.0749
 -0.0435   0.2472   0.1353   0.0444   0.0145  -0.0830
 -0.0023   0.2051   0.0729   0.1195   0.0273  -0.0129
 -0.1574  -0.3755   0.1419  -0.1025  -0.1561   0.0570
 -0.3235  -0.8941   0.2162  -0.0467  -0.2400   0.2236
 -0.3291  -1.0822   0.0050  -0.2575  -0.2183   0.2353
 -0.2291  -0.8459   0.0294  -0.3002  -0.1679   0.1663
 -0.1184  -0.6440   0.1248  -0.2610  -0.0233   0.2173
 -0.0527  -0.1307   0.1887   0.0860   0.1036   0.1346
 -0.0434   0.3139   0.2012   0.2956   0.1169  -0.0006
  0.0187   0.1808   0.2050   0.3048   0.1915   0.0021
  0.0544   0.0670   0.2054   0.4404   0.2052   0.0547
  0.0252   0.0401   0.1531   0.5037   0.1277   0.0257
  0.0325   0.2212   0.1584   0.2703   0.1271  -0.0657
  0.0097   0.1228   0.1597   0.3245   0.1297  -0.0136
  0.0206   0.1507   0.1447   0.3266   0.1290  -0.0332
  0.0023   0.1698   0.1144   0.2909   0.1200  -0.0630
  0.0068   0.2021   0.1275   0.1219   0.1322  -0.0963
  0.0076   0.1656   0.1342   0.1784   0.1640  -0.0762
  0.0146   0.1615   0.1078   0.2791   0.1660  -0.0574
  0.0104   0.1509   0.0968   0.2341   0.1695  -0.0955
  0.0216   0.0656   0.0617   0.3500   0.1554  -0.0512
  0.0081   0.1091   0.0544   0.2797   0.1478  -0.0903
  0.0100   0.0594  -0.0895   0.0254   0.1403  -0.1088
  0.0235  -0.0761  -0.1642   0.1652   0.0893  -0.0554
  0.0172   0.0442  -0.0738   0.1243   0.1138  -0.0678
  0.0068   0.0309  -0.0798   0.1058   0.1093  -0.0769
  0.0046   0.0143  -0.0695   0.1616   0.1105  -0.0511
  0.0027   0.0223  -0.0719   0.1655   0.0931  -0.0476
  0.0032   0.0607  -0.0437   0.1126   0.1013  -0.0409
  0.0207   0.0159  -0.0765   0.1534   0.0826  -0.0432
  0.0355   0.1356  -0.0596  -0.1023   0.1032  -0.1026
  0.0193   0.0522  -0.0758  -0.0255   0.0720  -0.0520
  0.0161  -0.0696  -0.1445   0.1303  -0.0018   0.0087
  0.0082  -0.1482  -0.2931   0.0068  -0.0143  -0.0234
  0.0182  -0.2087  -0.3377  -0.0505  -0.0100  -0.0040
  0.0344  -0.2435  -0.2900   0.1249  -0.0184   0.0214
  0.0110  -0.1708  -0.3232  -0.2221  -0.0515  -0.0471
 -0.0010  -0.3416  -0.3332  -0.2949  -0.0769  -0.0067
  0.0416  -0.3502  -0.2712   0.2645  -0.0459   0.0688
  0.0313  -0.2796  -0.2086   0.3158  -0.0644   0.0296
  0.0246  -0.1667  -0.2030   0.0947  -0.0642  -0.0260
  0.0078   0.1016   0.0130  -0.6252   0.0507  -0.0916
  0.0275   0.5191   0.1668  -1.2766   0.1873  -0.2202
  0.0314   0.2590   0.1023  -0.7188   0.1308  -0.0084
  0.0064   0.0425   0.0540  -0.2325   0.0715   0.0643
  0.0222   0.1111   0.0307  -0.2628   0.0506  -0.0503
  0.0122   0.0963   0.0509  -0.2356   0.0588  -0.0190
  0.0230   0.0642   0.0200  -0.1924   0.0306  -0.0127
  0.0071   0.1585   0.0279  -0.2846   0.0230  -0.0537
  0.0151   0.0628   0.0010  -0.2478   0.0098  -0.0024
  0.0184   0.1019  -0.0280  -0.2825  -0.0161  -0.0239
  0.0261   0.0846  -0.1103  -0.3828  -0.0337  -0.0567
  0.0664   0.0750  -0.1221  -0.3960   0.0238  -0.0299
  0.0580   0.0844  -0.0361  -0.2257   0.0014  -0.0117
 -0.0012   0.1752  -0.0011  -0.3729   0.0413  -0.0610
 -0.0073   0.0777  -0.1576  -0.5208  -0.0376  -0.0505
  0.0171   0.0710  -0.1268  -0.3340  -0.0015  -0.0453
  0.0124  -0.0148  -0.2308  -0.4565  -0.0973  -0.0385
  0.0166  -0.1352  -0.4585  -0.9451  -0.1016  -0.0883
  0.0015  -0.2512  -0.4475  -0.7408  -0.1262   0.0166
  0.0272  -0.2178  -0.3467  -0.2237  -0.0890   0.0248
  0.0814  -0.1123  -0.2495   0.8101  -0.1701   0.1138
  0.0639   0.2601  -0.2511   0.8867  -0.2169   0.0384
 -0.0060  -0.0941  -0.0924   0.3100  -0.0586  -0.0337
  0.0405   0.0007  -0.1510   0.2320  -0.0764   0.0804
 -0.0206  -0.2095  -0.0631   0.2848   0.1266   0.2986
 -0.2400  -0.7261   0.3622  -2.1778   0.6536   0.2568
 -0.4011   0.5613   0.4801  -7.0247   1.1778   0.5895
 -0.2309   1.4978   0.2642  -6.4414   1.1253   0.6680
  0.0396   0.4269  -0.1713  -3.1320   0.4735   0.5942
  0.0278  -0.4380  -0.3900  -0.7662  -0.0674   0.4783
  0.0231  -0.5687  -0.4450  -0.6653  -0.1357   0.3256
  0.0136  -0.5554  -0.4274  -0.5354  -0.1770   0.2883
  0.0157  -0.5046  -0.4519  -0.6359  -0.1784   0.2446
  0.0052  -0.5310  -0.4255  -0.5787  -0.1971   0.2763
 -0.0014  -0.5088  -0.4537  -0.6210  -0.2009   0.2599
 -0.0124  -0.4272  -0.4380  -0.6685  -0.2220   0.2057
 -0.0035  -0.4707  -0.4492  -0.6596  -0.1951   0.2531
  0.0017  -0.4707  -0.4040  -0.6849  -0.1649   0.2294
 -0.0071  -0.3870  -0.4253  -0.7617  -0.1808   0.1907
  0.0045  -0.3878  -0.4105  -0.7736  -0.1828   0.1945
  0.0016  -0.3393  -0.4352  -0.8367  -0.1891   0.1264
 -0.0022  -0.3984  -0.3869  -0.7977  -0.1938   0.1990
 -0.0042  -0.3933  -0.4474  -0.7336  -0.1914   0.1861
 -0.0100  -0.3863  -0.2539  -0.5427  -0.1102   0.1720
  0.0720  -0.9285  -0.3635   0.9111   0.1069   0.4143
  0.1991  -0.2728  -0.3119  -0.5072   0.3555   0.0921
  0.2885   0.6248  -0.0576  -2.9928   0.4730  -0.2241
  0.2061   0.4585  -0.1400  -0.8695   0.0713   0.0345
  0.1551  -0.0027  -0.2330   0.0056  -0.1851   0.1090
  0.1279  -0.0728  -0.2354   0.0702  -0.1737   0.0263
  0.1232  -0.0644  -0.2453   0.0235  -0.2095   0.0290
  0.0965  -0.0619  -0.2673   0.0221  -0.2127  -0.0084
  0.0963  -0.0442  -0.2665  -0.0784  -0.2465   0.0132
  0.0612  -0.0704  -0.2382   0.0325  -0.2443   0.0213
  0.1087  -0.0891  -0.2717  -0.1262  -0.2594   0.0115
 -0.0203  -0.0356  -0.1708  -0.0459  -0.2300  -0.0478
  0.0207  -0.0866   0.0055   0.5175  -0.0928   0.0527
  0.1722  -0.3341   0.0182   1.0247  -0.0331   0.1654
  0.1222  -0.4752   0.0901   1.2895  -0.1060   0.1964
  0.1273  -0.5370   0.1801   1.2087  -0.1591   0.2069
  0.1110  -0.5286   0.2129   1.3264  -0.1090   0.1666
  0.1077  -0.5972   0.2246   1.4281  -0.0902   0.2275
  0.1076  -0.6103   0.2090   1.4061  -0.0695   0.2209
  0.1394  -0.6051   0.1607   1.3842  -0.0715   0.2043
  0.1285  -0.6834   0.1546   1.3531  -0.0685   0.2264
  0.1269  -0.6886   0.1269   1.3767  -0.0888   0.2357
  0.1154  -0.5616   0.1325   1.1914  -0.0885   0.1331
  0.1263  -0.6070   0.1125   1.2149  -0.0726   0.1763
  0.1140  -0.6456   0.0446   1.2523  -0.0970   0.1828
  0.1002  -0.5381   0.0178   1.1036  -0.1316   0.1333
  0.1091  -0.6512  -0.0332   1.1879  -0.1442   0.1835
  0.1173  -0.7406   0.0196   1.2575  -0.1244   0.2279
  0.1219  -0.6912   0.0318   1.1176  -0.0610   0.1841
  0.1462  -0.7334  -0.1680   1.1126  -0.0643   0.2063
  0.1349  -0.8679  -0.2414   1.1905  -0.0881   0.2414
  0.1547  -0.7599  -0.2025   0.9760  -0.0552   0.1953
  0.1370  -0.9150  -0.2151   0.8978  -0.0510   0.2189
  0.1360  -0.9321  -0.2689   0.9102  -0.0780   0.2249
  0.1185  -0.9345  -0.3333   0.6801  -0.0513   0.1863
  0.1190  -0.9842  -0.3642   0.9849  -0.0813   0.2654
  0.1450  -0.8459  -0.3477   0.6154   0.0311   0.1356
  0.1717  -0.9809  -0.4155   0.5643   0.0107   0.1759
  0.1832  -0.9310  -0.5250   0.4608   0.1138   0.1593
  0.1895  -0.9959  -0.6803   0.5139   0.1567   0.1897
  0.1936  -1.0770  -0.6776   0.7517   0.0633   0.2460
  0.1828  -1.0581  -0.7341   0.4243   0.0818   0.1930
  0.1925  -1.2256  -0.8262   0.4062   0.0717   0.2284
  0.2153  -1.2018  -0.7976   0.5676   0.0965   0.2606
  0.2135  -1.2210  -0.8888   0.3892   0.1228   0.2446
