 -0.0836   0.4427  -0.0818  -0.9062  -0.0767   0.1461
 -0.0817   0.6033  -0.0488  -0.9404  -0.0664   0.1563
 -0.0841   0.5335  -0.0622  -0.9375  -0.0736   0.1501
 -0.0767   0.5495  -0.0538  -0.9309  -0.0716   0.1528
 -0.0800   0.5449  -0.0628  -0.9503  -0.0774   0.1458
 -0.0827   0.5240  -0.0695  -0.9368  -0.0719   0.1914
 -0.0818   0.4797  -0.0959  -0.9508  -0.0635   0.1547
 -0.0834   0.5205  -0.0987  -0.9559  -0.0661   0.1282
 -0.0880   0.4894  -0.1036  -0.9646  -0.0682   0.1573
 -0.0831   0.5090  -0.0949  -0.9604  -0.0617   0.1481
 -0.0952   0.3801  -0.0956  -0.9219  -0.0730   0.1805
 -0.1062   0.5022  -0.1090  -0.9657  -0.0637   0.1437
 -0.0739   0.5527  -0.1391  -0.9756  -0.0581   0.1063
 -0.0829   0.5006  -0.1475  -0.9682  -0.0716   0.0985
 -0.0806   0.4929  -0.1327  -0.9788  -0.0712   0.1433
 -0.0746   0.4720  -0.1247  -0.9777  -0.0725   0.1141
 -0.0789   0.4604  -0.1180  -0.9810  -0.0645   0.1345
 -0.0832   0.4552  -0.1153  -1.0201  -0.0675   0.1441
 -0.0894   0.5003  -0.1319  -1.1754  -0.0695   0.1703
 -0.0849   0.4427  -0.1108  -1.0580  -0.0704   0.1212
 -0.0883   0.4609  -0.1145  -1.1233  -0.0701   0.1584
 -0.0850   0.4297  -0.1192  -1.0448  -0.0694   0.1361
 -0.0748   0.3349  -0.1119  -0.8523  -0.0608   0.1166
 -0.0767   0.2783  -0.1051  -0.7099  -0.0656   0.1026
 -0.0828   0.2271  -0.1046  -0.6009  -0.0778   0.1307
 -0.0868   0.1643  -0.1013  -0.5999  -0.0793   0.1264
 -0.0798   0.1372  -0.0997  -0.5772  -0.0731   0.1298
 -0.0792   0.1370  -0.0957  -0.5862  -0.0742   0.1405
 -0.0791   0.1359  -0.1001  -0.5748  -0.0818   0.1435
 -0.0830   0.1173  -0.1029  -0.5554  -0.0880   0.1355
 -0.0778   0.1145  -0.0959  -0.5548  -0.0858   0.1490
 -0.0766   0.1110  -0.0855  -0.5811  -0.0830   0.1168
 -0.0779   0.0443  -0.0826  -0.5723  -0.0688   0.1442
 -0.0637  -0.0108  -0.0845  -0.5585  -0.0440   0.1294
 -0.0355  -0.0025  -0.0761  -0.5718  -0.0217   0.1245
 -0.0208  -0.0254  -0.0901  -0.5639  -0.0026   0.1661
 -0.0502  -0.0157  -0.0697  -0.5651  -0.0300   0.1642
 -0.0663  -0.0253  -0.0578  -0.5270  -0.0413   0.1610
 -0.0688  -0.0393  -0.0598  -0.5315  -0.0436   0.1615
 -0.0667   0.0053  -0.0706  -0.5764  -0.0433   0.1700
 -0.0710  -0.0013  -0.0871  -0.5726  -0.0515   0.1831
 -0.0598   0.0268  -0.0812  -0.5590  -0.0459   0.1242
 -0.0494   0.0219  -0.0435  -0.5508  -0.0240   0.1627
 -0.0636  -0.0271  -0.0521  -0.5411  -0.0242   0.1539
 -0.0456  -0.0146  -0.0537  -0.5145  -0.0368   0.1247
 -0.0641   0.0094  -0.0637  -0.6776  -0.0398   0.1447
 -0.0532  -0.0269  -0.0604  -0.5259  -0.0354   0.1188
 -0.1210  -0.0999  -0.1234  -0.1482  -0.0702   0.1137
 -0.0914  -0.0592  -0.1206  -0.4341  -0.0709   0.0962
 -0.0799  -0.1398  -0.1171  -0.1457  -0.0787   0.0745
 -0.0706  -0.1223  -0.1081  -0.1198  -0.0675   0.0740
 -0.0638  -0.1305  -0.0942  -0.1342  -0.0600   0.1401
 -0.0618  -0.1298  -0.0876  -0.1071  -0.0614   0.1230
 -0.0591  -0.1693  -0.0913  -0.1101  -0.0595   0.1332
 -0.0636  -0.1459  -0.0774  -0.1322  -0.0536   0.0954
 -0.0649  -0.1714  -0.0914  -0.1007  -0.0623   0.1149
 -0.0273  -0.0028  -0.0798  -0.2296  -0.0333   0.0822
 -0.0198   0.0162  -0.0817  -0.2205  -0.0264   0.0767
 -0.0393  -0.0720  -0.0636  -0.1845  -0.0303   0.0767
 -0.0317  -0.0640  -0.0533  -0.1813  -0.0302   0.1026
 -0.0394  -0.0817  -0.0649  -0.1919  -0.0407   0.0947
 -0.0333  -0.0801  -0.0711  -0.1534  -0.0511   0.0769
 -0.0326  -0.0888  -0.0754  -0.1597  -0.0521   0.0901
 -0.0338  -0.0532  -0.0704  -0.1848  -0.0370   0.0987
 -0.0302  -0.0911  -0.0709  -0.1652  -0.0380   0.0700
 -0.0403   0.0497  -0.0541  -0.2398  -0.0311   0.0498
 -0.0532   0.1226  -0.0433  -0.2698  -0.0459   0.0420
 -0.0480   0.0583  -0.0584  -0.2218  -0.0416   0.0407
 -0.0450   0.0604  -0.0603  -0.2110  -0.0448   0.0295
 -0.0348   0.0150  -0.0469  -0.1830  -0.0344   0.0491
 -0.0342   0.0139  -0.0503  -0.1814  -0.0271   0.0420
 -0.0323  -0.0285  -0.0531  -0.1680  -0.0326   0.0619
 -0.0314  -0.0326  -0.0531  -0.1779  -0.0383   0.0673
 -0.0263  -0.0531  -0.0432  -0.1819  -0.0323   0.0742
 -0.0240  -0.0334  -0.0440  -0.2183  -0.0315   0.0623
 -0.0264  -0.0479  -0.0661  -0.2013  -0.0549   0.0435
 -0.0333  -0.0431  -0.0650  -0.2148  -0.0470   0.0345
 -0.0176  -0.0525  -0.0511  -0.1943  -0.0353   0.0538
 -0.0238  -0.0394  -0.0579  -0.2087  -0.0382   0.0620
 -0.0222  -0.0547  -0.0618  -0.1788  -0.0428   0.0334
 -0.0153  -0.0281  -0.0563  -0.1901  -0.0394   0.0351
 -0.0205  -0.0456  -0.0584  -0.1652  -0.0349   0.0642
 -0.0182  -0.0280  -0.0609  -0.1859  -0.0374   0.0374
 -0.0242  -0.0490  -0.0566  -0.1614  -0.0398   0.0439
 -0.0180   0.0496  -0.0808  -0.2414  -0.0264   0.0301
 -0.0225   0.1063  -0.0714  -0.2514  -0.0249   0.0082
 -0.0391   0.0897  -0.0344  -0.2620  -0.0139   0.0353
 -0.0363   0.0336  -0.0647  -0.2608  -0.0360   0.0016
 -0.0255   0.0007  -0.0634  -0.2523  -0.0330   0.0073
 -0.0247  -0.0153  -0.0686  -0.2201  -0.0370   0.0259
 -0.0250  -0.0026  -0.0602  -0.2271  -0.0349   0.0271
 -0.0240  -0.0390  -0.0558  -0.2106  -0.0370   0.0279
 -0.0311  -0.0524  -0.0560  -0.2111  -0.0431   0.0459
 -0.0351  -0.0569  -0.0616  -0.2051  -0.0512  -0.0044
 -0.0178   0.0335  -0.0510  -0.2668  -0.0237   0.0330
  0.0054   0.1746  -0.0719  -0.3240  -0.0081  -0.0515
  0.0232   0.1767  -0.0706  -0.3630  -0.0199  -0.0621
  0.0210   0.1322  -0.0622  -0.2878  -0.0097   0.0014
  0.0022   0.1132  -0.0567  -0.2934  -0.0007  -0.0135
 -0.0034   0.1108  -0.0587  -0.2424  -0.0150  -0.0021
 -0.0034   0.1016  -0.0488  -0.2864  -0.0072  -0.0298
  0.0274   0.0825  -0.0622  -0.2449   0.0003  -0.0036
  0.0246   0.0838  -0.0524  -0.2945  -0.0022  -0.0159
 -0.0049   0.0359  -0.0505  -0.2860  -0.0142  -0.0003
  0.0022   0.0606  -0.0495  -0.3246  -0.0220  -0.0035
 -0.0010   0.0420  -0.0628  -0.2886  -0.0147  -0.0019
 -0.0030   0.0499  -0.0516  -0.3315  -0.0223  -0.0263
  0.0014   0.0168  -0.0647  -0.2587  -0.0185  -0.0129
  0.0022   0.0920  -0.0433  -0.5320  -0.0144   0.0141
  0.0040  -0.0887  -0.0979   0.0359  -0.0320  -0.0430
  0.0169  -0.0242  -0.1478   0.3602  -0.0594  -0.1146
  0.0006   0.3996  -0.0175  -0.6501  -0.0202  -0.0328
  0.0095   0.7290  -0.0281  -1.4783  -0.0395  -0.0305
  0.0687   0.2153  -0.0834  -0.9376  -0.0559  -0.0137
  0.0725   0.0634  -0.1447  -0.9896  -0.0848  -0.0559
  0.0956   0.4195  -0.0150  -1.0121  -0.0714  -0.1518
  0.0263   0.2759  -0.0861  -0.7181  -0.0606  -0.1112
  0.0178   0.1574  -0.0896  -0.8557  -0.0609  -0.0998
  0.0213   0.3417  -0.0724  -0.9906  -0.0929  -0.0646
  0.0097   0.0662  -0.0042  -0.1033  -0.0607  -0.0876
  0.0058  -0.0511   0.0066   0.1726  -0.0345  -0.0828
  0.0059  -0.0511  -0.0007   0.1528  -0.0395  -0.0622
 -0.0021  -0.1049   0.0011   0.2869  -0.0311  -0.0192
  0.0039  -0.0970   0.0137   0.2396  -0.0252  -0.0095
  0.0047  -0.1135   0.0092   0.3005  -0.0235  -0.0288
 -0.0015  -0.1148   0.0082   0.2838  -0.0215  -0.0142
 -0.0104  -0.1145   0.0140   0.3270  -0.0138  -0.0312
 -0.0025  -0.0873   0.0261   0.2951  -0.0041  -0.0135
 -0.0026  -0.1225   0.0150   0.3452  -0.0073  -0.0174
  0.0055  -0.1128   0.0285   0.3182   0.0048  -0.0255
 -0.0004  -0.1514   0.0211   0.3586  -0.0036  -0.0155
  0.0106   0.0266   0.0151   0.2636  -0.0093  -0.0267
  0.0270   0.0133   0.0212   0.2768   0.0103  -0.0658
  0.0295  -0.0641   0.0249   0.2662   0.0096  -0.0350
  0.0326  -0.0418   0.0213   0.2673   0.0129  -0.0260
  0.0334  -0.0806   0.0115   0.2923  -0.0047  -0.0622
  0.0280  -0.0424   0.0137   0.3001  -0.0006  -0.0546
  0.0205  -0.0582  -0.0006   0.2815   0.0057  -0.0050
  0.0163  -0.0975   0.0040   0.3191  -0.0029  -0.0406
  0.0101  -0.1113   0.0235   0.2936   0.0004  -0.0378
  0.0128  -0.0762   0.0017   0.2906  -0.0098  -0.0204
  0.0207  -0.1103   0.0120   0.2847  -0.0071  -0.0348
  0.0022   0.0679   0.1797   0.2823   0.0314  -0.0727
  0.0025  -0.0116   0.1297   0.2738   0.0300  -0.0372
 -0.0215   0.1661   0.1325   0.2108   0.0356  -0.0630
 -0.0197   0.5678   0.2150   0.0491   0.0828  -0.1551
  0.0036   0.3221   0.1622   0.1648   0.0662  -0.1489
  0.0039   0.2863   0.1339   0.1255   0.0627  -0.1324
  0.0088   0.1944   0.1021   0.2185   0.0370  -0.1328
  0.0109   0.1694   0.1042   0.2205   0.0388  -0.1142
  0.0112   0.1364   0.0957   0.2573   0.0444  -0.1078
  0.0188   0.1417   0.0944   0.2039   0.0489  -0.1086
  0.0259   0.1197   0.0900   0.2489   0.0478  -0.1120
  0.0167   0.1364   0.0923   0.1954   0.0431  -0.0806
  0.0249   0.1369   0.0928   0.2327   0.0554  -0.1025
  0.0301   0.1652   0.0914   0.0612   0.0468  -0.0870
  0.0256   0.1437   0.0902   0.0705   0.0517  -0.1331
  0.0281   0.1328   0.1009   0.1563   0.0550  -0.1111
  0.0260   0.0626   0.1108   0.1653   0.0713  -0.0963
  0.0412   0.0960   0.0990   0.1735   0.0614  -0.1872
  0.0256   0.0828   0.0864   0.1676   0.0541  -0.0638
  0.0248   0.0882   0.0940   0.1921   0.0575  -0.1304
  0.0327   0.0730   0.0942   0.1953   0.0615  -0.0742
  0.0355   0.0665   0.0953   0.1859   0.0635  -0.0846
  0.0311   0.0493   0.0865   0.1756   0.0646  -0.0687
  0.0353   0.0585   0.0937   0.1586   0.0559  -0.1295
  0.0347   0.1001   0.0712   0.1487   0.0652  -0.0773
  0.0330   0.1217   0.0528   0.1443   0.0851  -0.1184
  0.0326   0.0970   0.0813   0.1767   0.0718  -0.1337
  0.0234   0.0863   0.0666   0.1581   0.0640  -0.0898
  0.0432   0.0560   0.0847   0.1883   0.0608  -0.1232
  0.0359   0.0415   0.0820   0.1645   0.0579  -0.0575
  0.0346   0.0029   0.0855   0.2013   0.0604  -0.0800
  0.0059   0.0547   0.0779   0.1577   0.0499  -0.0989
 -0.0018   0.0501   0.0741   0.1854   0.0430  -0.0925
  0.0123   0.0249   0.0705   0.1630   0.0456  -0.0699
  0.0070   0.0370   0.0767   0.0946   0.0469  -0.0776
  0.0207   0.0082   0.0939   0.1508   0.0571  -0.0981
  0.0188   0.0133   0.0806   0.1200   0.0560  -0.1223
  0.0217   0.0126   0.0772   0.0668   0.0418  -0.0921
  0.0085   0.0170   0.0838   0.0652   0.0512  -0.0976
 -0.0135   0.2266   0.0876  -0.7390   0.0258  -0.0402
  0.0095   0.1657   0.1139  -0.4737   0.0373  -0.1120
  0.0289  -0.2303   0.1472   0.8991   0.0833  -0.1676
  0.0443  -0.1379   0.1087   0.6372   0.0863  -0.0937
  0.0850  -0.0580   0.1013   0.7494   0.0837  -0.1732
  0.0759  -0.1103   0.0793   0.9554   0.0654  -0.1039
  0.0828  -0.1279   0.0720   0.8913   0.0702  -0.0702
  0.0706  -0.1227   0.0794   0.9373   0.0641  -0.0925
  0.1158  -0.2312   0.0592   0.9440   0.0885  -0.0810
  0.1052  -0.3096   0.0611   1.0104   0.0745  -0.0871
  0.0709  -0.2995   0.0765   0.9999   0.0563  -0.0895
  0.0803  -0.3509   0.0630   1.0034   0.0587  -0.0671
  0.0734  -0.3623   0.0657   1.0030   0.0600  -0.0451
  0.0846  -0.3589   0.0686   1.0263   0.0604  -0.0634
  0.0847  -0.3827   0.0707   1.0286   0.0631  -0.0512
  0.0839  -0.4002   0.0790   1.0367   0.0680  -0.0561
  0.0829  -0.3924   0.0783   0.9939   0.0663  -0.0475
  0.0816  -0.4516   0.0634   1.0068   0.0559  -0.0433
  0.0683  -0.4612   0.0538   1.0827   0.0570  -0.0590
  0.0804  -0.4698   0.0648   1.0899   0.0543  -0.0411
  0.0805  -0.4780   0.0543   1.0912   0.0557  -0.0143
  0.0786  -0.5038   0.0727   1.1089   0.0575  -0.0371
  0.0739  -0.5407   0.0753   1.1341   0.0652  -0.0159
  0.0795  -0.5648   0.0948   1.1401   0.0659  -0.0390
  0.0777  -0.5510   0.0844   1.1383   0.0678   0.0131
  0.0845  -0.5683   0.0907   1.1397   0.0677  -0.0011
  0.0711  -0.5388   0.0844   1.1443   0.0614  -0.0015
  0.0716  -0.6245   0.0916   1.1532   0.0788   0.0169
  0.0814  -0.6488   0.1035   1.1554   0.0735   0.0025
  0.0786  -0.6393   0.0908   1.1345   0.0714   0.0239
  0.0729  -0.6398   0.0944   1.1140   0.0734   0.0060
  0.0748  -0.6381   0.1080   1.1389   0.0761   0.0140
  0.0760  -0.6774   0.1107   1.1861   0.0863   0.0400
  0.0743  -0.6977   0.1273   1.2112   0.0850   0.0185
  0.0749  -0.6779   0.1123   1.1823   0.0903   0.0419
  0.0672  -0.7042   0.1261   1.2233   0.0838   0.0178
  0.0649  -0.5673   0.0904   1.1591   0.0800   0.0341
  0.0808  -0.2453  -0.0004   0.8777   0.0156  -0.1185
  0.1118  -0.2759   0.0712   0.9363   0.0527  -0.1173
  0.0922  -0.3695   0.0754   0.9478   0.0574  -0.0836
  0.0170  -0.1090   0.1179   0.3794   0.0477  -0.0731
  0.0422  -0.0839   0.1436   0.4842   0.0856  -0.0794
  0.0432  -0.1200   0.1451   0.4863   0.0868  -0.0797
  0.0517  -0.1303   0.1548   0.4929   0.0987  -0.0826
  0.0377  -0.1146   0.1512   0.4480   0.0999  -0.0854
  0.0484  -0.1259   0.1592   0.4445   0.0997  -0.0816
  0.0311  -0.0925   0.1452   0.3991   0.0970  -0.0477
  0.0217   0.1496   0.1447   0.3578   0.0674  -0.0804
  0.0723   0.0237   0.0930   0.4004   0.0503  -0.1314
  0.0719  -0.0120   0.0693   0.4035   0.0526  -0.1116
  0.0917  -0.0251   0.0758   0.3775   0.0636  -0.1419
  0.0943  -0.0370   0.0907   0.4183   0.0736  -0.1203
  0.1026  -0.0482   0.0858   0.3921   0.0776  -0.1025
  0.1068  -0.1171   0.0750   0.4628   0.0681  -0.0971
  0.1103  -0.0912   0.0691   0.3753   0.0543  -0.0965
