  0.7931   0.5046   0.6756  -6.7136   0.3346  -1.0437
  0.6188   4.9355   1.1399  -4.7282   0.4949  -2.6195
  0.8047   1.3955   1.1989  -0.8906   0.7107  -0.4985
  0.9106   1.3105   1.5702  -0.9946   0.5862  -0.9937
  0.0737   4.8857   1.6136  -5.2244   1.4238  -2.5304
 -1.0133   1.1594   0.2950 -10.5690  -0.5585   0.7969
  0.1099  -0.3329   0.9891 -11.3384  -1.1203   3.0253
  0.4963  -0.8592   0.8482  -7.7867  -0.2587   2.1646
  0.4789  -1.6308   0.8422  -6.1581  -0.5671   2.0696
  0.6162  -1.3082   0.5340  -5.6260  -0.4153   1.4766
  0.7590  -2.1005   0.7274  -5.7872  -0.4310   1.8447
  0.5478  -1.6557   0.7308  -6.0515  -0.4655   1.6897
  0.9118  -2.5578   0.9044  -5.3675  -0.1363   1.8786
  1.0493  -3.2817   0.9338  -4.2031   0.2822   1.8187
  0.9856  -2.7521   0.7980  -4.2048   0.0782   1.7255
  0.8313  -3.0691   0.5567  -4.0721   0.1233   1.7431
  0.9585  -3.0115   0.5118  -4.1341  -0.0564   1.8589
  0.8150  -2.9971   0.4109  -4.3421  -0.2183   1.7525
  0.9624  -2.9221   0.5404  -4.5467  -0.1775   1.7866
  0.7341  -3.0249   0.4862  -4.2366  -0.2689   1.7247
  1.0275  -2.8821   0.5962  -4.3480  -0.1860   1.7345
  0.6891  -2.9829   0.5322  -4.1286  -0.2875   1.6916
  1.1892  -2.9987   0.6567  -4.2444  -0.1565   1.8035
  0.3995  -2.8950   0.6695  -3.9860  -0.2545   1.6775
  2.0543  -2.5455   1.3527  -3.7394   0.3785   1.8017
 -1.2188  -2.6483  -0.5004  -4.2106  -1.9036   2.3021
 -0.7386  -2.3364  -0.4118  -4.6037  -1.1569   1.8117
  1.5351  -0.7283   0.0595  -5.6122   0.1641   1.0129
  0.5887  -1.2691   0.1934  -6.3932  -0.5275   1.5513
  1.1393  -1.8187   0.1767  -5.6999  -0.1378   1.4588
  0.7640  -1.6633   0.1996  -5.9468  -0.3932   1.5660
  1.0855  -1.8927   0.1685  -5.4603  -0.1882   1.4340
  0.7541  -1.6180   0.2344  -5.7378  -0.4349   1.5026
  1.1193  -1.9509   0.1702  -4.9006  -0.0742   1.3577
  1.0438 -12.3994  -0.4569  -5.1392  -0.1847   8.4397
  1.7605 -17.7104  -0.5773  -1.7155   0.2116  12.6131
  1.2014  -0.9173  -0.1918  -5.0567   0.0205   2.4376
  1.3654  -0.5133  -0.0283  -4.3686  -0.1346   1.8302
  1.3691  -1.5465   0.0247  -4.2994  -0.0159   1.0048
  1.3968   2.1466   0.0499  -3.2918   0.1484  -0.9540
  1.2626  -1.1192   0.6075  -1.8195   0.0424   0.4819
  1.4467  -0.8326   0.4262  -2.4376   0.0198   0.2922
  1.3399  -1.6586   0.5146  -2.4716  -0.0221   0.7737
  1.3773  -0.8651   0.3210  -2.5244  -0.1058   0.4119
  1.5046  -1.8015   0.7609  -2.2367   0.2826   0.8288
  1.4262  -1.7765   0.9387  -1.0460   0.4140   0.7695
  1.3777  -2.6154   0.4083  -0.6341   0.1915   0.9144
  1.5898  -2.7612   0.2644  -0.1502   0.2990   0.8588
  1.5971  -2.8280   0.1432  -0.7690   0.2731   0.9082
  1.7583  -2.1582  -0.0449  -0.6515   0.3921   0.7471
  1.6376  -3.4318  -0.1679  -0.4622   0.2515   1.0637
  1.4964  -2.4824  -0.0922  -0.3414   0.2026   0.7506
  1.5261  -3.4528   0.1428  -0.5841   0.2089   1.1456
  1.4721  -2.2241   0.0360  -0.2214   0.0315   0.5916
  1.5236  -3.9915   0.2353  -0.4597   0.0654   1.2394
  0.8960  -1.0116  -0.0796   0.8955   0.0951  -0.2741
  1.5641   2.3079   0.7737  -2.1392   0.7289  -1.8010
  1.5197   2.6591   1.0845  -3.0876   0.3998  -0.7448
  1.1996   2.7810  -0.4534  -9.5128  -0.5112  -0.4414
  1.5347   1.5502   0.4218  -7.9209  -0.4128  -0.1634
  1.5838  -0.7208   0.4405  -5.2519  -0.2728   0.9453
  1.7135  -0.3885   0.5389  -5.8025  -0.1423   0.1422
  1.1101   2.1624   0.2860  -2.7481   0.1105  -0.9889
  1.1460  -1.7071   0.4805  -1.5723  -0.0236   0.0718
  1.0703  -0.7022   0.2900  -1.6936   0.1081  -0.2216
  1.1399   3.4052   0.7068  -2.3678   0.1717  -1.6877
  0.9419   1.5149   0.9096  -2.6712   0.2279  -1.4665
  1.0247   1.5650   1.2601  -3.3739   0.2401  -0.9511
  0.9926   1.2092   0.9985  -2.3472   0.3216  -0.8453
  1.0275   1.2516   1.1181  -2.0053   0.3281  -0.8734
  0.9866   0.1575   0.9757  -0.9877   0.3662  -0.9730
  0.8774   0.9167   0.9274  -1.5597  -0.0632  -0.0963
 -4.4002   8.5747  -6.9810   6.5684   0.0550  17.0549
 -1.2275   5.1964   2.6106  16.6215   9.0591  48.1717
 -0.5350  -3.3375   1.6294  11.4728   6.3003  44.1613
 -1.7958  -4.3246   1.5192  13.4634   7.5656  45.6796
 -2.6138  -0.3534   2.1941  16.9790   9.2369  40.9238
 -2.2165  -5.6662   3.8522  14.9870   9.3025  40.8299
 -2.4577  -4.2106   3.5799  15.4862   9.1388  38.1267
 -2.3901  -4.7386   3.8495  14.9552   9.0104  37.7482
 -1.9222 -14.4526  -7.5454   8.3253   1.9284  33.4471
 -0.0638 -10.8421  -0.0933   0.2281  -0.8580   7.4911
  0.0826  -6.9491   0.1244   2.0683  -0.8930   4.9644
  0.7140 -12.1852  -1.3633  -1.8692  -0.6998   7.3898
  0.2635  -2.5353   0.0709  -1.6363  -0.6310   2.0042
 -0.4656   5.7763  -0.3351  -6.5396  -1.1818  -0.1532
 -0.7040  -2.5305  -0.2937   2.0034  -0.6930   3.3336
 -1.6987   1.1646   0.9294  17.6858   6.8178  42.5817
 -0.9887   5.8523   0.5517  17.5506   5.8339  41.5629
  0.0989  -1.8086   1.4029  18.3080   7.2554  51.6662
 -0.7406  -3.9593   3.0583  13.6320   7.6778  47.4811
 -1.4733  -1.0348   1.2238  18.1295   7.2910  47.6922
 -3.6859   6.3581  -0.0373   4.1807  -0.0875  -0.4887
 -2.9866   6.1649  -0.8408 -11.8189  -1.9118  -1.0413
 -2.7189   7.4557  -0.8711 -13.6444  -2.0733  -0.2959
 -2.0526   4.1899  -0.3957  -7.8985  -1.4925   1.6187
 -1.6999   3.3480  -0.4245  -5.0976  -0.9838   0.9018
 -1.5013   2.0074  -0.3287  -5.1955  -1.0617   1.4786
 -1.4026   1.9094  -0.2817  -5.5344  -1.3683   1.4135
 -1.2940   1.0956  -0.3326  -2.0769  -0.7571   0.9716
 -1.2683   0.8653  -0.2290  -2.1138  -0.8967   0.6569
 -1.2305   0.8528  -0.2908  -1.9742  -0.6916   0.7368
 -1.2344   0.8025  -0.3056  -2.2653  -0.7277   0.6691
 -1.2596   0.3559  -0.1777  -1.7587  -0.6122   0.6334
 -1.3553   0.2400  -0.1925  -2.2799  -0.8083   0.6810
 -1.3973   0.1691  -0.2024  -2.2875  -0.7489   0.6106
 -1.5461   1.1103  -0.8235  -3.6774  -0.8492   0.1994
 -1.3917   3.4069  -0.4002  -2.2289  -0.2690  -0.7510
 -1.3055   0.8116  -0.0517  -0.8278  -0.1516  -0.0451
 -1.3232   0.6989  -0.0125  -0.2855  -0.0994  -0.0323
 -1.2429   0.8823   0.0055  -0.9460  -0.1738  -0.3651
 -1.1488   2.9295   0.2920  -2.4153   0.0856  -1.1807
 -1.1300   1.8715  -0.1269  -1.4540   0.2701  -1.3583
 -1.1083  -0.0489  -0.2218  -0.3253   0.1765  -0.4598
 -0.8795   0.9732  -0.2900  -0.8984   0.1419  -0.6915
 -1.0641   0.5605  -0.2916  -0.6613   0.0367  -0.6095
 -0.8062   0.7820  -0.3353  -0.6136   0.2454  -0.7168
 -0.5017  -0.6093  -0.5513  -0.0318   0.4798  -0.1773
 -0.4957  -0.1553  -0.5635  -0.2353   0.3049  -0.2998
 -0.6212  -0.1280  -0.3812  -0.0631   0.2351  -0.2710
 -0.6288  -0.2332  -0.3595  -0.4907   0.1462  -0.3875
 -0.7098  -0.2459  -0.4551  -0.2288   0.0793  -0.3869
 -0.5886  -0.3202  -0.4326  -0.1897   0.1065  -0.4053
 -0.6712  -0.1717  -0.4720  -0.2140   0.0690  -0.4239
 -0.5882  -0.2146  -0.5159  -0.1398   0.0726  -0.4725
 -0.6445  -0.1440  -0.5413  -0.1868   0.0637  -0.3533
 -0.6161  -0.1267  -0.5330  -0.1099   0.0603  -0.5522
 -0.6538  -0.1576  -0.4822  -0.2054   0.0599  -0.2305
 -0.6081  -0.0338  -0.6024   0.4427   0.1475  -1.2058
 -0.8933  -3.1407   0.2572   3.2885   0.7723  -0.8175
  0.6487   2.5659   3.4300  14.5357   3.2685  -7.7779
  0.6776   2.3586   3.6152  14.8272   3.0524  -8.2388
  0.5223  -1.6878   3.1970  17.9192   3.2764  -4.5786
  0.8936  -4.6623   3.4812  19.1815   3.6785  -0.0660
  0.9196  -8.8219   1.7705  26.7002   2.5293   0.1340
  1.0896  -7.6088   2.1447  24.4720   2.6638  -0.9640
  1.0516  -7.0018   1.8164  24.4930   2.3329  -1.1538
  1.6737  -7.1748   2.2075  23.7898   3.3335  -0.9432
  2.0243  -6.9971   2.0554  23.8535   3.6764  -1.0721
  1.5732  -5.8311   2.6475  22.4605   3.2745  -2.1876
  1.7592  -7.4213   1.5754  24.2890   3.2409  -0.7703
  1.8510  -6.2293   2.4052  22.7896   3.7244  -1.6821
  1.6344  -7.5904   1.9774  24.5860   3.3381  -0.7976
  1.6000  -6.7736   2.0497  23.5928   3.2992  -1.3898
  1.5685  -7.0646   1.9687  24.1443   3.1815  -1.3139
  1.5402  -6.8871   1.9684  23.9090   3.2147  -1.4288
  1.5487  -7.0226   1.9613  24.1471   3.2924  -1.3717
  1.4717  -6.6941   2.0440  23.6736   3.0339  -1.5845
  1.3778  -6.8969   1.9798  24.1093   2.8088  -1.4488
  1.4055  -6.7161   2.1419  23.7001   2.9870  -1.7042
  1.5065  -6.9798   2.0688  24.0261   3.0713  -1.5860
  1.5442  -6.7570   2.0838  23.7708   3.1784  -1.7139
  1.4526  -6.8397   1.8944  24.0879   2.8508  -1.7316
  1.5057  -6.4267   1.9480  23.6249   2.9595  -1.9853
  1.4118  -6.7865   1.8745  24.1473   2.7185  -1.8058
  1.3100  -6.4012   2.0478  23.5712   2.6837  -2.0130
  1.2524  -6.9505   1.9811  24.2752   2.6632  -1.5282
  1.2959  -6.4736   1.8975  23.7526   2.6975  -1.8443
  1.2371  -6.5862   1.8216  24.0137   2.6397  -1.8807
  1.2741  -6.0496   2.1533  23.2499   2.7423  -2.3024
  1.4496  -6.2782   2.0464  23.6028   2.8620  -2.2273
  1.5527  -5.6808   2.3102  22.7266   3.1111  -2.5587
  1.5363  -5.9058   2.2504  23.0892   3.0744  -2.4578
  1.5897  -5.5272   2.3940  22.6075   3.1780  -2.6943
  1.5451  -6.2092   1.9930  23.6165   2.9039  -2.3362
  1.6016  -5.4160   2.3107  22.6404   3.1102  -2.7668
  1.4337  -6.3768   1.9547  23.6829   2.7828  -2.2402
  1.4216  -6.2630   1.8919  23.4963   2.7647  -2.2661
  1.4780  -6.4388   1.8372  23.7713   2.7821  -2.1914
  1.4882  -5.6397   2.1145  22.7941   2.8798  -2.6686
  1.4699  -6.3299   1.9434  23.6524   2.8232  -2.2928
  1.4826  -6.0882   1.9899  23.3511   2.8161  -2.4357
  1.4598  -6.4592   1.9218  23.7766   2.8051  -2.2048
  1.4829  -5.9492   2.0716  23.0947   2.8357  -2.4929
  1.4883  -6.2940   1.9584  23.6667   2.8149  -2.2908
  1.4660  -6.0406   2.0323  23.2474   2.8123  -2.3965
  1.4882  -6.2380   1.9944  23.6303   2.8338  -2.3273
  1.3702  -5.0718   2.1952  22.1850   2.7789  -2.9133
  1.4034  -5.9573   2.4285  22.6957   2.2531  -2.0771
  1.3638  -6.2511   2.3588  22.8000   1.6716  -1.5731
  1.0992  -7.1876   1.7280  24.5231   1.7541  -1.1814
  1.4063  -5.5680   2.3757  22.5872   2.2507  -2.2736
  1.3663  -6.6455   2.2829  23.4663   2.7286  -1.6907
  1.4124  -5.9907   2.7915  22.5429   3.4529  -2.1008
  1.6236  -5.9148   1.7589  23.3196   3.0037  -2.1055
  1.5382  -5.4431   2.3239  22.6089   2.8805  -2.5960
  1.5002  -5.2449   2.3115  22.3869   2.6515  -2.7633
  1.4191  -5.6734   2.0891  22.9055   2.6274  -2.5370
  1.4755  -5.4206   2.0000  22.7597   2.4751  -2.6978
  1.5374  -5.1827   2.2092  22.3388   2.6976  -2.9596
  1.4406  -4.4075   2.2479  21.5545   2.7914  -3.4357
  1.3528  -5.2852   1.9791  22.5674   2.5383  -3.0405
  1.5752  -6.2693   2.1516  23.0596   2.2983  -1.9508
  1.5929  -5.8151   3.0753  22.6511   3.1861  -2.3647
  1.5674  -7.4108   1.7749  24.9546   2.8636  -1.5750
  1.5703  -5.0387   2.4138  22.0216   2.7655  -2.7435
