  0.1126   0.5507  -0.0630  -0.1049   0.0373  -0.0688
  0.1139   0.5898  -0.0552  -0.1253   0.0472  -0.0814
  0.1201   0.5526  -0.0506  -0.1302   0.0388  -0.0814
  0.1047   0.5309  -0.0562  -0.1245   0.0341  -0.0866
  0.1010   0.5289  -0.0577  -0.1151   0.0403  -0.0845
  0.1053   0.5241  -0.0498  -0.1092   0.0385  -0.0961
  0.0952   0.4885  -0.0649  -0.1186   0.0275  -0.0614
  0.0822   0.4732  -0.0795  -0.1450   0.0173  -0.0671
  0.0888   0.4611  -0.0740  -0.1361   0.0182  -0.0259
  0.0766   0.4343  -0.0650  -0.1374   0.0058  -0.0518
  0.0527   0.3725  -0.0657  -0.0796  -0.0019  -0.0590
  0.0558   0.3366  -0.0626  -0.0547  -0.0004  -0.0277
  0.0583   0.3388  -0.0587  -0.0935   0.0019  -0.0281
  0.0490   0.3490  -0.0647  -0.1386  -0.0136  -0.0389
  0.0544   0.3285  -0.0692  -0.1107  -0.0100  -0.0343
  0.0461   0.2885  -0.0689  -0.0824  -0.0175  -0.0238
  0.0453   0.2573  -0.0641  -0.0643  -0.0088  -0.0291
  0.0493   0.2635  -0.0640  -0.0670  -0.0031  -0.0349
  0.0589   0.2534  -0.0738  -0.0740  -0.0070  -0.0221
  0.0495   0.2367  -0.0785  -0.0932  -0.0194  -0.0255
  0.0427   0.2008  -0.0633  -0.0758  -0.0157  -0.0130
  0.0499   0.1715  -0.0454  -0.0455  -0.0022  -0.0214
  0.0614   0.1308  -0.0450   0.0692  -0.0108  -0.0854
  0.0435   0.1444  -0.0086   0.1107  -0.0385  -0.1135
  0.0474   0.1379   0.0259   0.0413  -0.0600   0.1004
  0.0568   0.1279   0.0043  -0.0677   0.0006   0.0908
  0.0648   0.1346   0.0149  -0.0646  -0.0026  -0.0330
  0.0606   0.0958   0.0144   0.0105   0.0121  -0.1147
  0.0716   0.0830   0.0315   0.0771   0.0329  -0.0661
  0.0580   0.0554   0.0389   0.0636   0.0349   0.0817
  0.0610   0.0308   0.0247   0.0676   0.0325  -0.0549
  0.0563   0.0313   0.0259   0.0601   0.0347   0.0123
  0.0550   0.0076   0.0293   0.0500   0.0350  -0.0446
  0.0536   0.0083   0.0274   0.0535   0.0367  -0.0172
  0.0585   0.0020   0.0318   0.0495   0.0454  -0.0027
  0.0568  -0.0032   0.0351   0.0816   0.0568  -0.0065
  0.0574  -0.0131   0.0501   0.0843   0.0677  -0.0238
  0.0456  -0.0015   0.0336   0.0592   0.0469   0.0020
  0.0438   0.0029   0.0099   0.0403   0.0319  -0.0327
  0.0429   0.0115  -0.0009   0.0083   0.0289  -0.0157
  0.0462   0.0058  -0.0005   0.0021   0.0307  -0.0314
  0.0316   0.0117  -0.0122   0.0031   0.0360  -0.0280
  0.0210  -0.0009  -0.0093   0.0090   0.0428  -0.0405
  0.0316  -0.0029  -0.0014   0.0079   0.0324  -0.0197
  0.0322   0.0125  -0.0112  -0.0044   0.0372  -0.0307
  0.0190  -0.0417  -0.0201   0.0303   0.0346   0.0119
  0.0253  -0.0784  -0.0298   0.0469   0.0445   0.0275
 -0.0161  -0.0859   0.0311   0.0590   0.0467   0.1014
 -0.0707   0.0502   0.0800   0.0313   0.0483   0.0818
 -0.0437   0.0512   0.0377  -0.0270   0.0473   0.0800
 -0.0706   0.0737   0.0086  -0.0618  -0.0121   0.0626
 -0.0386  -0.0399   0.0006  -0.0394   0.0207  -0.0238
 -0.0463  -0.0489   0.0054  -0.0518   0.0049  -0.0135
 -0.0499  -0.0690  -0.0085  -0.0854  -0.0193   0.0534
 -0.0673  -0.1668  -0.0211  -0.0884  -0.0375   0.0729
 -0.0682  -0.1787  -0.0125  -0.0724  -0.0523  -0.0036
 -0.0662  -0.1665   0.0018  -0.0302  -0.0473   0.0411
 -0.0738  -0.2589   0.0049  -0.0277  -0.0543  -0.0094
 -0.0774  -0.2783   0.0147  -0.0350  -0.0522   0.0576
 -0.0773  -0.3003   0.0235   0.0069  -0.0358   0.1759
 -0.0719  -0.2747   0.0250  -0.0182  -0.0303   0.0247
 -0.0642  -0.2930   0.0348   0.0091  -0.0268   0.0299
 -0.0727  -0.2925   0.0363   0.0168  -0.0259   0.0249
 -0.0781  -0.3226   0.0406   0.0675  -0.0235   0.0393
 -0.0903  -0.3357   0.0353   0.0567  -0.0392   0.0483
 -0.0833  -0.4481   0.0350   0.1103  -0.0266   0.0309
 -0.0948  -0.3860   0.0413   0.0666  -0.0111   0.0022
 -0.1107  -0.3432   0.0607  -0.0093  -0.0389   0.0674
 -0.1272  -0.4512   0.0633   0.0713  -0.0403   0.0305
 -0.1301  -0.4861   0.0543   0.1324  -0.0402   0.0426
 -0.1445  -0.5287   0.0463   0.1533  -0.0477   0.0672
 -0.1535  -0.5256   0.0601   0.1472  -0.0547   0.0754
 -0.1540  -0.5585   0.0566   0.1540  -0.0579   0.0567
 -0.1402  -0.5629   0.0654   0.1486  -0.0574   0.0850
 -0.1395  -0.5708   0.0671   0.1561  -0.0530   0.0568
 -0.1410  -0.5763   0.0745   0.1684  -0.0460   0.0700
 -0.1474  -0.5944   0.0701   0.1744  -0.0431   0.0453
 -0.1484  -0.5751   0.0841   0.1761  -0.0482   0.0400
