  0.0273  -0.1338  -0.0899   0.1501   0.0086   0.0370
  0.0493  -0.1988  -0.0569   0.1713   0.0169   0.0106
  0.0396  -0.1519  -0.0702   0.1894   0.0142   0.0137
  0.0426  -0.1559  -0.0693   0.1562   0.0122   0.0381
  0.0331  -0.0988  -0.0804   0.1239   0.0130   0.0185
  0.0234  -0.0565  -0.0721   0.0936   0.0104   0.0157
  0.0176  -0.0459  -0.0684   0.0797   0.0011   0.0074
  0.0267  -0.0498  -0.0631   0.0846   0.0093   0.0441
  0.0297  -0.0985  -0.0617   0.1425   0.0169   0.0215
  0.0309  -0.1149  -0.0633   0.1260   0.0055  -0.0134
  0.0169  -0.0770  -0.0672   0.1810   0.0073  -0.0236
  0.0177  -0.0543  -0.0649   0.1190   0.0120  -0.0194
  0.0059  -0.0449  -0.0928   0.0708   0.0068   0.0357
 -0.0066  -0.0185  -0.1178   0.0734  -0.0131  -0.0313
 -0.0070  -0.0149  -0.1368   0.0440  -0.0079   0.0999
 -0.0004  -0.0359  -0.1134   0.0658  -0.0188  -0.1076
 -0.0050  -0.0018  -0.1004   0.0100  -0.0072   0.0523
 -0.0064  -0.0095  -0.0787   0.0254  -0.0148   0.0208
 -0.0076   0.0284  -0.0809   0.0796  -0.0069   0.0273
 -0.0094  -0.0048  -0.0675   0.0698  -0.0028  -0.0293
  0.0005   0.0202  -0.0628   0.0744  -0.0047   0.0101
 -0.0015  -0.0136  -0.0583   0.0564  -0.0120   0.0004
 -0.0030  -0.0118  -0.0558   0.0943  -0.0112  -0.0439
 -0.0055   0.0018  -0.0598   0.0424  -0.0054   0.0747
 -0.0027   0.0436  -0.0398   0.0579  -0.0025   0.0469
  0.0011  -0.0144  -0.0364   0.0130  -0.0006  -0.0795
  0.0035  -0.0304  -0.0112   0.0642   0.0062  -0.0478
  0.0003  -0.0451   0.0002   0.0644   0.0144   0.1167
 -0.0054  -0.0369  -0.0078   0.1372  -0.0008  -0.0555
 -0.0119  -0.0341  -0.0308   0.0943   0.0061   0.0222
 -0.0138  -0.0164  -0.0231   0.1020   0.0073   0.0058
 -0.0049   0.0070  -0.0212   0.0500  -0.0004   0.0159
 -0.0067   0.0120  -0.0254   0.0163  -0.0001   0.0691
 -0.0069  -0.0029  -0.0203   0.0391  -0.0044  -0.0042
 -0.0096   0.0222  -0.0172   0.0449  -0.0046   0.0117
 -0.0062   0.0097  -0.0191   0.0548  -0.0028   0.0515
 -0.0104  -0.0051  -0.0061   0.0409   0.0012  -0.0547
 -0.0059  -0.0291  -0.0033   0.0447  -0.0017  -0.0195
 -0.0072   0.0073  -0.0024  -0.0001  -0.0028   0.0258
 -0.0078  -0.0160  -0.0030  -0.0080  -0.0060  -0.0163
 -0.0113  -0.0256  -0.0029   0.0334  -0.0153  -0.0704
 -0.0159  -0.0224  -0.0052  -0.0267  -0.0064   0.0510
 -0.0205  -0.0236  -0.0091  -0.0196  -0.0158  -0.0155
 -0.0245  -0.0033   0.0052   0.0132  -0.0197  -0.0484
 -0.0208   0.0349   0.0019  -0.0500  -0.0144   0.0549
 -0.0199   0.0189   0.0134  -0.0345  -0.0158  -0.0181
 -0.0079   0.0005   0.0206  -0.0069  -0.0084  -0.0113
 -0.0160   0.0229   0.0174  -0.0344  -0.0187  -0.0215
 -0.0046   0.0201   0.0285  -0.0393  -0.0195  -0.0324
  0.0098  -0.0513  -0.0038  -0.0378   0.0030  -0.0210
  0.0454  -0.0899  -0.0223  -0.0292   0.0304  -0.0009
  0.0478  -0.0962   0.0073   0.0441   0.0359  -0.0479
  0.0418  -0.0732  -0.0040   0.0544   0.0195   0.0224
  0.0171  -0.0936   0.0063  -0.0248   0.0103  -0.0588
  0.0100  -0.0619   0.0089  -0.0675  -0.0007   0.0768
 -0.0009   0.0199   0.0410  -0.0633  -0.0065   0.0251
 -0.0125   0.0910   0.0661  -0.0419   0.0007  -0.0250
 -0.0117   0.0840   0.0763  -0.1106   0.0022   0.1219
 -0.0021   0.0323   0.0842  -0.0979  -0.0012  -0.1121
 -0.0051   0.0902   0.0813  -0.1150   0.0010   0.0348
  0.0044   0.0888   0.0904  -0.1252   0.0151   0.0520
  0.0022   0.0781   0.0972  -0.1114   0.0058  -0.0630
 -0.0061   0.0836   0.0930  -0.1082   0.0008  -0.0381
 -0.0128   0.1007   0.0838  -0.1345   0.0029   0.0662
 -0.0079   0.0609   0.0927  -0.1106  -0.0062  -0.0246
  0.0046   0.0759   0.0975  -0.1084  -0.0001  -0.0213
 -0.0047   0.1001   0.0873  -0.1194   0.0024   0.0230
 -0.0096   0.0810   0.0827  -0.1445  -0.0102  -0.0512
 -0.0150   0.0839   0.0899  -0.1540  -0.0072  -0.0535
 -0.0196   0.1078   0.0875  -0.1993  -0.0088   0.0459
 -0.0164   0.0932   0.1008  -0.1432  -0.0226  -0.0682
 -0.0219   0.1168   0.0901  -0.1339  -0.0039   0.0234
 -0.0210   0.0787   0.0975  -0.1557  -0.0000  -0.0265
 -0.0101   0.0813   0.1074  -0.1216   0.0012  -0.0522
 -0.0186   0.1109   0.0982  -0.1616   0.0039   0.0237
 -0.0142   0.0877   0.1048  -0.1424   0.0048  -0.0330
 -0.0171   0.0792   0.1020  -0.1342   0.0060  -0.0595
 -0.0215   0.0986   0.0902  -0.1552   0.0129   0.0186
