  0.0856  -0.3421  -0.1520  -0.3323   0.0633  -0.2528
  0.0991  -0.4178  -0.1252  -0.4846   0.0820  -0.2218
  0.0886  -0.4432  -0.1307  -0.4515   0.0816  -0.2227
  0.0919  -0.2859  -0.1135  -0.4432   0.0827  -0.2012
  0.0795  -0.2309  -0.1129  -0.4101   0.0782  -0.2018
  0.0823  -0.2668  -0.1552  -0.4041   0.0697  -0.2197
  0.0701  -0.2241  -0.1525  -0.3040   0.0606  -0.2214
  0.0764  -0.1989  -0.1591  -0.2233   0.0568  -0.2348
  0.0830  -0.1839  -0.1691  -0.3104   0.0613  -0.2298
  0.0955  -0.2237  -0.1761  -0.3153   0.0562  -0.2190
  0.0954  -0.1797  -0.1650  -0.3596   0.0566  -0.2098
  0.0868  -0.1324  -0.1608  -0.3441   0.0505  -0.1995
  0.0876  -0.1261  -0.1434  -0.2878   0.0398  -0.2084
  0.0729  -0.1174  -0.1521  -0.2743   0.0400  -0.2038
  0.0731  -0.0791  -0.1460  -0.1864   0.0397  -0.1964
  0.0874  -0.1012  -0.1533  -0.1880   0.0386  -0.2092
  0.0948  -0.1912  -0.1645  -0.1830   0.0436  -0.1997
  0.0756  -0.2400  -0.1567  -0.2104   0.0531  -0.2100
  0.0743  -0.1914  -0.1228  -0.2600   0.0425  -0.2037
  0.0615  -0.2419  -0.1411  -0.2216   0.0444  -0.2023
  0.0676  -0.2584  -0.1308  -0.1459   0.0383  -0.1859
  0.0625  -0.2973  -0.1580  -0.2084   0.0612  -0.1895
  0.0547  -0.2950  -0.1690  -0.1320   0.0642  -0.1667
  0.0460  -0.2726  -0.1483  -0.0763   0.0476  -0.1712
  0.0449  -0.2753  -0.1411  -0.1901   0.0525  -0.1579
  0.0361  -0.2732  -0.1321  -0.2358   0.0513  -0.1644
  0.0239  -0.2471  -0.1330  -0.2241   0.0454  -0.1654
  0.0124  -0.2340  -0.1072  -0.1299   0.0465  -0.1721
  0.0500  -0.2016  -0.0615  -0.3335   0.0772  -0.1686
  0.0548  -0.2200  -0.0760  -0.1220   0.0627  -0.1707
  0.0329  -0.1920  -0.0699  -0.0675   0.0515  -0.1560
  0.0153  -0.2350  -0.0889  -0.0700   0.0431  -0.1627
  0.0013  -0.2633  -0.0939  -0.1391   0.0516  -0.1528
 -0.0040  -0.2386  -0.0880  -0.1129   0.0378  -0.1574
 -0.0092  -0.2532  -0.0848  -0.0685   0.0346  -0.1346
  0.0040  -0.1843  -0.0832   0.0464   0.0176  -0.1300
  0.0218  -0.1071  -0.0605   0.0016   0.0185  -0.1343
 -0.0024  -0.1454  -0.0495  -0.0010   0.0080  -0.1177
 -0.0058  -0.1171  -0.0321  -0.0605   0.0150  -0.1079
 -0.0271  -0.2026  -0.0155  -0.0856   0.0103  -0.1192
 -0.0158  -0.1448  -0.0514  -0.2344   0.0255  -0.1220
 -0.0260  -0.0614  -0.0616  -0.1931   0.0174  -0.1048
 -0.0416  -0.0712  -0.0290  -0.0268  -0.0053  -0.1312
 -0.0267   0.0461  -0.0188   0.0008  -0.0388  -0.1093
 -0.0248  -0.0736  -0.0325  -0.1232  -0.0248  -0.1081
 -0.0053  -0.1522  -0.0308  -0.2322  -0.0018  -0.0938
 -0.0226  -0.1039  -0.0348  -0.1050  -0.0165  -0.0915
 -0.0003  -0.0969  -0.0362  -0.1611  -0.0025  -0.0945
  0.0057  -0.0787  -0.0307  -0.1220  -0.0036  -0.0832
  0.0165  -0.0875  -0.0348  -0.1262   0.0018  -0.0939
  0.0343  -0.0920  -0.0360  -0.0439  -0.0005  -0.0772
  0.0299  -0.0589  -0.0189  -0.0485   0.0083  -0.0740
  0.0542  -0.0419   0.0074  -0.1202   0.0402  -0.0663
  0.0377  -0.0625  -0.0011  -0.1609   0.0530  -0.0557
  0.0079  -0.0215  -0.0086  -0.0255   0.0213  -0.0559
 -0.0045  -0.0079   0.0188   0.0449  -0.0039  -0.0400
 -0.0104   0.0266   0.0151   0.1351  -0.0195  -0.0197
 -0.0013   0.0065   0.0235   0.0920  -0.0270  -0.0440
 -0.0179   0.0011   0.0239  -0.0019  -0.0318  -0.0474
 -0.0017   0.0346   0.0337   0.0525  -0.0275  -0.0337
 -0.0126   0.0328   0.0261   0.1377  -0.0372  -0.0285
 -0.0142   0.0386   0.0416   0.1475  -0.0446  -0.0219
 -0.0096   0.0680   0.0388   0.1675  -0.0466  -0.0134
 -0.0052   0.1003   0.0703   0.1725  -0.0496  -0.0130
 -0.0102   0.1421   0.0696   0.1412  -0.0484  -0.0058
 -0.0133   0.1472   0.0900   0.1851  -0.0555  -0.0035
 -0.0189   0.1158   0.0688   0.1664  -0.0631  -0.0170
 -0.0242   0.0593   0.0711   0.1541  -0.0601  -0.0201
 -0.0328   0.0485   0.0511   0.0948  -0.0484  -0.0294
 -0.0350   0.0559   0.0464   0.1801  -0.0470  -0.0281
 -0.0356   0.0689   0.0638   0.1896  -0.0552  -0.0137
 -0.0339   0.0826   0.0622   0.2053  -0.0604   0.0066
 -0.0300   0.0630   0.0651   0.2142  -0.0625   0.0255
 -0.0226   0.0585   0.0653   0.2093  -0.0542   0.0264
 -0.0426   0.0530   0.0654   0.1987  -0.0576   0.0328
 -0.0289   0.0402   0.0689   0.1936  -0.0561   0.0405
 -0.0358   0.0191   0.0636   0.1959  -0.0543   0.0560
 -0.0248   0.0386   0.0672   0.2204  -0.0507   0.0712
 -0.0294   0.0391   0.0369   0.0091  -0.0330   0.0574
 -0.0543   0.0609   0.0054   0.0320  -0.0280   0.0874
 -0.0926   0.0324   0.0194   0.2410  -0.0544   0.0678
 -0.0862   0.0718   0.0351   0.2118  -0.0485   0.0821
 -0.0707   0.0754   0.0524   0.1417  -0.0496   0.0702
 -0.0726   0.0872   0.0576   0.1250  -0.0488   0.0810
 -0.0623   0.0844   0.0523   0.2066  -0.0472   0.0911
 -0.0682   0.0750   0.0420   0.1952  -0.0406   0.0984
 -0.0690   0.0650   0.0387   0.1896  -0.0390   0.1049
 -0.0504   0.1033   0.0435   0.1163  -0.0341   0.1134
 -0.0493   0.1329   0.0617   0.1430  -0.0311   0.1271
 -0.0550   0.1411   0.0679   0.1359  -0.0293   0.1307
 -0.0608   0.1321   0.0712   0.1755  -0.0350   0.1130
 -0.0610   0.1413   0.0742   0.1756  -0.0404   0.1133
 -0.0600   0.1741   0.0780   0.1411  -0.0348   0.1123
 -0.0611   0.2049   0.0784   0.0994  -0.0275   0.1220
 -0.0630   0.1942   0.0752   0.1709  -0.0341   0.1257
 -0.0549   0.1840   0.0772   0.1969  -0.0218   0.1331
 -0.0632   0.1873   0.0836   0.2241  -0.0270   0.1300
 -0.0536   0.1791   0.0852   0.2129  -0.0219   0.1581
 -0.0433   0.1527   0.0922   0.2345  -0.0214   0.1651
 -0.0394   0.1646   0.0732   0.3321  -0.0287   0.1818
 -0.0268   0.1733   0.0807   0.2621  -0.0242   0.1697
 -0.0211   0.1821   0.0927   0.0666  -0.0095   0.1940
 -0.0389   0.1910   0.0790   0.1807  -0.0134   0.2052
 -0.0401   0.1910   0.0806   0.2027  -0.0021   0.1958
 -0.0421   0.2064   0.0855   0.1948  -0.0090   0.2113
 -0.0373   0.2268   0.1012   0.1684  -0.0048   0.2211
 -0.0342   0.2168   0.0986   0.2111  -0.0155   0.2209
 -0.0340   0.2089   0.0965   0.2085  -0.0184   0.2442
 -0.0248   0.2066   0.1072   0.1868  -0.0215   0.2577
 -0.0296   0.2173   0.1091   0.1917  -0.0147   0.2585
 -0.0302   0.2135   0.0970   0.2015  -0.0252   0.2694
  0.0136   0.2543   0.1188   0.0558   0.0086   0.2670
  0.0264   0.2625   0.1318   0.0762   0.0223   0.2697
  0.0003   0.2542   0.0936  -0.0109   0.0177   0.2530
  0.0171   0.2826   0.1010  -0.1268   0.0300   0.2406
  0.0042   0.2820   0.1113   0.0231   0.0014   0.2534
 -0.0095   0.2519   0.1038   0.1133   0.0027   0.2620
  0.0006   0.2586   0.1147   0.1697  -0.0139   0.2957
  0.0049   0.2804   0.1138   0.1014  -0.0093   0.2996
  0.0075   0.2483   0.1070   0.0984   0.0008   0.3090
  0.0062   0.2536   0.1156   0.0884   0.0016   0.3272
  0.0031   0.2305   0.1139   0.0837  -0.0086   0.3257
 -0.0191   0.2519   0.0962   0.0220  -0.0171   0.3321
 -0.0514   0.2466   0.1021   0.0833  -0.0192   0.3516
