  0.1421   0.2769   0.1119  -0.0654   0.0603   0.0378
  0.1840   0.3245   0.1561   0.0090   0.0965  -0.0291
  0.1416   0.0564   0.0754   0.0319   0.0535   0.0479
  0.1607   0.1400   0.1190   0.0306   0.0658   0.0199
  0.1411   0.0998   0.1045  -0.0003   0.0567   0.0375
  0.1489   0.1403   0.1046   0.0080   0.0573   0.0117
  0.1386   0.1115   0.0897   0.0033   0.0506   0.0348
  0.1393   0.1263   0.0842   0.0204   0.0524   0.0110
  0.1327   0.1047   0.0819  -0.0015   0.0518   0.0306
  0.1226   0.1193   0.0853   0.0096   0.0565   0.0204
  0.1404   0.1145   0.0798  -0.0119   0.0600   0.0211
  0.1401   0.1227   0.0899  -0.0010   0.0589   0.0146
  0.1308   0.1104   0.0844  -0.0064   0.0609   0.0250
  0.1308   0.1234   0.0764  -0.0202   0.0583   0.0096
  0.1171   0.1054   0.0588  -0.0194   0.0526   0.0254
  0.1112   0.1058   0.0712  -0.0164   0.0481   0.0314
  0.1209   0.1158   0.0900   0.0033  -0.0016   0.0146
  0.1173   0.1366   0.0818   0.0097   0.0119   0.0193
  0.0995   0.0745   0.0523  -0.0857  -0.0212   0.0836
  0.0864   0.0930   0.0573  -0.0436   0.0118   0.0610
  0.0856   0.0735   0.0320  -0.0445   0.0199   0.0636
  0.0899   0.0828   0.0415  -0.0275   0.0244   0.0465
  0.0817   0.0798   0.0323  -0.0385   0.0214   0.0448
  0.0878   0.0848   0.0251  -0.0306   0.0166   0.0482
  0.0746   0.0832   0.0337  -0.0221   0.0152   0.0456
  0.0693   0.0823   0.0226  -0.0051   0.0067   0.0266
  0.0608   0.0595   0.0156  -0.0200   0.0183   0.0323
  0.0685   0.0736   0.0285  -0.0078   0.0134   0.0280
  0.0556   0.0629   0.0116  -0.0306   0.0137   0.0367
  0.0622   0.0709   0.0285  -0.0053   0.0146   0.0365
  0.0557   0.0602   0.0151  -0.0168   0.0119   0.0388
  0.0594   0.0686   0.0129  -0.0050   0.0092   0.0247
  0.0546   0.0552   0.0127  -0.0068   0.0167   0.0406
  0.0564   0.0555   0.0260  -0.0162   0.0061   0.0371
  0.0408   0.0618   0.0097  -0.0200   0.0125   0.0376
  0.0453   0.0444   0.0030  -0.0110   0.0020   0.0344
  0.0543   0.0995   0.0267  -0.0158   0.0284   0.0325
  0.0577   0.1423   0.0376  -0.0211   0.0409   0.0229
  0.0395   0.0092  -0.0023  -0.0074   0.0177   0.0376
  0.0438   0.0608   0.0247  -0.0188   0.0151   0.0333
  0.0447   0.0267  -0.0035  -0.0068   0.0119   0.0326
  0.0488   0.1049   0.0271  -0.0276   0.0127   0.0139
  0.0432   0.1837  -0.0105  -0.0576   0.0212   0.0223
  0.0380   0.0750   0.0107  -0.0221   0.0045   0.0267
  0.0395   0.0400   0.0080  -0.0242   0.0061   0.0275
  0.0343   0.0167   0.0072  -0.0100   0.0199   0.0256
  0.0173   0.0343   0.0259  -0.0406   0.0026   0.0375
  0.0252   0.0267   0.0251  -0.0240  -0.0046   0.0258
  0.0404   0.0201  -0.0055  -0.0137  -0.0005   0.0360
  0.0508  -0.0267   0.0203   0.0053  -0.0085   0.0317
  0.0241   0.0020   0.0318  -0.0144  -0.0081   0.0310
  0.0132  -0.0045   0.0348  -0.0263  -0.0069   0.0345
  0.0071   0.0153   0.0462  -0.0293  -0.0076   0.0391
  0.0036   0.0049   0.0414  -0.0388  -0.0002   0.0398
 -0.0007   0.0124   0.0414  -0.0330   0.0002   0.0369
  0.0061   0.0203   0.0367  -0.0441  -0.0040   0.0198
 -0.0052   0.0225   0.0284  -0.0226  -0.0126   0.0101
  0.0010   0.0176   0.0372  -0.0150  -0.0056   0.0147
 -0.0043   0.0422   0.0122  -0.0290  -0.0131   0.0324
 -0.0033   0.0557   0.0211  -0.0040  -0.0138   0.0109
 -0.0042   0.0306   0.0235  -0.0055  -0.0178   0.0108
  0.0000   0.0354   0.0126  -0.0032  -0.0087   0.0102
  0.0013   0.0404   0.0126  -0.0121  -0.0055   0.0086
 -0.0025   0.0280   0.0172  -0.0061  -0.0045   0.0034
 -0.0118   0.0385   0.0085  -0.0089  -0.0068   0.0024
 -0.0136   0.0161   0.0116  -0.0088  -0.0018   0.0041
 -0.0163   0.0234   0.0021  -0.0120  -0.0024   0.0068
 -0.0154   0.0238   0.0199  -0.0197   0.0006   0.0096
 -0.0186   0.0241   0.0164  -0.0160  -0.0064   0.0133
 -0.0237   0.0168   0.0167  -0.0281   0.0006   0.0148
 -0.0269   0.0215   0.0096  -0.0326  -0.0009   0.0237
 -0.0262   0.0225   0.0227  -0.0347  -0.0002   0.0286
 -0.0207   0.0162   0.0282  -0.0214   0.0021   0.0112
 -0.0212   0.0181   0.0298  -0.0233  -0.0055   0.0204
 -0.0215   0.0382   0.0105  -0.0384   0.0037   0.0248
 -0.0326   0.0162   0.0083  -0.0309  -0.0032   0.0300
 -0.0090   0.0260   0.0054  -0.0510  -0.0107   0.0350
 -0.0130   0.0440   0.0007  -0.0595  -0.0110   0.0338
 -0.0140   0.0527   0.0040  -0.0588  -0.0044   0.0380
 -0.0242   0.0362  -0.0088  -0.0600  -0.0055   0.0318
 -0.0279   0.0377   0.0045  -0.0630  -0.0078   0.0380
 -0.0283   0.0390  -0.0064  -0.0654  -0.0025   0.0368
 -0.0282   0.0461   0.0149  -0.0641  -0.0137   0.0328
 -0.0220  -0.0007  -0.0072  -0.0341  -0.0111   0.0300
 -0.0246  -0.0963  -0.0643  -0.0236  -0.0076   0.0463
 -0.0252  -0.0685  -0.0039  -0.0450  -0.0153   0.0572
 -0.0293  -0.0356  -0.0370  -0.0554  -0.0083   0.0548
 -0.0388  -0.0248  -0.0155  -0.0526  -0.0072   0.0597
 -0.0321  -0.0211  -0.0291  -0.0498  -0.0126   0.0560
 -0.0399  -0.0117  -0.0646  -0.0785  -0.0125   0.0477
 -0.0440  -0.0392  -0.0319  -0.0480  -0.0087   0.0546
 -0.0395  -0.0189  -0.0317  -0.0760  -0.0010   0.0507
 -0.0451  -0.0034  -0.0359  -0.0817   0.0072   0.0578
 -0.0420  -0.0067  -0.0316  -0.0872   0.0073   0.0546
 -0.0466  -0.0125  -0.0387  -0.0570  -0.0088   0.0472
 -0.0452  -0.0090  -0.0517  -0.0804   0.0097   0.0428
 -0.0447  -0.0154  -0.0431  -0.0677   0.0072   0.0493
 -0.0460  -0.0009  -0.0464  -0.0705   0.0069   0.0453
 -0.0480  -0.0139  -0.0499  -0.0693   0.0043   0.0468
 -0.0455  -0.0082  -0.0422  -0.0583   0.0042   0.0493
 -0.0477  -0.0191  -0.0708  -0.0578   0.0049   0.0414
 -0.0464  -0.0073  -0.0396  -0.0556   0.0048   0.0548
 -0.0492  -0.0234  -0.0560  -0.0630  -0.0040   0.0499
 -0.0384   0.0151  -0.0018  -0.0628   0.0067   0.0356
 -0.0172   0.0083   0.0441  -0.0611   0.0243   0.0379
  0.0004  -0.0436   0.0010  -0.0481   0.0241   0.0384
 -0.0201  -0.0405  -0.0012  -0.0666   0.0017   0.0354
 -0.0243  -0.0014  -0.0270  -0.0881   0.0147   0.0437
 -0.0122  -0.0241  -0.0131  -0.0762   0.0062   0.0325
 -0.0206  -0.0135  -0.0345  -0.0655   0.0082   0.0349
 -0.0256  -0.0202  -0.0223  -0.0685   0.0103   0.0334
 -0.0283  -0.0136  -0.0370  -0.0653   0.0033   0.0360
 -0.0278  -0.0189  -0.0252  -0.0680  -0.0010   0.0350
 -0.0328  -0.0074  -0.0352  -0.0868   0.0064   0.0495
 -0.0182  -0.0090  -0.0357  -0.1052   0.0028   0.0522
 -0.0376  -0.0060  -0.0505  -0.0911   0.0053   0.0450
 -0.0248  -0.0055  -0.0460  -0.0789   0.0045   0.0481
 -0.0225  -0.0204  -0.0362  -0.0799  -0.0033   0.0407
 -0.0322  -0.0166  -0.0508  -0.0752   0.0092   0.0382
 -0.0263  -0.0121  -0.0372  -0.0966   0.0032   0.0572
 -0.0453  -0.0538  -0.0616  -0.0604   0.0029   0.0311
 -0.0419  -0.0464  -0.0584  -0.0794  -0.0326   0.0417
 -0.0198  -0.0383   0.0035  -0.1434  -0.1461   0.0736
 -0.0444  -0.0380  -0.0604  -0.1380  -0.0466   0.0738
 -0.0610  -0.0117  -0.0562  -0.1366  -0.0271   0.0726
 -0.0560   0.0496  -0.0757  -0.2048  -0.1015   0.1138
 -0.0536  -0.0594  -0.0602  -0.1101  -0.0407   0.0628
 -0.0520  -0.0580  -0.0770  -0.1314  -0.0247   0.0626
 -0.0618  -0.0468  -0.0725  -0.1170  -0.0069   0.0467
 -0.0712  -0.0442  -0.0734  -0.1171  -0.0206   0.0479
 -0.0627  -0.0397  -0.0775  -0.1078  -0.0151   0.0390
 -0.0699  -0.0519  -0.0781  -0.1147  -0.0216   0.0477
 -0.0708  -0.0460  -0.0704  -0.1194  -0.0148   0.0351
 -0.0712  -0.0508  -0.0721  -0.1380  -0.0175   0.0508
 -0.0703  -0.0492  -0.0629  -0.1257  -0.0137   0.0484
 -0.0718  -0.0520  -0.0739  -0.1473  -0.0192   0.0567
 -0.0747  -0.0542  -0.0640  -0.1412  -0.0100   0.0507
 -0.0738  -0.0555  -0.0684  -0.1446  -0.0206   0.0655
 -0.0758  -0.0475  -0.0696  -0.1381  -0.0135   0.0505
 -0.0744  -0.0554  -0.0719  -0.1414  -0.0148   0.0628
 -0.0736  -0.0514  -0.0721  -0.1282  -0.0083   0.0486
 -0.0788  -0.0371  -0.0688  -0.1427  -0.0178   0.0678
 -0.0762  -0.0758  -0.0698  -0.1288  -0.0168   0.0542
 -0.0822  -0.0725  -0.0747  -0.1272  -0.0180   0.0723
 -0.0788  -0.0648  -0.0733  -0.1234  -0.0157   0.0620
 -0.0851  -0.0652  -0.0623  -0.1162  -0.0153   0.0755
 -0.0850  -0.0577  -0.0621  -0.1341  -0.0166   0.0656
 -0.0814  -0.0625  -0.0671  -0.1126  -0.0125   0.0661
 -0.0690  -0.0728  -0.0525  -0.1213  -0.0163   0.0440
 -0.0582  -0.1195  -0.0257   0.3068   0.0262  -0.1877
 -0.0307  -0.2025  -0.0047   0.3008   0.0072  -0.1919
 -0.0776  -0.2255  -0.0246   0.2580  -0.0358  -0.1671
 -0.0164  -0.1109   0.0428   0.0836  -0.0175  -0.0778
 -0.0287  -0.0970  -0.0048  -0.1492  -0.0410   0.0829
 -0.0305  -0.0825   0.0516   0.2030  -0.0436  -0.1829
 -0.0088  -0.0282   0.0453   0.4898  -0.0766  -0.2423
 -0.0195  -0.0754   0.0218   0.0706  -0.0307  -0.1202
 -0.0194  -0.2875   0.0080   0.6562  -0.0363  -0.3363
  0.0621   0.1521   0.1343   0.2395  -0.0402  -0.2744
  0.0140   0.0771   0.1268   0.5993  -0.0053  -0.4758
 -0.0137  -0.1107   0.0744   0.5834  -0.0255  -0.3694
 -0.0238  -0.1131   0.0227   0.3360  -0.0397  -0.2550
 -0.0226  -0.2055   0.0244   0.3943  -0.0687  -0.2873
  0.0028  -0.2257   0.0490   0.4262  -0.0469  -0.2961
 -0.0705  -0.1247  -0.0449   0.1752  -0.0193  -0.1541
 -0.0671  -0.1633  -0.0106   0.1055  -0.0126  -0.0975
 -0.0474  -0.1280  -0.0242   0.2657  -0.0035  -0.2163
 -0.0273  -0.0872   0.0954   0.7491  -0.0376  -0.4472
  0.0321  -0.1619   0.0574   0.5715  -0.0096  -0.4055
  0.0177  -0.2638  -0.0226   0.5647   0.0010  -0.3643
 -0.0999  -0.1873  -0.0570   0.3938  -0.0236  -0.2247
 -0.0640  -0.1808  -0.0133   0.3305  -0.0099  -0.2233
 -0.0384  -0.1316  -0.0450  -0.0437   0.0186  -0.0082
 -0.0348  -0.1851  -0.0269   0.1591   0.0112  -0.1363
 -0.0172  -0.1637  -0.0539   0.0653   0.0284  -0.0603
 -0.0118  -0.1928  -0.0502   0.1442   0.0435  -0.1211
