 -0.0063   0.0976  -0.0462  -0.2229   0.0684  -0.4310
 -0.0099   0.0654  -0.0311  -0.2227   0.0682  -0.3838
 -0.0037   0.0479  -0.0253  -0.1669   0.0590  -0.3872
 -0.0137   0.0420  -0.0249  -0.1489   0.0455  -0.3793
 -0.0096   0.0638  -0.0358  -0.1509   0.0459  -0.3877
 -0.0137   0.0591  -0.0315  -0.1631   0.0449  -0.3890
 -0.0145   0.0586  -0.0182  -0.1861   0.0420  -0.3892
 -0.0088   0.0613  -0.0059  -0.1699   0.0377  -0.3628
 -0.0094   0.0406  -0.0089  -0.1348   0.0422  -0.3450
 -0.0107   0.0329  -0.0091  -0.1344   0.0399  -0.3615
 -0.0144   0.0537  -0.0235  -0.1343   0.0434  -0.3763
 -0.0115   0.0656  -0.0197  -0.1366   0.0426  -0.3666
 -0.0146   0.0613  -0.0227  -0.1312   0.0488  -0.3537
 -0.0085   0.0643  -0.0155  -0.1111   0.0444  -0.3534
 -0.0113   0.0784  -0.0284  -0.1504   0.0500  -0.3565
  0.0000   0.0837  -0.0311  -0.1469   0.0478  -0.3496
 -0.0026   0.0827  -0.0388  -0.1199   0.0409  -0.3269
 -0.0046   0.0619  -0.0266  -0.0857   0.0434  -0.3132
 -0.0076   0.0384  -0.0259  -0.0653   0.0509  -0.3084
 -0.0095   0.0365  -0.0400  -0.0758   0.0374  -0.3026
 -0.0064   0.0408  -0.0370  -0.0720   0.0350  -0.3088
 -0.0116   0.0467  -0.0437  -0.0943   0.0178  -0.3088
 -0.0111   0.0545  -0.0449  -0.1120   0.0238  -0.3028
 -0.0049   0.0658  -0.0402  -0.1127   0.0362  -0.3006
 -0.0005   0.0480  -0.0268  -0.1074   0.0449  -0.2933
  0.0034   0.0423  -0.0210  -0.0954   0.0446  -0.2811
 -0.0120   0.0252  -0.0295  -0.0836   0.0336  -0.2734
 -0.0089   0.0260  -0.0392  -0.0789   0.0422  -0.2826
 -0.0013   0.0654  -0.0474  -0.1092   0.0374  -0.2888
  0.0007   0.0665  -0.0404  -0.1203   0.0341  -0.2739
 -0.0036   0.0497  -0.0381  -0.0966   0.0265  -0.2459
 -0.0031   0.0363  -0.0398  -0.0909   0.0351  -0.2435
 -0.0044   0.0409  -0.0387  -0.1229   0.0392  -0.2517
 -0.0073   0.0575  -0.0420  -0.1268   0.0440  -0.2532
 -0.0064   0.0666  -0.0356  -0.1265   0.0405  -0.2321
 -0.0046   0.0570  -0.0323  -0.1159   0.0382  -0.2342
 -0.0085   0.0567  -0.0310  -0.0985   0.0396  -0.2095
 -0.0016   0.0434  -0.0365  -0.0833   0.0297  -0.1987
 -0.0041   0.0383  -0.0306  -0.0919   0.0193  -0.2101
 -0.0094   0.0491  -0.0476  -0.0895   0.0215  -0.2036
 -0.0122   0.0558  -0.0366  -0.1002   0.0233  -0.1905
  0.0029   0.0675  -0.0391  -0.1508   0.0313  -0.2120
 -0.0031   0.0448  -0.0368  -0.0899   0.0416  -0.1924
 -0.0103   0.0467  -0.0412  -0.1037   0.0468  -0.1619
 -0.0040   0.0734  -0.0334  -0.1859   0.0515  -0.1889
 -0.0086   0.0690  -0.0413  -0.1636   0.0463  -0.1843
 -0.0055   0.0779  -0.0456  -0.1690   0.0507  -0.1827
  0.0011   0.0782  -0.0507  -0.1556   0.0518  -0.1699
 -0.0073   0.0984  -0.0346  -0.1547   0.0364  -0.1654
 -0.0068   0.0819  -0.0227  -0.1466   0.0323  -0.1525
 -0.0088   0.0769  -0.0269  -0.1633   0.0319  -0.1511
  0.0010   0.0592  -0.0331  -0.1366   0.0251  -0.1309
  0.0018   0.0710  -0.0289  -0.1557   0.0245  -0.1435
 -0.0003   0.0805  -0.0310  -0.1558   0.0337  -0.1278
 -0.0026   0.0871  -0.0193  -0.1850   0.0519  -0.1260
  0.0104   0.0556  -0.0059  -0.0893   0.0470  -0.0355
  0.0080   0.0530  -0.0043  -0.1104   0.0670   0.0019
  0.0064   0.0560   0.0025  -0.1474   0.0528  -0.0679
  0.0005   0.0637  -0.0147  -0.1016   0.0411  -0.0798
  0.0061   0.0664  -0.0192  -0.0698   0.0352  -0.0764
 -0.0089   0.0793  -0.0141  -0.1116   0.0241  -0.0980
  0.0425  -0.0104  -0.0328   0.1359  -0.0044   0.0225
  0.0405  -0.0649  -0.0637   0.2325  -0.0064   0.0563
 -0.0077   0.0081  -0.0275  -0.0290   0.0094  -0.0375
 -0.0009  -0.0198  -0.0340   0.0834  -0.0136   0.0059
 -0.0046   0.0171  -0.0453   0.0467  -0.0111  -0.0200
  0.0055   0.0141  -0.0434   0.0927  -0.0200  -0.0069
  0.0006   0.0180  -0.0286   0.0654  -0.0254   0.0020
  0.0043  -0.0038  -0.0296   0.0721  -0.0281   0.0214
 -0.0005  -0.0017  -0.0240   0.0772  -0.0231   0.0322
  0.0006   0.0029  -0.0402   0.0736  -0.0083   0.0265
  0.0012   0.0250  -0.0322   0.0061  -0.0043   0.0113
  0.0077  -0.0110  -0.0412   0.0690  -0.0147   0.0684
 -0.0018  -0.0078  -0.0331   0.0450  -0.0112   0.0591
  0.0048   0.0089  -0.0258   0.0172  -0.0195   0.0525
  0.0001   0.0002  -0.0203   0.0181  -0.0163   0.0636
  0.0012  -0.0067  -0.0263   0.0505  -0.0266   0.0829
  0.0018  -0.0063  -0.0225   0.0525  -0.0222   0.0881
  0.0110   0.0084  -0.0187   0.0441  -0.0207   0.0961
  0.0074   0.0071  -0.0089   0.0223  -0.0218   0.1125
  0.0140  -0.0144   0.0003   0.0611  -0.0410   0.1340
  0.0054  -0.0317  -0.0025   0.0806  -0.0295   0.1382
  0.0072  -0.0149  -0.0033   0.0595  -0.0292   0.1337
  0.0074  -0.0043   0.0021   0.0140  -0.0301   0.1406
  0.0099  -0.0261   0.0027   0.0522  -0.0470   0.1504
  0.0154  -0.0366  -0.0003   0.0758  -0.0514   0.1719
  0.0140  -0.0404  -0.0025   0.0865  -0.0451   0.1807
  0.0195  -0.0216  -0.0062   0.0381  -0.0370   0.1742
  0.0254  -0.0105   0.0016   0.0199  -0.0378   0.1914
  0.0246  -0.0028   0.0085   0.0244  -0.0380   0.1971
  0.0270  -0.0132   0.0050   0.0412  -0.0559   0.2110
  0.0278  -0.0187   0.0043   0.0614  -0.0538   0.2298
  0.0247  -0.0271   0.0031   0.0653  -0.0436   0.2418
  0.0287  -0.0107   0.0036   0.0489  -0.0416   0.2422
  0.0287   0.0190   0.0015   0.0307  -0.0354   0.2473
  0.0261   0.0166   0.0218   0.0628  -0.0508   0.2658
  0.0224  -0.0011   0.0375   0.0814  -0.0584   0.2787
  0.0119  -0.0365   0.0430   0.1081  -0.0503   0.2957
  0.0091  -0.0810   0.0516   0.1447  -0.0461   0.3033
  0.0073  -0.1009   0.0545   0.1438  -0.0468   0.3130
 -0.0022  -0.1232   0.0588   0.1529  -0.0491   0.3260
 -0.0033  -0.1352   0.0730   0.1432  -0.0428   0.3225
 -0.0079  -0.1499   0.0665   0.1475  -0.0320   0.3197
 -0.0022  -0.1357   0.0743   0.1633  -0.0387   0.3369
 -0.0042  -0.1270   0.0648   0.1468  -0.0340   0.3539
 -0.0095  -0.1323   0.0716   0.1909  -0.0384   0.3660
 -0.0102  -0.1545   0.0785   0.2152  -0.0454   0.3837
 -0.0140  -0.1668   0.0842   0.2303  -0.0613   0.4035
 -0.0149  -0.1718   0.0903   0.2280  -0.0573   0.4120
 -0.0152  -0.1593   0.0955   0.2110  -0.0524   0.4047
 -0.0112  -0.1316   0.0926   0.1808  -0.0497   0.3986
 -0.0042  -0.1127   0.0886   0.1794  -0.0527   0.4154
 -0.0038  -0.1157   0.1051   0.2045  -0.0630   0.4206
 -0.0082  -0.1357   0.1073   0.2607  -0.0672   0.4637
 -0.0041  -0.1557   0.1203   0.2955  -0.0757   0.4828
 -0.0085  -0.1620   0.1172   0.2819  -0.0748   0.4863
 -0.0064  -0.1425   0.1140   0.2500  -0.0671   0.4770
 -0.0107  -0.1227   0.1132   0.2203  -0.0622   0.4799
 -0.0088  -0.1228   0.1202   0.2467  -0.0645   0.5033
 -0.0071  -0.1499   0.1212   0.3082  -0.0694   0.5231
 -0.0081  -0.1372   0.1197   0.2853  -0.0666   0.5137
 -0.0139  -0.1070   0.1141   0.2473  -0.0526   0.5226
 -0.0146  -0.1190   0.1182   0.2498  -0.0581   0.5353
 -0.0184  -0.1511   0.1248   0.2836  -0.0498   0.5598
