 -0.1444   0.1242   0.0555  -0.1019  -0.1596   0.0043
 -0.1281   0.1376   0.0306  -0.1415  -0.1420   0.0213
 -0.1273   0.1341   0.0459  -0.1271  -0.1378   0.0206
 -0.1223   0.1262   0.0402  -0.1246  -0.1374   0.0229
 -0.1288   0.1192   0.0470  -0.1149  -0.1417   0.0221
 -0.1247   0.1101   0.0454  -0.1025  -0.1332   0.0120
 -0.1231   0.1104   0.0451  -0.0984  -0.1321  -0.0077
 -0.1148   0.1103   0.0410  -0.1003  -0.1273   0.0058
 -0.1100   0.1141   0.0424  -0.0870  -0.1296   0.0333
 -0.1094   0.1098   0.0408  -0.0924  -0.1357   0.0314
 -0.1048   0.1014   0.0486  -0.0925  -0.1313   0.0239
 -0.1093   0.0922   0.0407  -0.0762  -0.1305   0.0088
 -0.1064   0.0907   0.0462  -0.0751  -0.1148   0.0040
 -0.1073   0.0877   0.0450  -0.0629  -0.1238   0.0100
 -0.1035   0.0948   0.0456  -0.0810  -0.1161   0.0065
 -0.1138   0.0893   0.0505  -0.0652  -0.1245   0.0070
 -0.1133   0.0970   0.0510  -0.0900  -0.1189  -0.0049
 -0.1170   0.0899   0.0410  -0.0948  -0.1387   0.0074
 -0.1307   0.0726   0.0552  -0.0825  -0.1398   0.0082
 -0.1312   0.0567   0.0682  -0.0515  -0.1402   0.0299
 -0.1220   0.0541   0.0772  -0.0506  -0.1397   0.0147
 -0.1396   0.0352   0.0778  -0.0457  -0.1587   0.0029
 -0.1250   0.0241   0.0770  -0.0531  -0.1403   0.0289
 -0.1226   0.0196   0.0782  -0.0412  -0.1476   0.0094
 -0.1100   0.0260   0.0699  -0.0366  -0.1300   0.0082
 -0.1259   0.0244   0.0664  -0.0355  -0.1297   0.0207
 -0.1081   0.0321   0.0687  -0.0458  -0.1262   0.0329
 -0.1157   0.0296   0.0686  -0.0525  -0.1347   0.0299
 -0.0921   0.0231   0.0653  -0.0454  -0.1182   0.0319
 -0.1027   0.0312   0.0689  -0.0466  -0.1270   0.0339
 -0.0910   0.0234   0.0738  -0.0609  -0.1245   0.0231
 -0.1093   0.0213   0.0691  -0.0448  -0.1372   0.0003
 -0.0889   0.0165   0.0644  -0.0173  -0.1170   0.0168
 -0.1318  -0.0099   0.0716   0.0811  -0.1491   0.0075
 -0.0859  -0.0193   0.0717   0.0931  -0.1186  -0.0061
 -0.1124   0.0243   0.0756  -0.0080  -0.1202   0.0045
  0.1872   0.0085   0.0326   0.0650   0.2151  -0.0411
  0.3891   0.0956   0.0011   0.1087   0.4979  -0.0618
  0.0978   0.0278  -0.0413   0.1575   0.1564  -0.0256
  0.1092  -0.0174   0.0151   0.0439   0.1045  -0.0331
  0.0664  -0.0538   0.0056   0.0712   0.0696  -0.0374
  0.0929  -0.0398  -0.0096   0.0592   0.1035  -0.0143
  0.0814  -0.0527  -0.0463   0.0587   0.0950  -0.0124
  0.1085  -0.0650  -0.0497   0.0566   0.1042  -0.0013
  0.0968  -0.0801  -0.0465   0.1564   0.1161  -0.0184
  0.1112  -0.0729  -0.0621   0.1911   0.1626  -0.0003
  0.0878  -0.0717  -0.0701   0.1328   0.1276  -0.0079
  0.0943  -0.0850  -0.0662   0.1222   0.1328  -0.0082
  0.0858  -0.0789  -0.0747   0.1104   0.1321   0.0010
  0.1032  -0.0803  -0.0794   0.0759   0.1321   0.0112
  0.0860  -0.0908  -0.0613   0.0830   0.1026  -0.0029
  0.0937  -0.0842  -0.0568   0.0661   0.1051  -0.0069
  0.0809  -0.0903  -0.0624   0.0841   0.1010  -0.0158
  0.0837  -0.0747  -0.0577   0.0517   0.1062   0.0135
  0.0752  -0.0816  -0.0597   0.0383   0.0841   0.0134
  0.0874  -0.0687  -0.0486   0.0255   0.0959   0.0144
  0.0898  -0.0827  -0.0494   0.0433   0.0980   0.0056
  0.0918  -0.0846  -0.0515   0.0455   0.0931  -0.0089
  0.0826  -0.0944  -0.0463   0.0489   0.0788   0.0074
  0.0787  -0.0911  -0.0429   0.0521   0.0743  -0.0188
  0.0822  -0.1008  -0.0509   0.0969   0.0848   0.0005
  0.0832  -0.0829  -0.0508   0.0646   0.0825   0.0061
  0.0878  -0.0774  -0.0564   0.0552   0.0900  -0.0082
  0.0895  -0.0814  -0.0591   0.0531   0.0980  -0.0056
  0.0939  -0.0890  -0.0568   0.0737   0.0979  -0.0026
  0.0916  -0.0703  -0.0552   0.0428   0.0962  -0.0002
  0.0951  -0.0806  -0.0473   0.0569   0.0918  -0.0113
  0.0927  -0.0748  -0.0508   0.0481   0.0927  -0.0114
  0.1014  -0.0830  -0.0567   0.0733   0.1030  -0.0247
  0.0986  -0.0520  -0.0637   0.0546   0.1029  -0.0342
  0.1084  -0.0882  -0.0632   0.0702   0.1003  -0.0125
  0.0923  -0.0828  -0.0662   0.0314   0.0914  -0.0309
  0.1177  -0.1079  -0.0608   0.0844   0.1106  -0.0175
  0.1056  -0.0640  -0.0512   0.0335   0.1030  -0.0087
  0.1205  -0.1410  -0.0614   0.1073   0.1277  -0.0097
  0.0484   0.1054  -0.0470  -0.1777   0.0743  -0.0436
  0.0294   0.1777  -0.0697  -0.3085   0.0836  -0.0378
  0.0877   0.0163  -0.0729  -0.1253   0.0898  -0.0368
