 -0.1552   0.2536   0.1739  -0.5704  -0.1426   0.2520
 -0.1982   0.3503   0.1825  -0.6345  -0.2054   0.2459
 -0.2033   0.3206   0.1714  -0.6072  -0.1741   0.2704
 -0.1970   0.3217   0.2049  -0.7070  -0.2080   0.2664
 -0.1847   0.3147   0.2009  -0.6449  -0.2071   0.2828
 -0.1731   0.2943   0.1896  -0.6116  -0.2055   0.2589
 -0.1851   0.2973   0.1889  -0.6207  -0.2076   0.2832
 -0.1746   0.2962   0.1916  -0.6185  -0.1964   0.2882
 -0.1944   0.2913   0.1964  -0.6037  -0.1900   0.2896
 -0.2033   0.2948   0.1892  -0.6000  -0.2071   0.2833
 -0.2153   0.2996   0.2156  -0.5781  -0.1984   0.2611
 -0.2116   0.2670   0.2102  -0.5462  -0.1846   0.2398
 -0.1889   0.2264   0.1768  -0.5447  -0.1999   0.2392
 -0.1938   0.2561   0.1831  -0.5569  -0.2048   0.2638
 -0.2005   0.2241   0.1467  -0.5795  -0.2471   0.2416
 -0.1990   0.3038   0.2258  -0.6809  -0.1974   0.3916
 -0.1952   0.2040   0.2442  -0.6451  -0.1536   0.3441
 -0.1928   0.1616   0.1686  -0.5741  -0.1563   0.2782
 -0.2112   0.1394   0.1676  -0.5258  -0.1738   0.2858
 -0.1907   0.1069   0.1513  -0.5108  -0.1737   0.2601
 -0.1811   0.1420   0.1459  -0.4633  -0.1570   0.2720
 -0.1505   0.1093   0.1356  -0.4230  -0.1362   0.2197
 -0.1389   0.1452   0.1603  -0.4390  -0.1120   0.2373
 -0.1379   0.1068   0.1436  -0.4234  -0.1257   0.2087
 -0.1467   0.1073   0.1603  -0.4038  -0.1285   0.2361
 -0.1452   0.0594   0.1507  -0.3981  -0.1439   0.2250
 -0.1380   0.0690   0.1643  -0.4111  -0.1492   0.2345
 -0.1295   0.0673   0.1622  -0.3969  -0.1378   0.2203
 -0.1297   0.0651   0.1558  -0.3741  -0.1327   0.2292
 -0.1324   0.0406   0.1404  -0.3773  -0.1355   0.2101
 -0.1390   0.0799   0.1558  -0.3843  -0.1169   0.2457
 -0.1269   0.0223   0.1331  -0.3676  -0.1188   0.2190
 -0.1315   0.0575   0.1378  -0.3867  -0.1208   0.2492
 -0.1385   0.0218   0.1326  -0.3565  -0.1142   0.2233
 -0.1315   0.0494   0.1340  -0.3630  -0.0979   0.2367
 -0.1207   0.0406   0.1253  -0.3592  -0.0991   0.2193
 -0.1250   0.0441   0.1346  -0.3290  -0.1136   0.2279
 -0.1141  -0.0039   0.1152  -0.3316  -0.1099   0.2074
 -0.1187   0.0307   0.1373  -0.3445  -0.1085   0.2383
 -0.1051   0.0074   0.1188  -0.3130  -0.1022   0.2067
 -0.0977   0.0363   0.1236  -0.3243  -0.1006   0.2217
 -0.1099   0.0050   0.1319  -0.3081  -0.1148   0.2063
 -0.1148   0.0385   0.1368  -0.3533  -0.1109   0.2354
 -0.1098   0.0191   0.1454  -0.3311  -0.1005   0.2111
 -0.1065   0.0316   0.1444  -0.3361  -0.1031   0.2240
 -0.1100   0.0219   0.1280  -0.3128  -0.1115   0.2111
 -0.1159   0.0423   0.1473  -0.3401  -0.1234   0.2096
 -0.1069   0.0494   0.1479  -0.3133  -0.1055   0.2079
 -0.1151   0.0397   0.1351  -0.2921  -0.1116   0.1999
 -0.1338   0.0102   0.1458  -0.2778  -0.1387   0.1822
 -0.1258   0.0246   0.1486  -0.3212  -0.1241   0.1913
 -0.1274   0.0429   0.1556  -0.3188  -0.1090   0.1907
 -0.1167   0.0292   0.1514  -0.3078  -0.0983   0.1834
 -0.1134   0.0434   0.1423  -0.3057  -0.1018   0.1802
 -0.1225   0.0267   0.1471  -0.3131  -0.1065   0.1837
 -0.1108   0.0247   0.1167  -0.2984  -0.1126   0.1705
 -0.1166   0.0226   0.1417  -0.3335  -0.1250   0.2015
 -0.1205   0.0005   0.1707  -0.2622  -0.1168   0.1746
 -0.0984  -0.0136   0.1603  -0.2348  -0.1022   0.1529
 -0.1188   0.0092   0.1641  -0.2510  -0.1098   0.1650
 -0.1185   0.0028   0.1572  -0.2519  -0.1114   0.1524
 -0.1212   0.0193   0.1724  -0.2479  -0.1071   0.1685
 -0.1098   0.0063   0.1533  -0.2244  -0.1121   0.1343
 -0.1086  -0.0020   0.1592  -0.2296  -0.1135   0.1718
 -0.1050   0.0012   0.1629  -0.2061  -0.1245   0.1488
 -0.1038   0.0065   0.1734  -0.2399  -0.1108   0.1793
 -0.1045  -0.0040   0.1629  -0.2316  -0.1177   0.1651
 -0.1073  -0.0127   0.1678  -0.2364  -0.1232   0.1939
 -0.1139  -0.0158   0.1467  -0.2059  -0.1499   0.1654
 -0.1188   0.0040   0.1559  -0.2385  -0.1411   0.1863
 -0.1122  -0.0065   0.1545  -0.2237  -0.1161   0.1532
 -0.1220   0.0219   0.1694  -0.2454  -0.1150   0.1812
 -0.1088   0.0028   0.1668  -0.2255  -0.1031   0.1520
 -0.1102   0.0257   0.1868  -0.2381  -0.0931   0.1785
 -0.1055  -0.0089   0.1686  -0.2369  -0.0933   0.1532
 -0.1064   0.0391   0.1686  -0.2270  -0.0914   0.1695
 -0.1140  -0.0017   0.1585  -0.2393  -0.1140   0.1544
 -0.1009   0.0360   0.1795  -0.2585  -0.0904   0.1688
 -0.1057   0.0123   0.1661  -0.2263  -0.0780   0.1479
 -0.0971   0.0313   0.1625  -0.2128  -0.0745   0.1307
 -0.0989   0.0050   0.1674  -0.2043  -0.0630   0.1526
 -0.0891   0.0165   0.1524  -0.1882  -0.0508   0.1305
 -0.0886   0.0104   0.1504  -0.1953  -0.0469   0.1520
 -0.0984  -0.0016   0.1401  -0.1818  -0.0732   0.1205
 -0.0988   0.0077   0.1610  -0.2096  -0.0790   0.1470
 -0.0759   0.0080   0.1695  -0.1945  -0.0499   0.1209
 -0.0772   0.0077   0.1499  -0.2130  -0.0457   0.1377
 -0.0634   0.0234   0.1545  -0.1942  -0.0291   0.1113
 -0.0520   0.0265   0.1492  -0.2038  -0.0061   0.1315
 -0.0280   0.0299   0.1122  -0.1339   0.0080   0.0801
 -0.0234   0.0159   0.1147  -0.1738   0.0063   0.1340
 -0.0367   0.0473   0.1141  -0.0521  -0.0125   0.0267
 -0.0425   0.0936   0.1219  -0.1704   0.0024   0.1167
 -0.0269   0.0101   0.0771  -0.1310  -0.0001   0.1075
 -0.0308   0.0228   0.0648  -0.1692  -0.0096   0.1193
 -0.0089   0.0143   0.0476  -0.1262   0.0044   0.0948
 -0.0382   0.0133   0.0212  -0.1736  -0.0045   0.1153
  0.0057  -0.0162   0.0449  -0.0040   0.0664   0.0330
  0.0456  -0.0078   0.0662   0.0682   0.1297   0.0010
  0.0268   0.0018   0.0265   0.0162   0.0953   0.0002
  0.0039   0.0250   0.0461  -0.0166   0.1003   0.0138
  0.0025   0.0042   0.0278   0.0255   0.0869  -0.0100
  0.0155   0.0077   0.0356  -0.0280   0.0893   0.0316
  0.0005   0.0312   0.0166  -0.0758   0.0460   0.0334
 -0.0056   0.0073  -0.0103  -0.0881   0.0291   0.0551
 -0.0123   0.0305  -0.0103  -0.0984   0.0162   0.0662
 -0.0300   0.0284  -0.0022  -0.1072  -0.0075   0.0710
  0.0139   0.0774  -0.0406  -0.1041  -0.0058   0.0814
 -0.0411   0.0213   0.0053  -0.1432  -0.0477   0.1041
 -0.0876   0.1299   0.0237  -0.4285  -0.0901   0.2391
 -0.1267   0.1805   0.0515  -0.3626  -0.1557   0.1787
 -0.1126   0.0830   0.0785  -0.1926  -0.1571   0.0843
 -0.1336   0.0063   0.0722   0.0398  -0.1368  -0.0479
 -0.1385  -0.0560   0.0437   0.1740  -0.1274  -0.0976
 -0.0976  -0.0562   0.0199   0.1468  -0.0921  -0.0975
 -0.1012  -0.0733   0.0061   0.1992  -0.0848  -0.1007
 -0.0640  -0.0742  -0.0266   0.1822  -0.0731  -0.1188
 -0.0504  -0.0656  -0.0504   0.1721  -0.0054  -0.0935
 -0.0002  -0.1083  -0.0695   0.1641   0.0317  -0.1179
  0.0208  -0.1107  -0.0649   0.1591   0.0599  -0.0908
  0.0528  -0.0740  -0.0937   0.1472   0.1134  -0.0997
  0.1003  -0.1291  -0.0999   0.1464   0.1438  -0.1194
  0.1086  -0.1316  -0.0781   0.1302   0.1580  -0.0946
  0.1180  -0.1215  -0.1361   0.1460   0.1729  -0.1198
  0.0999  -0.1091  -0.1217   0.0787   0.1718  -0.0888
  0.0966  -0.0857  -0.1216   0.1353   0.1806  -0.0891
  0.1324  -0.0898  -0.1831   0.1194   0.1912  -0.1243
  0.1265  -0.0642  -0.1329   0.0386   0.1914  -0.0517
  0.1326  -0.1082  -0.1404   0.1573   0.2134  -0.1262
  0.1255  -0.0956  -0.1467   0.1618   0.2193  -0.1042
  0.1008  -0.1412  -0.1351   0.2120   0.1722  -0.1246
  0.1112  -0.1449  -0.1344   0.1942   0.1747  -0.1052
  0.1228  -0.1242  -0.1424   0.1995   0.1905  -0.1205
  0.1392  -0.0849  -0.1408   0.0485   0.1891  -0.0991
  0.1159  -0.0087  -0.1292   0.0805   0.1778  -0.0729
  0.1392  -0.1155  -0.1284   0.1800   0.1769  -0.1310
  0.1394  -0.0637  -0.1408   0.1200   0.1886  -0.0968
  0.1606  -0.0742  -0.1540   0.1221   0.1763  -0.1150
  0.1547  -0.0545  -0.1544   0.0931   0.1752  -0.1000
  0.1394  -0.0520  -0.1512   0.1184   0.1747  -0.1072
  0.1496  -0.0338  -0.1547   0.0857   0.1876  -0.0988
  0.1576  -0.0858  -0.1732   0.1678   0.1918  -0.1245
  0.1384  -0.0499  -0.1518   0.0913   0.1691  -0.0753
  0.1477  -0.0738  -0.1703   0.2428   0.1780  -0.1302
  0.1397  -0.0641  -0.1766   0.2436   0.1686  -0.1313
  0.1448  -0.0922  -0.1850   0.2358   0.1759  -0.1386
  0.1566  -0.0753  -0.2021   0.1915   0.1916  -0.1142
  0.1398  -0.1010  -0.1868   0.2319   0.1590  -0.1176
  0.1255  -0.0561  -0.1778   0.1852   0.1292  -0.0973
  0.1153  -0.0853  -0.1746   0.2119   0.1326  -0.0955
  0.0969  -0.0637  -0.1759   0.1886   0.1273  -0.0978
  0.0960  -0.0909  -0.1611   0.2121   0.1231  -0.1188
  0.0889  -0.0651  -0.1569   0.1638   0.1248  -0.1016
  0.1114  -0.1160  -0.1737   0.2444   0.1473  -0.1489
  0.0887   0.1668  -0.0821  -0.1482   0.1287   0.0533
  0.0961   0.2106  -0.0801  -0.2206   0.1354   0.0888
  0.0896   0.0985  -0.1177  -0.1250   0.1116  -0.0224
  0.0661   0.1326  -0.1102  -0.1472   0.1132   0.0285
  0.0906   0.0602  -0.1338  -0.0793   0.1316  -0.0230
  0.0922   0.0604  -0.1142  -0.0462   0.1522  -0.0024
  0.1353  -0.0045  -0.1259   0.0023   0.1785  -0.0340
  0.1225   0.0005  -0.1122  -0.0021   0.1699  -0.0094
  0.1470  -0.0347  -0.1211   0.0330   0.1882  -0.0349
  0.1427  -0.0176  -0.1276   0.0139   0.2110  -0.0035
  0.1563  -0.0641  -0.1255   0.0456   0.2141  -0.0465
  0.1375  -0.0382  -0.1239   0.0332   0.2079  -0.0012
  0.1296  -0.1010  -0.1335   0.0681   0.1924  -0.0442
  0.1202  -0.0800  -0.1147   0.0205   0.1901  -0.0005
  0.1103  -0.1169  -0.1042   0.0478   0.1812  -0.0309
  0.1147  -0.1005  -0.1085   0.0513   0.2061  -0.0224
  0.1256  -0.1198  -0.0960   0.0971   0.2005  -0.0700
  0.1710  -0.0810  -0.1125   0.0600   0.2559  -0.0301
  0.1776  -0.1287  -0.1190   0.1275   0.2529  -0.0784
  0.1937  -0.0958  -0.1332   0.0848   0.2855  -0.0419
  0.2034  -0.1069  -0.1329   0.1252   0.2853  -0.0846
  0.1890  -0.1283  -0.1550   0.0831   0.2607  -0.0421
  0.1859  -0.0810  -0.1462   0.1890   0.2201  -0.0799
  0.1854  -0.0446  -0.1422   0.2048   0.2025  -0.0946
  0.1702  -0.0650  -0.1643   0.1775   0.2130  -0.0921
  0.1996  -0.0811  -0.1548   0.1683   0.2330  -0.0843
  0.2016  -0.0822  -0.1620   0.1863   0.2372  -0.0945
  0.1940  -0.0725  -0.1751   0.2269   0.2126  -0.0967
  0.2002  -0.0647  -0.1645   0.2487   0.2030  -0.1258
  0.2198  -0.0531  -0.1594   0.2523   0.2325  -0.1288
  0.2064  -0.0365  -0.1528   0.2474   0.2419  -0.1353
  0.2062  -0.0710  -0.1889   0.2726   0.2341  -0.1359
  0.1952  -0.0360  -0.1510   0.3556   0.1839  -0.1831
  0.1737   0.0124  -0.1308   0.2989   0.1421  -0.1575
  0.1501  -0.0628  -0.1395   0.2129   0.1532  -0.1230
  0.1504  -0.0505  -0.1279   0.2712   0.1421  -0.1424
  0.1497  -0.0828  -0.1356   0.2765   0.1595  -0.1366
  0.1656  -0.0667  -0.1261   0.2913   0.1548  -0.1308
  0.1454  -0.0690  -0.1407   0.2857   0.1536  -0.1312
  0.1555  -0.0652  -0.1458   0.2935   0.1382  -0.1493
  0.1314  -0.0621  -0.1466   0.2742   0.1616  -0.1319
  0.1510  -0.0905  -0.1426   0.2858   0.1027  -0.1070
  0.0915   0.0099  -0.0998   0.1603   0.0759  -0.0882
  0.1208   0.1692  -0.0736  -0.0589   0.1305  -0.0217
  0.1328   0.0349  -0.0863   0.0255   0.1230   0.0051
  0.0979   0.0485  -0.0617   0.1541   0.0944  -0.0968
  0.0692   0.0157  -0.0455   0.1246   0.0594  -0.0644
  0.0611  -0.0065  -0.0383   0.2089   0.0710  -0.1279
  0.0252   0.0093  -0.0104   0.1282  -0.0141   0.0032
  0.0436   0.1598   0.0648   0.0396  -0.1277   0.0342
  0.0959   0.2424   0.0328   0.1246  -0.1006  -0.0955
  0.0714   0.0485  -0.0538   0.3028  -0.1814  -0.0398
 -0.0373   0.0346  -0.0451   0.3457  -0.2740  -0.0952
 -0.0455  -0.1174  -0.0010   0.5852  -0.1954  -0.1859
 -0.0338  -0.1096   0.0052   0.5792  -0.1658  -0.2435
 -0.0800  -0.0276  -0.0066   0.5356  -0.1923  -0.2863
 -0.0643  -0.1120  -0.0100   0.5605  -0.1681  -0.2716
 -0.0792  -0.0820  -0.0084   0.5599  -0.1754  -0.2819
 -0.0671  -0.1324  -0.0232   0.5167  -0.1499  -0.2343
 -0.0722  -0.1200  -0.0399   0.5054  -0.1496  -0.2230
 -0.0602  -0.1562  -0.0524   0.5923  -0.1213  -0.2449
 -0.0572  -0.1282  -0.0472   0.6012  -0.1210  -0.2417
 -0.0205  -0.1533  -0.0368   0.5666  -0.1154  -0.2271
 -0.0240  -0.1241  -0.0346   0.5837  -0.1064  -0.2326
 -0.0277  -0.1607  -0.0281   0.5839  -0.1099  -0.2364
 -0.0338  -0.1344  -0.0326   0.6066  -0.1060  -0.2532
 -0.0280  -0.1753  -0.0211   0.5622  -0.0901  -0.2375
 -0.0311  -0.1370  -0.0507   0.5987  -0.1183  -0.2592
 -0.0112  -0.1642  -0.0277   0.5093  -0.1148  -0.2143
 -0.0386  -0.0802  -0.0159   0.5288  -0.1154  -0.2221
  0.0112  -0.2228  -0.0616   0.6256  -0.0963  -0.2800
  0.0674   0.3299  -0.2333   0.4399  -0.0656  -0.3743
  0.0829   0.4455  -0.2819   0.2761  -0.0382  -0.3312
  0.0380   0.2265  -0.1793   0.2091  -0.0305  -0.2587
  0.0855   0.3570  -0.1990   0.0727  -0.0696  -0.1794
  0.0822   0.1495  -0.1628  -0.0408  -0.0189  -0.0794
  0.0896   0.0599  -0.1461   0.2524   0.0347  -0.1925
  0.1346   0.0420  -0.1355   0.2824   0.0615  -0.2115
  0.1152   0.0103  -0.1142   0.3734   0.0525  -0.2358
  0.1270  -0.0169  -0.1232   0.3725   0.0566  -0.2399
  0.1022   0.0196  -0.1075   0.3927   0.0501  -0.2347
  0.1097  -0.0496  -0.1203   0.4188   0.0374  -0.2472
  0.1148  -0.0157  -0.1076   0.3711   0.0415  -0.2230
  0.0920  -0.0427  -0.0985   0.3494   0.0359  -0.2075
  0.0853  -0.0492  -0.0805   0.2624  -0.0308  -0.1636
  0.0310  -0.1176  -0.0538   0.3640  -0.0467  -0.1783
 -0.0213  -0.0950  -0.0623   0.4055  -0.0528  -0.2116
 -0.0231  -0.0654  -0.0461   0.3849  -0.0566  -0.2184
 -0.0290  -0.0891  -0.0830   0.4654  -0.0515  -0.2561
  0.0342  -0.0025  -0.0990   0.5061  -0.1176  -0.2940
  0.0358   0.0096  -0.0252   0.4715  -0.1355  -0.2615
  0.0092  -0.0524  -0.0012   0.4129  -0.1271  -0.2326
  0.0415  -0.0620  -0.0020   0.4139  -0.0735  -0.2618
  0.0638  -0.0268   0.0006   0.3335  -0.0488  -0.2292
  0.0573  -0.0244  -0.0012   0.3306  -0.0214  -0.1955
  0.0532  -0.0583   0.0077   0.3244  -0.0171  -0.2302
  0.0548  -0.0675  -0.0065   0.2489   0.0298  -0.2008
  0.0493  -0.0892  -0.0304   0.1735   0.0412  -0.1404
  0.0291  -0.1413  -0.0397   0.2144   0.0237  -0.1543
  0.0107  -0.1552  -0.0668   0.2484   0.0222  -0.1747
  0.0425  -0.1262  -0.0766   0.2458   0.0532  -0.1868
  0.0588  -0.1416  -0.0933   0.2685   0.0850  -0.2046
  0.0399  -0.1610  -0.1081   0.2828   0.0700  -0.2067
  0.0454  -0.1724  -0.0936   0.3036   0.0791  -0.2009
  0.0472  -0.1642  -0.0987   0.2867   0.0797  -0.2004
  0.0669  -0.1795  -0.1096   0.3155   0.0978  -0.2144
  0.0181  -0.1877  -0.1164   0.3955   0.0582  -0.2116
