  0.0287  -0.2582   0.0180  -0.2854  -0.0121  -0.3547
  0.0213  -0.1547   0.0221  -0.3415  -0.0093  -0.3508
  0.0371  -0.1690   0.0109  -0.3116  -0.0115  -0.3691
  0.0320  -0.1927   0.0107  -0.3354  -0.0140  -0.3591
  0.0270  -0.1706   0.0177  -0.3718  -0.0104  -0.3601
  0.0208  -0.1386   0.0210  -0.3283  -0.0110  -0.3338
  0.0215  -0.1475   0.0238  -0.2971  -0.0108  -0.3324
  0.0218  -0.1636   0.0214  -0.2851  -0.0118  -0.3258
  0.0168  -0.1502   0.0227  -0.2939  -0.0122  -0.3403
  0.0123  -0.1496   0.0223  -0.2889  -0.0101  -0.3419
  0.0099  -0.1445   0.0258  -0.3505  -0.0075  -0.3420
  0.0268  -0.1354   0.0204  -0.3306  -0.0104  -0.3270
  0.0207  -0.1484   0.0318  -0.3150  -0.0145  -0.3184
  0.0162  -0.1414   0.0252  -0.2778  -0.0157  -0.2813
  0.0068  -0.1760   0.0254  -0.2930  -0.0079  -0.2973
  0.0078  -0.1939   0.0274  -0.2901  -0.0064  -0.3092
  0.0097  -0.1913   0.0196  -0.3195  -0.0022  -0.3043
  0.0069  -0.1781   0.0213  -0.3303  -0.0056  -0.3010
  0.0161  -0.1832   0.0120  -0.2711  -0.0098  -0.2726
  0.0150  -0.1885   0.0216  -0.2101  -0.0141  -0.2438
  0.0137  -0.2091   0.0319  -0.3119  -0.0163  -0.2840
  0.0073  -0.2276   0.0172  -0.3064  -0.0021  -0.2980
  0.0281  -0.1915   0.0194  -0.2282  -0.0085  -0.2995
  0.0212  -0.1793   0.0092  -0.1799  -0.0098  -0.2671
  0.0373  -0.1863   0.0174  -0.2029  -0.0139  -0.2628
  0.0449  -0.1891   0.0183  -0.2380  -0.0166  -0.2517
  0.0363  -0.1845   0.0140  -0.2068  -0.0125  -0.2507
  0.0501  -0.1899   0.0199  -0.2328  -0.0190  -0.2432
  0.0448  -0.1807   0.0183  -0.2305  -0.0173  -0.2513
  0.0407  -0.1872   0.0176  -0.2242  -0.0153  -0.2397
  0.0403  -0.2157   0.0243  -0.1603  -0.0162  -0.2346
  0.0367  -0.2145   0.0291  -0.1183  -0.0233  -0.2420
  0.0472  -0.2277   0.0306  -0.1307  -0.0192  -0.2340
  0.0458  -0.2375   0.0298  -0.0958  -0.0175  -0.2166
  0.0444  -0.2242   0.0230  -0.0934  -0.0191  -0.2199
  0.0349  -0.2295   0.0303  -0.0947  -0.0225  -0.2117
  0.0267  -0.2365   0.0177  -0.1104  -0.0084  -0.2280
  0.0353  -0.2395   0.0193  -0.1315  -0.0115  -0.2325
  0.0455  -0.2273   0.0149  -0.1702  -0.0141  -0.2301
  0.0364  -0.2246   0.0216  -0.1493  -0.0197  -0.1995
  0.0352  -0.2281   0.0180  -0.1472  -0.0180  -0.2024
  0.0338  -0.2350   0.0270  -0.1333  -0.0165  -0.1897
  0.0371  -0.2385   0.0198  -0.1056  -0.0208  -0.1706
  0.0329  -0.2370   0.0169  -0.1247  -0.0139  -0.1915
  0.0321  -0.2350   0.0162  -0.1161  -0.0084  -0.2037
  0.0399  -0.2556   0.0129  -0.1135   0.0003  -0.1796
  0.0279  -0.2326  -0.0088  -0.1034   0.0029  -0.1552
  0.0113  -0.2011   0.0016  -0.1634   0.0008  -0.1770
  0.0240  -0.2096   0.0132  -0.1439  -0.0114  -0.1463
  0.0170  -0.2033   0.0127  -0.0779  -0.0118  -0.1413
  0.0251  -0.2280   0.0043  -0.0933  -0.0115  -0.1451
  0.0336  -0.2257  -0.0034  -0.0464  -0.0110  -0.1344
  0.0311  -0.2201  -0.0020  -0.1327  -0.0047  -0.1471
  0.0219  -0.1888  -0.0072  -0.1592  -0.0089  -0.1212
  0.0294  -0.2185  -0.0032  -0.1158  -0.0110  -0.1066
  0.0206  -0.2196  -0.0043  -0.0624  -0.0113  -0.1095
  0.0227  -0.2093  -0.0138  -0.0664  -0.0026  -0.1330
  0.0212  -0.2282  -0.0014  -0.0995  -0.0037  -0.1313
  0.0166  -0.2284  -0.0065  -0.1509   0.0002  -0.1226
  0.0261  -0.2145   0.0010  -0.0895  -0.0090  -0.0871
  0.0172  -0.2572   0.0038  -0.0343  -0.0094  -0.0541
  0.0177  -0.2239  -0.0071  -0.0625  -0.0075  -0.0670
  0.0221  -0.2114  -0.0096  -0.1299  -0.0052  -0.0933
  0.0296  -0.2041  -0.0168  -0.1209  -0.0054  -0.0493
  0.0270  -0.2254  -0.0022  -0.0933  -0.0058  -0.0723
  0.0212  -0.1833  -0.0263  -0.0069   0.0013  -0.0432
  0.0251  -0.1876  -0.0145  -0.0256   0.0052  -0.0263
  0.0094  -0.1433  -0.0158  -0.0416   0.0024  -0.0460
  0.0167  -0.1657  -0.0300  -0.0712   0.0116  -0.0544
  0.0006  -0.1035  -0.0380  -0.0585  -0.0019  -0.0599
  0.0025  -0.1664  -0.0407  -0.0606  -0.0024  -0.0554
  0.0150  -0.1883  -0.0197  -0.0186   0.0029  -0.0280
  0.0017  -0.2041  -0.0385  -0.0225   0.0061  -0.0341
 -0.0063   0.0127  -0.0110   0.2067  -0.0022  -0.0173
 -0.0345   0.1680   0.0281   0.1595  -0.0022  -0.0492
 -0.0060   0.1550  -0.0093   0.0339   0.0030  -0.0778
  0.0075   0.1958  -0.0292   0.1527   0.0003  -0.0231
  0.0066   0.1223  -0.0237   0.1520   0.0058  -0.0400
 -0.0028   0.1353  -0.0306   0.1480   0.0073  -0.0383
  0.0038   0.0844  -0.0166   0.1543   0.0022  -0.0133
  0.0007   0.0922  -0.0094   0.1948   0.0019   0.0176
 -0.0002   0.0051  -0.0031   0.1887   0.0080  -0.0033
  0.0086   0.0130   0.0052   0.2101   0.0022  -0.0161
  0.0042   0.0089   0.0071   0.1941  -0.0027   0.0259
  0.0064  -0.0195   0.0229   0.2891   0.0020   0.0411
 -0.0049  -0.0396   0.0178   0.3092   0.0130   0.0433
 -0.0174  -0.0174   0.0029   0.1800   0.0129   0.0355
 -0.0250  -0.0392   0.0053   0.1672   0.0138   0.0520
 -0.0229  -0.0498   0.0094   0.2427   0.0153   0.0679
 -0.0207  -0.0820   0.0076   0.2657   0.0160   0.0879
 -0.0231  -0.0914   0.0021   0.2868   0.0203   0.0864
 -0.0332  -0.0893   0.0009   0.2475   0.0236   0.0805
 -0.0301  -0.0662   0.0047   0.2005   0.0158   0.0776
 -0.0321  -0.0824   0.0028   0.2213   0.0154   0.1059
 -0.0282  -0.0947  -0.0001   0.2278   0.0183   0.1287
 -0.0352  -0.1301   0.0074   0.3117   0.0274   0.1563
 -0.0320  -0.1234  -0.0045   0.2607   0.0303   0.1393
 -0.0484  -0.0650   0.0253   0.2971   0.0225   0.1444
 -0.0468  -0.0879   0.0390   0.4132   0.0281   0.2054
 -0.0514  -0.2174   0.0138   0.3892   0.0295   0.2413
 -0.0108  -0.0639  -0.0387   0.2838   0.0160   0.1689
 -0.0134   0.0038  -0.0759   0.0990   0.0165   0.2390
 -0.0336   0.0631  -0.0592   0.0820   0.0111   0.2113
 -0.0052   0.1003  -0.0694   0.1227   0.0111   0.1614
 -0.0200   0.0851  -0.0553   0.1552   0.0071   0.1869
 -0.0228   0.0990  -0.0550   0.0620   0.0094   0.1236
 -0.0200   0.1049  -0.0480   0.1320   0.0113   0.1831
 -0.0227   0.0937  -0.0515   0.1655   0.0176   0.1744
 -0.0352   0.1053  -0.0452   0.2207   0.0156   0.1586
 -0.0439   0.1270  -0.0469   0.1546   0.0222   0.1443
 -0.0324   0.1166  -0.0400   0.1627   0.0174   0.1663
 -0.0339   0.1156  -0.0530   0.2041   0.0167   0.1893
 -0.0317   0.0996  -0.0379   0.2411   0.0137   0.1928
 -0.0266   0.0905  -0.0246   0.1923   0.0102   0.1560
 -0.0390   0.0964  -0.0259   0.2110   0.0134   0.1626
 -0.0301   0.1145  -0.0231   0.1905   0.0050   0.1617
 -0.0305   0.1075  -0.0141   0.1379  -0.0074   0.1888
 -0.0229   0.1220  -0.0171   0.1703  -0.0020   0.2015
 -0.0271   0.1100  -0.0141   0.2552   0.0078   0.2434
 -0.0131   0.0939  -0.0029   0.3323  -0.0029   0.2453
  0.0022   0.0488   0.0282   0.3623  -0.0162   0.2340
  0.0373   0.0847   0.0383   0.3432  -0.0035   0.2209
  0.0429   0.1436   0.0300   0.3012  -0.0048   0.2379
  0.0455   0.1395   0.0364   0.2961  -0.0053   0.2416
  0.0671   0.1728   0.0291   0.3722  -0.0092   0.2671
  0.0672   0.1666   0.0147   0.3698   0.0007   0.2762
  0.0461   0.1374   0.0181   0.3481   0.0009   0.2972
  0.0461   0.1371   0.0076   0.4019   0.0095   0.3137
  0.0376   0.1112   0.0138   0.4024   0.0063   0.3337
  0.0398   0.1016   0.0050   0.4477   0.0189   0.3448
  0.0255   0.1077   0.0017   0.3968   0.0171   0.3300
  0.0355   0.1034  -0.0059   0.3503   0.0292   0.2974
  0.0256   0.1276  -0.0038   0.3349   0.0160   0.3373
  0.0436   0.0904  -0.0109   0.2909   0.0169   0.3440
  0.0250   0.0645  -0.0182   0.3847   0.0166   0.3973
  0.0392   0.0071  -0.0012   0.1825   0.0322   0.3635
 -0.0300   0.3513   0.0846  -0.1607  -0.0276   0.3314
 -0.0704   0.6096   0.0719  -0.1905  -0.0453   0.3176
 -0.0701   0.4225   0.0323  -0.1958  -0.0168   0.2773
 -0.0706   0.2686   0.0235   0.0957  -0.0204   0.3781
 -0.0526   0.1813   0.0326   0.2881  -0.0039   0.3988
 -0.0731   0.4762   0.0051   0.0720  -0.0099   0.3878
 -0.0869   0.3934  -0.0045   0.0070  -0.0057   0.3636
 -0.0989   0.5063  -0.0127  -0.0524  -0.0036   0.3504
 -0.0971   0.3677   0.0091   0.0567   0.0095   0.3506
 -0.1303   2.2192  -0.1050  -0.2274   0.0376   0.2055
 -0.2146   3.0942  -0.1424  -0.5710   0.0133   0.0869
 -0.2456   2.7431  -0.0289  -0.8088  -0.0068   0.0520
 -0.2267   2.6765  -0.0679  -0.7341   0.0030   0.0631
 -0.2463   2.7190  -0.0273  -0.7480   0.0045   0.1062
 -0.2069   2.5649  -0.0627  -0.5768   0.0075   0.1788
 -0.2052   2.5212  -0.0445  -0.6392  -0.0036   0.1535
