  0.0957   0.5070  -0.5573  -1.3426  -0.2692  -0.2075
  0.1000   0.4977  -0.6919  -1.3937  -0.3192  -0.1966
  0.1039   0.5271  -0.6381  -1.4150  -0.3062  -0.2202
  0.1369   0.3395  -0.6523  -1.2768  -0.2964  -0.0856
  0.1357   0.3801  -0.6120  -1.2021  -0.2921  -0.0904
  0.1480   0.3475  -0.5749  -1.1712  -0.2823  -0.1442
  0.1391   0.4361  -0.5581  -1.2074  -0.2888  -0.1497
  0.1432   0.3428  -0.5586  -1.2100  -0.2862  -0.1483
  0.1240   0.4241  -0.5922  -1.3759  -0.2872  -0.1316
  0.1275   0.2638  -0.6230  -1.3654  -0.2872  -0.1599
  0.1190   0.4511  -0.5616  -1.3894  -0.2707  -0.1167
  0.1417   0.1203  -0.6093  -1.2377  -0.2892  -0.0867
 -0.0836   3.6805  -0.6088  -1.9621  -0.3358  -1.7089
  0.0732   2.1333  -0.4128  -1.6883  -0.2048  -0.9464
  0.1562  -0.2917  -0.5756  -1.1683  -0.2531   0.0922
  0.1586  -0.4010  -0.5556  -1.1889  -0.2760   0.3218
  0.1543  -0.1943  -0.5630  -1.3110  -0.2524   0.0918
  0.1382  -0.1693  -0.5443  -1.2808  -0.2551   0.1308
  0.1520  -0.1910  -0.5654  -1.3029  -0.2539   0.1010
  0.1448  -0.1722  -0.5500  -1.2606  -0.2583   0.1164
  0.1489  -0.1844  -0.5750  -1.3149  -0.2588   0.1098
  0.1504  -0.2026  -0.5533  -1.2298  -0.2594   0.1731
  0.1577  -0.2029  -0.5518  -1.2267  -0.2537   0.1483
  0.1552  -0.2182  -0.5440  -1.1844  -0.2607   0.1359
  0.1554  -0.1592  -0.5279  -1.2191  -0.2344   0.1249
  0.1470  -0.1465  -0.4852  -1.1347  -0.2215   0.0691
  0.0652   0.6440  -0.3166  -1.0796  -0.0304  -0.3132
  0.0307   0.6432  -0.3208  -0.5969  -0.1442  -0.3563
 -0.0041   0.1142  -0.5008  -0.6584  -0.3801  -0.1392
  0.0614   0.1486  -0.4394  -0.5620  -0.3338  -0.1028
  0.0440   0.0812  -0.5616  -0.7488  -0.4187  -0.1122
  0.0924   0.0781  -0.4480  -0.5552  -0.3335  -0.0289
  0.0771   0.0780  -0.4984  -0.8378  -0.3401  -0.0762
  0.0917   0.0080  -0.4445  -0.6803  -0.3142  -0.0087
  0.1115   0.0236  -0.4160  -0.7817  -0.3175  -0.0359
  0.1265   0.0134  -0.3605  -0.6404  -0.2710  -0.0086
  0.1250   0.0460  -0.3842  -0.7487  -0.2927  -0.0583
  0.1429   0.0334  -0.3208  -0.6114  -0.2363  -0.0340
  0.1432   0.0737  -0.3483  -0.7114  -0.2632  -0.0892
  0.1507   0.0691  -0.3187  -0.6995  -0.2153  -0.0816
  0.1416   0.0717  -0.3541  -0.7576  -0.2251  -0.1081
  0.1482   0.0773  -0.3125  -0.7124  -0.1981  -0.0906
  0.1351   0.0924  -0.3554  -0.7231  -0.2207  -0.1052
  0.1432   0.0509  -0.3452  -0.6395  -0.1874  -0.0577
  0.1477   0.0356  -0.3830  -0.7767  -0.2127  -0.0724
  0.1454   0.0272  -0.3704  -0.7765  -0.1877  -0.0572
  0.1648   0.0650  -0.3567  -0.7197  -0.2028  -0.0700
  0.1189   0.0837  -0.3666  -0.4989  -0.1630  -0.0614
  0.0170   1.5302  -0.3947   0.3433  -0.1261  -0.6880
 -0.0087   2.2512  -0.4422   0.4509  -0.1329  -1.1102
  0.0504   1.6269  -0.4362   0.0047  -0.1773  -0.8524
  0.1025   1.2043  -0.3969  -0.5302  -0.1897  -0.6709
  0.1241   0.9391  -0.3539  -0.5591  -0.1730  -0.4570
  0.1333   0.9267  -0.3340  -0.5516  -0.1621  -0.4983
  0.1447   0.8039  -0.3444  -0.5740  -0.1724  -0.4078
  0.1507   0.8370  -0.3207  -0.4881  -0.1499  -0.4203
  0.1671   0.3332  -0.4029  -0.8824  -0.2077  -0.1953
  0.1853  -0.1275  -0.3563  -1.0043  -0.1933   0.0936
  0.1860   0.1477  -0.3532  -0.8995  -0.1893  -0.0949
  0.1854  -0.0100  -0.3195  -0.8149  -0.1740   0.0262
  0.1654   0.2087  -0.3329  -0.9281  -0.1880  -0.1175
  0.1556  -0.1507  -0.3794  -1.0078  -0.1845   0.0874
  0.1432   0.0270  -0.4389  -1.2127  -0.2244  -0.0342
  0.1622  -0.2706  -0.3668  -0.9425  -0.1962   0.1273
  0.0481   0.7147  -0.5019  -1.4808  -0.2492  -0.3550
 -0.3241  -2.3649   1.0601   1.2121   0.4379   1.9767
 -1.0442  -6.6039   3.4240   3.7622   1.5019   5.3052
 -0.3869  -2.1308   1.9592   0.7468   0.9229   1.7838
 -0.1457   0.6529   1.3905  -0.1261   0.6843   0.0726
 -0.0839   1.0789   0.9312  -0.4900   0.4365  -0.3747
 -0.0279   0.3561   0.8828  -0.4673   0.4413  -0.0006
  0.0301   0.2719   0.7772  -0.4121   0.3508  -0.0518
  0.0379   0.0622   0.8339  -0.4127   0.3663   0.0829
  0.0338   0.1300   0.7216  -0.3007   0.3096   0.0582
  0.0270   0.1515   0.8032  -0.9746   0.2155   0.0259
  0.1083   0.5207   0.8093  -2.0980   0.1941  -0.0219
  0.0372   0.3529   0.6249  -1.1449   0.1755   0.1280
  0.0235   0.2403   0.5163  -0.1595   0.2079   0.1689
 -0.0052   0.4086   0.5899  -0.8248   0.2346  -0.1175
  0.0482   0.0661   0.5428   0.2343   0.2898   0.1614
 -0.1796   1.2536   0.3519  -0.2325  -0.0014  -0.4101
 -0.1457   0.6400   0.1720  -1.1499  -0.1117  -0.0413
  0.0256  -0.5206   0.2381  -0.2101   0.0668   0.5238
  0.0075  -0.1858   0.2713  -0.4013   0.0465   0.1364
  0.0384  -0.4510   0.3089  -0.1767   0.0780   0.3062
  0.0283  -0.2794   0.2966  -0.2691   0.0670   0.1998
  0.0143  -0.4457   0.2990  -0.3001   0.0715   0.2503
  0.0414  -0.3260   0.2982  -0.1952   0.0695   0.2734
  0.0332  -0.4644   0.3032  -0.2298   0.0605   0.2767
  0.0608  -0.3755   0.3098  -0.0467   0.0697   0.3060
  0.0544  -0.4782   0.3147  -0.0430   0.0690   0.3137
  0.0619  -0.3918   0.3129  -0.0155   0.0756   0.2704
  0.0768  -0.4434   0.3447   0.1059   0.0817   0.2916
  0.0768  -0.2487   0.3450   0.1380   0.1019   0.1378
  0.0774  -0.2069   0.3621   0.6313   0.1333   0.2054
  0.1478   0.1468   0.2872   1.8049   0.1091  -0.0462
 -0.3340   1.8054  -0.2501   4.6584   0.1606  -0.7586
 -0.2602   0.4921   0.1972   1.5504   0.2849  -0.3869
 -0.1087   0.6527   0.3319   0.8371   0.2387  -0.4714
 -0.1392   0.5722   0.2466   0.8189   0.2134  -0.2891
 -0.0928   0.4470   0.2182   0.8841   0.1674  -0.2799
 -0.1061   0.3838   0.1927   0.8831   0.1500  -0.2109
 -0.0978   0.3686   0.2385   0.8717   0.1753  -0.2229
 -0.1300   0.4650   0.2171   0.6269   0.1540  -0.3041
 -0.0875   0.3180   0.2376   0.7132   0.1530  -0.1958
 -0.1124   0.2605   0.1795   0.6622   0.1227  -0.1660
 -0.0738   0.2058   0.1810   0.6758   0.1323  -0.1313
 -0.0640   0.1993   0.2018   0.7002   0.1467  -0.0644
 -0.0796   0.1593   0.1786   0.6405   0.1411  -0.1026
 -0.0739   0.1497   0.1630   0.6098   0.1342  -0.0944
 -0.0575   0.1401   0.1887   0.7151   0.1394  -0.0640
 -0.0840   0.1150   0.1417   0.5453   0.1257  -0.0837
 -0.0672   0.0804   0.1593   0.7409   0.1308  -0.0076
 -0.0813   0.0653   0.1253   0.6071   0.1167  -0.0442
 -0.0641   0.0682   0.1576   0.7385   0.1315  -0.0148
 -0.0835   0.1141   0.1217   0.5666   0.1173  -0.0604
 -0.0689   0.0621   0.1290   0.6788   0.1119  -0.0464
 -0.0770   0.0879   0.1256   0.6158   0.1105  -0.0338
 -0.0824   0.0228   0.0854   0.5667   0.0933  -0.0588
 -0.0703   0.0503   0.1162   0.7276   0.0991   0.0056
 -0.0851  -0.0159   0.0743   0.5186   0.0851  -0.0627
 -0.0762  -0.0074   0.0972   0.6931   0.0918  -0.0077
 -0.0837  -0.0439   0.0905   0.5416   0.0961  -0.0202
 -0.0708  -0.0340   0.0809   0.6050   0.0959   0.0197
 -0.0635  -0.0658   0.0848   0.5880   0.0816   0.0142
 -0.0657  -0.0663   0.0947   0.5697   0.0887  -0.0014
 -0.0709  -0.0451   0.0997   0.6278   0.0943   0.0138
 -0.1044  -0.1578   0.0252   0.3374   0.0641  -0.0184
 -0.0689  -0.1719   0.0822   0.6386   0.0811   0.0580
 -0.1168  -0.2103   0.0340   0.2593   0.0532   0.0125
 -0.0702  -0.2313   0.0650   0.5947   0.0775   0.1029
 -0.0891  -0.1954   0.0511   0.3639   0.0534   0.0379
 -0.0574  -0.2290   0.0931   0.6471   0.0726   0.0958
 -0.0914  -0.2258   0.0491   0.3494   0.0570   0.0478
 -0.0745  -0.2570   0.0748   0.5300   0.0651   0.0684
 -0.0682  -0.1570   0.0961   0.5526   0.0753   0.0712
 -0.0876  -0.3325   0.0214   0.3222   0.0485   0.0612
 -0.0734  -0.2068   0.0595   0.5275   0.0686   0.0723
 -0.0763  -0.2178   0.0467   0.4839   0.0739   0.0496
 -0.0759  -0.1805   0.0599   0.5468   0.0719   0.0466
 -0.0965  -0.3443   0.0212   0.2673   0.0477   0.0721
 -0.0714  -0.2364   0.0718   0.6070   0.0714   0.0879
 -0.0985  -0.3297   0.0158   0.2742   0.0490   0.0792
 -0.0771  -0.3865   0.0539   0.6435   0.0573   0.1674
 -0.0548  -0.2154   0.0983   0.6994   0.0930   0.0965
 -0.0772  -0.2036   0.0735   0.7280   0.0897   0.0780
 -0.0587  -0.0253   0.1192   0.9858   0.1117  -0.0056
 -0.0685  -0.1014   0.0783   0.6609   0.0796  -0.0450
 -0.0563  -0.1982   0.1019   0.7240   0.0800   0.0414
 -0.0551  -0.1130   0.0992   0.5821   0.0637  -0.0351
 -0.0598  -0.1791   0.0982   0.6973   0.0674   0.0403
 -0.0730  -0.1578   0.0964   0.5593   0.0560   0.0248
 -0.0649  -0.2830   0.0662   0.4991   0.0461   0.0793
 -0.0480  -0.1757   0.0958   0.6736   0.0610   0.0543
 -0.0963  -0.3639   0.0294   0.3433   0.0313   0.1028
 -0.0594  -0.3389   0.0767   0.4905   0.0549   0.1416
 -0.0517  -0.4486   0.0342   0.4729   0.0340   0.1901
 -0.1267   0.0159   0.0861   0.3228   0.0709  -0.0355
 -0.0958   0.7751   0.2176   1.1374   0.1790  -0.3582
 -0.0424   0.2447   0.2100   0.8381   0.1310  -0.2033
 -0.0307   0.0886   0.1941   0.9246   0.1256  -0.1115
 -0.0584   0.0828   0.1284   0.5905   0.0890  -0.1580
 -0.0525  -0.0378   0.1130   0.5688   0.0847  -0.0993
 -0.0512  -0.0836   0.1132   0.6324   0.0768  -0.0475
 -0.0909  -0.1974   0.0380   0.3820   0.0549   0.0240
 -0.0640  -0.2563   0.0575   0.5137   0.0567   0.0631
 -0.0415  -0.1892   0.1135   0.6583   0.0671   0.0760
 -0.0705  -0.2913   0.0539   0.3978   0.0460   0.0675
 -0.0571  -0.2460   0.1016   0.5952   0.0474   0.0949
 -0.0659  -0.3205   0.0978   0.4217   0.0482   0.1063
 -0.0096  -0.3665   0.1904   1.1290   0.1339   0.2074
 -0.0940  -0.2843   0.0718   0.4793   0.0407   0.0606
 -0.0665  -0.3257   0.0802   0.6263   0.0716   0.1098
 -0.0841  -0.3294   0.0512   0.4839   0.0509   0.0892
 -0.1009  -0.3495   0.0412   0.3198   0.0445   0.0139
 -0.0436  -0.2727   0.1119   0.6086   0.0704   0.0553
 -0.0595  -0.2331   0.1369   0.4800   0.0664   0.0148
 -0.1181  -0.4400   0.0373   0.1257   0.0219   0.0920
 -0.0532  -0.3677   0.0954   0.5137   0.0601   0.1208
 -0.0790  -0.3270   0.0703   0.3467   0.0474   0.0994
 -0.0680  -0.3746   0.0594   0.4770   0.0613   0.0942
 -0.0841  -0.3703   0.0370   0.3910   0.0400   0.1123
 -0.0784  -0.4511   0.0461   0.3503   0.0449   0.1208
 -0.0670  -0.3449   0.0870   0.5769   0.0625   0.1326
 -0.0917  -0.4305   0.0308   0.3241   0.0312   0.1157
 -0.0996  -0.2858   0.0702   0.6679   0.0759   0.0908
 -0.1003  -0.2237   0.0096   0.4889   0.0774   0.0208
 -0.1312  -0.3845  -0.0260   0.3392   0.0183   0.0359
 -0.0961  -0.2159   0.0615   0.7459   0.1015   0.0714
 -0.1041  -0.3281   0.0070   0.3339   0.0289   0.0017
 -0.0802  -0.3439   0.1006   0.4390   0.0720   0.0709
 -0.0814  -0.3462   0.0423   0.4480   0.0583   0.0762
 -0.0901  -0.3764   0.0666   0.4370   0.0624   0.0746
 -0.0401  -0.3022   0.0905   0.7367   0.0788   0.0858
 -0.1025  -0.2814   0.0599   0.5015   0.0656   0.0119
 -0.0651  -0.2545   0.1075   0.6733   0.0800   0.0619
