  0.1301   2.7700  -0.4123  -2.3171   0.1107  -0.9954
  0.1834   2.8833  -0.4607  -1.8622   0.0835  -1.0166
  0.1640   2.8233  -0.4565  -1.9423   0.0750  -0.9675
  0.1673   2.8290  -0.4479  -1.8561   0.0735  -0.9988
  0.1453   2.8292  -0.4197  -1.9340   0.0728  -0.9741
  0.1414   2.7690  -0.4464  -1.8310   0.0616  -0.9877
  0.1395   2.8098  -0.4490  -1.9111   0.0607  -1.0056
  0.1487   2.7792  -0.4123  -1.8667   0.0680  -0.9812
  0.1547   2.7742  -0.4374  -1.8896   0.0696  -0.9905
  0.1464   2.7323  -0.4598  -1.8339   0.0461  -0.9497
  0.1424   2.7377  -0.4354  -1.8477   0.0556  -0.9607
  0.1541   2.7293  -0.4443  -1.8413   0.0599  -0.9509
  0.1502   2.7641  -0.4403  -1.8695   0.0585  -0.9564
  0.1639   2.7608  -0.4309  -1.8558   0.0664  -0.9841
  0.1477   2.6980  -0.3951  -1.8753   0.0867  -0.9574
  0.1307   2.6569  -0.3596  -1.8258   0.0855  -0.9664
  0.1330   2.7000  -0.3512  -1.8489   0.0883  -0.9820
  0.1353   2.6998  -0.3461  -1.8172   0.0912  -0.9616
  0.1337   2.6912  -0.3324  -1.8571   0.1035  -0.9857
  0.1311   2.6867  -0.3120  -1.8565   0.0952  -0.9442
  0.1420   2.7274  -0.3165  -1.8627   0.1020  -0.9772
  0.1400   2.6867  -0.2949  -1.8455   0.1020  -0.9519
  0.1407   2.6660  -0.2928  -1.8435   0.1003  -0.9518
  0.1413   2.6488  -0.2998  -1.7980   0.1082  -0.9423
  0.1227   2.6609  -0.2972  -1.8142   0.0933  -0.9336
  0.1554   2.5811  -0.3119  -1.7731   0.0973  -0.9088
  0.1746   2.5923  -0.3349  -1.7894   0.1060  -0.9057
  0.1375   2.6093  -0.2627  -1.7540   0.0927  -0.9427
  0.1508   2.6697  -0.2371  -1.8179   0.1130  -0.9594
  0.1548   2.6261  -0.2560  -1.8028   0.1235  -0.9537
  0.1436   2.6343  -0.2327  -1.8172   0.1352  -0.9322
  0.1363   2.6409  -0.2315  -1.7792   0.1235  -0.9448
  0.1408   2.6043  -0.2235  -1.8142   0.1254  -0.9310
  0.1240   2.5689  -0.2185  -1.7712   0.1192  -0.9211
  0.1353   2.5711  -0.2080  -1.8144   0.1245  -0.9323
  0.1177   2.4885  -0.2202  -1.7168   0.1107  -0.8902
  0.1761   2.5770  -0.1988  -2.2994   0.1415  -0.9239
  0.2576   3.2926  -0.3457  -3.6314   0.1693  -0.9675
  0.2214   3.0415  -0.3821  -3.1635   0.1322  -0.8973
  0.1841   2.7733  -0.4032  -2.6765   0.0882  -0.8713
  0.2024   2.9212  -0.4101  -2.6564   0.0999  -0.9620
  0.2008   2.8078  -0.3864  -2.5684   0.1046  -0.9308
  0.1642   2.7680  -0.3956  -2.4768   0.1047  -0.9445
  0.1296   2.6331  -0.3430  -2.3552   0.1087  -0.8842
  0.1504   2.6637  -0.3605  -2.3736   0.1100  -0.9371
  0.1151   2.4689  -0.3372  -2.2896   0.0994  -0.8501
  0.1517   2.6301  -0.3350  -2.3484   0.1149  -0.9375
  0.0413   1.5412  -0.2877  -1.8222   0.0071  -0.4166
 -0.0765   0.1449  -0.1757  -1.1074  -0.0409   0.1254
 -0.0209   0.5042  -0.1728  -1.3181   0.0362  -0.1868
 -0.0600   0.4503  -0.1747  -1.2563   0.0186  -0.1128
 -0.0581   0.5734  -0.1698  -1.2996   0.0355  -0.2130
 -0.0831   0.4549  -0.1701  -1.2566   0.0226  -0.1493
 -0.0727   0.5117  -0.1512  -1.2674   0.0318  -0.1926
 -0.0847   0.4405  -0.1475  -1.2503   0.0241  -0.1534
 -0.0912   0.4227  -0.1429  -1.2339   0.0199  -0.1367
 -0.1111   0.2886  -0.1529  -1.1812   0.0109  -0.0925
 -0.1128   0.2714  -0.1288  -1.2005   0.0206  -0.0924
 -0.1241   0.2418  -0.1255  -1.1558   0.0097  -0.0810
 -0.1310   0.2416  -0.1069  -1.1717   0.0219  -0.0991
 -0.1464   0.1948  -0.1238  -1.1405  -0.0045  -0.0630
 -0.1427   0.2103  -0.1096  -1.1500   0.0129  -0.0932
 -0.1558   0.1748  -0.1107  -1.1308  -0.0079  -0.0588
 -0.1417   0.1812  -0.1218  -1.1222   0.0088  -0.0798
 -0.1580   0.2248  -0.1286  -1.1634  -0.0116  -0.0614
 -0.1083   0.0272  -0.0876  -0.9756   0.0483  -0.0213
 -0.0202  -0.4901  -0.0888  -0.8016   0.0815   0.1466
 -0.0220   0.0307  -0.1653  -1.4309   0.0435  -0.0796
  0.0256   0.1652  -0.2005  -1.4763   0.0854  -0.0939
 -0.0080   0.2114  -0.1773  -1.4135   0.0670  -0.0948
 -0.0574   0.1551  -0.1373  -1.3046   0.0510  -0.0830
 -0.0725   0.0071  -0.1447  -1.2274   0.0289  -0.0469
 -0.0811  -0.0053  -0.1193  -1.1809   0.0394  -0.0352
 -0.0993  -0.0151  -0.1486  -1.1824   0.0101  -0.0280
 -0.1173  -0.0641  -0.1223  -1.1397   0.0180  -0.0200
 -0.1261  -0.0377  -0.0975  -1.1272   0.0160  -0.0089
 -0.1177  -0.0310  -0.1313  -1.1134   0.0237  -0.0363
 -0.1378  -0.0713  -0.1191  -1.1155  -0.0001  -0.0082
 -0.1243  -0.0748  -0.1163  -1.0722   0.0112  -0.0359
 -0.1341  -0.0521  -0.1282  -1.1152   0.0015  -0.0286
 -0.0878   0.0019  -0.1694  -1.0870   0.0187  -0.0669
 -0.0588   0.1188  -0.1753  -1.1365   0.0147  -0.1043
 -0.0817   0.0017  -0.1805  -0.9969   0.0044  -0.0494
 -0.0321   0.2838  -0.1788  -1.3843   0.0117  -0.1418
 -0.0816   0.3635  -0.2397  -1.6954  -0.0027  -0.1314
 -0.1054   0.0980  -0.2189  -1.0808  -0.0012  -0.0578
 -0.0908   0.0674  -0.2374  -1.1018   0.0071  -0.0433
 -0.0968  -0.0571  -0.1850  -0.7485   0.0077  -0.0184
 -0.0850  -0.0760  -0.1449  -0.6164   0.0122  -0.0434
 -0.0711  -0.0026  -0.1684  -0.6402   0.0112  -0.0696
 -0.0757   0.0557  -0.1614  -0.6418   0.0035  -0.0753
 -0.0763   0.0910  -0.1574  -0.6173   0.0097  -0.1180
 -0.0823   0.1071  -0.1506  -0.6374   0.0086  -0.0953
 -0.0777   0.1109  -0.1547  -0.6097   0.0130  -0.1276
 -0.0870   0.0840  -0.1489  -0.6381   0.0111  -0.1057
 -0.0864   0.0334  -0.1243  -0.5823   0.0162  -0.1041
 -0.0954   0.0044  -0.1223  -0.5826   0.0261  -0.0696
 -0.0878   0.0137  -0.1329  -0.5772   0.0224  -0.0674
 -0.0917   0.0395  -0.1411  -0.6014   0.0094  -0.0765
 -0.0538   0.1354  -0.1493  -0.5716   0.0174  -0.1216
 -0.0027   0.1487  -0.1826  -0.5589   0.0275  -0.1561
  0.0111   0.0334  -0.2217  -0.5782   0.0392  -0.1070
  0.0067   0.0819  -0.2078  -0.6047   0.0325  -0.1507
 -0.0256   0.0719  -0.2118  -0.5665   0.0085  -0.1385
 -0.0173   0.1101  -0.2225  -0.5815   0.0065  -0.1354
 -0.0325   0.0860  -0.2084  -0.5529  -0.0202  -0.1317
 -0.0323   0.0812  -0.2206  -0.5031  -0.0168  -0.1099
 -0.0284   0.0645  -0.2178  -0.5221  -0.0182  -0.0893
 -0.0540   0.0741  -0.1854  -0.4889  -0.0195  -0.0977
 -0.0656   0.0413  -0.1753  -0.5111  -0.0073  -0.0833
 -0.0833   0.0390  -0.1978  -0.4998  -0.0167  -0.1085
 -0.0794   0.0264  -0.2052  -0.5505  -0.0029  -0.1313
 -0.0698   0.0293  -0.2073  -0.5373  -0.0142  -0.1222
 -0.0688  -0.0176  -0.1842  -0.4930  -0.0100  -0.1352
 -0.0817  -0.0243  -0.1853  -0.4788  -0.0147  -0.1116
 -0.0776  -0.0890  -0.1754  -0.4283  -0.0194  -0.0930
 -0.0894  -0.1340  -0.1855  -0.4592  -0.0161  -0.0685
 -0.0731  -0.0703  -0.0302  -0.5476   0.0613  -0.1300
 -0.0868   0.0375  -0.0694  -0.5562   0.1912  -0.1090
 -0.0366  -0.0713  -0.1576  -0.4034   0.1482  -0.0162
 -0.0101   0.1197  -0.0248  -0.1907   0.0893  -0.0773
 -0.0387   0.1287  -0.0417  -0.2192   0.0875  -0.1050
 -0.0344   0.2173  -0.0245  -0.2652   0.0824  -0.1950
 -0.0585   0.1541  -0.0425  -0.2760   0.0676  -0.1580
 -0.0075   0.1981  -0.0390  -0.2370   0.0793  -0.1887
 -0.0177   0.1854  -0.0722  -0.2687   0.0819  -0.1700
 -0.0220   0.2269  -0.1177  -0.1324   0.0360  -0.2208
 -0.0240   0.1347  -0.1293  -0.0856   0.0067  -0.1732
 -0.1433  -0.6923   0.0308   1.4204  -0.0745   0.2780
 -0.2645  -7.0563   0.6668   6.6766  -0.2779   4.0487
  0.1323  -7.8217   1.3315   6.3929   0.0396   4.2051
  0.1702  -3.8175   0.9688   2.2098   0.2264   1.5102
  0.0704  -4.1020   0.8193   2.2419   0.1691   1.6986
  0.0717  -4.4624   0.8692   2.5733   0.1429   1.8758
  0.0819  -5.1190   0.8127   3.1330   0.1011   2.2580
  0.0848  -2.9032   1.0642   2.2427   0.2194   1.3303
  0.0630  -2.8725   1.1318   2.4330   0.1787   1.2024
  0.0573  -3.1900   1.1613   2.5668   0.1139   1.3303
  0.0006  -3.5444   1.1314   3.4104  -0.0616   1.7121
 -0.0618  -2.9949   0.9051   2.7058  -0.0295   1.3732
 -0.0719  -2.7360   0.8391   1.6799   0.0588   1.0375
 -0.0360  -3.0760   0.7478   1.9558   0.0103   1.2571
 -0.0922  -3.2124   0.7334   1.8788  -0.0040   1.2947
 -0.0672  -3.1620   0.7730   1.9624   0.0219   1.3210
 -0.0973  -3.3481   0.7411   1.9415  -0.0043   1.3502
 -0.0441  -3.0855   1.0067   2.2604   0.1139   1.3107
 -0.0502  -2.5884   1.0699   2.0017   0.1873   1.1136
 -0.0426  -2.9081   0.9142   1.9906   0.0906   1.2156
 -0.0696  -2.7330   0.9380   1.7621   0.0966   1.0979
 -0.0908  -3.2004   0.9105   2.5789  -0.0254   1.4423
 -0.1576  -4.9521   1.2285   5.0811  -0.0567   2.4133
  0.0724  -6.6800   1.4170   6.2316  -0.0051   3.3275
  0.2254  -6.2232   1.4367   5.9188   0.0315   2.9937
  0.1301  -6.0612   1.3680   5.6899  -0.0188   2.8131
  0.1107  -6.1780   1.2986   5.9871  -0.0946   2.9458
  0.0124  -5.5741   1.2312   5.2290  -0.1824   2.5716
 -0.0978  -4.1666   1.2647   4.4334  -0.2565   1.8841
 -0.1657  -4.1021   1.3428   4.7342  -0.2591   1.9331
 -0.1129  -4.5612   1.1534   4.4773  -0.3062   2.0307
 -0.0780  -4.5837   1.0938   4.5500  -0.2047   2.0118
 -0.0540  -4.6178   1.0463   4.4842  -0.2747   2.0355
 -0.0187  -5.2346   1.0892   5.7797  -0.2133   2.5730
  0.0982  -7.4820   1.6629   9.2702  -0.2278   4.3264
  0.2726  -8.4858   1.5934   8.8034   0.1165   4.4853
  0.2139  -8.7723   1.3725   7.9592   0.2500   4.4263
  0.1646  -8.9926   1.3506   8.2840   0.1091   4.7352
  0.0686  -8.4373   1.2766   7.9401  -0.0282   4.4067
 -0.1066  -8.4977   0.9909   7.3826  -0.2476   4.0829
 -0.1333  -8.6442   0.9601   7.4537  -0.2811   4.1919
 -0.1097  -8.6554   0.9185   7.5611  -0.3444   4.2925
 -0.1235  -8.5871   0.9949   7.6891  -0.2654   4.2063
  0.0643  -9.5944   1.4777   8.5346   0.1188   5.0617
  0.2090  -9.5687   1.4207   8.2075   0.2156   4.9008
  0.1128  -9.3702   1.3345   8.2189   0.0312   4.7979
  0.0510  -7.1931   0.9924   6.3244  -0.0193   3.4578
 -0.0617  -6.2881   0.7949   4.7782  -0.0834   2.7071
 -0.0356  -6.3204   0.7876   5.0111  -0.0714   2.7720
 -0.0801  -6.1165   0.7750   4.8609  -0.1809   2.6654
 -0.1194  -6.3333   0.7567   5.0712  -0.2057   2.8038
 -0.1084  -6.2440   0.7403   5.0028  -0.2456   2.7456
 -0.1065  -6.3973   0.7395   5.1326  -0.2474   2.8571
 -0.1130  -6.3267   0.7393   5.0775  -0.2685   2.8192
 -0.0984  -6.4273   0.7516   5.2388  -0.2685   2.9215
 -0.1083  -6.3547   0.7243   5.1459  -0.2901   2.8393
 -0.0997  -6.4220   0.7115   5.2382  -0.3060   2.9100
 -0.1081  -6.3544   0.6996   5.1784  -0.3333   2.8386
 -0.1159  -6.4118   0.7256   5.2579  -0.3452   2.8926
 -0.1286  -6.3751   0.7366   5.2192  -0.3234   2.8514
 -0.1361  -6.4110   0.7690   5.2474  -0.2890   2.8660
 -0.1249  -6.3997   0.7216   5.2428  -0.3168   2.8393
 -0.1230  -6.4062   0.7352   5.2808  -0.3015   2.8783
 -0.1270  -6.4300   0.6960   5.2943  -0.3320   2.8593
 -0.1228  -6.4073   0.7375   5.2615  -0.3121   2.8653
 -0.1310  -6.4079   0.6997   5.1010  -0.3339   2.8224
 -0.1358  -6.4117   0.6995   5.1692  -0.3291   2.8599
 -0.1363  -6.5041   0.6917   5.2182  -0.3719   2.8708
