 -0.3001  -0.6398   0.0981  -0.3949  -0.0377   0.4641
 -0.3438  -0.8870   0.0612  -0.4482  -0.1056   0.5397
 -0.3176  -0.8207   0.0683  -0.4302  -0.0893   0.5228
 -0.3386  -0.8515   0.0638  -0.4395  -0.0999   0.5192
 -0.3375  -0.8544   0.0889  -0.4348  -0.0884   0.5128
 -0.3475  -0.7577   0.1629  -0.4339  -0.0933   0.4711
 -0.3187  -0.6618   0.2258  -0.5570  -0.0868   0.5111
 -0.2932  -0.5411   0.1866  -0.4701  -0.0643   0.5195
 -0.2683  -0.4312   0.2211  -0.3641  -0.0247   0.4102
 -0.2427  -0.5348   0.2175  -0.4027  -0.0266   0.3966
 -0.2412  -0.5496   0.1949  -0.4279  -0.0258   0.3965
 -0.2424  -0.4790   0.2027  -0.3886  -0.0117   0.4254
 -0.2443  -0.4487   0.2094  -0.3434  -0.0085   0.3705
 -0.2473  -0.4545   0.1966  -0.3566  -0.0164   0.3512
 -0.2436  -0.4424   0.1973  -0.3498  -0.0082   0.3608
 -0.2543  -0.4612   0.1819  -0.3574  -0.0096   0.3596
 -0.2407  -0.4976   0.1788  -0.3770  -0.0137   0.3475
 -0.2399  -0.5137   0.1469  -0.3481  -0.0116   0.3373
 -0.2544  -0.4993   0.1716  -0.3476  -0.0251   0.3582
 -0.2385  -0.5122   0.1993  -0.3912  -0.0210   0.4358
 -0.2247  -0.4748   0.1764  -0.3838  -0.0064   0.4232
 -0.2133  -0.4610   0.1723  -0.3731  -0.0187   0.3867
 -0.2261  -0.4850   0.1785  -0.3998  -0.0227   0.3614
 -0.2569  -0.4320   0.2007  -0.4346  -0.0232   0.4042
 -0.2359  -0.3884   0.2088  -0.3884  -0.0242   0.3807
 -0.2439  -0.4994   0.2101  -0.3382  -0.0051   0.3573
 -0.2157  -0.6084   0.2468  -0.3505  -0.0103   0.4120
 -0.2094  -0.4773   0.1847  -0.3722  -0.0066   0.4186
 -0.2115  -0.4498   0.1762  -0.2758  -0.0120   0.3494
 -0.2015  -0.5348   0.1792  -0.2445   0.0059   0.3188
 -0.2088  -0.4872   0.1756  -0.3215  -0.0051   0.3786
 -0.2079  -0.4187   0.1839  -0.3603  -0.0159   0.4004
 -0.2468  -0.3697   0.1712  -0.3569  -0.0160   0.3563
 -0.2422  -0.3794   0.1500  -0.3044   0.0046   0.3091
 -0.2280  -0.4399   0.1634  -0.2176   0.0153   0.2957
 -0.2246  -0.4790   0.1666  -0.2188   0.0121   0.3067
 -0.2627  -0.3361   0.1626  -0.3333   0.0149   0.3619
 -0.2859  -0.3387   0.1163  -0.1988   0.0233   0.2726
 -0.3297  -0.6183   0.1927   0.0367  -0.0138   0.2236
 -0.3610  -0.5266   0.1439  -0.1244  -0.0100   0.3002
 -0.3290  -0.2991   0.0474  -0.2787  -0.0005   0.3242
 -0.3702  -0.2210   0.0985  -0.1918  -0.0172   0.2178
 -0.3852  -0.3240   0.0858  -0.1167  -0.0099   0.2020
 -0.3672  -0.4966   0.1119  -0.0665  -0.0355   0.2691
 -0.3114  -0.3724   0.1326  -0.2127  -0.0270   0.2892
 -0.3311  -0.3057   0.1214  -0.2104  -0.0308   0.2638
 -0.3378  -0.3531   0.1205  -0.0164  -0.0028   0.1735
 -0.3858  -0.3124   0.1352  -0.1405  -0.0490   0.2370
 -0.3392  -0.2519   0.1338  -0.1744  -0.0357   0.2304
 -0.3627  -0.2442   0.1244  -0.1861  -0.0525   0.2346
 -0.3500  -0.2519   0.1340  -0.1454  -0.0408   0.2076
 -0.3915  -0.2954   0.1352  -0.1410  -0.0500   0.2236
 -0.3324  -0.2707   0.1248  -0.1799  -0.0269   0.2513
 -0.3775  -0.3015   0.1056  -0.1611  -0.0523   0.2069
 -0.3168  -0.2497   0.1291  -0.1693  -0.0286   0.2371
 -0.4062  -0.2543   0.0913  -0.1650  -0.0606   0.2455
 -0.0932  -0.2509   0.2180  -0.1371   0.0996   0.2090
  0.0211  -0.3329   0.3145  -0.0769   0.1354   0.2227
 -0.1610  -0.2945   0.2578  -0.1124   0.0414   0.2184
 -0.0976  -0.2704   0.2750  -0.1228   0.0806   0.2348
 -0.1505  -0.2516   0.2439  -0.1398   0.0511   0.2105
 -0.1092  -0.2312   0.2493  -0.1356   0.0710   0.2297
 -0.1441  -0.2541   0.2419  -0.1286   0.0477   0.2064
 -0.1304  -0.2412   0.2402  -0.1449   0.0535   0.2257
 -0.1576  -0.2350   0.2344  -0.1458   0.0474   0.2145
 -0.1388  -0.2383   0.2148  -0.1660   0.0656   0.2326
 -0.1613  -0.2354   0.1909  -0.2020   0.0592   0.2496
 -0.1609  -0.2466   0.2007  -0.1529   0.0540   0.2295
 -0.1836  -0.1628   0.1878  -0.2324   0.0527   0.2465
 -0.1797  -0.1847   0.1712  -0.1807   0.0479   0.2340
 -0.1933  -0.1615   0.1760  -0.1692   0.0171   0.1995
 -0.1723  -0.1755   0.1801  -0.1760   0.0523   0.2417
 -0.1882  -0.2293   0.1813  -0.1651   0.0472   0.1970
 -0.1793  -0.2698   0.2025  -0.1921   0.0779   0.2613
 -0.2158  -0.2081   0.1832  -0.1914   0.0462   0.2803
 -0.1928  -0.1636   0.1705  -0.2346   0.0434   0.2999
 -0.1949  -0.2695   0.1920  -0.2316   0.0522   0.2904
 -0.1916  -0.2718   0.1922  -0.1933   0.0691   0.2673
 -0.2011  -0.2834   0.2065  -0.2024   0.0697   0.2840
 -0.1960  -0.2846   0.2098  -0.1853   0.0889   0.2485
 -0.1988  -0.2636   0.2141  -0.1677   0.0964   0.2567
 -0.1904  -0.3207   0.2017  -0.1399   0.1196   0.2347
 -0.1977  -0.3085   0.2035  -0.1439   0.1091   0.2636
 -0.2016  -0.2932   0.2030  -0.1559   0.1048   0.2453
 -0.2062  -0.2836   0.1945  -0.1729   0.0925   0.2543
 -0.2062  -0.2770   0.1995  -0.1768   0.0987   0.2613
 -0.2145  -0.2918   0.1939  -0.1796   0.0885   0.2557
 -0.2113  -0.2964   0.1869  -0.1848   0.1011   0.2535
 -0.2212  -0.2683   0.1956  -0.1888   0.0935   0.2644
 -0.2055  -0.2974   0.1910  -0.1877   0.1101   0.2380
 -0.2025  -0.2725   0.1917  -0.1806   0.1001   0.2738
 -0.2001  -0.2777   0.1860  -0.1822   0.1194   0.2631
 -0.2219  -0.2578   0.1888  -0.1848   0.0968   0.2558
 -0.2056  -0.2732   0.1893  -0.1687   0.1177   0.2567
 -0.2159  -0.2671   0.1816  -0.1771   0.0816   0.2576
 -0.2149  -0.2686   0.1843  -0.2103   0.1134   0.2798
 -0.2108  -0.2820   0.1936  -0.2236   0.0753   0.2677
 -0.2005  -0.2698   0.1402  -0.2049   0.0608   0.2950
 -0.2216  -0.2747   0.1516  -0.2039   0.1217   0.2723
 -0.2104  -0.2508   0.1599  -0.2056   0.0802   0.2739
 -0.2072  -0.2606   0.1699  -0.2012   0.0898   0.2724
 -0.1941  -0.2647   0.1523  -0.2055   0.0852   0.2699
 -0.2143  -0.2540   0.1705  -0.2139   0.0862   0.2748
 -0.1947  -0.2484   0.1615  -0.2070   0.0950   0.2666
 -0.2133  -0.2367   0.1767  -0.2028   0.0879   0.2863
 -0.1852  -0.2917   0.1505  -0.1982   0.1103   0.2668
 -0.2124  -0.2435   0.1701  -0.2048   0.0881   0.2714
 -0.1765  -0.2812   0.1536  -0.1879   0.1170   0.2782
 -0.2214  -0.1732   0.1459  -0.2274   0.0932   0.2207
 -0.2136   0.1812   0.0604  -0.1841   0.1641  -0.0092
 -0.2559   0.3850   0.1592   0.6628   0.1635  -0.4585
  0.9711   1.1288  -0.4900   1.6460   0.3073  -1.1983
  1.2092   0.8852  -0.8108   0.6760   0.1276  -0.5705
  0.2920   0.3282  -0.7421  -0.1085  -0.1670  -0.0427
  0.4963   0.3813  -0.5235  -0.0804  -0.1207  -0.1183
  0.4465   0.3162  -0.4267  -0.0515   0.0359  -0.0874
  0.4822   0.2492  -0.5674   0.1124   0.1531  -0.1705
  0.4775   0.2810  -0.4768   0.0424  -0.0693  -0.1139
  0.4308   0.2146  -0.2270   0.0910  -0.3336  -0.1459
  0.4070   0.2553  -0.1724   0.0242  -0.1504  -0.0856
  0.4631   0.2359  -0.2487   0.1259  -0.0664  -0.1569
  0.4245   0.2088  -0.2478   0.2038  -0.0859  -0.1726
  0.4085   0.2302  -0.2958   0.1808  -0.0115  -0.1609
  0.3708   0.2492  -0.2299   0.1353  -0.0410  -0.1615
  0.4023   0.2522  -0.2676   0.1291  -0.0222  -0.1480
  0.3706   0.2437  -0.2325   0.1340  -0.0283  -0.1704
  0.3817   0.2747  -0.2754   0.1378  -0.0030  -0.1690
  0.3576   0.2663  -0.2423   0.1173  -0.0178  -0.1552
  0.3658   0.2495  -0.2896   0.1383  -0.0053  -0.1873
  0.3632   0.2794  -0.2575   0.1207  -0.0235  -0.1446
  0.3641   0.2493  -0.2842   0.1268  -0.0006  -0.1694
  0.3584   0.2670  -0.2744   0.0989  -0.0213  -0.1498
  0.3536   0.2806  -0.2920   0.0982  -0.0212  -0.1470
  0.3412   0.2614  -0.2822   0.1192  -0.0180  -0.1634
  0.3471   0.2830  -0.3048   0.1248  -0.0082  -0.1582
  0.3154   0.2251  -0.2969   0.1382  -0.0183  -0.1529
  0.3255   0.2419  -0.3265   0.1159  -0.0039  -0.1519
  0.3209   0.2741  -0.3148   0.1127  -0.0158  -0.1563
  0.3306   0.2582  -0.3334   0.0907  -0.0054  -0.1626
  0.3327   0.3162  -0.3415   0.0532  -0.0115  -0.1420
  0.3377   0.4409  -0.3890  -0.0004  -0.0336  -0.1654
  0.3331   0.4533  -0.3868  -0.0314  -0.0121  -0.0797
  0.3424   0.4249  -0.4196   0.0323   0.0290  -0.1526
  0.3314   0.4388  -0.3927   0.0163   0.0249  -0.1657
  0.3334   0.3964  -0.3657   0.0646   0.0513  -0.1976
  0.3251   0.4264  -0.3585   0.0621   0.0248  -0.1835
  0.3175   0.4130  -0.3840   0.0824   0.0199  -0.2021
  0.3138   0.4168  -0.3748   0.0591   0.0087  -0.1820
  0.3043   0.3911  -0.3737   0.0661   0.0137  -0.1877
  0.3120   0.3832  -0.3657   0.0562   0.0040  -0.1715
  0.3000   0.3896  -0.3644   0.0625   0.0108  -0.1568
  0.2982   0.3738  -0.3676   0.0543   0.0005  -0.1799
  0.3027   0.4179  -0.3638   0.0457   0.0088  -0.1472
  0.2900   0.3733  -0.3493   0.0419   0.0016  -0.1648
  0.2913   0.3894  -0.3687   0.0538   0.0046  -0.1618
  0.3036   0.4144  -0.3588   0.0170  -0.0077  -0.1448
  0.3130   0.4251  -0.3864   0.0483   0.0097  -0.1808
  0.3081   0.4046  -0.3534   0.0135   0.0029  -0.1321
  0.2953   0.4413  -0.4227   0.1327   0.0529  -0.2758
  0.2181   0.4629  -0.4182   0.2544   0.0481  -0.3949
  0.2261   0.3509  -0.3497   0.1549   0.0056  -0.2955
  0.2307   0.4240  -0.3645   0.2105   0.0264  -0.2972
  0.2556   0.2636  -0.3501   0.2191  -0.0059  -0.3027
  0.3076   0.0751  -0.3734   0.2764  -0.0059  -0.2677
  0.2756   0.1543  -0.3390   0.2371  -0.0392  -0.1773
  0.2577   0.1331  -0.3352   0.2535  -0.0532  -0.2487
  0.2345   0.1775  -0.3310   0.2454  -0.0439  -0.2206
  0.2082   0.1825  -0.3234   0.2411  -0.0346  -0.2492
  0.2124   0.1815  -0.3258   0.2362  -0.0375  -0.2412
  0.2158   0.1959  -0.3191   0.2321  -0.0385  -0.2432
  0.2154   0.2059  -0.3121   0.1956  -0.0212  -0.2331
  0.2238   0.2127  -0.2997   0.2016  -0.0143  -0.2416
  0.2054   0.2011  -0.2998   0.1923  -0.0272  -0.2371
  0.2112   0.2538  -0.2801   0.2020  -0.0272  -0.2511
  0.2004   0.2030  -0.2937   0.1640  -0.0217  -0.2267
  0.2321   0.2385  -0.2887   0.3429  -0.0300  -0.3315
  0.2485   0.0578  -0.3658   0.5223   0.0015  -0.3225
  0.2428   0.0895  -0.3033   0.1911  -0.0021  -0.1675
  0.2273   0.1626  -0.2510   0.1209  -0.0225  -0.1575
  0.2453   0.1404  -0.2676   0.1317   0.0256  -0.1953
  0.2480   0.2089  -0.2575   0.1476   0.0024  -0.2100
  0.2574   0.1693  -0.2836   0.1493   0.0291  -0.2155
  0.2506   0.1764  -0.2731   0.1675   0.0211  -0.2146
  0.2667   0.1658  -0.2725   0.1470   0.0382  -0.1846
  0.2493   0.1759  -0.2568   0.1590   0.0348  -0.2145
  0.2646   0.1996  -0.2524   0.1723   0.0706  -0.1975
  0.2443   0.1676  -0.2519   0.1693   0.0474  -0.2236
  0.2841   0.1986  -0.2419   0.1721   0.0690  -0.2264
  0.2457   0.1868  -0.2263   0.2000   0.0322  -0.2362
  0.2239   0.1776  -0.2465   0.1713   0.0232  -0.2275
  0.1997   0.1907  -0.2177   0.1763  -0.0099  -0.2109
  0.2399   0.1606  -0.2713   0.1686   0.0296  -0.2260
  0.0466   0.1666  -0.0351   0.1412  -0.1149  -0.2230
 -0.0573   0.1920   0.0667   0.0729  -0.1589  -0.1943
 -0.0515   0.2004   0.0219   0.0634  -0.1443  -0.1913
 -0.0547   0.1902   0.0328   0.0596  -0.1361  -0.1657
 -0.2592   0.1424   0.0410   0.0655  -0.2876  -0.1453
 -0.2753   0.1039   0.1068   0.0695  -0.2642  -0.1155
 -0.1404   0.1437   0.0670   0.0380  -0.1412  -0.1244
 -0.1667   0.1723   0.0515   0.0289  -0.1544  -0.1202
 -0.1370   0.1890   0.0493   0.0304  -0.1216  -0.1364
 -0.1579   0.1924   0.0684   0.0120  -0.1391  -0.1450
 -0.1398   0.2063   0.0625   0.0362  -0.1267  -0.1334
 -0.1450   0.1916   0.0721   0.0210  -0.1232  -0.1238
 -0.1274   0.1695   0.0471   0.0438  -0.1380  -0.1507
 -0.1237   0.1467   0.0318   0.0534  -0.1503  -0.1194
 -0.0528   0.1606   0.0160   0.0822  -0.1021  -0.1358
 -0.0026   0.2390  -0.0173   0.0382  -0.0860  -0.1136
  0.0124   0.2352  -0.0212   0.0386  -0.0422  -0.1267
  0.0278   0.2411  -0.0201   0.0841  -0.0459  -0.1876
  0.0200   0.2318  -0.0382   0.0947  -0.0788  -0.1845
  0.0134   0.2200   0.0030   0.1536  -0.0927  -0.2239
  0.0455   0.2137   0.1027   0.2134  -0.0401  -0.2258
  0.0434   0.1940   0.1082   0.1739  -0.0014  -0.2177
  0.0392   0.2428   0.0916   0.1536  -0.0137  -0.1919
  0.0476   0.2173   0.0916   0.1463  -0.0033  -0.1965
  0.0463   0.2181   0.0985   0.1660  -0.0170  -0.2132
  0.0407   0.2319   0.1016   0.1486  -0.0109  -0.2083
  0.0425   0.2114   0.0888   0.1708  -0.0196  -0.2203
  0.0364   0.2096   0.0880   0.1540  -0.0193  -0.2055
  0.0406   0.1995   0.0890   0.1660  -0.0299  -0.2205
  0.0311   0.2064   0.0831   0.1523  -0.0328  -0.2108
  0.0257   0.1846   0.0780   0.1562  -0.0279  -0.2138
  0.0264   0.1935   0.0809   0.1475  -0.0274  -0.2090
  0.0249   0.1887   0.0831   0.1580  -0.0323  -0.1836
  0.0303   0.1689   0.0742   0.1475  -0.0179  -0.2056
  0.0295   0.2096   0.0798   0.1489  -0.0279  -0.1867
  0.0445   0.1791   0.0749   0.1237  -0.0183  -0.1936
  0.0364   0.1888   0.0768   0.1456  -0.0202  -0.1929
  0.0604   0.2058   0.0905   0.1189   0.0048  -0.1722
  0.0545   0.2033   0.0853   0.1418   0.0098  -0.1981
  0.0512   0.2017   0.0837   0.1207   0.0019  -0.1794
  0.0470   0.2131   0.0949   0.1307  -0.0008  -0.1762
  0.0785   0.1834   0.1011   0.1191   0.0262  -0.1840
  0.1052   0.2026   0.1260   0.1636   0.0600  -0.1857
  0.0804   0.1923   0.0970   0.1099   0.0358  -0.1739
  0.1008   0.1908   0.0994   0.1898   0.0533  -0.2123
  0.0820   0.2238   0.0823  -0.0551   0.0268  -0.0817
  0.1060   0.1799   0.0656  -0.1605   0.0399  -0.0592
  0.1020   0.2276   0.0609  -0.0861   0.0407  -0.0770
  0.0912   0.2104   0.0727  -0.0444   0.0497  -0.1150
  0.0854   0.2387   0.0435  -0.0284   0.0416  -0.1136
  0.0917   0.2535   0.1180   0.4161   0.0214  -0.3262
  0.1010   0.2556   0.2062   0.7446   0.0049  -0.4937
  0.1073   0.2136   0.1721   0.5335   0.0220  -0.3517
  0.0885   0.2432   0.1884   0.5803   0.0010  -0.4133
  0.0883   0.2795   0.1847   0.4824   0.0116  -0.3417
  0.0895   0.2203   0.1834   0.5165   0.0100  -0.4031
  0.0837   0.2646   0.2027   0.4705   0.0037  -0.3299
  0.0716   0.2232   0.1938   0.4918  -0.0043  -0.3645
  0.0784   0.2368   0.1922   0.4736   0.0120  -0.3344
  0.0812   0.2192   0.1753   0.4880   0.0156  -0.3616
  0.0949   0.2376   0.1880   0.4380   0.0281  -0.3155
  0.0885   0.2483   0.1711   0.4822   0.0186  -0.3287
  0.0817   0.2503   0.1676   0.4237   0.0180  -0.3285
  0.0778   0.2848   0.1637   0.4246   0.0139  -0.3347
  0.0667   0.2953   0.1560   0.3754   0.0068  -0.3266
  0.0678   0.3180   0.1493   0.3764  -0.0085  -0.3421
  0.0634   0.3150   0.1667   0.3611  -0.0036  -0.3268
  0.0799   0.3178   0.1590   0.3715   0.0106  -0.3309
  0.0675   0.2946   0.1838   0.3778   0.0169  -0.3389
