 -0.0984  -0.8342   0.0947   0.4337  -0.0127  -0.0669
 -0.1457  -1.0996   0.1413   0.5504  -0.0374   0.0010
 -0.1164  -0.8734   0.0743   0.4174  -0.0203  -0.0347
 -0.1262  -0.9827   0.0859   0.5238  -0.0104  -0.0297
 -0.1563  -1.0753   0.0991   0.5484  -0.0301  -0.0336
 -0.1755  -0.9929   0.1270   0.4129  -0.0370  -0.0618
 -0.1822  -0.9931   0.1133   0.4400  -0.0095  -0.0788
 -0.1775  -0.8873   0.1983   0.3177   0.0078  -0.0912
 -0.1277  -0.7537   0.1471   0.2349   0.0401  -0.0754
 -0.1368  -0.7412   0.0949   0.2582   0.0427  -0.0961
 -0.1236  -0.7043   0.1074   0.3731   0.0361  -0.0173
 -0.1434  -0.7224   0.0892   0.4885   0.0390   0.0227
 -0.1451  -0.7791   0.1201   0.3793   0.0307  -0.0392
 -0.1369  -0.6380   0.1252   0.2503   0.0128  -0.0782
 -0.1188  -0.5802   0.1184   0.1221   0.0086  -0.0925
 -0.1065  -0.5278   0.1217   0.1084   0.0137  -0.0790
 -0.1137  -0.5836   0.0945   0.2150   0.0155  -0.0367
 -0.1363  -0.6046   0.1253   0.2638   0.0111  -0.0144
 -0.1070  -0.6630   0.1462   0.1819   0.0008  -0.0429
 -0.0828  -0.6485   0.1880   0.2498  -0.0183  -0.0327
 -0.1184  -0.6066   0.0778   0.2393  -0.0331  -0.0417
 -0.0596  -0.4960   0.0599   0.2195  -0.0172  -0.0091
  0.0294  -0.7079   0.1371   0.2121   0.0230   0.0288
 -0.0267  -0.5923   0.0120   0.1423  -0.0014   0.0013
 -0.0214  -0.4170   0.0626   0.0611   0.0067  -0.0164
 -0.0418  -0.3977   0.0575   0.1603   0.0147   0.0052
 -0.0422  -0.4307   0.0936   0.2210   0.0125   0.0062
 -0.1052  -0.4158   0.1026   0.2694  -0.0109  -0.0323
 -0.0581  -0.3364   0.1226   0.1513   0.0262  -0.0801
 -0.0254  -0.2737   0.0591   0.1029   0.0169  -0.0614
  0.0442  -0.6668   0.1644   0.0903   0.0225  -0.0286
 -0.0220  -0.5113   0.0713   0.1009   0.0131  -0.0224
 -0.0342  -0.2847  -0.0433   0.2505   0.0010  -0.0169
 -0.0005  -0.5904  -0.0243   0.2811  -0.0011  -0.0125
  0.0595  -0.4945  -0.0370   0.2173   0.0377  -0.0504
  0.0050  -0.5975  -0.0251   0.2589  -0.0196  -0.0301
  0.0438  -0.5269  -0.0401   0.2487  -0.0085  -0.0425
 -0.0034  -0.5852  -0.0681   0.2015   0.0052  -0.0474
  0.2346  -0.3009  -0.0301   0.1656   0.0633  -0.0422
  0.3192  -0.1584  -0.0832   0.1570   0.0668  -0.0485
  0.0705  -0.2514  -0.1817   0.2594  -0.0138  -0.0057
  0.1348  -0.2675  -0.1344   0.2965   0.0313   0.0147
  0.0673  -0.3156  -0.1682   0.3548   0.0137   0.0466
  0.1177  -0.3189  -0.1497   0.3192   0.0052   0.0509
  0.0949  -0.3123  -0.1186   0.3699   0.0078   0.0475
  0.0978  -0.2768  -0.1243   0.2312   0.0136   0.0007
  0.0565  -0.2616  -0.1270   0.1750   0.0202  -0.0075
  0.0263  -0.2425  -0.1446   0.2611   0.0306   0.0395
  0.0236  -0.3408  -0.1301   0.3373   0.0365   0.0638
  0.0413  -0.3615  -0.1202   0.2384   0.0420   0.0103
  0.0301  -0.2947  -0.1349   0.1567   0.0565   0.0083
  0.0064  -0.2189  -0.1413   0.0577   0.0601  -0.0093
  0.0110  -0.3014  -0.1267   0.2414   0.0752   0.0474
  0.0045  -0.4000  -0.0804   0.2084   0.0508   0.0447
  0.0098  -0.4937  -0.0113   0.3370   0.0557   0.0732
  0.0196  -0.1615  -0.0241   0.1458   0.0451  -0.0237
 -0.0123   0.4800  -0.1033  -0.1001   0.0026  -0.1712
 -0.0391   0.7470  -0.1138  -0.2515   0.0278  -0.2079
 -0.0363   0.6568  -0.1269  -0.1710   0.0118  -0.2019
 -0.0155   1.2776  -0.1689  -0.8782  -0.0110  -0.3138
  0.0221   0.8551  -0.1897  -0.7946  -0.0110  -0.3476
 -0.0527   0.1709  -0.1032   0.1144   0.0331  -0.2027
 -0.0119   0.4323  -0.2059  -0.0889  -0.0074  -0.2762
 -0.0206   0.7184  -0.3046  -0.0891  -0.0181  -0.2876
 -0.0359   0.9590  -0.1955  -0.2781  -0.0332  -0.2921
 -0.0358   1.0250  -0.1842  -0.2538  -0.0456  -0.3360
 -0.0318   1.2235  -0.1754  -0.4505  -0.0574  -0.3715
 -0.0352   1.2365  -0.2114  -0.3675  -0.0666  -0.3857
 -0.0716   1.1739  -0.1586  -0.2974  -0.0877  -0.3428
 -0.0977   1.0819  -0.1342  -0.3407  -0.0748  -0.3397
 -0.0593   0.9379  -0.0968  -0.3105  -0.1084  -0.3027
 -0.0995   0.7307  -0.0151  -0.1803  -0.1898  -0.3217
 -0.0453   0.7304  -0.0610  -0.1786  -0.1088  -0.3203
 -0.0560   0.9239  -0.1039  -0.2548  -0.0640  -0.3494
  0.0774   0.7083  -0.0234  -0.3317  -0.0673  -0.2686
  0.0164   0.4398   0.0427  -0.1078  -0.1121  -0.1435
 -0.2662   0.5300   0.0941  -0.0603  -0.2312  -0.1871
 -0.2190   0.5765   0.1005  -0.0873  -0.2010  -0.1988
 -0.2161   0.6149   0.0891  -0.1963  -0.1449  -0.2241
 -0.1529   0.6151   0.0588  -0.0877  -0.1119  -0.1620
 -0.0781   0.6044   0.0338  -0.2845  -0.0860  -0.2305
  0.0218   0.7460   0.0115  -0.3039  -0.0252  -0.1887
 -0.0199   0.6717   0.0005  -0.2975  -0.0303  -0.1882
  0.0195   0.3767   0.0092  -0.1417  -0.0509  -0.1399
  0.0222   0.1832   0.0227  -0.0075  -0.0342  -0.0561
  0.0244   0.1139   0.1070   0.1515   0.0029  -0.0350
  0.0728   0.2973   0.0551   0.0202   0.0185  -0.0461
  0.2048   0.1396   0.1508  -0.1360   0.0320   0.0502
  0.1417  -0.1669   0.2391  -0.0513  -0.0656   0.1984
  0.3003  -0.5366   0.0819  -0.1842  -0.0741   0.1782
  0.2776  -0.1021   0.0103  -0.2710  -0.0270   0.0805
  0.1796   0.1993  -0.0287  -0.2012  -0.0137   0.0630
  0.1343   0.1652  -0.0452  -0.0302  -0.0226   0.0779
  0.1668   0.0361  -0.0614   0.0191   0.0105   0.0952
  0.1746   0.0620  -0.1343   0.0984   0.0308   0.0817
  0.1872  -0.1202  -0.1060   0.0801   0.0496   0.1243
  0.1307  -0.1122   0.0008   0.1070   0.0331   0.1670
  0.1042  -0.0539   0.0065   0.1470   0.0172   0.1268
  0.1035  -0.1410   0.0045   0.0817   0.0202   0.1066
  0.0984  -0.0003  -0.0216  -0.0786   0.0294   0.0687
  0.0944  -0.0075  -0.0352  -0.0469   0.0211   0.1246
  0.1214  -0.0268  -0.0537   0.0493   0.0336   0.1269
  0.1094  -0.0980  -0.0181   0.0529   0.0499   0.1123
  0.1092  -0.0063   0.0009   0.0073   0.0744   0.0878
  0.1241   0.0447  -0.0261  -0.1732   0.0709   0.0869
  0.1166   0.0571  -0.0214  -0.1000   0.0783   0.1177
  0.0914   0.0490  -0.0345  -0.0411   0.0616   0.1494
  0.0903   0.0407  -0.0473   0.0775   0.0673   0.1859
  0.1519  -0.0687  -0.0086   0.0505   0.0615   0.1611
  0.1336   0.0122   0.0158  -0.0428   0.0728   0.0621
  0.1158   0.1775   0.0596  -0.1888   0.0642   0.0773
  0.1151   0.1737   0.0104  -0.1938   0.0799   0.1336
  0.0773   0.1313   0.0243  -0.0896   0.0699   0.1601
  0.0516   0.1239   0.0265  -0.1564   0.1017   0.1108
 -0.0043   0.0403   0.0507  -0.1460   0.0408   0.1137
 -0.0653   0.0658   0.0753  -0.1018  -0.0763   0.1065
 -0.0750   0.1324   0.0650  -0.0808  -0.0886   0.0968
 -0.0710   0.0958   0.0983  -0.0475  -0.0780   0.1524
 -0.0548  -0.0257   0.0969   0.0697  -0.0819   0.1777
 -0.0368  -0.0070   0.0855   0.0316  -0.0453   0.1463
 -0.0763   0.1651   0.0535  -0.1098  -0.0357   0.1012
 -0.1126   0.2176   0.0284  -0.0887  -0.0460   0.1367
 -0.0392   0.0775   0.0605   0.0660  -0.0204   0.2078
  0.0070   0.0791   0.0228  -0.0762   0.0115   0.1436
 -0.0025   0.1999   0.0654  -0.3065   0.0055   0.0631
  0.0100   0.2715   0.1106  -0.2677  -0.0084   0.0975
  0.0116   0.2680   0.0610  -0.1883  -0.0047   0.1199
  0.0014   0.1729   0.0813  -0.1180  -0.0068   0.1280
  0.0020   0.1993   0.0644  -0.1073   0.0064   0.1021
  0.0060   0.2970   0.0587  -0.3228   0.0137   0.0823
  0.0149   0.3231   0.0317  -0.2496  -0.0029   0.1211
 -0.0076   0.2742  -0.0215  -0.0497   0.0223   0.1873
 -0.0143   0.1833  -0.0238   0.0005   0.0249   0.1941
  0.0823   0.1783   0.0113  -0.1536   0.0511   0.1608
  0.0554   0.2460   0.0608  -0.2756   0.0204   0.1336
 -0.0528   0.1771   0.0652  -0.1469  -0.0344   0.1654
 -0.0009   0.2695   0.0029  -0.1277  -0.0008   0.1494
 -0.0357   0.1603   0.0475  -0.0697  -0.0164   0.1785
  0.0319   0.2323  -0.0027  -0.2205  -0.0013   0.1133
  0.0238   0.3169  -0.0279  -0.2776  -0.0201   0.1404
  0.0329   0.2744  -0.0506  -0.2166   0.0025   0.1453
  0.0053   0.2361   0.0125  -0.2385  -0.0041   0.1906
  0.0645   0.2834   0.0080  -0.3828   0.0021   0.1454
  0.0582   0.3675   0.0104  -0.4721   0.0415   0.0837
  0.0619   0.2974  -0.1243  -0.3227   0.0708  -0.0638
 -0.0984   0.2464  -0.1116  -0.2993   0.0510   0.0586
 -0.1446   0.2620   0.0002  -0.2122   0.0395   0.2475
 -0.0799   0.3320  -0.0348  -0.1656   0.0202   0.1364
 -0.1006   0.4382  -0.0371  -0.2840   0.0281   0.1386
 -0.1020   0.3680  -0.0555  -0.1714   0.0281   0.2031
 -0.1024   0.2988  -0.0230  -0.0950   0.0224   0.2374
 -0.1117   0.2471  -0.0476  -0.1458   0.0296   0.2018
