  0.0687   0.8297  -0.3844  -0.4768   0.0173   0.0106
  0.1357   1.2712  -0.5319  -0.6212   0.0373  -0.0446
  0.1201   1.1172  -0.4476  -0.6652   0.0203  -0.0699
  0.0970   0.9672  -0.4158  -0.4096  -0.0035  -0.0110
  0.0946   0.9471  -0.4157  -0.6567  -0.0006  -0.0868
  0.0869   0.8337  -0.3961  -0.4000  -0.0130  -0.0009
  0.0967   0.8745  -0.3925  -0.6240  -0.0048  -0.0320
  0.1161   0.9464  -0.4362  -0.7909   0.0201  -0.0736
  0.1131   0.9264  -0.4024  -0.6479  -0.0130  -0.0419
  0.0830   1.0281  -0.4279  -0.8822  -0.0240  -0.1209
  0.0548   0.8243  -0.3749  -0.5768  -0.0400  -0.0500
  0.0684   0.7612  -0.3071  -0.5153  -0.0522  -0.0241
  0.0603   0.7524  -0.3294  -0.6641  -0.0531  -0.0967
  0.0756   0.5220  -0.2392  -0.2799  -0.0519   0.0261
  0.0503   0.5143  -0.2809  -0.6025   0.0007  -0.0372
  0.0269   0.5811  -0.3269  -0.6657  -0.0051  -0.0620
  0.0235   0.4424  -0.2528  -0.3373  -0.0417  -0.0056
  0.0156   0.5068  -0.2562  -0.5968  -0.0289  -0.1069
  0.0162   0.3762  -0.2178  -0.2993  -0.0453  -0.0312
  0.0144   0.3526  -0.2178  -0.3136  -0.0222  -0.0191
  0.0205   0.4245  -0.2544  -0.5558  -0.0192  -0.0685
  0.0245   0.2968  -0.1906  -0.2102  -0.0367  -0.0041
  0.0199   0.2824  -0.1890  -0.3341  -0.0270  -0.0206
  0.0217   0.3268  -0.2038  -0.4803  -0.0227  -0.0734
  0.0253   0.1809  -0.1228  -0.0540  -0.0534   0.0292
  0.0198   0.2620  -0.1736  -0.5001  -0.0084  -0.0438
  0.0104   0.2258  -0.1827  -0.3396  -0.0033  -0.0492
  0.0071   0.1693  -0.1240  -0.1350  -0.0066   0.0158
 -0.0036   0.2406  -0.1973  -0.4686   0.0306  -0.1027
  0.0166   0.2036  -0.1654  -0.2127   0.0009  -0.0054
  0.0353   0.2825  -0.2152  -0.4093   0.0241  -0.0381
  0.0207   0.3165  -0.2068  -0.3924   0.0201  -0.0493
  0.0201   0.2113  -0.1477  -0.0754  -0.0127  -0.0052
  0.0197   0.2797  -0.1818  -0.3272   0.0140  -0.0944
  0.0117   0.1930  -0.1457  -0.0515  -0.0178   0.0123
  0.0117   0.1798  -0.1239  -0.1030  -0.0311   0.0078
  0.0107   0.2438  -0.1505  -0.3747  -0.0071  -0.0438
 -0.0002   0.1707  -0.1222  -0.1579  -0.0149  -0.0083
 -0.0019   0.1013  -0.0756   0.0629  -0.0274   0.0314
  0.0066   0.1651  -0.1140  -0.2539   0.0059  -0.0575
 -0.0031   0.0915  -0.1029  -0.0254  -0.0035   0.0085
  0.0007   0.0830  -0.0748  -0.0568  -0.0136   0.0093
 -0.0057   0.1419  -0.1117  -0.4273   0.0252  -0.0678
  0.0022   0.0344  -0.0674   0.0405   0.0000   0.0096
  0.0018   0.0818  -0.0649  -0.1227   0.0090  -0.0145
 -0.0020   0.0773  -0.0836  -0.3281   0.0250  -0.0571
  0.0053   0.1080  -0.1148  -0.4388   0.0522  -0.0363
  0.0032   0.0305  -0.0756  -0.1961   0.0419  -0.0081
  0.0056   0.0586  -0.0599   0.0322  -0.0020   0.0563
  0.0190   0.3238  -0.1705  -0.5693   0.0251  -0.0821
 -0.0076   0.1287  -0.0907  -0.0792   0.0013  -0.0360
 -0.0217   0.1142  -0.0584  -0.3095   0.0082  -0.0338
 -0.0170   0.1207  -0.0868  -0.4074   0.0067  -0.0853
 -0.0126   0.0402  -0.0323  -0.0436  -0.0060   0.0360
 -0.0147   0.0617  -0.0554  -0.2128   0.0235  -0.0204
 -0.0137   0.0972  -0.0783  -0.3079   0.0264  -0.0366
 -0.0140   0.0377  -0.0467  -0.0108   0.0007   0.0112
 -0.0060   0.0329  -0.0313  -0.0342  -0.0055   0.0105
 -0.0024   0.0540  -0.0599  -0.1926   0.0094  -0.0368
 -0.0088  -0.0063  -0.0317   0.1134  -0.0129   0.0445
 -0.0002   0.0190  -0.0041   0.0041  -0.0333  -0.0025
  0.0007   0.0629   0.0007  -0.1347  -0.0480  -0.0321
 -0.0140  -0.0257  -0.0034   0.1531  -0.0426   0.0348
 -0.0085  -0.0014   0.0205   0.0149  -0.0324   0.0133
 -0.0011   0.0254  -0.0255  -0.2948  -0.0105  -0.0626
 -0.0063  -0.0773   0.0206   0.2108  -0.0336   0.0530
  0.0008  -0.0091   0.0161  -0.1336  -0.0452  -0.0032
  0.0046   0.0218   0.0070  -0.2279  -0.0540  -0.0453
 -0.0101  -0.0752  -0.0009   0.2218  -0.0600   0.0303
  0.0104   0.1174   0.0795  -0.1432  -0.0809   0.0017
  0.0204   0.1063   0.0465  -0.3458  -0.0479  -0.0402
 -0.0078  -0.0219   0.0211   0.0967  -0.0145   0.0253
 -0.0162   0.0809  -0.0164  -0.2176   0.0326  -0.0584
 -0.0132   0.0309  -0.0189  -0.1050   0.0050  -0.0403
  0.0095   0.0011   0.0183   0.0393  -0.0125   0.0159
  0.0003   0.0975  -0.0334  -0.2964   0.0118  -0.0782
  0.0028  -0.0073   0.0063   0.0687  -0.0140  -0.0052
 -0.0010  -0.0623   0.0280   0.1863  -0.0206   0.0144
 -0.0001   0.0074   0.0131   0.0057  -0.0138  -0.0295
 -0.0035  -0.1371   0.0335   0.3632  -0.0354   0.0538
 -0.0078  -0.0688   0.0477   0.0838  -0.0241   0.0138
  0.0000  -0.0209   0.0119  -0.1235  -0.0070  -0.0612
  0.0026  -0.1404   0.0573   0.2873  -0.0145   0.0484
 -0.0101   0.0112   0.0263  -0.2572   0.0258  -0.0294
 -0.0071  -0.0779   0.0341  -0.0634   0.0233  -0.0117
 -0.0116  -0.1765   0.0780   0.2667  -0.0066   0.0639
 -0.0017   0.0033   0.0123  -0.3558   0.0351  -0.0299
 -0.0056   0.0136  -0.0276  -0.1657   0.0077   0.0062
 -0.0127   0.0819  -0.0222  -0.0147  -0.0086  -0.0029
 -0.0169   0.1057  -0.0458  -0.2908   0.0206  -0.1030
 -0.0040  -0.0654   0.0273   0.1805  -0.0025   0.0073
 -0.0090  -0.0740   0.0417   0.1794   0.0109   0.0213
 -0.0127  -0.0152   0.0106  -0.0338   0.0091  -0.0326
 -0.0041  -0.0926   0.0502   0.2565  -0.0093   0.0530
 -0.0132  -0.0641   0.0216  -0.0780   0.0250  -0.0130
 -0.0192  -0.0488   0.0099  -0.1585   0.0236  -0.0287
 -0.0073  -0.1350   0.0526   0.3317  -0.0013   0.0365
 -0.0066  -0.0249   0.0288  -0.0330   0.0218  -0.0539
 -0.0093  -0.1012   0.0404   0.1496   0.0113  -0.0142
 -0.0095  -0.1368   0.0567   0.3007   0.0004   0.0393
  0.0013  -0.0359   0.0276  -0.0971   0.0224  -0.0722
 -0.0032  -0.1249   0.0518   0.1842  -0.0019   0.0019
 -0.0107  -0.1571   0.0793   0.3083  -0.0172   0.0418
 -0.0138  -0.0455   0.0234  -0.0975   0.0198  -0.0688
 -0.0104  -0.1644   0.0611   0.3291   0.0018   0.0345
  0.0040  -0.1257   0.0719   0.1454   0.0173   0.0171
 -0.0100  -0.0941   0.0255  -0.0487   0.0243  -0.0423
 -0.0060  -0.1575   0.0698   0.2395   0.0162   0.0440
 -0.0219  -0.0788   0.0391  -0.0716   0.0359  -0.0274
 -0.0196  -0.1067   0.0387   0.0177   0.0098  -0.0486
 -0.0031  -0.2294   0.1088   0.4260  -0.0031   0.0578
 -0.0118  -0.0800   0.0429  -0.0505   0.0339  -0.0325
 -0.0162  -0.1368   0.0527   0.0682   0.0182  -0.0180
 -0.0101  -0.2064   0.0977   0.3503  -0.0024   0.0485
 -0.0127  -0.0783   0.0711   0.0032   0.0222  -0.0211
 -0.0236  -0.0754   0.0543  -0.0861   0.0169  -0.0426
 -0.0115  -0.2498   0.0930   0.4280  -0.0038   0.0620
 -0.0024  -0.1377   0.0965   0.0497   0.0057   0.0204
 -0.0062  -0.1351   0.0727  -0.0964   0.0175  -0.0272
  0.0019  -0.2856   0.1072   0.4971  -0.0030   0.1020
 -0.0071  -0.1358   0.0849  -0.0048   0.0161   0.0088
 -0.0051  -0.1783   0.0665  -0.0645   0.0176  -0.0224
 -0.0017  -0.2630   0.1186   0.3781  -0.0008   0.0811
 -0.0090  -0.0800   0.0810  -0.2895   0.0231  -0.0474
 -0.0036  -0.1976   0.0781   0.0270   0.0217  -0.0046
  0.0006  -0.2474   0.1229   0.3503  -0.0106   0.0587
 -0.0008  -0.1003   0.0942  -0.1547  -0.0050  -0.0313
 -0.0056  -0.1656   0.0916  -0.0345   0.0025  -0.0280
 -0.0037  -0.2698   0.1370   0.4700  -0.0112   0.0916
 -0.0107  -0.0998   0.0973   0.0165   0.0130  -0.0081
 -0.0247  -0.1803   0.0823   0.1792   0.0056   0.0120
 -0.0143  -0.2397   0.1100   0.3653   0.0059   0.0689
 -0.0172  -0.1182   0.0700   0.0132   0.0131  -0.0370
 -0.0159  -0.2184   0.1028   0.3280   0.0021   0.0384
 -0.0131  -0.2113   0.1228   0.3542   0.0005   0.0560
 -0.0051  -0.0977   0.0777  -0.0247   0.0120  -0.0233
 -0.0104  -0.2305   0.0900   0.3200   0.0029   0.0439
 -0.0026  -0.2178   0.1187   0.2179  -0.0065   0.0514
  0.0042  -0.1557   0.0875  -0.2012   0.0162  -0.0242
 -0.0068  -0.2927   0.0962   0.3676   0.0093   0.0710
 -0.0091  -0.2175   0.1151   0.2609   0.0063   0.0605
 -0.0078  -0.1318   0.0604  -0.1160   0.0351  -0.0606
 -0.0115  -0.2396   0.1031   0.3193  -0.0030   0.0303
 -0.0211  -0.2031   0.1055   0.2986   0.0113   0.0337
 -0.0282  -0.1457   0.0624   0.0232   0.0130  -0.0360
 -0.0159  -0.2583   0.1147   0.4204  -0.0184   0.0599
 -0.0196  -0.1673   0.1087   0.2050   0.0037   0.0328
 -0.0217  -0.1049   0.0627  -0.0953   0.0073  -0.0330
 -0.0194  -0.2219   0.1078   0.3554  -0.0126   0.0583
 -0.0164  -0.1925   0.1287   0.2198  -0.0248   0.0409
 -0.0056  -0.1098   0.1072  -0.0688  -0.0214  -0.0242
 -0.0131  -0.2578   0.1330   0.4200  -0.0236   0.0761
 -0.0144  -0.2021   0.1371   0.2569  -0.0205   0.0505
 -0.0092  -0.1234   0.0996  -0.0660  -0.0008  -0.0300
 -0.0179  -0.2615   0.1225   0.3786  -0.0118   0.0671
 -0.0176  -0.2223   0.1395   0.2675  -0.0094   0.0529
 -0.0195  -0.1490   0.0918  -0.0326   0.0066  -0.0285
 -0.0168  -0.3017   0.1347   0.4706  -0.0143   0.0775
 -0.0107  -0.1829   0.1398   0.1403  -0.0064   0.0293
 -0.0168  -0.1929   0.1039   0.0955  -0.0036  -0.0107
 -0.0178  -0.3237   0.1418   0.5198  -0.0096   0.0989
 -0.0184  -0.2074   0.1210   0.2024   0.0219   0.0353
 -0.0279  -0.1791   0.0867   0.0621   0.0264  -0.0246
 -0.0221  -0.3186   0.1417   0.5063  -0.0001   0.0772
 -0.0154  -0.1768   0.1132   0.0892   0.0175   0.0006
 -0.0196  -0.2099   0.1038   0.1080   0.0114  -0.0238
 -0.0192  -0.3623   0.1616   0.6703  -0.0043   0.1115
 -0.0073  -0.1909   0.1515   0.1942  -0.0022   0.0107
 -0.0207  -0.2212   0.1420   0.1754  -0.0096   0.0162
 -0.0186  -0.3632   0.1799   0.6937  -0.0144   0.1126
 -0.0176  -0.1600   0.1353   0.0345   0.0058  -0.0230
 -0.0191  -0.2644   0.1389   0.2132   0.0155   0.0393
 -0.0157  -0.3000   0.1621   0.4529   0.0059   0.0795
 -0.0136  -0.1314   0.1141  -0.2200   0.0420  -0.0602
 -0.0137  -0.2695   0.1215   0.1743   0.0348   0.0275
 -0.0189  -0.3384   0.1641   0.6134   0.0025   0.1015
 -0.0254  -0.1462   0.1059  -0.0311   0.0466  -0.0323
 -0.0230  -0.2520   0.1152   0.2136   0.0415   0.0310
 -0.0160  -0.3196   0.1590   0.5462   0.0009   0.1019
 -0.0110  -0.1243   0.1274  -0.0914   0.0153  -0.0335
 -0.0173  -0.2278   0.1402   0.1719   0.0112   0.0187
 -0.0208  -0.3315   0.1609   0.5659   0.0010   0.0867
 -0.0110  -0.2071   0.1653   0.2409   0.0038   0.0429
 -0.0140  -0.1964   0.1191   0.0834   0.0127  -0.0138
 -0.0183  -0.3471   0.1575   0.5498   0.0020   0.0988
 -0.0185  -0.2161   0.1379   0.1988   0.0215   0.0074
 -0.0197  -0.2863   0.1257   0.3453   0.0289   0.0268
 -0.0227  -0.3620   0.1871   0.6737   0.0020   0.1122
 -0.0296  -0.1380   0.1053   0.0516   0.0501  -0.0674
 -0.0275  -0.3015   0.1266   0.3796   0.0240   0.0389
 -0.0176  -0.3256   0.1775   0.5196  -0.0024   0.0611
 -0.0130  -0.1827   0.1255   0.1272   0.0258  -0.0336
 -0.0225  -0.3023   0.1511   0.4361   0.0109   0.0573
 -0.0126  -0.3205   0.1708   0.5586  -0.0057   0.0901
 -0.0151  -0.1712   0.1201   0.0658   0.0405  -0.0362
 -0.0236  -0.2982   0.1292   0.4001   0.0304   0.0618
