  0.1506   0.1444  -0.0908  -0.1680  -0.0356   0.0683
  0.1348   0.2119  -0.0965  -0.3551  -0.0546   0.1423
  0.1395   0.1770  -0.0997  -0.2900  -0.0457   0.1066
  0.1396   0.1789  -0.1027  -0.3338  -0.0482   0.0919
  0.1260   0.1520  -0.1066  -0.3257  -0.0453   0.0850
  0.1216   0.1683  -0.0990  -0.3035  -0.0580   0.1029
  0.1213   0.1556  -0.1004  -0.3153  -0.0381   0.0883
  0.1208   0.1547  -0.1075  -0.3012  -0.0394   0.0828
  0.1188   0.1722  -0.0984  -0.3428  -0.0421   0.1136
  0.1196   0.1609  -0.0970  -0.3276  -0.0432   0.0985
  0.1325   0.1221  -0.0610  -0.3133  -0.0250   0.0979
  0.1100   0.0902  -0.0629  -0.2143  -0.0221   0.0884
  0.0946   0.0947  -0.0953  -0.2331  -0.0127   0.0939
  0.1042   0.0942  -0.0838  -0.2143  -0.0095   0.0964
  0.0939   0.0901  -0.1000  -0.2135  -0.0068   0.0969
  0.1010   0.0863  -0.1014  -0.1974  -0.0184   0.0718
  0.1148   0.0643  -0.0894  -0.2183  -0.0052   0.0761
  0.1401   0.1237  -0.0709  -0.1016   0.0038   0.0493
  0.1284   0.0954  -0.0281  -0.0695   0.0162   0.0256
  0.1296   0.1165  -0.0671  -0.0665   0.0166   0.0431
  0.1231   0.1051  -0.0749  -0.0195   0.0168   0.0145
  0.1605   0.0836  -0.0809  -0.0557   0.0224   0.0009
  0.1597   0.0841  -0.0662  -0.1200  -0.0032   0.0321
  0.1669   0.1008  -0.0869  -0.0822   0.0196   0.0443
  0.1544   0.1147  -0.1098  -0.1019   0.0279   0.0330
  0.1438   0.1204  -0.1100  -0.0243   0.0225   0.0078
  0.1326   0.0959  -0.1032  -0.0815   0.0184  -0.0042
  0.1301   0.1079  -0.0999  -0.0146   0.0051  -0.0132
  0.1215   0.1040  -0.0897  -0.1428   0.0131   0.0289
  0.1339   0.1122  -0.1033   0.1722  -0.0419  -0.0668
  0.1384   0.1301  -0.0876   0.0431  -0.0261  -0.0137
  0.1344   0.0940  -0.0596  -0.0776  -0.0161   0.0164
  0.1161   0.1053  -0.1045   0.0593   0.0089  -0.0126
  0.0926   0.1237  -0.0998   0.0116   0.0303   0.0022
  0.1368   0.0622  -0.1033   0.1549  -0.0365  -0.0590
  0.1293   0.0441  -0.1410   0.1005   0.0290  -0.0162
  0.1169   0.0272  -0.1188   0.1253   0.0024  -0.0521
  0.1041   0.0789  -0.1268   0.0800   0.0078  -0.0119
  0.1213   0.0256  -0.1188   0.1573  -0.0492  -0.0706
  0.1111   0.0783  -0.1170   0.1004  -0.0070  -0.0254
  0.1005   0.0499  -0.1070   0.1125  -0.0130  -0.0556
  0.1081   0.0616  -0.0826   0.1158   0.0197  -0.0214
  0.1052   0.0513  -0.0874   0.0852   0.0173  -0.0472
  0.1017   0.0688  -0.0729   0.0308   0.0155  -0.0043
  0.1267   0.0371  -0.0529   0.1409  -0.0327  -0.0466
  0.1214   0.0401  -0.0717   0.1873   0.0101  -0.0765
  0.0994   0.0262  -0.0755   0.1552   0.0225  -0.0672
  0.0935   0.0425  -0.0626   0.1778   0.0080  -0.0529
  0.0850   0.0394  -0.0759   0.1608   0.0190  -0.0607
  0.0790   0.0430  -0.0830   0.1765   0.0206  -0.0483
  0.0709   0.0633  -0.0969   0.1735   0.0141  -0.0570
  0.0785   0.0375  -0.0743   0.1493   0.0064  -0.0576
  0.0904   0.0559  -0.0371   0.1767   0.0272  -0.0505
  0.0716   0.0375  -0.0597   0.1133   0.0104  -0.0510
  0.0675   0.0381  -0.0447   0.1016   0.0085  -0.0308
  0.0651   0.0252  -0.0539   0.1190   0.0134  -0.0382
  0.0663   0.0503  -0.0599   0.1376   0.0264  -0.0321
  0.0604   0.0467  -0.0710   0.1368   0.0248  -0.0338
  0.0648   0.0346  -0.0626   0.1405   0.0172  -0.0566
  0.0617   0.0445  -0.0592   0.1679   0.0167  -0.0316
  0.0590   0.0268  -0.0726   0.1593   0.0074  -0.0508
  0.0418   0.0277  -0.0863   0.1513   0.0191  -0.0565
  0.0469   0.0370  -0.0682   0.1659   0.0144  -0.0426
  0.0362   0.0215  -0.0719   0.1307   0.0097  -0.0539
  0.0493   0.0275  -0.0507   0.1391  -0.0045  -0.0373
  0.0358   0.0208  -0.0628   0.0996  -0.0043  -0.0305
  0.0399   0.0213  -0.0554   0.0993  -0.0116  -0.0269
  0.0460   0.0051  -0.0453   0.1248  -0.0318  -0.0451
  0.0154   0.0355  -0.0528   0.0728   0.0146  -0.0141
  0.0147   0.0103  -0.0455   0.0882  -0.0027  -0.0178
  0.0083   0.0345  -0.0668   0.0371   0.0248  -0.0022
  0.0146   0.0074  -0.0701   0.1413   0.0018  -0.0345
 -0.0091   0.0066  -0.0778   0.1399   0.0118  -0.0394
  0.0048   0.0123  -0.0668   0.1101  -0.0026  -0.0256
  0.0109   0.0040  -0.0458   0.0846  -0.0126  -0.0379
  0.0195  -0.0011  -0.0420   0.1922  -0.0286  -0.0590
 -0.0063   0.0125  -0.0622   0.0703   0.0011  -0.0209
 -0.0039   0.0096  -0.0511   0.1285  -0.0062  -0.0186
 -0.0146   0.0215  -0.0686   0.0699   0.0101  -0.0133
 -0.0002  -0.0088  -0.0491   0.0821  -0.0101  -0.0304
  0.0031  -0.0262  -0.0659   0.1295  -0.0237  -0.0310
 -0.0074  -0.0188  -0.0573   0.0984  -0.0097  -0.0313
 -0.0045  -0.0117  -0.0572   0.0844  -0.0195  -0.0234
 -0.0086  -0.0179  -0.0416   0.0643  -0.0286  -0.0266
 -0.0116   0.0158  -0.0441   0.0729   0.0012  -0.0271
 -0.0085  -0.0389  -0.0241  -0.0457  -0.0074   0.0342
  0.0246  -0.2208   0.0133  -0.3291   0.0408   0.1513
  0.0156  -0.1404   0.0135  -0.1577  -0.0001   0.0856
  0.0566  -0.2040   0.0346  -0.0544   0.0123   0.0411
  0.0282  -0.1713   0.0378  -0.2997   0.0511   0.1112
  0.0531  -0.1161   0.0905  -0.1061   0.0040   0.0623
  0.0231  -0.1260   0.0625  -0.1648   0.0397   0.0755
  0.0234  -0.1051   0.0485  -0.1256   0.0131   0.0742
 -0.0025  -0.1015   0.0196  -0.1593   0.0318   0.0755
  0.0089  -0.0948   0.0479  -0.0455   0.0156   0.0447
 -0.0043  -0.1045   0.0425  -0.0673   0.0289   0.0406
 -0.0029  -0.0975   0.0571  -0.0156   0.0276   0.0384
 -0.0149  -0.0877   0.0456  -0.0350   0.0376   0.0341
 -0.0133  -0.0828   0.0386   0.0048   0.0306   0.0270
 -0.0161  -0.0879   0.0363  -0.0447   0.0407   0.0203
 -0.0148  -0.0905   0.0384  -0.0317   0.0322   0.0311
 -0.0239  -0.0919   0.0432  -0.0036   0.0293   0.0067
 -0.0297  -0.0812   0.0362  -0.0282   0.0381   0.0206
 -0.0362  -0.0850   0.0428   0.0151   0.0239  -0.0006
 -0.0275  -0.1053   0.0368  -0.1044   0.0022   0.0381
 -0.0100  -0.1273   0.0687  -0.2905   0.0227   0.0959
 -0.0206  -0.1091   0.0763  -0.2128   0.0114   0.0792
 -0.0269  -0.0934   0.0855  -0.2162   0.0212   0.1003
 -0.0251  -0.0930   0.0753  -0.1886   0.0325   0.0810
 -0.0229  -0.0920   0.0862  -0.1089   0.0107   0.0513
 -0.0295  -0.0955   0.0813   0.1429  -0.0113  -0.0515
 -0.0499  -0.0490   0.0570   0.0165   0.0077   0.0042
 -0.0441  -0.0797   0.0694   0.0924   0.0010  -0.0344
 -0.0619  -0.0701   0.0267   0.2398  -0.0264  -0.0813
 -0.0663  -0.0322   0.0738   0.0673  -0.0226  -0.0363
 -0.0474  -0.0314   0.0865   0.0608  -0.0213  -0.0221
 -0.0537  -0.0276   0.0719   0.0644  -0.0175  -0.0338
 -0.0542  -0.0373   0.0772   0.0497  -0.0063  -0.0251
 -0.0594  -0.0352   0.0731   0.0561  -0.0126  -0.0277
 -0.0658  -0.0561   0.0750   0.0577  -0.0088  -0.0297
 -0.0575  -0.0650   0.0678   0.0621  -0.0051  -0.0230
 -0.0693  -0.0542   0.0592   0.0148   0.0034  -0.0157
 -0.0759  -0.0401   0.0550   0.0101   0.0058  -0.0006
 -0.0736  -0.0533   0.0660   0.0217  -0.0028  -0.0146
 -0.0746  -0.0620   0.0510   0.0411  -0.0015  -0.0084
 -0.0732  -0.0432   0.0625   0.0120   0.0016  -0.0088
 -0.0742  -0.0589   0.0564   0.0339  -0.0061  -0.0077
 -0.0807  -0.0396   0.0584   0.0310   0.0006   0.0032
 -0.0812  -0.0602   0.0724   0.0287  -0.0045  -0.0088
 -0.0849  -0.0623   0.0659   0.0048  -0.0071  -0.0133
 -0.0863  -0.0603   0.0601   0.0322  -0.0089  -0.0164
 -0.0866  -0.0643   0.0516   0.0422  -0.0125  -0.0187
 -0.0798  -0.0700   0.0721  -0.0059  -0.0124  -0.0123
 -0.0684  -0.0712   0.0792   0.0272  -0.0355  -0.0088
 -0.0865  -0.0703   0.0807   0.0307  -0.0040  -0.0069
 -0.1022  -0.0497   0.0718  -0.0235   0.0164   0.0227
 -0.0902  -0.0970   0.0672   0.0204   0.0111  -0.0234
 -0.0761  -0.0731   0.0556   0.2005  -0.0037  -0.0623
 -0.1207  -0.0452   0.0364   0.0970   0.0072  -0.0562
 -0.1101  -0.0575   0.0505   0.0825   0.0024  -0.0267
 -0.1090  -0.0574   0.0668   0.0824  -0.0045  -0.0316
 -0.1315  -0.0581   0.0855   0.0910  -0.0018   0.0016
 -0.1331  -0.0480   0.0663   0.0695  -0.0045  -0.0117
 -0.1343  -0.0529   0.0855   0.0732  -0.0196  -0.0294
 -0.1318  -0.0482   0.0906   0.0741  -0.0238  -0.0288
 -0.1259  -0.0548   0.1000   0.0619  -0.0207  -0.0203
 -0.1232  -0.0723   0.0910   0.1896  -0.0323  -0.0649
 -0.1435  -0.0377   0.0675   0.1644  -0.0039  -0.0330
 -0.1387  -0.0431   0.0753   0.1287  -0.0137  -0.0460
 -0.1463  -0.0442   0.0662   0.1299  -0.0135  -0.0563
 -0.1396  -0.0312   0.0708   0.1350  -0.0041  -0.0328
 -0.1437  -0.0415   0.0632   0.1429  -0.0082  -0.0522
 -0.1293  -0.0543   0.0678   0.1792  -0.0202  -0.0681
 -0.1488  -0.0621   0.0722   0.0481  -0.0055  -0.0550
 -0.1401  -0.0623   0.0872   0.1297  -0.0196  -0.0530
 -0.1446  -0.0673   0.0795   0.1332  -0.0089  -0.0574
 -0.1485  -0.0571   0.0783   0.1218  -0.0089  -0.0537
 -0.1423  -0.0551   0.0786   0.1338  -0.0032  -0.0548
 -0.1497  -0.0537   0.0806   0.1182  -0.0001  -0.0408
 -0.1516  -0.0464   0.0757   0.1033  -0.0005  -0.0350
 -0.1545  -0.0539   0.0733   0.1229   0.0060  -0.0424
 -0.1702  -0.0631   0.0682   0.1005  -0.0124  -0.0469
 -0.1637  -0.0529   0.0744   0.1080  -0.0148  -0.0372
 -0.1829  -0.0440   0.0479   0.1534  -0.0280  -0.0581
 -0.1822   0.0115   0.0290   0.1688  -0.0279  -0.0558
 -0.2040  -0.1174   0.0459   0.1974  -0.0422  -0.0576
 -0.1238   0.0005   0.0612   0.1930  -0.0171  -0.0613
 -0.0737   0.1707   0.1606  -0.2488   0.0926   0.0243
 -0.1275   0.1426   0.0986  -0.4011   0.0565   0.0596
 -0.1339   0.0516   0.0894  -0.5179   0.0351   0.1185
 -0.1272  -0.0059   0.1075  -0.4808   0.0164   0.1080
 -0.1168   0.0074   0.1559  -0.3993   0.0120   0.0902
 -0.0849   0.0108   0.2720  -0.3604   0.0190   0.0885
 -0.0809  -0.0234   0.2556  -0.3442   0.0177   0.0582
 -0.0843  -0.0084   0.2650  -0.2853   0.0151   0.0646
 -0.0603  -0.0043   0.2417  -0.1318   0.0088   0.0010
