  0.0145   0.2233   0.0595  -0.1552   0.0002  -0.2578
 -0.0041   0.2263   0.0669  -0.2106  -0.0148  -0.2634
  0.0146   0.2272   0.0679  -0.1997  -0.0121  -0.2525
 -0.0003   0.1783   0.0710  -0.1904  -0.0068  -0.2353
  0.0072   0.2497   0.0780  -0.2118   0.0002  -0.2313
  0.0102   0.2140   0.0734  -0.2404   0.0009  -0.2372
  0.0098   0.2898   0.0618  -0.2053   0.0024  -0.2575
  0.0093   0.2552   0.0687  -0.2128   0.0100  -0.2601
  0.0052   0.2607   0.0622  -0.1753   0.0132  -0.2495
 -0.0013   0.2652   0.0544  -0.1810   0.0112  -0.2452
 -0.0011   0.3087   0.0527  -0.1838   0.0105  -0.2396
 -0.0029   0.2653   0.0546  -0.1632   0.0152  -0.2416
  0.0041   0.2979   0.0584  -0.1967   0.0202  -0.2462
  0.0102   0.2668   0.0522  -0.1717   0.0234  -0.2245
  0.0043   0.3386   0.0593  -0.2680   0.0230  -0.2459
  0.0104   0.3019   0.0792  -0.3853   0.0233  -0.2519
  0.0070   0.2470   0.0793  -0.1795   0.0236  -0.2289
  0.0096   0.2212   0.0560  -0.0843   0.0295  -0.2201
 -0.0060   0.1828   0.0476  -0.0490   0.0157  -0.1939
 -0.0040   0.0578   0.0687  -0.0079   0.0214  -0.1864
  0.0197   0.1154   0.0463   0.0587   0.0300  -0.1910
  0.0075   0.1177   0.0327   0.0262   0.0194  -0.1813
  0.0128   0.1174   0.0330   0.0874   0.0188  -0.1592
  0.0067   0.0902   0.0223   0.0941   0.0193  -0.1451
  0.0194   0.1571   0.0298   0.0769   0.0236  -0.1493
  0.0054  -0.0324   0.0201   0.0242   0.0199  -0.1307
  0.0176  -0.0144   0.0105  -0.0056   0.0168  -0.1409
  0.0156   0.1361   0.0092   0.0126   0.0231  -0.1444
  0.0204   0.0995   0.0098   0.0304   0.0217  -0.1427
  0.0140   0.0934   0.0146   0.0375   0.0194  -0.1333
  0.0221   0.0683   0.0129   0.0372   0.0106  -0.1189
  0.0164   0.0381   0.0095   0.0447   0.0196  -0.1011
  0.0192   0.0960   0.0214   0.0331   0.0181  -0.1202
  0.0385   0.1459   0.0230   0.0626   0.0320  -0.1198
  0.0161   0.2336   0.0274   0.0329  -0.0149  -0.1237
  0.0055   0.2222   0.0235   0.0127  -0.0247  -0.1214
  0.0339   0.1146   0.0089   0.0720   0.0079  -0.1044
  0.0256   0.1428   0.0097   0.0272  -0.0084  -0.0982
  0.0363   0.0914   0.0009   0.0168  -0.0093  -0.0917
  0.0303   0.0968   0.0063   0.0084  -0.0169  -0.0882
  0.0218   0.1228   0.0161  -0.0013  -0.0023  -0.0882
  0.0153   0.1243   0.0166   0.0155   0.0011  -0.1069
  0.0190   0.0824   0.0270   0.0116   0.0067  -0.0886
  0.0146   0.0293   0.0236   0.0353  -0.0036  -0.0739
  0.0224   0.0048   0.0254   0.0200   0.0031  -0.0649
  0.0192   0.0362   0.0210   0.0064   0.0003  -0.0770
  0.0194   0.0613  -0.0340   0.0220  -0.0105  -0.0464
  0.0106   0.0297  -0.0313   0.0315  -0.0089  -0.0405
  0.0093  -0.0338  -0.0207   0.0421   0.0002  -0.0341
  0.0050  -0.0735  -0.0014   0.0561  -0.0026  -0.0170
  0.0073  -0.1378   0.0138   0.0577   0.0082  -0.0044
  0.0051  -0.1770   0.0088   0.0527  -0.0049   0.0030
  0.0077  -0.2356   0.0178   0.0364  -0.0007   0.0139
  0.0005  -0.1896   0.0141   0.0603   0.0015  -0.0126
 -0.0069  -0.1584   0.0087   0.0799   0.0093  -0.0550
 -0.0052  -0.1815   0.0080   0.0735   0.0047  -0.0210
  0.0008  -0.1622   0.0074   0.0591   0.0134  -0.0214
 -0.0045  -0.1507   0.0153   0.0481   0.0039  -0.0075
 -0.0038  -0.1617   0.0096   0.0363   0.0076  -0.0024
 -0.0117  -0.1623   0.0315   0.0211  -0.0029   0.0116
 -0.0126  -0.1397   0.0392   0.0119  -0.0110  -0.0006
 -0.0204  -0.1805   0.0405   0.0467  -0.0068  -0.0252
 -0.0226  -0.1879   0.0572   0.0660  -0.0003  -0.0376
 -0.0101  -0.1895   0.0368   0.0708  -0.0018  -0.0354
 -0.0205  -0.2275   0.0532   0.0656  -0.0082   0.0025
 -0.0264  -0.3063   0.0723   0.0879  -0.0085  -0.0028
 -0.0300  -0.2856   0.1032   0.0917  -0.0081   0.0007
 -0.0160  -0.2206   0.0931   0.1035  -0.0203   0.0426
 -0.0150  -0.1407   0.0602   0.1386  -0.0203   0.0149
 -0.0342  -0.2380   0.0576   0.1466   0.0160   0.0879
 -0.0707  -0.2398   0.0710   0.0699  -0.0086   0.0879
 -0.0131  -0.0996   0.0288   0.0095  -0.0100   0.1019
  0.0004  -0.2240   0.0114  -0.0007   0.0221   0.0970
  0.0106   0.0192  -0.0145  -0.0937  -0.0001   0.0558
  0.0105   0.1102  -0.0493  -0.0536   0.0227   0.0551
  0.0072   0.0425  -0.0458   0.0151   0.0199   0.0553
  0.0259   0.0268  -0.0532  -0.0189  -0.0058   0.0689
  0.0212  -0.0231  -0.0444   0.0142  -0.0011   0.0677
  0.0249  -0.0227  -0.0359   0.0000   0.0006   0.0681
  0.0362  -0.0224  -0.0430   0.0120  -0.0013   0.0875
  0.0297  -0.0595  -0.0502   0.0230  -0.0058   0.0957
  0.0231  -0.0859  -0.0435  -0.0006  -0.0004   0.1038
  0.0208  -0.1515  -0.0485  -0.0353   0.0039   0.1100
  0.0240  -0.1130  -0.0490   0.0221   0.0011   0.1088
  0.0244  -0.1288  -0.0545   0.0000   0.0009   0.1183
  0.0313  -0.1362  -0.0539   0.0403  -0.0059   0.1211
  0.0197  -0.1469  -0.0626   0.1019  -0.0078   0.1285
  0.0023  -0.0982  -0.0525   0.0894  -0.0210   0.1423
  0.0162  -0.0755  -0.0316  -0.0585  -0.0168   0.1403
  0.0302  -0.0865  -0.0329  -0.2156  -0.0124   0.1162
  0.0283  -0.0656  -0.0148  -0.2190  -0.0150   0.1216
  0.0271  -0.0504  -0.0304  -0.2745  -0.0167   0.1263
  0.0216  -0.0912  -0.0473  -0.2969  -0.0243   0.1291
  0.0127  -0.1504  -0.0250  -0.2166  -0.0253   0.1380
 -0.0152  -0.1953  -0.0420   0.0052  -0.0282   0.1466
 -0.0163  -0.2034  -0.0709   0.0883  -0.0192   0.1679
 -0.0310  -0.1963  -0.0551   0.0663  -0.0238   0.1669
 -0.0329  -0.1720  -0.0613   0.0771  -0.0262   0.1638
 -0.0313  -0.2045  -0.0783   0.0855  -0.0181   0.1674
 -0.0240  -0.1758  -0.0702   0.0800  -0.0119   0.1737
 -0.0349  -0.1793  -0.0734   0.0760  -0.0113   0.1730
 -0.0295  -0.1654  -0.0744   0.1027  -0.0092   0.1821
 -0.0385  -0.1895  -0.0754   0.1096  -0.0071   0.1856
 -0.0359  -0.1630  -0.0683   0.0563  -0.0073   0.1848
 -0.0292  -0.1619  -0.0541  -0.0962  -0.0059   0.1793
 -0.0183  -0.1336  -0.0384  -0.1640  -0.0107   0.1742
 -0.0236  -0.2177  -0.0368  -0.1366  -0.0039   0.2023
 -0.0144  -0.2206  -0.0422  -0.0358  -0.0041   0.2298
 -0.0260  -0.2881  -0.0465   0.0500  -0.0054   0.2393
 -0.0243  -0.2564  -0.0432   0.0471  -0.0142   0.2556
 -0.0281  -0.3856  -0.0638   0.0911  -0.0046   0.2347
 -0.0443  -0.3282  -0.0616   0.1129  -0.0127   0.1951
 -0.0704  -0.4254  -0.0457   0.1278  -0.0153   0.3099
  0.0030  -0.0897   0.0087   0.0111  -0.0128   0.3382
 -0.0457   0.1183   0.0496  -0.1078  -0.0184   0.1876
 -0.0184  -0.0447   0.0148   0.0868   0.0232   0.1450
 -0.0271  -0.1298   0.0243   0.1545   0.0232   0.1739
 -0.0049  -0.0554  -0.0374   0.2038   0.0268   0.2049
 -0.1365  -0.3439   0.0029   0.0712  -0.0020   0.2459
 -0.0685   0.8553  -0.1352   0.2510  -0.0345   0.0828
  0.0409   1.2981  -0.1862   0.3479  -0.0297   0.0306
 -0.0237   0.8530  -0.1176   0.3336  -0.0149   0.1008
  0.0101   0.6914  -0.1380   0.2839  -0.0071   0.1423
 -0.0126   0.6839  -0.1095   0.2843  -0.0012   0.1510
