  0.0197  -0.1588   0.0032   0.1233   0.0041   0.0410
  0.0529  -0.0936   0.0039   0.0484   0.0082   0.0584
  0.0600  -0.0420   0.0130   0.0265   0.0302   0.0651
  0.0567  -0.0491   0.0047   0.0323   0.0160   0.0482
  0.0477  -0.0839   0.0061   0.0727   0.0206   0.0547
  0.0423  -0.0973   0.0035   0.0943   0.0112   0.0401
  0.0251  -0.1481  -0.0025   0.1078   0.0074   0.0288
  0.0270  -0.1639  -0.0021   0.1118   0.0074   0.0373
  0.0142  -0.1789   0.0045   0.1194   0.0034   0.0370
  0.0112  -0.1752   0.0008   0.1107   0.0025   0.0529
  0.0064  -0.1804   0.0017   0.0975   0.0052   0.0456
  0.0102  -0.1967  -0.0066   0.1189  -0.0001   0.0375
  0.0016  -0.1987  -0.0033   0.1246  -0.0018   0.0416
 -0.0038  -0.1918  -0.0013   0.1156  -0.0088   0.0466
 -0.0083  -0.1877  -0.0068   0.1131   0.0102   0.0367
 -0.0122  -0.2016  -0.0011   0.1256  -0.0087   0.0379
 -0.0108  -0.1959   0.0047   0.1086   0.0000   0.0453
 -0.0097  -0.2140  -0.0118   0.1331  -0.0253   0.0451
 -0.0094  -0.1800  -0.0092   0.1117   0.0260   0.0535
 -0.0220  -0.2079  -0.0016   0.1437  -0.0198   0.0419
 -0.0211  -0.2057  -0.0012   0.1237  -0.0113   0.0639
 -0.0211  -0.2017  -0.0066   0.1281  -0.0187   0.0407
 -0.0282  -0.2082  -0.0117   0.1408  -0.0152   0.0447
 -0.0254  -0.2182  -0.0039   0.1332  -0.0198   0.0554
 -0.0332  -0.2147  -0.0077   0.1437  -0.0103   0.0414
 -0.0316  -0.2282   0.0062   0.1638  -0.0178   0.0490
 -0.0275  -0.2219   0.0050   0.1476  -0.0435   0.0575
 -0.0370  -0.2051   0.0014   0.1259  -0.0057   0.0601
 -0.0427  -0.2191   0.0006   0.1473  -0.0188   0.0475
 -0.0396  -0.2161  -0.0048   0.1481  -0.0028   0.0555
 -0.0428  -0.2296  -0.0001   0.1539  -0.0233   0.0564
 -0.0431  -0.2229   0.0019   0.1690  -0.0175   0.0437
 -0.0424  -0.2268   0.0064   0.1538  -0.0142   0.0435
 -0.0450  -0.2413  -0.0032   0.1576  -0.0203   0.0440
 -0.0562  -0.2498  -0.0044   0.1630  -0.0167   0.0525
 -0.0540  -0.2251   0.0037   0.1313  -0.0198   0.0454
 -0.0554  -0.2193  -0.0008   0.1306  -0.0017   0.0443
 -0.0558  -0.2176  -0.0029   0.1258  -0.0123   0.0427
 -0.0557  -0.2361  -0.0118   0.1644  -0.0163   0.0361
 -0.0603  -0.2170   0.0008   0.1538  -0.0128   0.0658
 -0.0666  -0.2265  -0.0033   0.1546  -0.0150   0.0663
 -0.0641  -0.2331  -0.0008   0.1576  -0.0189   0.0633
 -0.0677  -0.2422   0.0017   0.1477  -0.0092   0.0515
 -0.0722  -0.2505  -0.0018   0.1607  -0.0163   0.0571
 -0.0735  -0.2394   0.0029   0.1410  -0.0117   0.0472
 -0.0707  -0.2279   0.0009   0.1516  -0.0066   0.0480
 -0.0762  -0.2318  -0.0014   0.1638  -0.0050   0.0483
 -0.0790  -0.2248  -0.0073   0.1449   0.0003   0.0536
 -0.0784  -0.2437  -0.0020   0.1505  -0.0169   0.0621
 -0.0809  -0.2353  -0.0029   0.1550  -0.0129   0.0426
 -0.0264  -0.1344   0.0099   0.0732   0.0066   0.0435
 -0.0107  -0.1052   0.0164   0.0441   0.0149   0.0248
 -0.0151  -0.0892   0.0138   0.0361   0.0214   0.0221
 -0.0185  -0.0840   0.0172   0.0305   0.0114   0.0221
 -0.0119  -0.0694   0.0221   0.0328   0.0143   0.0258
 -0.0145  -0.0837   0.0236   0.0299   0.0045   0.0271
 -0.0202  -0.1067   0.0226   0.0453  -0.0056   0.0324
 -0.0251  -0.1064   0.0236   0.0475  -0.0014   0.0280
 -0.0255  -0.1015   0.0188   0.0551  -0.0028   0.0246
 -0.0307  -0.0921   0.0142   0.0681   0.0017   0.0180
 -0.0270  -0.0842   0.0218   0.0575   0.0124   0.0261
 -0.0226  -0.0720   0.0113   0.0642   0.0144   0.0322
 -0.0329  -0.1009   0.0146   0.0921   0.0129   0.0128
 -0.0305  -0.0821   0.0200   0.0870   0.0062   0.0302
 -0.0335  -0.1029   0.0196   0.0989   0.0042   0.0164
 -0.0419  -0.1168   0.0255   0.0809  -0.0195   0.0198
 -0.0337  -0.1020   0.0314   0.0712  -0.0022   0.0192
 -0.0357  -0.1105   0.0318   0.0965  -0.0272   0.0037
 -0.0379  -0.1046   0.0349   0.0820  -0.0022   0.0218
 -0.0452  -0.1069   0.0294   0.0902   0.0002   0.0185
 -0.0466  -0.1183   0.0348   0.0977  -0.0107   0.0052
 -0.0516  -0.1208   0.0374   0.1008  -0.0028  -0.0002
 -0.0529  -0.1174   0.0372   0.1171  -0.0098  -0.0012
 -0.0564  -0.1183   0.0329   0.1232   0.0018  -0.0014
 -0.0558  -0.1020   0.0332   0.1261   0.0027   0.0073
 -0.0594  -0.1402   0.0343   0.1327  -0.0345   0.0013
 -0.0562  -0.1065   0.0350   0.0799   0.0008   0.0123
 -0.0648  -0.1380   0.0329   0.1264  -0.0067   0.0028
 -0.0642  -0.1407   0.0312   0.1142  -0.0159  -0.0021
 -0.0646  -0.1199   0.0340   0.1153  -0.0097   0.0012
 -0.0606  -0.1048   0.0228   0.1019  -0.0101  -0.0146
 -0.0594  -0.0909   0.0314   0.0915   0.0027  -0.0148
 -0.0631  -0.0952   0.0289   0.1014  -0.0070  -0.0222
 -0.0627  -0.0832   0.0380   0.0958   0.0015  -0.0157
 -0.0657  -0.0944   0.0352   0.1102  -0.0117  -0.0119
 -0.0738  -0.1022   0.0315   0.0817  -0.0087  -0.0011
 -0.0701  -0.0972   0.0352   0.0808  -0.0019   0.0130
 -0.0737  -0.0995   0.0283   0.0906  -0.0119   0.0034
 -0.0688  -0.0996   0.0333   0.0996  -0.0142   0.0100
 -0.0760  -0.0905   0.0400   0.0730  -0.0072   0.0121
 -0.0788  -0.1224   0.0420   0.1196  -0.0178   0.0114
 -0.0773  -0.1037   0.0353   0.0791  -0.0111   0.0181
 -0.0690  -0.1173   0.0407   0.0807  -0.0213   0.0042
 -0.0781  -0.0608   0.0429   0.0537  -0.0228  -0.0092
 -0.0088  -0.0033   0.0321   0.0219   0.0088  -0.0206
  0.2546   0.2990  -0.0298  -0.1507   0.0474  -0.0595
  0.2601   0.5386  -0.0321  -0.2974   0.0567  -0.0699
  0.2670   0.6173  -0.0375  -0.3342   0.0593  -0.1228
  0.2141   0.4112  -0.0465  -0.2416   0.0356  -0.0569
  0.0962   0.0823  -0.0277   0.0047   0.0097  -0.0537
  0.0920   0.0547  -0.0240   0.0602   0.0076  -0.0871
  0.1369   0.2043  -0.0150  -0.0927   0.0366  -0.0655
  0.1169   0.1937  -0.0119  -0.0806   0.0191  -0.0707
  0.1139   0.2047  -0.0013  -0.1202   0.0384  -0.0446
  0.1234   0.2675  -0.0054  -0.1561   0.0316  -0.0645
  0.1199   0.2360  -0.0129  -0.1208   0.0380  -0.0707
  0.1142   0.2198  -0.0092  -0.1095   0.0302  -0.0687
  0.1208   0.2503  -0.0166  -0.1348   0.0324  -0.0747
  0.1237   0.2453  -0.0252  -0.1275   0.0489  -0.0653
  0.1272   0.2282  -0.0152  -0.1281   0.0395  -0.0747
  0.1131   0.2490  -0.0123  -0.1465   0.0390  -0.0781
  0.1123   0.2405  -0.0075  -0.1363   0.0450  -0.0453
  0.1082   0.2318  -0.0142  -0.1083   0.0335  -0.0586
  0.1210   0.2812  -0.0238  -0.1486   0.0389  -0.0533
  0.1216   0.2830  -0.0268  -0.1364   0.0289  -0.0515
  0.1159   0.2561  -0.0144  -0.1076   0.0232  -0.0673
  0.1169   0.2617  -0.0105  -0.1392   0.0099  -0.0571
  0.1066   0.2375  -0.0030  -0.1074   0.0226  -0.0561
  0.0935   0.2217   0.0037  -0.1011   0.0027  -0.0561
  0.0927   0.2357   0.0053  -0.1155   0.0357  -0.0392
  0.0852   0.2204  -0.0007  -0.0842   0.0261  -0.0498
  0.0839   0.2234  -0.0087  -0.0888   0.0319  -0.0489
  0.0552   0.2008  -0.0080  -0.0903   0.0212  -0.0532
  0.0638   0.2136   0.0020  -0.0756   0.0226  -0.0619
  0.0739   0.2370   0.0057  -0.0975   0.0319  -0.0556
  0.0638   0.2079   0.0114  -0.0712   0.0294  -0.0622
  0.0617   0.2018   0.0091  -0.0702   0.0248  -0.0574
  0.0648   0.2038  -0.0015  -0.0644   0.0244  -0.0626
  0.0644   0.2100  -0.0042  -0.0898   0.0289  -0.0654
  0.0614   0.1886   0.0058  -0.0680   0.0295  -0.0615
  0.0646   0.1959   0.0160  -0.0786   0.0248  -0.0574
  0.0584   0.1808   0.0096  -0.0768   0.0243  -0.0699
  0.0541   0.1815   0.0053  -0.0632   0.0182  -0.0613
  0.0474   0.1684   0.0080  -0.0790   0.0190  -0.0581
  0.0552   0.1694   0.0116  -0.0726   0.0168  -0.0706
  0.0465   0.1926   0.0114  -0.0883   0.0234  -0.0687
  0.0450   0.1864   0.0128  -0.0764   0.0193  -0.0708
  0.0448   0.1761   0.0109  -0.0648   0.0243  -0.0663
  0.0458   0.1731   0.0141  -0.0621   0.0168  -0.0713
  0.0418   0.1744   0.0164  -0.0694   0.0291  -0.0746
  0.0390   0.1808   0.0160  -0.0646   0.0199  -0.0481
  0.0370   0.1623   0.0008  -0.0536   0.0136  -0.0561
  0.0386   0.1691  -0.0073  -0.0404  -0.0018  -0.0510
  0.0304   0.1692  -0.0110  -0.0619   0.0041  -0.0573
  0.0340   0.1674  -0.0232  -0.0582  -0.0158  -0.0728
  0.0402   0.1849  -0.0236  -0.0885   0.0109  -0.0647
  0.0289   0.1521  -0.0131  -0.0560  -0.0165  -0.0765
  0.0128   0.1294  -0.0143  -0.0532   0.0005  -0.0582
  0.0104   0.1097  -0.0115  -0.0265  -0.0181  -0.0701
 -0.0140   0.1205  -0.0054  -0.0558   0.0051  -0.0474
 -0.0024   0.1161  -0.0002  -0.0373  -0.0267  -0.0645
  0.0014   0.1602  -0.0187  -0.0910   0.0057  -0.0670
  0.0189   0.1707   0.0046  -0.0195  -0.0907  -0.1020
  0.0322   0.2711  -0.0083  -0.1453  -0.0990  -0.0483
  0.0213   0.3188  -0.0260  -0.3921  -0.0128   0.0371
  0.0291   0.3091  -0.0122  -0.2614  -0.0713  -0.0186
  0.0025   0.2916  -0.0244  -0.3462   0.0549   0.0451
  0.0120   0.2003  -0.0591  -0.2930  -0.0015   0.0521
  0.0391   0.2573  -0.1207  -0.3170  -0.0125   0.0578
  0.0268   0.2103  -0.1253  -0.2693  -0.0451   0.0370
 -0.0522   0.1956  -0.0580  -0.2150   0.0037   0.0261
 -0.0746   0.1239  -0.0474  -0.1798  -0.0355   0.0230
 -0.0523   0.0617  -0.0640  -0.1701  -0.0401   0.0304
 -0.0275   0.0625  -0.0525  -0.1401  -0.0504   0.0242
 -0.0623   0.0753  -0.0401  -0.1878  -0.0301   0.0325
 -0.0761   0.0488  -0.0347  -0.2002  -0.0238   0.0476
 -0.0855   0.0404  -0.0275  -0.1885  -0.0440   0.0418
 -0.0956   0.0191  -0.0226  -0.2054  -0.0335   0.0424
 -0.1046   0.0173  -0.0182  -0.1763  -0.0283   0.0482
 -0.1148   0.0028  -0.0155  -0.1724  -0.0172   0.0405
 -0.1226  -0.0211  -0.0207  -0.1577  -0.0302   0.0519
 -0.1341  -0.0482  -0.0226  -0.1365  -0.0332   0.0540
 -0.1401  -0.0467  -0.0238  -0.1194  -0.0273   0.0549
 -0.1465  -0.0697  -0.0098  -0.1384  -0.0315   0.0625
 -0.1361  -0.0550  -0.0239  -0.1382  -0.0309   0.0542
 -0.1590  -0.0868  -0.0220  -0.1154  -0.0261   0.0719
