  0.0478  -0.1651  -0.3866   0.0867  -0.0335   0.0492
  0.0062  -0.0749  -0.3521   0.0221  -0.0566   0.0524
  0.0106  -0.1299  -0.3557   0.0479  -0.0618   0.0262
 -0.0007  -0.1048  -0.3629   0.0469  -0.0630   0.0353
  0.0265  -0.1124  -0.3563   0.0619  -0.0338   0.0614
  0.0030  -0.0732  -0.3112  -0.0011  -0.0272   0.0513
 -0.0368  -0.0726  -0.3436   0.0029  -0.0320   0.0688
 -0.0044  -0.1505  -0.3749   0.0453  -0.0239   0.0416
 -0.0274  -0.1241  -0.3819   0.0536  -0.0382   0.0410
 -0.0187  -0.1464  -0.3627   0.0715  -0.0305   0.0397
 -0.0332  -0.1454  -0.3248   0.0662  -0.0199   0.0239
 -0.0324  -0.1373  -0.3351   0.0812  -0.0230   0.0362
 -0.0488  -0.1811  -0.3541   0.0719  -0.0279   0.0238
 -0.0197  -0.1770  -0.3474   0.0851  -0.0201   0.0318
 -0.0365  -0.1590  -0.3610   0.0755  -0.0270   0.0350
 -0.0274  -0.1820  -0.3700   0.0734  -0.0302   0.0204
 -0.0145  -0.1650  -0.3719   0.0815  -0.0248   0.0308
 -0.0030  -0.1414  -0.3843   0.0839  -0.0271   0.0347
 -0.0121  -0.1764  -0.3594   0.0865  -0.0237   0.0057
 -0.0133  -0.1615  -0.3490   0.0924  -0.0205   0.0132
 -0.0116  -0.1593  -0.3569   0.0990  -0.0197   0.0278
 -0.0045  -0.1771  -0.3489   0.1050  -0.0135   0.0073
 -0.0021  -0.1687  -0.3412   0.1035  -0.0091   0.0226
 -0.0017  -0.1686  -0.3530   0.1128  -0.0193   0.0202
  0.0033  -0.1504  -0.3271   0.1043  -0.0120   0.0101
  0.0207  -0.1937  -0.3444   0.1089  -0.0060   0.0065
  0.0115  -0.2013  -0.3646   0.1013  -0.0165   0.0107
 -0.0011  -0.1776  -0.3631   0.1364  -0.0156   0.0169
  0.0036  -0.2141  -0.3488   0.1412  -0.0297  -0.0111
  0.0023  -0.1889  -0.3552   0.1232  -0.0187   0.0055
 -0.0214  -0.1887  -0.3674   0.1151  -0.0250   0.0119
 -0.0061  -0.1744  -0.3590   0.0894  -0.0279   0.0335
 -0.0077  -0.2015  -0.3385   0.1039  -0.0081   0.0035
 -0.0115  -0.1837  -0.3506   0.0955  -0.0243   0.0260
  0.0054  -0.1670  -0.3565   0.1235  -0.0204   0.0065
  0.0039  -0.1690  -0.3681   0.1278  -0.0214   0.0153
 -0.0355  -0.2008  -0.3701   0.1228  -0.0452   0.0338
 -0.0369  -0.2161  -0.3780   0.1191  -0.0497   0.0016
  0.0014  -0.2046  -0.3404   0.1131  -0.0030   0.0289
 -0.0076  -0.1626  -0.3883   0.0958  -0.0025   0.0501
 -0.0225  -0.2098  -0.3653   0.1075  -0.0275   0.0093
 -0.0433  -0.1767  -0.4101   0.1038  -0.0396   0.0262
 -0.0526  -0.1461  -0.2758   0.1035  -0.0364   0.0154
 -0.0795  -0.1027  -0.3717   0.0924  -0.0660   0.0090
 -0.1120  -0.1572  -0.4715   0.1009  -0.1089   0.0279
 -0.0774  -0.1850  -0.3706   0.0810  -0.0847   0.0068
 -0.0244  -0.2096  -0.3755   0.1121  -0.0489  -0.0034
 -0.0278  -0.2288  -0.3677   0.1038  -0.0530   0.0160
 -0.0301  -0.2289  -0.3766   0.1179  -0.0556   0.0276
 -0.0207  -0.2127  -0.3822   0.0687  -0.0521   0.0299
 -0.0287  -0.2024  -0.3955   0.0739  -0.0437   0.0474
  0.0018  -0.1829  -0.3768   0.1100  -0.0415   0.0252
 -0.0053  -0.2089  -0.3826   0.1070  -0.0348   0.0232
  0.0117  -0.2346  -0.3671   0.1225  -0.0277   0.0208
  0.0215  -0.1960  -0.3609   0.1095  -0.0183   0.0236
  0.0110  -0.2308  -0.3664   0.1210  -0.0268   0.0167
 -0.0110  -0.2127  -0.3831   0.1161  -0.0201   0.0085
 -0.0046  -0.2110  -0.3826   0.1095  -0.0334   0.0306
  0.0132  -0.2326  -0.3701   0.1295  -0.0141   0.0460
  0.0155  -0.2249  -0.3684   0.1120  -0.0248  -0.0031
  0.0293  -0.1991  -0.3715   0.1032  -0.0063   0.0314
  0.0375  -0.2169  -0.3719   0.1066  -0.0032   0.0269
  0.0296  -0.2274  -0.3575   0.1020  -0.0111   0.0133
  0.0507  -0.2022  -0.3703   0.1206  -0.0146   0.0173
  0.0397  -0.2166  -0.3747   0.1134  -0.0061  -0.0014
  0.0294  -0.2231  -0.3640   0.0944  -0.0082   0.0229
  0.0471  -0.2372  -0.3507   0.1339   0.0064   0.0159
  0.0440  -0.2032  -0.3496   0.1313  -0.0025   0.0140
  0.0364  -0.2426  -0.3551   0.1244  -0.0016   0.0151
  0.0327  -0.2350  -0.3541   0.1339  -0.0112   0.0138
  0.0346  -0.2137  -0.3519   0.1356  -0.0045   0.0282
  0.0265  -0.2497  -0.3748   0.1186  -0.0178   0.0224
  0.0311  -0.2360  -0.3625   0.1199  -0.0119   0.0203
  0.0390  -0.2268  -0.3721   0.1313  -0.0139   0.0178
  0.0369  -0.2472  -0.3562   0.1212   0.0032   0.0162
  0.0368  -0.2358  -0.3691   0.1200  -0.0240   0.0275
  0.0571  -0.2041  -0.3288   0.1232  -0.0134   0.0217
  0.0494  -0.2015  -0.3248   0.1280  -0.0127   0.0209
  0.0334  -0.2249  -0.3292   0.1216  -0.0136   0.0246
  0.0478  -0.2357  -0.3577   0.1220  -0.0093   0.0141
  0.0183  -0.0816  -0.2355   0.0346  -0.0118   0.0323
  0.0340  -0.1033  -0.2292   0.0350   0.0011   0.0609
  0.0497  -0.1956  -0.3129   0.0736   0.0057   0.0393
  0.0529  -0.1482  -0.2746   0.0779  -0.0033   0.0331
  0.0518  -0.1995  -0.3173   0.1036   0.0119   0.0132
  0.0523  -0.1491  -0.2836   0.0952  -0.0013   0.0268
  0.0529  -0.1258  -0.2928   0.0912   0.0111   0.0195
  0.0514  -0.1928  -0.2962   0.0906  -0.0025   0.0171
  0.0803  -0.1907  -0.2804   0.0797   0.0402   0.0182
  0.0862  -0.1707  -0.2629   0.0997   0.0356   0.0181
  0.0696  -0.2293  -0.3004   0.1185   0.0253   0.0022
  0.0666  -0.2141  -0.2760   0.1142   0.0078  -0.0011
  0.0356  -0.2354  -0.3123   0.1203   0.0189   0.0000
  0.0511  -0.1875  -0.2864   0.0944   0.0182   0.0359
  0.0746  -0.2186  -0.2895   0.1329   0.0222   0.0043
  0.0748  -0.2326  -0.3013   0.1388   0.0235   0.0247
  0.0746  -0.2267  -0.3057   0.1194   0.0271   0.0378
  0.0798  -0.2502  -0.2996   0.1143   0.0177   0.0161
  0.0726  -0.2215  -0.3025   0.1257   0.0264   0.0253
  0.0756  -0.2401  -0.2947   0.1205   0.0097   0.0341
  0.0640  -0.2377  -0.3006   0.1195   0.0298   0.0035
  0.0544  -0.2282  -0.2905   0.1209   0.0126   0.0204
  0.0607  -0.2427  -0.2945   0.1196   0.0245   0.0254
  0.0630  -0.2502  -0.2936   0.1214   0.0124   0.0146
  0.0634  -0.2490  -0.3035   0.1244   0.0308   0.0155
  0.0464  -0.2310  -0.2969   0.1327   0.0046   0.0316
  0.0696  -0.2883  -0.3201   0.1289   0.0472   0.0205
  0.0549  -0.2482  -0.2920   0.1037   0.0114   0.0243
  0.0471  -0.2286  -0.3195   0.0909   0.0305   0.0235
  0.0495  -0.2191  -0.3015   0.1152  -0.0159   0.0532
  0.0589  -0.2610  -0.3205   0.1078   0.0436   0.0063
  0.0593  -0.2110  -0.2875   0.1308  -0.0318   0.0562
  0.0396  -0.2179  -0.2492   0.0305   0.1037  -0.0395
 -0.4884   2.2563   2.1772  -0.6609  -0.3738  -0.2307
 -0.7164   2.9629   2.7067  -0.7391  -0.4116  -0.1249
 -0.6336   2.2914   2.0587  -0.6215  -0.0612  -0.1447
 -0.2333   1.7309   1.6615  -0.5124  -0.0242  -0.1339
 -0.0107   0.4208   0.5539  -0.1784  -0.0051   0.0023
 -0.0281   0.2550   0.4916  -0.0368  -0.0703  -0.0051
  0.0087   0.1717   0.4368  -0.0688  -0.0059  -0.0141
  0.0005   0.2152   0.4954  -0.0649  -0.0376  -0.0080
  0.0305   0.1542   0.4059  -0.0344   0.0017  -0.0249
  0.0286   0.1154   0.3973  -0.0048  -0.0088  -0.0303
  0.0368   0.0788   0.3610  -0.0143   0.0086  -0.0260
  0.0478   0.1255   0.3935  -0.0108  -0.0227  -0.0162
  0.0765   0.0431   0.3402  -0.0104   0.0120  -0.0115
  0.0727   0.0582   0.3537  -0.0124   0.0084  -0.0130
  0.0794   0.0640   0.3276  -0.0059   0.0258   0.0000
  0.0584   0.0514   0.3371  -0.0033   0.0112  -0.0240
  0.0799   0.0480   0.2912  -0.0268   0.0224  -0.0088
  0.0930   0.0549   0.3119  -0.0167   0.0208  -0.0036
  0.0965   0.0162   0.2831  -0.0192   0.0376  -0.0212
  0.0946   0.0361   0.3082  -0.0032   0.0293  -0.0295
  0.0925   0.0167   0.2723   0.0028   0.0344  -0.0204
  0.0923  -0.0035   0.3024  -0.0142   0.0373  -0.0337
  0.0866  -0.0148   0.2463   0.0081   0.0311  -0.0088
  0.1291   0.0226   0.3058   0.0092   0.0409   0.0001
  0.1342  -0.0198   0.2843   0.0080   0.0528  -0.0063
  0.0819  -0.0179   0.2770   0.0185   0.0199  -0.0080
  0.0504  -0.0059   0.1873   0.0090   0.0113   0.0072
  0.0329  -0.0210   0.1765   0.0007  -0.0047  -0.0033
  0.0807  -0.0484   0.1857   0.0180   0.0203  -0.0017
  0.0599  -0.0245   0.1871   0.0050   0.0015   0.0314
  0.0716  -0.0467   0.1785   0.0088   0.0134  -0.0023
  0.0652  -0.0190   0.1866   0.0106   0.0125  -0.0158
  0.0843  -0.0287   0.1889   0.0125   0.0184  -0.0033
  0.0947  -0.0476   0.2464   0.0251   0.0316  -0.0110
  0.1075  -0.0715   0.2144   0.0333   0.0249  -0.0264
  0.0794  -0.0241   0.1936   0.0136   0.0049   0.0048
  0.0890  -0.0667   0.1742   0.0090   0.0006   0.0004
  0.0622  -0.0304   0.2481   0.0270   0.0296  -0.0206
  0.0687  -0.0366   0.3106   0.0542   0.0694  -0.0171
  0.0942  -0.0946   0.2784   0.0314   0.0312   0.0010
  0.1063  -0.0986   0.2554   0.0303   0.0504  -0.0050
  0.0871  -0.0708   0.2552   0.0188   0.0391   0.0086
  0.0982  -0.0868   0.2325   0.0182   0.0481   0.0233
  0.0985  -0.0876   0.2443   0.0124   0.0426  -0.0047
  0.0860  -0.0693   0.2357   0.0166   0.0351   0.0076
  0.0717  -0.0255   0.2481   0.0052   0.0099   0.0027
  0.1087  -0.0994   0.2223   0.0224   0.0506  -0.0028
  0.1022  -0.0659   0.2597   0.0522   0.0009  -0.0299
  0.1339  -0.0617   0.2202   0.0639   0.0078  -0.0207
  0.1226  -0.0610   0.2408   0.0192   0.0510   0.0038
  0.1563  -0.1045   0.2169   0.0395   0.0582  -0.0158
  0.1229  -0.0809   0.2185   0.0384   0.0474  -0.0120
  0.1471  -0.0815   0.2168   0.0905   0.0569  -0.0241
  0.1254  -0.0943   0.2441   0.0379   0.0490  -0.0188
  0.1360  -0.0871   0.2145   0.0481   0.0477  -0.0113
  0.1032  -0.0567   0.2348   0.0378   0.0382   0.0009
  0.1309  -0.0849   0.1975   0.0388   0.0376  -0.0087
  0.0979  -0.0601   0.2357   0.0402   0.0370  -0.0018
  0.1337  -0.1109   0.2139   0.0481   0.0443  -0.0163
  0.0926  -0.0787   0.2447   0.0455   0.0393  -0.0117
  0.1381  -0.0996   0.1963   0.0660   0.0394   0.0141
  0.0867  -0.0876   0.2234   0.0328   0.0364  -0.0053
  0.1338  -0.0978   0.1832   0.0516   0.0388   0.0018
  0.0839  -0.0912   0.2483   0.0462   0.0257   0.0046
  0.1404  -0.1367   0.1901   0.0620   0.0356  -0.0080
  0.0861  -0.0746   0.2509   0.0289   0.0445   0.0016
  0.1646  -0.1483   0.1708   0.0542   0.0477   0.0118
  0.0375  -0.0436   0.2712  -0.0047   0.0391  -0.0138
  0.2038  -0.1668   0.1369   0.0828   0.0529   0.0065
 -1.0690   0.8876   1.0889  -0.3401  -0.1062  -0.0926
 -1.2630   1.0344   0.7357  -0.5967  -0.2005  -0.0608
 -0.2043   0.0986  -0.0576  -0.1390  -0.1376   0.0467
 -0.3292   0.1855   0.1226  -0.1327  -0.1244  -0.0239
 -0.1307   0.0041   0.0399  -0.0573  -0.0655   0.0067
 -0.2151   0.0768   0.1126  -0.1042  -0.0833   0.0198
 -0.1050  -0.1412   0.0567  -0.0193  -0.0573   0.0497
 -0.1018  -0.1074   0.0466  -0.0276  -0.0288   0.0503
 -0.0681  -0.0417   0.0171  -0.0276  -0.0345   0.0122
 -0.1215  -0.0577   0.0745  -0.0396  -0.0816   0.0110
 -0.1110   0.0065   0.1874  -0.0384  -0.0580   0.0187
 -0.1200   0.0385   0.2131  -0.0191   0.0041  -0.0260
 -0.1024  -0.1078   0.1523   0.0197  -0.0264  -0.0018
 -0.1067  -0.0513   0.1208  -0.0434  -0.0112   0.0178
 -0.0711  -0.0058   0.0426  -0.0711  -0.0171   0.0283
 -0.0992  -0.0141   0.0681  -0.0462  -0.0220   0.0049
 -0.0838  -0.0042   0.0612  -0.0367  -0.0327   0.0209
 -0.1005  -0.0200   0.0619  -0.0097  -0.0356  -0.0106
 -0.0937  -0.0252   0.0575  -0.0128  -0.0339  -0.0093
 -0.1029  -0.0149   0.0488  -0.0179  -0.0442  -0.0336
 -0.0885  -0.0407   0.0511  -0.0426  -0.0564  -0.0826
 -0.0973  -0.0213   0.0469  -0.0423  -0.0404   0.0129
 -0.1043  -0.0810   0.1415  -0.0098  -0.0297   0.0008
 -0.0436  -0.0765   0.0612  -0.0258  -0.0117   0.0483
 -0.0797  -0.0333  -0.0736  -0.0822  -0.0897   0.0522
 -0.1060  -0.0750   0.0105  -0.0219  -0.0578  -0.0030
 -0.0680  -0.0501   0.0376  -0.0294  -0.0344   0.0201
 -0.0716  -0.0804   0.0088  -0.0570  -0.0528   0.0124
 -0.0768  -0.0495   0.0188  -0.0353  -0.0414   0.0165
 -0.0911  -0.0476   0.0392  -0.0193  -0.0525   0.0007
 -0.1082  -0.0469   0.0967  -0.0406  -0.0511  -0.0343
 -0.0839   0.1295   0.0279  -0.1136  -0.0886   0.0467
 -0.0312   0.5702   0.3058  -0.1651   0.0284  -0.0945
 -0.0277   0.5790   0.5180  -0.1702   0.1036  -0.1704
 -0.0981   0.4803   0.2904  -0.1519   0.0086  -0.1071
 -0.0408   0.3823   0.2741  -0.1166   0.0437  -0.1384
 -0.1104   0.4628   0.2876  -0.1309   0.0140  -0.0793
  0.0112   0.3322   0.1699  -0.0930   0.0242  -0.0965
 -0.5501   1.1810   0.3625  -0.2792  -0.1902  -0.2473
 -0.5161   1.6495   0.9383  -0.5173  -0.0347  -0.2134
 -0.0807   1.2233   0.6697  -0.5280   0.0398  -0.0742
 -0.2600   1.1831   0.6481  -0.4757  -0.0033  -0.0948
 -0.1453   1.0071   0.5351  -0.4268   0.0154  -0.0767
 -0.2033   1.0661   0.5976  -0.4185   0.0076  -0.0940
 -0.1453   0.9715   0.5462  -0.4065   0.0248  -0.0920
 -0.1997   1.0201   0.6044  -0.3895   0.0256  -0.1046
 -0.1638   0.9191   0.5437  -0.3651   0.0231  -0.0658
 -0.1766   0.8865   0.5393  -0.3610   0.0212  -0.0825
 -0.0807   0.7919   0.4609  -0.3059   0.0314  -0.0766
 -0.1307   0.7872   0.4744  -0.3050   0.0396  -0.0696
 -0.1007   0.6801   0.4191  -0.2800   0.0504  -0.0578
 -0.1021   0.6942   0.4757  -0.2732   0.0548  -0.0904
 -0.0555   0.6018   0.4100  -0.2799   0.0492  -0.0448
 -0.0820   0.5758   0.4184  -0.2538   0.0583  -0.0671
 -0.0557   0.4918   0.3772  -0.2265   0.0611  -0.0602
 -0.0773   0.4970   0.3926  -0.2317   0.0512  -0.0309
 -0.0564   0.4439   0.3451  -0.2132   0.0466  -0.0459
 -0.0587   0.4667   0.3603  -0.2224   0.0597  -0.0271
 -0.0178   0.3481   0.3092  -0.1820   0.0692  -0.0272
 -0.0463   0.3985   0.3198  -0.2072   0.0514  -0.0234
 -0.0251   0.3671   0.3150  -0.1811   0.0646  -0.0307
 -0.0475   0.3257   0.3485  -0.1805   0.0584  -0.0598
 -0.0285   0.2312   0.3027  -0.1571   0.0676  -0.0542
  0.0032   0.1787   0.2529  -0.0904   0.0722  -0.0584
  0.0209   0.1597   0.2161  -0.0639   0.0622  -0.0656
 -0.0130   0.1450   0.2393  -0.0782   0.0658  -0.0436
  0.0161   0.1252   0.2159  -0.0649   0.0655  -0.0607
  0.0299   0.1064   0.2308  -0.0584   0.0592  -0.0602
  0.0420   0.0317   0.1897  -0.0423   0.0584  -0.0454
  0.0234   0.0758   0.1916  -0.0447   0.0608  -0.0127
  0.0493   0.0215   0.1586  -0.0299   0.0571  -0.0348
  0.0788   0.0240   0.1852  -0.0138   0.0848  -0.0300
  0.1440  -0.1233   0.1133   0.0422   0.1237   0.0094
  0.0731  -0.0802   0.1055  -0.0201   0.0791  -0.0028
  0.0649  -0.0536   0.1213  -0.0177   0.0658  -0.0002
  0.0664  -0.0374   0.1334   0.0047   0.0794  -0.0245
  0.0628  -0.0293   0.1045  -0.0012   0.0719   0.0015
  0.0593  -0.0392   0.1479  -0.0349   0.0612  -0.0145
  0.0178  -0.0966   0.0534  -0.0167   0.0521   0.0027
