  0.0048  -0.2451  -0.0147  -1.2904  -0.1951   0.3842
  0.0744  -0.4023  -0.0651  -1.6311  -0.1972   0.4494
  0.0557  -0.3992  -0.0488  -1.4578  -0.1774   0.3916
  0.0673  -0.3368  -0.0678  -1.4888  -0.1740   0.4672
  0.0634  -0.3461   0.0008  -1.4115  -0.1724   0.4210
  0.0753  -0.3285  -0.0647  -1.4069  -0.1797   0.5037
  0.1159  -0.3854  -0.0828  -1.3817  -0.2023   0.4455
  0.0953  -0.3078   0.0001  -1.1909  -0.1986   0.3907
  0.0931  -0.3536   0.0496  -0.7555  -0.1776   0.4443
  0.0647  -0.4196   0.1368  -0.4429  -0.1747   0.3810
  0.0585  -0.4075   0.1683  -0.1229  -0.1337   0.4459
  0.0515  -0.5415   0.1842   0.0527  -0.1329   0.3431
  0.0382  -0.4420   0.2221  -0.2035  -0.1128   0.4103
  0.0321  -0.4171   0.2503  -0.4396  -0.1146   0.3790
 -0.0140  -0.3728   0.1788  -0.2368  -0.1414   0.2162
 -0.0702  -0.3848   0.1693  -0.1753  -0.1701   0.3272
 -0.1430  -0.3572   0.1544  -0.2669  -0.1874   0.2139
 -0.1973  -0.2562   0.1379  -0.1979  -0.1581   0.2833
 -0.1960  -0.2418   0.1653  -0.1715  -0.1747   0.2863
 -0.1924  -0.1857   0.1839  -0.1575  -0.1701   0.2248
 -0.1978  -0.1811   0.1531  -0.1050  -0.1667   0.3379
 -0.2049  -0.2926   0.1563   0.0254  -0.1511   0.2165
 -0.2059  -0.2863   0.0974   0.1564  -0.1770   0.2887
 -0.3016  -0.2466   0.1448   0.1234  -0.2180   0.2934
 -0.4065   0.0021   0.1668  -0.0276  -0.1525   0.3266
 -0.2885   0.1742   0.0697  -0.1744  -0.1421   0.3974
 -0.2337   0.1382   0.0866  -0.3469  -0.1266   0.3150
 -0.2078   0.2724   0.0230  -0.7339  -0.1312   0.3253
 -0.2095   0.3236   0.0064  -1.0493  -0.1321   0.3042
 -0.1779   0.2827  -0.0181  -1.0559  -0.1516   0.2096
 -0.1470   0.0897  -0.0162  -1.0304  -0.1587   0.2200
 -0.1209  -0.0482   0.0024  -0.9747  -0.1845   0.2052
 -0.1113  -0.0390   0.0164  -0.9519  -0.1758   0.1584
 -0.1200   0.0092  -0.0074  -0.9485  -0.1856   0.2512
 -0.1168  -0.0590   0.0239  -0.8634  -0.1812   0.1918
 -0.1094   0.0149  -0.0323  -0.8652  -0.1761   0.2824
 -0.1218  -0.0044  -0.0394  -0.9349  -0.1984   0.2209
 -0.1028  -0.0810  -0.0459  -0.8454  -0.1805   0.1592
 -0.0869   0.0227  -0.0375  -1.0040  -0.1891   0.2576
 -0.0779  -0.0423   0.0121  -0.8697  -0.1816   0.1639
 -0.0698  -0.0703  -0.0160  -0.9093  -0.1656   0.2074
 -0.1005  -0.0110  -0.0485  -1.0765  -0.1711   0.2686
 -0.0900  -0.1306  -0.0008  -0.9658  -0.1719   0.2009
 -0.0986  -0.0914  -0.0178  -1.0228  -0.1569   0.2100
 -0.0898  -0.0781  -0.0642  -1.1571  -0.1580   0.2184
 -0.0883  -0.1036  -0.0046  -0.9158  -0.1614   0.1007
 -0.0633  -0.1507  -0.0147  -0.7469  -0.1715   0.1053
 -0.0516  -0.1070  -0.0109  -0.7197  -0.1753   0.1468
 -0.0499  -0.1698  -0.0230  -0.7279  -0.1666   0.1471
 -0.0344  -0.2252  -0.0150  -0.6673  -0.1604   0.1026
 -0.0097  -0.2819  -0.0636  -0.6188  -0.1470   0.1247
 -0.0346  -0.1076  -0.0396  -0.7376  -0.1355   0.1234
 -0.0609  -0.0222   0.0241  -0.6153  -0.1434   0.0849
 -0.0281   0.0280  -0.0521  -0.7217  -0.1515   0.1604
 -0.0412  -0.0056  -0.0515  -0.8227  -0.1413   0.1368
 -0.0150  -0.1375  -0.0701  -0.6833  -0.1510   0.0850
  0.0100  -0.0319  -0.0644  -0.6827  -0.1409   0.1739
  0.0172  -0.0684  -0.0659  -0.7431  -0.1223   0.0894
  0.0079  -0.1604  -0.0172  -0.6920  -0.1115   0.0516
  0.0104  -0.1854  -0.0406  -0.8902  -0.1000   0.1599
 -0.0102  -0.2379  -0.0262  -0.7833  -0.1122   0.0392
  0.0203  -0.2034  -0.0449  -0.8458  -0.1342   0.0932
  0.0225  -0.2037  -0.0608  -0.8089  -0.1346   0.1255
  0.0282  -0.2734  -0.0360  -0.6628  -0.1279   0.0555
  0.0229  -0.2413  -0.0430  -0.5872  -0.1269   0.1032
  0.0182  -0.2083  -0.0371  -0.6456  -0.1165   0.1097
  0.0264  -0.2508  -0.0068  -0.5522  -0.1173   0.0334
  0.0428  -0.1734  -0.0324  -0.6573  -0.1139   0.1474
  0.0389  -0.2536  -0.0229  -0.5714  -0.1236   0.0575
  0.0377  -0.2681  -0.0209  -0.4166  -0.1087   0.0269
  0.0343  -0.2598  -0.0140  -0.5162  -0.1199   0.1451
  0.0320  -0.3204  -0.0055  -0.5600  -0.1186   0.0739
  0.0401  -0.3432  -0.0067  -0.5545  -0.1205   0.0229
  0.0604  -0.3045  -0.0269  -0.6196  -0.0954   0.0969
  0.0619  -0.3319  -0.0110  -0.6515  -0.0852   0.0553
  0.0582  -0.3505  -0.0025  -0.5876  -0.0738   0.0173
  0.0499  -0.2861  -0.0222  -0.6700  -0.0654   0.1150
  0.0599  -0.3465  -0.0164  -0.6438  -0.0695   0.0190
  0.0430  -0.3152  -0.0041  -0.5511  -0.0636   0.0009
  0.0468  -0.2535  -0.0088  -0.6279  -0.0656   0.0668
  0.0490  -0.3374   0.0068  -0.5274  -0.0651   0.0013
  0.0579  -0.2984  -0.0349  -0.5809  -0.0530   0.0420
  0.0689  -0.3101  -0.0370  -0.7811  -0.0329   0.0855
  0.0772  -0.2548  -0.0188  -0.8176  -0.0492  -0.0490
  0.0609  -0.1756   0.0042  -0.6181  -0.0745  -0.0806
  0.0815  -0.2123  -0.0158  -0.5988  -0.0418   0.0135
  0.0759  -0.2352  -0.0155  -0.5254  -0.0315  -0.0724
  0.0593  -0.2176  -0.0107  -0.4418  -0.0230  -0.0631
  0.0780  -0.1959   0.0175  -0.4653  -0.0195  -0.0527
  0.0915  -0.1958   0.0332  -0.3337  -0.0061  -0.1070
  0.0822  -0.2613   0.0023  -0.2162  -0.0095   0.0284
  0.0665  -0.2168   0.0560  -0.1610  -0.0189  -0.0514
  0.0268  -0.2692   0.0679  -0.1262  -0.0269   0.0275
 -0.0014  -0.0841   0.0475  -0.1831  -0.0407  -0.0237
  0.0192   0.1380   0.0319  -0.1896  -0.0375  -0.0424
  0.0239   0.1396   0.0278  -0.1859  -0.0253  -0.0393
  0.0079   0.0823   0.0213  -0.0656  -0.0273   0.0354
 -0.0102   0.1478   0.0258  -0.1714  -0.0124   0.0164
 -0.0118  -0.0705   0.0387  -0.0287  -0.0250  -0.0587
 -0.0484  -0.2037   0.0141  -0.0316  -0.0646   0.0625
 -0.0587  -0.0156   0.0448  -0.1298  -0.0673  -0.0692
 -0.0290   0.0400   0.0136  -0.2500  -0.0695  -0.0915
  0.0016   0.1357   0.0670  -0.1480  -0.0629  -0.0938
  0.0501   0.1909   0.0581  -0.1145  -0.0578  -0.0562
  0.0411   0.1227  -0.0443  -0.3057  -0.0649  -0.0514
  0.0400   0.0738  -0.0093  -0.2700  -0.0622  -0.1225
  0.0493   0.1616   0.0348  -0.1310  -0.0538  -0.0916
  0.0579   0.1603   0.0514  -0.2368  -0.0658  -0.0215
  0.0548   0.0935   0.0695  -0.1513  -0.0578  -0.1359
  0.0441   0.1401   0.0441  -0.0877  -0.0333  -0.0040
  0.0746   0.0598   0.0758  -0.0785  -0.0721  -0.0574
  0.0573   0.0504   0.1225   0.0061  -0.0810  -0.0577
  0.0324   0.0248   0.1307  -0.0427  -0.0464  -0.0489
  0.0552  -0.0139   0.1300   0.1384  -0.0651  -0.0813
  0.0539   0.0584   0.1081   0.0052  -0.0611  -0.0249
  0.0706   0.0029   0.1855   0.0197  -0.0668  -0.0969
  0.0687   0.1078   0.1768  -0.1350  -0.0493  -0.0081
  0.0626   0.0414   0.1563   0.0218  -0.0457  -0.0820
  0.0204   0.0998   0.1373  -0.0194  -0.0380  -0.0701
  0.0036   0.1066   0.1045  -0.0681  -0.0185  -0.0332
  0.0067  -0.0113   0.0628  -0.1165   0.0159  -0.0658
  0.0189   0.0054   0.0390   0.0573  -0.0012  -0.1030
 -0.0024  -0.0408   0.0585   0.1109   0.0157  -0.0594
 -0.0030  -0.0358   0.0858   0.1843   0.0135  -0.0757
 -0.0323   0.0490   0.0348   0.1168   0.0061   0.0044
 -0.0420   0.1335   0.1276   0.1688   0.0044  -0.1300
 -0.0333   0.3822   0.2205   0.4058   0.0236  -0.0634
 -0.0236   0.3509   0.2506   0.6117   0.0640   0.0160
 -0.0485   0.2670   0.2774   0.7925   0.0670  -0.0800
 -0.0673   0.3565   0.1889   0.7549   0.0825   0.0396
 -0.0836   0.2800   0.2198   0.8298   0.1003  -0.0676
 -0.0883   0.3150   0.1782   0.8717   0.0978   0.0037
 -0.0983   0.1656   0.1557   0.7973   0.1141  -0.0201
 -0.0633   0.0414   0.1478   0.8046   0.0910  -0.0609
 -0.1336   0.0726   0.2230   0.6271   0.0538  -0.0009
 -0.1114   0.0814   0.2246   0.7255   0.0693  -0.0878
 -0.0901   0.0221   0.1697   0.7522   0.0556  -0.0410
 -0.0478   0.0721   0.2232   0.6457   0.0948  -0.0093
 -0.0482   0.0629   0.1512   0.5196   0.1107  -0.0785
 -0.0323   0.0153   0.1575   0.5670   0.1486  -0.1442
 -0.0589   0.0677   0.1332   0.5677   0.1322  -0.0664
 -0.0342   0.0499   0.1798   0.5576   0.1492  -0.0717
 -0.0085   0.0146   0.1535   0.6515   0.2041  -0.1760
 -0.0045   0.0532   0.0910   0.5321   0.1652  -0.1384
 -0.0148   0.0100  -0.0277   0.5423   0.1660  -0.1903
 -0.0215   0.0615  -0.0381   0.5206   0.1525  -0.1327
 -0.0180   0.0302  -0.0420   0.4911   0.1424  -0.1754
 -0.0266  -0.0389  -0.0436   0.5752   0.1423  -0.2132
 -0.0112   0.0444  -0.0602   0.5389   0.1546  -0.1243
 -0.0266   0.0281  -0.0926   0.4564   0.1446  -0.1632
 -0.0370   0.0111  -0.1088   0.5140   0.1278  -0.2175
 -0.0206   0.0446  -0.1432   0.3466   0.1378  -0.1143
 -0.0425   0.0575  -0.1179   0.4794   0.1332  -0.2473
 -0.0279   0.0853  -0.0828   0.3289   0.1262  -0.1146
 -0.0032   0.0827  -0.0826   0.3298   0.1267  -0.1333
  0.0801   0.0637  -0.0196   0.2170   0.1080  -0.2120
  0.0587   0.1425  -0.0091   0.0380   0.0782  -0.1017
  0.0568   0.0384  -0.0657   0.1335   0.0727  -0.2043
  0.0495   0.0390  -0.0966   0.1143   0.0826  -0.1995
  0.0469   0.0648  -0.1082   0.1238   0.0826  -0.1505
  0.0317   0.0858  -0.1199   0.0513   0.0771  -0.1685
  0.0303   0.0768  -0.1196   0.1859   0.0643  -0.2155
  0.0029   0.2281  -0.1288   0.1423   0.0555  -0.0722
 -0.0010   0.1155  -0.1143   0.2091   0.0688  -0.1914
 -0.0027   0.2048  -0.1423   0.1268   0.0641  -0.0860
  0.0045   0.0768  -0.1089   0.1382   0.0606  -0.1663
 -0.0017   0.1084  -0.0840   0.1505   0.0944  -0.0861
 -0.0010   0.0524  -0.0658   0.1526   0.1121  -0.0726
 -0.0758   0.1453  -0.0558   0.1591   0.0721  -0.1878
 -0.0610  -0.1158   0.0073  -0.0996   0.0639  -0.1396
 -0.0180  -0.3236   0.0065   0.0192   0.0626  -0.2568
 -0.0033  -0.2147  -0.0856   0.1026   0.0701  -0.2401
 -0.0221  -0.1662  -0.1087  -0.0155   0.0662  -0.1550
 -0.0004  -0.1244  -0.0521   0.1225   0.0662  -0.2619
  0.0234  -0.0245  -0.0476  -0.0214   0.0489  -0.0946
  0.0091  -0.0591  -0.0569   0.0883   0.0521  -0.2106
  0.0049  -0.1240  -0.1113   0.0846   0.0618  -0.1386
  0.0165  -0.0909  -0.1256  -0.0307   0.0758  -0.1718
  0.0372  -0.0648  -0.0812   0.0688   0.0961  -0.2204
  0.0351   0.0202  -0.0773   0.0675   0.0740  -0.1119
  0.0002   0.0296  -0.0522   0.1256   0.1156  -0.2145
  0.0322   0.1985  -0.1177   0.1127   0.1013  -0.1199
  0.0499   0.2653  -0.1290   0.0714   0.0726  -0.1458
  0.0440   0.2308  -0.1464   0.1797   0.0536  -0.1770
  0.0638   0.2689  -0.1476   0.0910   0.0656  -0.0996
  0.0577   0.1924  -0.1212   0.2102   0.0494  -0.1812
  0.0621   0.2213  -0.1374   0.1761   0.0799  -0.0845
  0.0478   0.1310  -0.1461   0.1768   0.0720  -0.1401
  0.0483   0.1293  -0.1478   0.2294   0.0885  -0.1357
  0.0496   0.1014  -0.1723   0.1055   0.0749  -0.0878
  0.0896   0.0925  -0.1019   0.2495   0.0846  -0.2518
  0.0772   0.2089  -0.0324   0.3291   0.1126  -0.1696
  0.0933   0.1140   0.0168   0.4093   0.1500  -0.2215
  0.0956   0.1177   0.0043   0.4425   0.1432  -0.2117
  0.0861   0.1500  -0.0036   0.3511   0.1355  -0.1234
  0.0740   0.0444  -0.0161   0.4464   0.1286  -0.2143
  0.0832   0.0727  -0.0259   0.3863   0.1363  -0.1488
  0.0794   0.0043  -0.0555   0.3284   0.1204  -0.1670
  0.0818   0.1563  -0.0465   0.4365   0.1331  -0.1910
  0.1034   0.3205  -0.0535   0.3654   0.1131  -0.0366
  0.0879   0.3098  -0.0136   0.2611   0.0796  -0.0941
  0.0576   0.2624   0.0404   0.6254   0.1132  -0.0885
  0.0357   0.2531   0.0151   0.8183   0.1395  -0.1097
  0.0399   0.2515   0.0036   0.9756   0.1295  -0.1637
  0.0223   0.3063  -0.0247   0.9907   0.1342  -0.0653
  0.0213   0.2798  -0.0496   1.0892   0.1369  -0.1398
  0.0058   0.3681  -0.0805   1.0965   0.1422  -0.0504
  0.0147   0.2831  -0.0905   1.1257   0.1548  -0.1118
  0.0071   0.3019  -0.1155   1.1502   0.1585  -0.0704
  0.0147   0.2911  -0.1251   1.0115   0.1468  -0.0612
  0.0067   0.2782  -0.1256   1.0832   0.1519  -0.1140
  0.0044   0.3682  -0.1149   1.1128   0.1604  -0.0943
  0.0147   0.3419  -0.1304   1.0359   0.1648  -0.0970
  0.0366   0.2601  -0.1238   1.1100   0.1737  -0.1692
  0.0560   0.2871  -0.1404   1.0646   0.1844  -0.1117
  0.0713   0.2267  -0.1297   1.0512   0.1863  -0.1280
  0.0822   0.2836  -0.0659   1.0193   0.2146  -0.0687
  0.0680   0.3307  -0.0317   1.0146   0.2185  -0.1089
  0.0697   0.3293  -0.0299   1.0655   0.2287  -0.2070
  0.0839   0.2851  -0.0661   1.0187   0.2011  -0.1139
  0.0571   0.3237  -0.0633   1.0397   0.1854  -0.1414
  0.0484   0.3522  -0.0622   1.0372   0.2008  -0.1221
  0.0470   0.3499  -0.0953   1.1225   0.1851  -0.1684
  0.0463   0.3683  -0.1338   1.0726   0.1734  -0.0958
  0.0420   0.3118  -0.1109   1.1078   0.1941  -0.1720
  0.0318   0.4012  -0.0991   1.1611   0.2046  -0.1268
  0.0333   0.3552  -0.1068   1.0095   0.2035  -0.0857
  0.0350   0.2569  -0.1068   1.1415   0.1843  -0.1695
  0.0618   0.3106  -0.1214   1.0724   0.1537  -0.1047
  0.0397   0.3010  -0.0952   1.0207   0.1979  -0.1476
  0.0341   0.2834  -0.0466   1.1342   0.1905  -0.1859
  0.0392   0.3471  -0.0695   1.1130   0.1907  -0.0705
  0.0321   0.2782  -0.0916   1.1668   0.1956  -0.1722
  0.0420   0.2738  -0.1367   1.2519   0.1864  -0.1383
  0.0482   0.2207  -0.2045   1.1412   0.2053  -0.0736
  0.0621   0.0672  -0.3084   1.2394   0.2109  -0.1149
