  0.0208   0.4972   0.0855  -0.9375  -0.0232  -0.1241
  0.0132   0.4588   0.0745  -0.7162  -0.0168  -0.0464
  0.0192   0.4342   0.0949  -0.7482  -0.0172  -0.0358
  0.0395   0.4029   0.0647  -0.7421  -0.0332  -0.0368
  0.0348   0.3830   0.0605  -0.8023  -0.0365  -0.0647
 -0.0030   0.3256   0.1123  -0.6955  -0.0189  -0.0019
  0.0085   0.3211   0.0932  -0.6961  -0.0312  -0.0063
  0.0164   0.3382   0.1002  -0.7012  -0.0464  -0.0345
  0.0221   0.3264   0.0965  -0.6778  -0.0329  -0.0299
  0.0142   0.3723   0.0868  -0.7193  -0.0378  -0.0413
  0.0199   0.3680   0.0536  -0.6991  -0.0391  -0.0577
  0.0194   0.3737   0.0228  -0.7229  -0.0466  -0.1003
  0.0183   0.3737   0.0316  -0.6983  -0.0462  -0.0704
  0.0141   0.3690   0.0393  -0.7037  -0.0418  -0.0930
  0.0138   0.4107   0.0344  -0.7305  -0.0431  -0.0913
  0.0092   0.4002   0.0310  -0.7200  -0.0407  -0.0948
 -0.0009   0.4069   0.0269  -0.7562  -0.0495  -0.0772
 -0.0105   0.4055   0.0317  -0.7302  -0.0488  -0.0772
  0.0162   0.4131   0.0231  -0.7644  -0.0455  -0.0976
  0.0064   0.3861   0.0299  -0.7114  -0.0534  -0.0905
  0.0028   0.3864   0.0275  -0.7207  -0.0496  -0.0943
  0.0064   0.3768   0.0274  -0.7007  -0.0489  -0.0713
 -0.0034   0.3630   0.0231  -0.7032  -0.0509  -0.0925
  0.0032   0.3883   0.0205  -0.7535  -0.0557  -0.0784
  0.0021   0.3661   0.0233  -0.7136  -0.0442  -0.0729
 -0.0061   0.3746   0.0160  -0.7094  -0.0687  -0.0671
 -0.0097   0.3768   0.0045  -0.7065  -0.0675  -0.0684
 -0.0131   0.3756   0.0033  -0.6867  -0.0582  -0.0629
 -0.0123   0.3619   0.0247  -0.6905  -0.0512  -0.0696
 -0.0082   0.3671   0.0257  -0.7110  -0.0474  -0.0880
 -0.0065   0.3497   0.0297  -0.6587  -0.0377  -0.0643
 -0.0018   0.3190   0.0325  -0.6447  -0.0349  -0.0873
  0.0069   0.3833   0.0236  -0.7460  -0.0356  -0.1017
  0.0251   0.4569   0.0241  -0.7828  -0.0160  -0.1361
  0.0130   0.4469   0.0425  -0.7271  -0.0189  -0.1125
  0.0172   0.4024   0.0559  -0.6873  -0.0119  -0.1181
  0.0095   0.4059   0.0427  -0.6947  -0.0195  -0.0933
  0.0043   0.3848   0.0417  -0.6324  -0.0231  -0.0902
  0.0124   0.3695   0.0305  -0.6508  -0.0225  -0.1185
 -0.0035   0.3676   0.0360  -0.6266  -0.0354  -0.0923
 -0.0009   0.3589   0.0324  -0.6384  -0.0380  -0.1112
 -0.0006   0.3799   0.0245  -0.6547  -0.0466  -0.0903
  0.0087   0.3605   0.0367  -0.6179  -0.0347  -0.0861
  0.0036   0.3932   0.0368  -0.6671  -0.0366  -0.0921
  0.0058   0.3595   0.0451  -0.6272  -0.0295  -0.0804
  0.0170   0.3807   0.0423  -0.6943  -0.0247  -0.1114
  0.0198   0.3600   0.0521  -0.6488  -0.0119  -0.0911
  0.0257   0.3582   0.0502  -0.6626  -0.0111  -0.1020
  0.0223   0.3516   0.0541  -0.6326  -0.0102  -0.0789
  0.0244   0.3557   0.0504  -0.6452  -0.0086  -0.1029
  0.0185   0.3543   0.0358  -0.6533  -0.0186  -0.0829
  0.0257   0.3563   0.0442  -0.6513  -0.0029  -0.1005
  0.0034   0.3832   0.0454  -0.6478  -0.0223  -0.0827
  0.0085   0.3627   0.0458  -0.6667  -0.0219  -0.1177
  0.0131   0.3912   0.0451  -0.6739  -0.0207  -0.1179
  0.0199   0.3557   0.0494  -0.6290  -0.0151  -0.0975
  0.0143   0.3595   0.0435  -0.6505  -0.0161  -0.1038
  0.0149   0.3576   0.0557  -0.6219  -0.0144  -0.0852
  0.0144   0.3488   0.0582  -0.6483  -0.0097  -0.1066
  0.0165   0.3368   0.0594  -0.6111  -0.0034  -0.0823
  0.0122   0.3213   0.0490  -0.6058  -0.0165  -0.0909
  0.0130   0.3200   0.0627  -0.6214  -0.0077  -0.0811
  0.0296   0.3090   0.0679  -0.6086   0.0078  -0.1087
  0.0224   0.3725   0.0716  -0.6576   0.0024  -0.1290
  0.0305   0.3387   0.0696  -0.6129   0.0051  -0.1126
  0.0297   0.3489   0.0768  -0.6160   0.0105  -0.1090
  0.0249   0.3121   0.0739  -0.5768   0.0042  -0.0798
  0.0282   0.3506   0.0791  -0.6256   0.0108  -0.1039
  0.0124   0.3271   0.0722  -0.6638   0.0140  -0.1239
  0.0209   0.2536   0.0694  -0.6025   0.0129  -0.1089
  0.0341   0.2878   0.0766  -0.5832   0.0043  -0.0982
  0.0353   0.2627   0.0779  -0.5528  -0.0033  -0.0985
  0.0306   0.2747   0.0679  -0.5430  -0.0212  -0.0736
  0.0282   0.2550   0.0691  -0.5274   0.0065  -0.0760
  0.0256   0.2857   0.0887  -0.5567   0.0103  -0.0594
  0.0223   0.2620   0.0864  -0.5388   0.0203  -0.0866
  0.0265   0.2973   0.0890  -0.5869   0.0127  -0.0909
  0.0316   0.2640   0.0892  -0.5678   0.0278  -0.0918
  0.0299   0.2689   0.1059  -0.5770   0.0369  -0.1016
  0.0303   0.2843   0.0871  -0.5977   0.0340  -0.1158
  0.0348   0.2721   0.0935  -0.5493   0.0219  -0.0996
  0.0251   0.2758   0.0908  -0.5698   0.0158  -0.1092
  0.0193   0.2850   0.0888  -0.5729   0.0106  -0.0956
  0.0285   0.2659   0.0838  -0.5473   0.0111  -0.1040
  0.0171   0.2702   0.0907  -0.5638   0.0047  -0.1014
  0.0157   0.2652   0.0905  -0.5593   0.0039  -0.0825
  0.0215   0.2589   0.0802  -0.5762   0.0088  -0.0944
  0.0297   0.3019   0.0880  -0.6429   0.0171  -0.0986
  0.0194   0.2800   0.0852  -0.6058   0.0083  -0.1065
  0.0314   0.2746   0.0853  -0.6117   0.0059  -0.1089
  0.0205   0.2673   0.0791  -0.5646   0.0049  -0.0775
  0.0042   0.2470   0.0973  -0.5083   0.0166  -0.0761
 -0.0021   0.1742   0.0985  -0.4393  -0.0012  -0.0893
  0.0084   0.1478   0.0988  -0.5191   0.0241  -0.0579
  0.0208   0.2168   0.0982  -0.5733   0.0428  -0.0755
  0.0270   0.2620   0.0968  -0.6104   0.0368  -0.1236
  0.0186   0.2813   0.0806  -0.5084   0.0315  -0.0787
  0.0054   0.2066   0.0804  -0.4258   0.0299  -0.0640
  0.0045   0.2321   0.0600  -0.5923   0.0380  -0.1340
 -0.0102   0.2344   0.0663  -0.5448  -0.0076  -0.1484
 -0.0419   0.2739   0.0676  -0.6055  -0.0284  -0.1159
 -0.0405   0.2376   0.0874  -0.5091  -0.0407  -0.1205
 -0.1194   0.1851   0.0097  -0.6565  -0.0841  -0.0302
 -0.1006   0.0135  -0.0440  -0.1836  -0.0634   0.0875
 -0.0404  -0.0253  -0.0368  -0.0087  -0.0416   0.0341
 -0.0520  -0.0167  -0.0091  -0.0125  -0.0174   0.0037
 -0.0456  -0.0163  -0.0109  -0.0320  -0.0102  -0.0045
 -0.0638  -0.0268  -0.0085  -0.0259  -0.0021  -0.0118
 -0.0624  -0.0185  -0.0074  -0.0216   0.0143   0.0041
 -0.0657  -0.0444  -0.0123   0.0178   0.0079  -0.0042
 -0.0480  -0.0455  -0.0040   0.0118   0.0060  -0.0104
 -0.0342  -0.0098  -0.0487  -0.0842  -0.0026  -0.0714
 -0.0313  -0.0345  -0.0522  -0.1043  -0.0148  -0.0884
 -0.0293  -0.0666  -0.0103  -0.0122  -0.0059  -0.0368
 -0.0421  -0.0636  -0.0364  -0.0236  -0.0198  -0.0464
 -0.0638  -0.0928  -0.0177   0.0585  -0.0142  -0.0172
 -0.0687  -0.0315  -0.0533  -0.1055  -0.0323  -0.0629
 -0.0289  -0.1462  -0.0797  -0.1092  -0.0036   0.0100
 -0.0086  -0.3079  -0.0860   0.3253   0.0077   0.1053
 -0.0203  -0.2851  -0.1137   0.3609   0.0048   0.0817
 -0.0360  -0.2697  -0.0952   0.3546  -0.0060   0.0397
 -0.0288  -0.2987  -0.0750   0.4181   0.0148   0.0593
 -0.0311  -0.3091  -0.0918   0.4308  -0.0005   0.0723
 -0.0091  -0.2394  -0.0993   0.3833   0.0030   0.0094
 -0.0260  -0.2389  -0.1029   0.3795  -0.0186   0.0249
 -0.0196  -0.2723  -0.0949   0.4375  -0.0244   0.0121
 -0.0210  -0.2568  -0.1015   0.4107  -0.0082   0.0296
 -0.0149  -0.2887  -0.0706   0.5255   0.0120   0.0486
 -0.0522  -0.3144  -0.0793   0.4455  -0.0512   0.0849
 -0.0300  -0.5007  -0.1384   0.8372  -0.0525   0.2841
  0.0137  -0.6298  -0.1651   1.1271  -0.0122   0.2551
  0.0008  -0.5871  -0.1232   1.1286  -0.0279   0.1952
  0.0187  -0.5877  -0.1133   1.1243   0.0027   0.1972
  0.0376  -0.5594  -0.0943   1.0189   0.0395   0.1413
  0.0471  -0.4960  -0.0741   0.9944   0.0699   0.1624
  0.0464  -0.4658  -0.0512   0.8970   0.0810   0.1045
  0.0701  -0.4726  -0.0452   0.8899   0.0993   0.1174
  0.0564  -0.4842  -0.0605   0.8606   0.0807   0.0994
  0.0450  -0.4314  -0.0727   0.8906   0.0538   0.1093
  0.0119  -0.4287  -0.0603   0.9293   0.0229   0.1617
  0.0097  -0.4638  -0.0667   0.9473   0.0323   0.1653
 -0.0084  -0.3596  -0.0571   0.8218   0.0005   0.0983
  0.0097  -0.3291  -0.0337   0.7775   0.0135   0.0915
  0.0047  -0.3431  -0.0148   0.8081   0.0283   0.1362
  0.0006  -0.3661  -0.0039   0.8565   0.0234   0.1165
 -0.0023  -0.4031   0.0029   0.8928   0.0327   0.1355
 -0.0019  -0.3999   0.0034   0.9039   0.0371   0.1291
  0.0168  -0.4442   0.0088   0.9986   0.0308   0.1598
  0.0053  -0.4393   0.0060   0.9524   0.0320   0.1503
 -0.0069  -0.5662  -0.0091   1.2758   0.0235   0.2252
 -0.0022  -0.6603  -0.0615   1.4999   0.0231   0.2488
 -0.0203  -0.6302  -0.0730   1.2393   0.0226   0.1828
 -0.0159  -0.5936  -0.0662   1.1114   0.0197   0.1379
 -0.0312  -0.6051  -0.0709   1.1973   0.0060   0.1731
 -0.0375  -0.5783  -0.0824   1.2110   0.0069   0.1797
 -0.0372  -0.3725  -0.0982   0.9845  -0.0447   0.0988
 -0.0482  -0.2894  -0.0521   0.8537  -0.0465   0.1022
 -0.0412  -0.4541  -0.0439   0.9551  -0.0302   0.1090
 -0.0217  -0.4224  -0.0533   0.6743  -0.0123   0.1044
  0.0009  -0.3143  -0.0434   0.4130   0.0206   0.0938
 -0.0059  -0.3616  -0.0590   0.5862   0.0240   0.0942
 -0.0123  -0.4026  -0.0358   0.6535   0.0158   0.0842
  0.0181  -0.4674  -0.0885   0.8279   0.0175   0.1605
  0.0112  -0.2885  -0.0984   0.2545   0.0075   0.1224
 -0.0083  -0.2735  -0.0695   0.3262  -0.0077   0.1273
  0.0040  -0.4130  -0.1014   0.5870   0.0061   0.1649
 -0.0067  -0.3721  -0.0242   0.4940   0.0282   0.0540
 -0.0029  -0.4194  -0.0299   0.5002   0.0538   0.0754
 -0.0152  -0.3894  -0.0146   0.4750   0.0568   0.0691
  0.0059  -0.4813  -0.0417   0.5864   0.0591   0.0882
 -0.0268  -0.5016  -0.0378   0.7979   0.0514   0.1533
  0.0228  -0.6322  -0.1094   1.0038   0.0416   0.1049
  0.0329  -0.7626  -0.1923   0.8365   0.0013   0.0465
  0.0261  -0.9392  -0.2316   1.0500  -0.0070   0.1261
  0.0091  -0.8226  -0.2207   0.8682  -0.0217   0.0384
  0.0065  -0.8781  -0.2456   1.0937  -0.0323   0.1150
 -0.1172  -0.2833  -0.1514   0.6200  -0.0751   0.0335
 -0.1505  -0.3621  -0.1116   0.5697  -0.0675   0.1944
 -0.0753  -0.4831  -0.1477   0.6627  -0.1023   0.1083
 -0.0432  -0.8076  -0.1843   1.1657  -0.0798   0.2792
 -0.0421  -0.4917  -0.2567   1.2577  -0.0555   0.2997
 -0.0737  -0.0180  -0.2195   0.7920  -0.0525   0.1582
 -0.0479  -0.4208  -0.1526   1.1336  -0.0349   0.2132
 -0.0430  -0.3995  -0.0929   1.1056   0.0013   0.2141
 -0.0044  -0.5398  -0.0936   1.1703   0.0501   0.1964
 -0.0156  -0.5009  -0.0881   1.1921   0.0557   0.2284
  0.0062  -0.6426  -0.0804   1.2862   0.0943   0.2244
 -0.0022  -0.6473  -0.0812   1.4903   0.1083   0.3292
 -0.0006  -0.6802  -0.0782   1.4303   0.1235   0.2368
  0.0202  -0.6245  -0.0681   1.2256   0.1093   0.1398
  0.0183  -0.6848  -0.0541   1.3283   0.1338   0.2607
  0.0433  -0.7057  -0.0323   1.6452   0.1001   0.3447
  0.0344  -0.7144  -0.0203   1.7157   0.0935   0.3209
  0.0225  -0.6279  -0.0729   1.4657   0.0864   0.1876
  0.0229  -0.6585  -0.0586   1.4620   0.0954   0.2353
  0.0064  -0.6407  -0.0472   1.3677   0.1068   0.2155
