  0.0494  -0.4636   0.0953  -0.1845  -0.1369   0.2867
  0.1457  -0.6311   0.0576  -0.0657  -0.0897   0.5947
  0.2461  -0.1344   0.1246   0.1563  -0.1679   0.8876
  0.2949  -0.0444   0.1614   0.3606  -0.2671   0.7890
  0.2420  -0.1726   0.1589   0.2486  -0.3765   0.6815
  0.2406  -0.2329   0.0907   0.0816  -0.1492   0.7011
  0.2150  -0.2435   0.1094  -0.0978   0.0685   0.7453
  0.0996  -0.3450   0.0893   0.0066   0.0201   0.5527
  0.1321  -0.2751   0.0844  -0.1184   0.0060   0.6638
  0.0335  -0.2533   0.0624  -0.0434   0.0188   0.3519
 -0.0479  -0.1969   0.0654  -0.0321   0.0770   0.3438
  0.0223  -0.2304   0.0152  -0.0771   0.0364   0.3566
  0.0203  -0.2347   0.0145  -0.0322   0.0348   0.3076
  0.0285  -0.2553  -0.0056  -0.0979  -0.0082   0.3861
  0.0187  -0.2171   0.0078  -0.0624  -0.0058   0.3617
  0.0463  -0.2000  -0.0122  -0.0047  -0.0071   0.3142
  0.0315  -0.2047  -0.0477  -0.0324  -0.0157   0.3389
  0.0327  -0.1736  -0.0454  -0.0603  -0.0368   0.3699
  0.0444  -0.1733  -0.0388  -0.0087  -0.0261   0.2912
  0.0378  -0.2033  -0.0624  -0.0736  -0.0650   0.3416
  0.0205  -0.1670  -0.0707  -0.1072  -0.0746   0.3583
  0.0297  -0.1694  -0.0951  -0.0483  -0.0688   0.2576
 -0.0048  -0.1255  -0.1108   0.0254   0.0040   0.3126
 -0.0195  -0.1428  -0.1133  -0.0285   0.0238   0.3533
 -0.0134  -0.1295  -0.0940  -0.0027   0.0023   0.2934
  0.0125  -0.0580  -0.1045   0.0030  -0.0050   0.3419
  0.0051  -0.0493  -0.1100  -0.1237  -0.0057   0.3409
  0.0254  -0.0335  -0.0838  -0.0252   0.0109   0.2774
  0.0257   0.0178  -0.1068  -0.0204   0.0099   0.3385
  0.0153  -0.0160  -0.1381  -0.0922  -0.0144   0.3002
  0.0008   0.0462  -0.1272  -0.0905  -0.0158   0.2911
  0.0177   0.0688  -0.1548  -0.0984  -0.0036   0.3259
 -0.0178   0.0505  -0.1016  -0.1842   0.0016   0.2967
 -0.0240   0.0228  -0.1419  -0.1087   0.0156   0.1318
 -0.1554   0.3999   0.0506  -0.1439  -0.1856   0.2786
 -0.3291   0.7657  -0.0568  -0.3873  -0.1487   0.4234
 -0.2976   0.8380  -0.0346  -0.2596   0.0485   0.5091
 -0.2705   0.4670  -0.0776  -0.2150   0.1244   0.2569
 -0.1863   0.0714   0.0195  -0.0515   0.0540  -0.1747
 -0.2293   0.0716   0.0105  -0.2002   0.0452  -0.0935
 -0.1483  -0.0896   0.0509  -0.1316   0.0535  -0.1310
 -0.1918  -0.0516   0.0100  -0.1061   0.0444   0.0334
 -0.1280  -0.1865   0.0823  -0.1116   0.0303   0.0432
 -0.1224  -0.2851   0.0901  -0.2003  -0.0039  -0.0091
 -0.0823  -0.3798   0.2190  -0.1401   0.0724  -0.0361
 -0.0231  -0.0737   0.1903  -0.3515   0.0209   0.2127
  0.0330   0.1708   0.1526  -0.5867  -0.0783   0.3861
  0.0334   0.1292   0.2325  -0.7007  -0.0978   0.5504
  0.0937   0.1287   0.1696  -0.6826  -0.0560   0.5331
  0.0189   0.0692   0.1448  -0.6780  -0.0927   0.4665
 -0.0607   0.0802   0.1093  -0.6603  -0.1671   0.3808
 -0.0816  -0.0460   0.0300  -0.4489  -0.0747   0.2640
 -0.1026  -0.2122   0.0215  -0.2802   0.0201   0.1496
 -0.1720  -0.2763   0.0087  -0.3624  -0.0148   0.1217
 -0.1614  -0.2490   0.0362  -0.3201  -0.0262   0.0695
 -0.1664  -0.2458   0.0066  -0.2969  -0.0511   0.0217
 -0.1807  -0.2023   0.0014  -0.3026  -0.0767   0.0253
 -0.1505  -0.1979   0.0134  -0.3371  -0.0885   0.0799
 -0.1255  -0.2243   0.0496  -0.2496  -0.0678   0.0096
 -0.1205  -0.2224   0.0079  -0.2301  -0.0514  -0.0214
 -0.1274  -0.2035   0.0324  -0.2900  -0.0511   0.0068
 -0.1782  -0.1116   0.0222  -0.2556   0.0047   0.1135
 -0.0535   0.2599   0.2461   0.2464  -0.1131   0.3301
  0.1545   0.5687   0.5114   0.7744  -0.2438   0.2800
  0.0892   0.3359   0.3914   0.4051  -0.2434   0.2062
  0.0154   0.3338   0.2702   0.0350  -0.3683   0.4534
  0.0203   0.2542   0.3219   0.1103  -0.3540   0.4144
  0.0343   0.2408   0.3588   0.1931  -0.4013   0.3616
  0.0534   0.1074   0.3581   0.1361  -0.3856   0.2355
  0.0735   0.1776   0.3447   0.0759  -0.4812   0.2195
  0.0366   0.3230   0.3707  -0.1103  -0.2604   0.3285
  0.0181   0.4858   0.2914  -0.1245  -0.1231   0.3423
 -0.0440   0.1036   0.2121  -0.1499  -0.0728   0.1951
 -0.0239  -0.0656   0.2688   0.0214   0.0669   0.0997
  0.0410  -0.0615   0.2142   0.1616   0.1580   0.1486
  0.0919   0.0205   0.1868  -0.1000   0.0724   0.3230
  0.1928   0.0466   0.0712  -0.2264   0.0231   0.2778
  0.2032   0.0325   0.0834  -0.2217   0.0097   0.1208
  0.2108   0.0226   0.0156  -0.1958   0.0044   0.1753
  0.2076  -0.0514   0.0290  -0.1322   0.0009   0.1731
  0.2358  -0.0008   0.0086  -0.1169   0.0086   0.2046
  0.1867  -0.0453   0.0737  -0.1432   0.0331   0.1273
  0.1764  -0.0566   0.1192  -0.2067   0.0478   0.0906
  0.1379  -0.0649   0.1105  -0.2159   0.0465   0.0191
  0.1252   0.0017   0.0891  -0.1611   0.0242  -0.0493
  0.1021   0.0683   0.0743  -0.1771  -0.0073   0.0996
  0.0909   0.0523   0.0495  -0.1792  -0.0113  -0.0795
  0.1027   0.0709   0.0712  -0.2268  -0.0335  -0.0805
  0.0709   0.0496   0.0468  -0.2476  -0.0601  -0.0628
  0.1030   0.0674   0.0925  -0.1886  -0.0134  -0.1106
  0.1438   0.0624   0.1668  -0.1087   0.0109   0.1518
  0.0637   0.1322   0.0800  -0.0160  -0.0137   0.1837
 -0.0025   0.2353   0.0543   0.0324  -0.0632   0.2719
  0.0046   0.1730   0.0284  -0.1189  -0.1084   0.1930
  0.0089   0.1401   0.0072  -0.0808  -0.1149   0.1143
  0.0060   0.0527   0.0097  -0.1471  -0.1232   0.1358
 -0.0149  -0.0300  -0.0153  -0.1035  -0.1183   0.0652
 -0.0073  -0.0155  -0.0180  -0.0840  -0.1179   0.0524
  0.0084  -0.0531   0.0070  -0.1601  -0.1334   0.0830
  0.0161  -0.0281  -0.0140  -0.1028  -0.1391   0.0344
 -0.0029   0.0365  -0.0216  -0.0502  -0.1617   0.1005
 -0.0017   0.0080  -0.0483  -0.1296  -0.1707   0.0876
 -0.0049   0.0017  -0.0423  -0.1208  -0.1663   0.0016
 -0.0128   0.0031  -0.0379  -0.1803  -0.1511   0.0255
 -0.0081  -0.0156  -0.0126  -0.1202  -0.1320  -0.0436
 -0.0066   0.0356  -0.0282  -0.1320  -0.1591   0.0738
 -0.0058  -0.0344  -0.0261  -0.1519  -0.1435   0.0108
 -0.0214  -0.0106   0.0061  -0.1010  -0.1181  -0.0048
 -0.0256  -0.0239   0.0335  -0.1475  -0.0947   0.0484
 -0.0125  -0.0606   0.0292  -0.1098  -0.1066  -0.0921
 -0.0192  -0.0130   0.0188  -0.1185  -0.1144   0.0363
 -0.0094  -0.0589   0.0107  -0.1009  -0.1002  -0.0339
 -0.0048  -0.0084  -0.0082  -0.0885  -0.1078  -0.0146
 -0.0045   0.0061   0.0080  -0.1313  -0.1067   0.0757
  0.0034  -0.0485   0.0227  -0.0433  -0.0941  -0.0092
 -0.0044  -0.0327   0.0133  -0.0427  -0.1018   0.0608
 -0.0045  -0.0365   0.0232  -0.0610  -0.1085   0.0378
  0.0015  -0.0123   0.0093  -0.0246  -0.1321  -0.0141
 -0.0022   0.0056   0.0130  -0.0885  -0.1515   0.0508
  0.0044  -0.0386   0.0020  -0.0894  -0.1418  -0.0076
  0.0046  -0.0112   0.0088  -0.0654  -0.1511  -0.0237
  0.0071   0.0137  -0.0104  -0.1555  -0.1641   0.0077
  0.0087  -0.0090  -0.0219  -0.1049  -0.1389  -0.0955
  0.0018   0.0441   0.0030  -0.0554  -0.1330  -0.0008
  0.0003  -0.0008   0.0061  -0.1060  -0.1362   0.0014
 -0.0063  -0.0078   0.0069  -0.0851  -0.1275  -0.0308
 -0.0044   0.0283  -0.0001  -0.0503  -0.1154  -0.0304
 -0.0129   0.0027   0.0004  -0.0796  -0.1060   0.0182
 -0.0092  -0.0223  -0.0052  -0.0552  -0.1004  -0.0630
 -0.0115   0.0123   0.0138  -0.0593  -0.0953  -0.0674
 -0.0050  -0.0027   0.0261  -0.0954  -0.1053  -0.0148
 -0.0056  -0.0303   0.0338  -0.0902  -0.0874  -0.0642
 -0.0072   0.0078   0.0501  -0.0304  -0.0933  -0.0690
 -0.0160  -0.0052   0.0457  -0.0708  -0.0797  -0.0084
 -0.0176  -0.0474   0.0996  -0.0818  -0.0436  -0.0550
 -0.0210  -0.1010   0.1345  -0.0527  -0.0362  -0.1094
 -0.0253  -0.0688   0.1353  -0.0633  -0.0300  -0.0994
 -0.0102  -0.0700   0.0737  -0.0893  -0.0603  -0.0512
  0.0027  -0.1099   0.0198  -0.0277  -0.0626  -0.1414
 -0.0016  -0.0831   0.0125  -0.0470  -0.0844  -0.1155
 -0.0108  -0.0604   0.0244  -0.0983  -0.0907  -0.1033
 -0.0113  -0.0508   0.0447  -0.0959  -0.0661  -0.1555
 -0.0130  -0.0323   0.0285  -0.0406  -0.0677  -0.1546
 -0.0144  -0.0142   0.0248  -0.0784  -0.0607  -0.0722
  0.0016  -0.0446   0.0139  -0.0703  -0.0623  -0.0960
 -0.0005  -0.0417   0.0155  -0.0653  -0.0696  -0.1323
  0.0038   0.0116   0.0273  -0.0487  -0.0682  -0.0837
  0.0034  -0.0119   0.0399  -0.1361  -0.0808  -0.1039
  0.0207  -0.0342   0.0299  -0.0773  -0.0722  -0.1450
  0.0119  -0.0413   0.0209  -0.0821  -0.0746  -0.1696
 -0.0039   0.0263   0.0113  -0.0977  -0.0547  -0.0991
 -0.0094  -0.0494   0.0133  -0.0827  -0.0285  -0.1825
 -0.0280  -0.0136  -0.0064  -0.0101  -0.0453  -0.2404
 -0.0196  -0.0185  -0.0154  -0.0458  -0.0511  -0.1243
 -0.0152   0.0812  -0.0519   0.0606   0.0255  -0.1628
 -0.0041   0.2079  -0.1223   0.1093   0.1153  -0.1886
 -0.0258   0.0892  -0.0944   0.0849   0.0892  -0.2231
 -0.0199   0.1998  -0.1119   0.0070   0.1096  -0.1494
 -0.0058   0.1515  -0.0974  -0.0566   0.1026  -0.2957
 -0.0289   0.0963  -0.0737  -0.1202   0.0232  -0.3740
  0.0041  -0.0122  -0.0449  -0.1693   0.0272  -0.4058
  0.0044  -0.0050  -0.0515  -0.1198   0.0206  -0.4984
 -0.0011   0.0265  -0.0553  -0.0932   0.0288  -0.3696
 -0.0169   0.0083  -0.0187  -0.1364   0.0249  -0.3855
 -0.0036   0.0037  -0.0186  -0.1075   0.0325  -0.4030
 -0.0164  -0.0232   0.0032  -0.1828   0.0240  -0.4470
 -0.0020  -0.0750  -0.0124   0.0296   0.0196  -0.5268
 -0.0136  -0.0185   0.0149  -0.0682   0.0181  -0.4619
  0.0016  -0.1128   0.0058   0.0715   0.0262  -0.5163
 -0.0104  -0.0805  -0.0233  -0.0066   0.0119  -0.4886
  0.0356  -0.0772  -0.0130   0.4276  -0.0223  -0.5331
  0.0349  -0.0152  -0.0139   0.5431  -0.0453  -0.6171
 -0.0315   0.0386  -0.0289  -0.1219  -0.0510  -0.4588
 -0.0365   0.0252  -0.0068   0.0134  -0.0455  -0.5302
 -0.0047   0.0622  -0.0631   0.3186   0.0062  -0.4441
 -0.0241   0.2438  -0.0424   0.3800   0.0453  -0.4290
 -0.0662   0.4319  -0.0101   0.0885   0.0749  -0.2776
 -0.1430   0.4818  -0.0246  -0.6385  -0.0158  -0.1867
 -0.2177   0.4529  -0.1072  -0.2989   0.0613  -0.0711
 -0.2146   0.4752  -0.1049  -0.0577  -0.0033  -0.1114
 -0.1895   0.5074  -0.1064  -0.1863  -0.0234  -0.2116
 -0.2057   0.5759  -0.1548  -0.3156  -0.0287  -0.0809
 -0.1109   0.5470  -0.0436  -0.1326  -0.0705   0.2610
 -0.0278   0.3500  -0.1416  -0.1607   0.0055   0.4420
  0.0178   0.2642  -0.1437  -0.2860   0.0174   0.4491
  0.0194   0.2220   0.0043  -0.4780   0.1521   0.2944
 -0.0356   0.3933  -0.0545  -0.4209   0.0867   0.1071
 -0.1063   0.3267   0.0022  -0.4730   0.1476   0.0669
 -0.1326   0.0869   0.0637  -0.4804   0.1150  -0.2635
 -0.2009  -0.0234   0.0940  -0.6908   0.1793  -0.3269
 -0.1577   0.0940   0.0727  -0.3716   0.0061  -0.3064
 -0.1794   0.2271   0.0564  -0.2074  -0.0364  -0.1162
 -0.0760   0.1548   0.0985  -0.1613  -0.1141  -0.3584
 -0.1606  -0.0438   0.1054  -0.3901   0.0465  -0.3519
 -0.0903  -0.0032   0.0781  -0.3830  -0.1096  -0.3829
 -0.1767   0.0460   0.0762  -0.4285   0.0052   0.0085
  0.1119   0.3714   0.2306   0.1771  -0.1169   0.7510
  0.2469   0.1898   0.0949   0.3160  -0.0039   1.1128
  0.1798  -0.0592  -0.1638  -0.4469   0.3807   0.5400
  0.2390  -0.2672  -0.1483   0.0956   0.2444   0.5033
  0.2213  -0.1676  -0.1342  -0.0588   0.1813   0.2581
  0.2575  -0.0407  -0.2427   0.1040   0.1618   0.2254
  0.1866  -0.0907  -0.2715   0.0039   0.1786   0.2433
  0.2204  -0.0556  -0.2560   0.1027   0.2242   0.1850
  0.2331  -0.0798  -0.2432   0.0879   0.1919   0.2472
  0.2409  -0.0037  -0.2170   0.1479   0.2491   0.3110
  0.2175   0.1544  -0.0735   0.2001   0.4058   0.3215
  0.1986   0.3738   0.0197   1.0616   0.4881   0.3432
  0.1049   0.0290  -0.1291   1.6215   0.5606  -0.1633
 -0.0986   0.1999  -0.1899  -0.2561   0.3618   0.1667
 -0.0596   0.1553  -0.2720  -0.1908   0.3738   0.2454
 -0.1033   0.2532  -0.2418  -0.7915   0.4173   0.6325
 -0.0390   0.0755  -0.2434  -0.0825   0.4138   0.2755
 -0.0242   0.0592  -0.2902   0.5064   0.4993  -0.1634
 -0.0643  -0.1078  -0.2768   0.6696   0.5371  -0.3863
  0.0125  -0.1106  -0.2226   0.5895   0.4942  -0.5894
  0.0377  -0.2633  -0.2139   0.7636   0.4494  -0.6559
 -0.0540  -0.2660  -0.2060   0.8250   0.4324  -0.8581
 -0.1387  -0.3405  -0.1771   0.8798   0.4250  -0.7512
  0.0545  -0.3911  -0.1723   1.0608   0.4357  -0.8892
  0.2398  -0.1794  -0.2466   1.2288   0.3145  -0.9394
  0.0858  -0.2620  -0.2611   1.0504   0.2693  -0.9439
 -0.0328  -0.3087  -0.1704   0.9989   0.3237  -0.9261
 -0.0314  -0.1958  -0.1849   1.0049   0.2731  -0.9027
 -0.1225  -0.1440  -0.1676   0.9911   0.2351  -0.7313
 -0.0643  -0.2433  -0.1658   0.9932   0.1335  -0.7868
 -0.0498  -0.2432  -0.2145   1.2209   0.1263  -0.8375
 -0.0417  -0.2436  -0.2235   1.1805   0.1272  -0.7899
 -0.0404  -0.3289  -0.2504   1.2202   0.1278  -0.8243
 -0.0476  -0.3242  -0.2470   1.1954   0.1186  -0.8974
 -0.0493  -0.2182  -0.2450   1.0742   0.1265  -0.8432
 -0.0416  -0.2765  -0.1838   0.9490   0.1236  -0.9325
 -0.0255  -0.2607  -0.2327   1.0050   0.1084  -0.9351
 -0.0382  -0.2359  -0.2244   0.9794   0.0895  -0.8576
 -0.0377  -0.2233  -0.1696   0.8719   0.0785  -0.8978
 -0.0304  -0.1594  -0.1606   0.8979   0.1013  -0.8992
