 -0.1521  -0.8091   0.0058   0.4757  -0.1113  -0.1700
 -0.1699  -0.9237   0.0178   0.4943  -0.1507  -0.1072
 -0.1625  -0.8815   0.0051   0.5130  -0.1216  -0.1102
 -0.1315  -0.8758  -0.0090   0.4978  -0.1253  -0.1198
 -0.1344  -0.7981   0.0111   0.4063  -0.0990  -0.1465
 -0.1371  -0.7696  -0.0148   0.3958  -0.1106  -0.1431
 -0.1526  -0.7788  -0.0089   0.4198  -0.0899  -0.1239
 -0.1528  -0.7885  -0.0165   0.4109  -0.0940  -0.1146
 -0.1586  -0.8298   0.0101   0.3816  -0.0754  -0.1057
 -0.1751  -0.7849  -0.0122   0.3540  -0.0825  -0.1152
 -0.1776  -0.7358  -0.0218   0.3230  -0.0925  -0.1335
 -0.1600  -0.7144  -0.0128   0.3102  -0.0898  -0.1357
 -0.1626  -0.7107  -0.0214   0.3327  -0.0853  -0.1062
 -0.1662  -0.6836  -0.0151   0.3284  -0.0766  -0.1176
 -0.1591  -0.6479  -0.0328   0.3049  -0.0821  -0.1292
 -0.1441  -0.6144  -0.0436   0.2681  -0.0815  -0.1432
 -0.1563  -0.6067  -0.0474   0.2747  -0.0695  -0.1358
 -0.1693  -0.5975  -0.0372   0.2791  -0.0777  -0.1178
 -0.1642  -0.5966  -0.0347   0.2763  -0.0742  -0.1143
 -0.1621  -0.5951  -0.0370   0.2664  -0.0746  -0.1221
 -0.1630  -0.5882  -0.0359   0.2789  -0.0724  -0.1243
 -0.1542  -0.5433  -0.0191   0.2319  -0.0657  -0.1410
 -0.1475  -0.5327  -0.0154   0.2349  -0.0589  -0.1270
 -0.1354  -0.5288  -0.0005   0.2451  -0.0447  -0.1143
 -0.0977  -0.5246   0.0051   0.2743  -0.0364  -0.1119
 -0.1242  -0.5451   0.0085   0.2636  -0.0450  -0.1170
 -0.1229  -0.4896   0.0049   0.2460  -0.0694  -0.1156
 -0.1085  -0.4453   0.0106   0.3082  -0.0574  -0.1266
 -0.1058  -0.4400   0.0155   0.3433  -0.0454  -0.1239
 -0.0934  -0.4057   0.0328   0.3032  -0.0384  -0.1352
 -0.0962  -0.3886   0.0169   0.2943  -0.0502  -0.1341
 -0.1008  -0.3671   0.0673   0.2968  -0.0345  -0.1435
 -0.0989  -0.3889   0.0424   0.2916  -0.0239  -0.1349
 -0.0846  -0.4171  -0.0052   0.3098  -0.0322  -0.1327
 -0.0804  -0.4136   0.0101   0.2948  -0.0162  -0.1377
 -0.0841  -0.3872   0.0009   0.3082  -0.0204  -0.1259
 -0.0836  -0.3839   0.0131   0.2953  -0.0180  -0.1250
 -0.0958  -0.3884   0.0014   0.3102  -0.0292  -0.1089
 -0.0883  -0.3962   0.0097   0.3029  -0.0229  -0.1004
 -0.0872  -0.3811   0.0093   0.2588  -0.0282  -0.1146
 -0.0764  -0.3766   0.0068   0.2823  -0.0167  -0.1128
 -0.0735  -0.3512   0.0027   0.2496  -0.0217  -0.1254
 -0.0661  -0.3567   0.0055   0.2525  -0.0137  -0.1169
 -0.0710  -0.3497   0.0028   0.2376  -0.0143  -0.1069
 -0.0702  -0.3504   0.0120   0.2421  -0.0072  -0.1083
 -0.0673  -0.3493   0.0141   0.2420  -0.0072  -0.0919
 -0.0742  -0.3672   0.0234   0.2555  -0.0019  -0.0721
 -0.0809  -0.3724   0.0262   0.2360  -0.0040  -0.0742
 -0.0795  -0.3817   0.0217   0.2374  -0.0022  -0.0721
 -0.0685  -0.3637   0.0114   0.2038   0.0001  -0.0857
 -0.0577  -0.3762   0.0151   0.2614  -0.0016  -0.0560
 -0.0571  -0.3185   0.0046   0.3096  -0.0023  -0.0181
 -0.0629  -0.2548   0.0006   0.2183  -0.0128  -0.0577
 -0.0681  -0.3010  -0.0229   0.1443  -0.0059  -0.0842
 -0.0647  -0.2867   0.0075   0.1390  -0.0018  -0.0795
 -0.0315  -0.2938   0.0267   0.1827   0.0039  -0.0621
 -0.0269  -0.3247   0.0282   0.1714   0.0070  -0.0424
 -0.0309  -0.3053   0.0310   0.1798   0.0077  -0.0542
 -0.0227  -0.2672   0.0181   0.1467   0.0070  -0.0613
 -0.0064  -0.2630   0.0339   0.0902   0.0114  -0.0690
 -0.0128  -0.2438   0.0236   0.1038  -0.0075  -0.0603
 -0.0185  -0.2325   0.0225   0.1438  -0.0015  -0.0350
 -0.0184  -0.2345   0.0166   0.1637  -0.0085  -0.0274
 -0.0041  -0.2294   0.0150   0.1537  -0.0048  -0.0386
  0.0063  -0.2104   0.0162   0.1421   0.0016  -0.0365
  0.0077  -0.1714   0.0174   0.1150   0.0022  -0.0461
  0.0112  -0.1375   0.0200   0.1232   0.0108  -0.0117
  0.0203  -0.1257   0.0170   0.1403   0.0155  -0.0098
  0.0179  -0.1073   0.0185   0.1264   0.0198  -0.0350
  0.0185  -0.0830   0.0059   0.1177   0.0202  -0.0331
  0.0162  -0.0637   0.0139   0.1219   0.0253  -0.0340
  0.0175  -0.0587   0.0096   0.1441   0.0172  -0.0194
  0.0311  -0.0403   0.0046   0.1329   0.0223  -0.0284
  0.0329  -0.0219   0.0018   0.1148   0.0306  -0.0345
  0.0410  -0.0111   0.0017   0.0986   0.0284  -0.0395
  0.0402  -0.0047   0.0053   0.1019   0.0225  -0.0218
  0.0438   0.0002   0.0044   0.1177   0.0210  -0.0107
  0.0483   0.0156  -0.0016   0.1174   0.0191  -0.0124
  0.0387   0.0415  -0.0073   0.0915   0.0100  -0.0282
  0.0452   0.0389  -0.0089   0.1065   0.0224  -0.0205
  0.0487   0.0546  -0.0104   0.1055   0.0212  -0.0250
  0.0494   0.0838  -0.0059   0.0831   0.0225  -0.0305
  0.0476   0.1089  -0.0064   0.0984   0.0288  -0.0343
  0.0424   0.1028  -0.0037   0.0976   0.0215  -0.0113
  0.0451   0.0890   0.0033   0.1247   0.0248   0.0019
  0.0512   0.0974   0.0075   0.1083   0.0275  -0.0094
  0.0549   0.1283   0.0127   0.0826   0.0346  -0.0091
  0.0529   0.1424   0.0128   0.0903   0.0356   0.0113
  0.0484   0.1508   0.0075   0.1202   0.0290   0.0233
  0.0562   0.1620   0.0085   0.1034   0.0243   0.0173
  0.0520   0.2654   0.0399   0.0964   0.0426  -0.0185
  0.0546   0.3709   0.0480   0.0964   0.0471  -0.0485
  0.0695   0.4072   0.0517   0.0586   0.0402  -0.0688
  0.0551   0.4168   0.0486   0.0801   0.0307  -0.0469
  0.0533   0.4148   0.0519   0.0919   0.0210  -0.0234
  0.0643   0.4222   0.0609   0.1175   0.0312  -0.0111
  0.0595   0.4331   0.0418   0.0875   0.0247  -0.0131
  0.0621   0.4842   0.0448   0.0630   0.0219  -0.0385
  0.0714   0.5060   0.0607   0.0619   0.0340  -0.0430
  0.0593   0.4927   0.0581   0.0541   0.0284  -0.0287
  0.0575   0.5069   0.0491   0.0419   0.0157  -0.0185
  0.0667   0.5119   0.0490   0.0810   0.0266  -0.0086
  0.0760   0.5285   0.0546   0.0901   0.0246  -0.0212
  0.0625   0.5713   0.0351   0.0392   0.0266  -0.0357
  0.0655   0.5958   0.0314   0.0186   0.0208  -0.0404
  0.0525   0.5518   0.0497   0.0333   0.0327  -0.0124
  0.0660   0.5611   0.0473   0.0405   0.0399  -0.0149
  0.0402   0.5658   0.0332  -0.0263   0.0526  -0.0050
  0.0133   0.5395   0.0288  -0.1366   0.0393   0.0197
  0.0181   0.5709   0.0392  -0.1686   0.0249   0.0259
  0.0085   0.5949   0.0415  -0.1399   0.0216   0.0341
  0.0035   0.5951   0.0418  -0.1782   0.0126   0.0350
  0.0441   0.6909   0.0465  -0.2185   0.0200  -0.0033
  0.0458   0.6924   0.0249  -0.2807   0.0162   0.0204
  0.0361   0.6615   0.0125  -0.4184   0.0208   0.0534
  0.0695   0.6813   0.0591  -0.4331   0.0224   0.0091
  0.0656   0.6760   0.0494  -0.4700   0.0204   0.0184
  0.0728   0.7184   0.0500  -0.4620   0.0154   0.0148
  0.0668   0.7173   0.0364  -0.4891   0.0163   0.0413
  0.0955   0.7372   0.0432  -0.4921   0.0126   0.0503
  0.0511   0.7273  -0.0100  -0.5661   0.0337   0.0567
  0.0687   0.7202   0.0540  -0.5545   0.0823   0.0679
  0.0939   0.7254   0.0558  -0.4789   0.0631   0.0740
  0.1103   0.6604   0.0773  -0.4792   0.0945   0.1061
  0.1102   0.6221   0.0589  -0.4557   0.0700   0.1095
  0.1202   0.6100   0.0688  -0.4473   0.0918   0.1088
  0.1312   0.6462   0.0390  -0.4992   0.0638   0.0977
  0.1826   0.6308   0.0322  -0.4659   0.0815   0.1149
  0.1688   0.6204   0.0732  -0.5189   0.0997   0.1253
  0.1518   0.5650   0.0882  -0.4999   0.1016   0.1624
  0.1089   0.5544   0.0775  -0.4701   0.0535   0.1728
  0.1507   0.5925   0.0593  -0.3495   0.1357   0.1479
  0.1148   0.7066  -0.1133  -0.2979   0.0935   0.1175
  0.0874   0.6596  -0.1811  -0.5151   0.0080   0.1816
  0.1055   0.6021  -0.1536  -0.4488   0.0163   0.1770
  0.1304   0.5660  -0.1849  -0.5342   0.0370   0.3248
  0.1834   0.6416  -0.2005  -0.6290   0.0933   0.4291
  0.1344   0.4095  -0.1712  -0.7487   0.0509   0.3640
  0.1172   0.3420  -0.1315  -0.6781   0.0359   0.3256
  0.0915   0.3621  -0.1494  -0.6307  -0.0043   0.2984
  0.0950   0.2943  -0.1199  -0.6777  -0.0180   0.3050
  0.0929   0.3099  -0.1456  -0.6841  -0.0303   0.3069
  0.0987   0.2706  -0.1371  -0.6629  -0.0302   0.3329
  0.0967   0.2456  -0.1406  -0.6591  -0.0367   0.3473
  0.1097   0.2437  -0.1258  -0.6521  -0.0267   0.3618
  0.1132   0.2299  -0.1223  -0.6276  -0.0192   0.3690
  0.1098   0.2480  -0.1254  -0.6350  -0.0161   0.3523
  0.1280   0.2408  -0.1326  -0.6386  -0.0039   0.3549
  0.1492   0.2254  -0.1049  -0.6831   0.0274   0.3554
  0.1219   0.1895  -0.0713  -0.7156   0.0240   0.3576
  0.1251   0.2035  -0.0560  -0.6777   0.0349   0.3807
  0.1356   0.1308  -0.0886  -0.6707   0.0172   0.4057
