 -0.0190   0.0128  -0.1094   0.5529   0.0281   0.2992
 -0.0220  -0.0342  -0.1013   0.5571   0.0186   0.3316
 -0.0224  -0.0318  -0.1050   0.6109   0.0173   0.3980
 -0.0246  -0.0464  -0.1100   0.6115   0.0140   0.3739
 -0.0229  -0.0723  -0.1231   0.6342   0.0155   0.3560
 -0.0309  -0.0926  -0.1269   0.6532   0.0120   0.3658
 -0.0270  -0.0851  -0.1617   0.6541   0.0200   0.3634
 -0.0291  -0.1160  -0.1558   0.6792   0.0129   0.3399
 -0.0277  -0.1460  -0.1561   0.7071   0.0130   0.3823
 -0.0250  -0.1362  -0.1574   0.6853   0.0122   0.4053
 -0.0214  -0.1300  -0.1653   0.7387   0.0133   0.4131
 -0.0212  -0.1601  -0.1599   0.7807   0.0124   0.4030
 -0.0181  -0.1151  -0.1636   0.7320   0.0128   0.4382
 -0.0199  -0.1138  -0.1446   0.6962   0.0145   0.3798
 -0.0187  -0.1467  -0.1369   0.7158   0.0001   0.4226
 -0.0145  -0.0907  -0.1201   0.6126  -0.0009   0.3887
  0.0077  -0.0554  -0.0472   0.2952   0.0320   0.2248
 -0.0138  -0.1449  -0.1025   0.5626   0.0203   0.2900
 -0.0273  -0.1255  -0.1259   0.6505   0.0234   0.3438
 -0.0338  -0.1024  -0.1360   0.6640   0.0267   0.3441
 -0.0318  -0.1066  -0.1512   0.7167   0.0262   0.3429
 -0.0312  -0.1187  -0.1339   0.6377   0.0182   0.3755
 -0.0228  -0.1057  -0.1495   0.6378   0.0183   0.3712
 -0.0218  -0.1148  -0.1500   0.6773   0.0309   0.3513
 -0.0239  -0.1504  -0.1606   0.7254   0.0233   0.3783
 -0.0217  -0.1421  -0.1601   0.7500   0.0159   0.4099
 -0.0228  -0.1138  -0.1735   0.7898   0.0244   0.3537
 -0.0234  -0.0935  -0.1743   0.8148   0.0257   0.3558
 -0.0171  -0.0826  -0.1366   0.5021   0.0336   0.2785
 -0.0209  -0.0777  -0.1284   0.5533   0.0160   0.3258
 -0.0231  -0.0681  -0.1626   0.6775   0.0256   0.3328
 -0.0214  -0.0669  -0.1386   0.6169   0.0204   0.3176
 -0.0228  -0.0618  -0.1182   0.5486   0.0086   0.3167
 -0.0088  -0.0527  -0.0720   0.3198   0.0231   0.2358
 -0.0122  -0.1322  -0.0996   0.5345   0.0139   0.2933
 -0.0006  -0.0731  -0.0838   0.4187   0.0206   0.3110
 -0.0190  -0.1066  -0.1029   0.5603   0.0259   0.2792
 -0.0205  -0.1086  -0.1166   0.5740   0.0184   0.3338
 -0.0190  -0.0698  -0.1324   0.5575   0.0226   0.3029
 -0.0162  -0.0850  -0.1289   0.6027   0.0229   0.2954
 -0.0246  -0.1160  -0.1481   0.6852   0.0121   0.3598
 -0.0223  -0.0639  -0.1258   0.5995   0.0168   0.3472
 -0.0146  -0.0603  -0.1104   0.5649   0.0383   0.2814
 -0.0118  -0.0769  -0.0788   0.4206   0.0108   0.3004
 -0.0186  -0.1057  -0.0973   0.5855  -0.0135   0.3051
 -0.0141  -0.1163  -0.0987   0.5523   0.0022   0.3422
  0.0053  -0.0310  -0.0468   0.1324   0.0470   0.1339
 -0.0047  -0.1139  -0.0825   0.4025   0.0334   0.1672
 -0.0096  -0.1060  -0.1120   0.5312   0.0149   0.2216
 -0.0065  -0.0198  -0.1251   0.6133   0.0192   0.2259
 -0.0254  -0.0214  -0.1300   0.6885   0.0119   0.2739
 -0.0115  -0.0692  -0.0783   0.4606   0.0046   0.3345
 -0.0036   0.0296  -0.0095   0.0157   0.0087   0.0495
 -0.0100  -0.0750  -0.0142   0.2098   0.0014   0.0742
 -0.0079  -0.0289  -0.0559   0.3558   0.0191   0.1117
 -0.0125   0.1274  -0.0951   0.5620   0.0299   0.1283
 -0.0181  -0.0049  -0.1177   0.6015   0.0262   0.2706
 -0.0199   0.0368  -0.1176   0.5954   0.0274   0.2720
 -0.0677   0.3120  -0.1538   0.8213   0.0343   0.1797
 -0.0893   0.3982  -0.1472   0.8983   0.0262   0.2605
 -0.0416   0.2537  -0.1485   0.7637   0.0244   0.3464
 -0.0382   0.1709  -0.1360   0.6549   0.0277   0.2707
 -0.0112  -0.0444  -0.0667   0.4147   0.0083   0.3128
 -0.0014  -0.0163  -0.0604   0.4146   0.0238   0.2260
 -0.0097  -0.0442  -0.0767   0.4630   0.0217   0.2415
 -0.0099  -0.0583  -0.0478   0.4065   0.0078   0.2739
 -0.0105  -0.0593  -0.1027   0.5120   0.0174   0.2566
 -0.0126   0.0160  -0.0340   0.1637   0.0148   0.0803
 -0.0084  -0.0395   0.0057   0.0774  -0.0115   0.1195
 -0.0201   0.0172   0.0053   0.0446  -0.0116  -0.0141
 -0.0129  -0.0782  -0.0141   0.1635  -0.0134   0.1095
 -0.0080   0.0312   0.0146  -0.0936   0.0100  -0.0331
 -0.0174  -0.0898  -0.0450   0.2265   0.0141   0.0804
  0.0031  -0.0444  -0.0217   0.0251   0.0223   0.0524
  0.0045  -0.0149  -0.0314   0.0080   0.0408  -0.0053
  0.0005  -0.0701  -0.0296   0.0789   0.0217   0.0652
  0.0032  -0.0128  -0.0212  -0.0534   0.0297  -0.0285
  0.0044  -0.0910  -0.0319   0.1472   0.0235   0.0346
  0.0112  -0.0595  -0.0271   0.0504   0.0284   0.0790
  0.0073  -0.0278  -0.0161  -0.0530   0.0346  -0.0024
  0.0114  -0.0222  -0.0278   0.0063   0.0404  -0.0218
  0.0107  -0.0465  -0.0241   0.0394   0.0222   0.0283
  0.0098  -0.0005   0.0092  -0.1317   0.0093  -0.0193
  0.0042  -0.0528  -0.0388   0.0807   0.0233   0.0059
 -0.0012  -0.0996  -0.0288   0.1286  -0.0004   0.0734
  0.0066  -0.0428  -0.0079  -0.0651  -0.0018   0.0119
 -0.0068  -0.0086  -0.0104  -0.0396  -0.0079  -0.0469
  0.0051  -0.0890  -0.0055   0.1079  -0.0054   0.0615
  0.0043   0.0150  -0.0039  -0.1042   0.0066  -0.0188
  0.0011  -0.0162  -0.0059   0.0012   0.0006  -0.0269
 -0.0002   0.0056   0.0171  -0.1203  -0.0061  -0.0268
 -0.0001  -0.0025  -0.0045   0.0392   0.0029  -0.0714
 -0.0058  -0.0112  -0.0096   0.1223  -0.0035  -0.0004
 -0.0344   0.0271  -0.0125   0.0633   0.0228   0.0398
 -0.0775   0.0273  -0.0137   0.1385   0.0296  -0.0212
 -0.0076  -0.0003  -0.0068   0.0317   0.0115   0.0656
 -0.0013   0.0555  -0.0159  -0.0630   0.0089  -0.0575
 -0.0011   0.0080   0.0021  -0.0539  -0.0014  -0.0311
  0.0081  -0.0169   0.0032  -0.0102  -0.0095   0.0260
  0.0073   0.0045   0.0117  -0.0501  -0.0074  -0.0011
  0.0091   0.0259   0.0149  -0.1394  -0.0084  -0.0612
  0.0070  -0.0064   0.0189  -0.1015  -0.0220  -0.0262
  0.0045   0.0170   0.0123  -0.1284  -0.0216  -0.0449
 -0.0013  -0.0004   0.0101  -0.0744  -0.0095  -0.0611
  0.0015  -0.0248   0.0035  -0.0569  -0.0198  -0.0006
  0.0087  -0.0034   0.0075  -0.1031  -0.0107  -0.0700
  0.0043   0.0012   0.0128  -0.1266  -0.0142  -0.0769
 -0.0046  -0.0525   0.0062  -0.0052  -0.0184  -0.0421
 -0.0083   0.0519   0.0034  -0.1292  -0.0035  -0.0760
  0.0031  -0.0196   0.0043  -0.0739  -0.0191  -0.0383
 -0.0012   0.0006   0.0172  -0.1278  -0.0256  -0.0464
  0.0065   0.0199   0.0097  -0.1758   0.0256  -0.0984
  0.0125   0.0255   0.0088  -0.1782   0.0171  -0.1183
  0.0096  -0.0298   0.0236  -0.1103  -0.0058  -0.0387
  0.0083   0.0307   0.0159  -0.1418  -0.0060  -0.0820
  0.0098  -0.0189   0.0148  -0.1101  -0.0117  -0.0328
  0.0064   0.0309   0.0147  -0.1693  -0.0001  -0.0927
  0.0052  -0.0493   0.0208  -0.0467  -0.0156  -0.0370
  0.0077   0.0270   0.0138  -0.1718  -0.0047  -0.0590
  0.0023  -0.0468   0.0112  -0.0287  -0.0139  -0.0571
  0.0045  -0.0003   0.0190  -0.1526  -0.0065  -0.0304
  0.0058   0.0454   0.0300  -0.2170   0.0007  -0.1256
  0.0062  -0.0219   0.0193  -0.0842  -0.0069  -0.0612
  0.0043   0.0160   0.0149  -0.1701  -0.0145  -0.0462
 -0.0052   0.0255   0.0387  -0.1249  -0.0525  -0.0790
  0.0014  -0.0306   0.0329  -0.0417  -0.0401  -0.0083
  0.0005   0.0307   0.0432  -0.1757  -0.0445  -0.0655
  0.0062   0.0008   0.0337  -0.1002  -0.0261  -0.0714
  0.0092   0.0021   0.0367  -0.1500  -0.0169  -0.0623
  0.0077   0.0087   0.0284  -0.1690  -0.0187  -0.0705
  0.0090   0.0676   0.0412  -0.2743  -0.0038  -0.1758
  0.0097   0.0429   0.0424  -0.2820  -0.0052  -0.1541
  0.0044   0.0049   0.0333  -0.1894  -0.0201  -0.1015
  0.0090   0.0336   0.0313  -0.2307  -0.0112  -0.1193
  0.0102   0.0350   0.0326  -0.2111  -0.0088  -0.1357
  0.0115  -0.0123   0.0376  -0.1760  -0.0146  -0.0714
  0.0127   0.0493   0.0330  -0.2543  -0.0085  -0.1306
  0.0120   0.0204   0.0455  -0.2477  -0.0127  -0.1511
  0.0112   0.0250   0.0381  -0.2855  -0.0123  -0.1326
  0.0121   0.0105   0.0486  -0.2450  -0.0098  -0.1169
  0.0053   0.0651   0.0561  -0.3157  -0.0024  -0.1723
  0.0037  -0.0095   0.0436  -0.1883  -0.0137  -0.1010
  0.0061   0.0978   0.0541  -0.3700   0.0048  -0.1740
 -0.0002   0.0176   0.0494  -0.2082  -0.0169  -0.1317
  0.0006   0.0386   0.0585  -0.2771  -0.0180  -0.1224
  0.0063   0.0532   0.0475  -0.2766  -0.0039  -0.1656
  0.0029  -0.0297   0.0483  -0.1414  -0.0180  -0.0773
  0.0094   0.0688   0.0506  -0.3070  -0.0001  -0.1373
  0.0086   0.0138   0.0493  -0.2117  -0.0121  -0.1457
  0.0062   0.0466   0.0503  -0.2834  -0.0132  -0.1093
  0.0082   0.0360   0.0546  -0.2454  -0.0109  -0.1696
  0.0090   0.0222   0.0517  -0.2325  -0.0140  -0.1047
  0.0102   0.0742   0.0514  -0.3116  -0.0052  -0.1730
  0.0126  -0.0074   0.0517  -0.1759  -0.0167  -0.1132
  0.0128   0.0866   0.0537  -0.3279  -0.0053  -0.1296
  0.0064  -0.0101   0.0518  -0.1677  -0.0161  -0.1224
  0.0074   0.0747   0.0558  -0.3305  -0.0042  -0.1385
  0.0099  -0.0288   0.0539  -0.1424  -0.0082  -0.1139
  0.0068   0.0532   0.0529  -0.3075  -0.0000  -0.1235
  0.0071   0.0187   0.0518  -0.2112  -0.0012  -0.1594
  0.0061   0.0509   0.0522  -0.2725  -0.0026  -0.1089
  0.0092   0.0637   0.0569  -0.2697  -0.0031  -0.1865
  0.0115   0.0007   0.0489  -0.1621  -0.0152  -0.0887
  0.0076   0.0789   0.0545  -0.3035  -0.0064  -0.1257
  0.0110   0.0172   0.0569  -0.1946  -0.0150  -0.1331
  0.0079  -0.0081   0.0417  -0.1466  -0.0273  -0.0308
  0.0105  -0.0633   0.0230  -0.0180  -0.0338  -0.0516
  0.0131   0.0362   0.0426  -0.2548  -0.0121  -0.0890
  0.0002   0.0523   0.0371  -0.2810   0.0073  -0.1769
  0.0001  -0.0176   0.0354  -0.1613  -0.0143  -0.0814
  0.0040   0.0910   0.0424  -0.3462   0.0022  -0.1689
  0.0089   0.0215   0.0440  -0.2259  -0.0102  -0.1445
  0.0015   0.0544   0.0509  -0.3183  -0.0319  -0.1398
  0.0037   0.0195   0.0790  -0.1915  -0.0578  -0.1432
  0.0043   0.0203   0.0627  -0.2325  -0.0473  -0.0785
  0.0125   0.0869   0.0534  -0.3531  -0.0157  -0.1855
  0.0094   0.0246   0.0594  -0.2674  -0.0231  -0.1745
  0.0113   0.0343   0.0548  -0.3073  -0.0117  -0.1690
  0.0089   0.0516   0.0536  -0.3774  -0.0099  -0.1597
  0.0117   0.0325   0.0538  -0.3218  -0.0168  -0.1542
  0.0125   0.0435   0.0631  -0.3041  -0.0091  -0.1788
  0.0095   0.0359   0.0575  -0.3083  -0.0115  -0.1384
  0.0085   0.0609   0.0635  -0.3028  -0.0120  -0.1795
  0.0058  -0.0032   0.0583  -0.2241  -0.0245  -0.1074
  0.0102   0.0581   0.0585  -0.3086  -0.0104  -0.1591
  0.0122  -0.0010   0.0538  -0.2125  -0.0193  -0.1265
  0.0093   0.0599   0.0579  -0.3292  -0.0090  -0.1411
  0.0085   0.0317   0.0542  -0.2542  -0.0116  -0.1675
  0.0092   0.0095   0.0530  -0.2370  -0.0197  -0.1025
  0.0079   0.0637   0.0567  -0.3186  -0.0160  -0.1790
  0.0053   0.0000   0.0549  -0.2168  -0.0279  -0.1264
  0.0023   0.0600   0.0619  -0.3573  -0.0175  -0.1536
  0.0068   0.0287   0.0605  -0.2677  -0.0156  -0.1845
  0.0105   0.0376   0.0566  -0.3001  -0.0119  -0.1182
  0.0155   0.0785   0.0610  -0.3359   0.0041  -0.1960
  0.0184   0.0292   0.0540  -0.2504  -0.0081  -0.1481
  0.0134   0.0524   0.0608  -0.3346  -0.0113  -0.1570
  0.0177   0.0801   0.0674  -0.3593  -0.0048  -0.2174
  0.0146   0.0168   0.0644  -0.2668  -0.0165  -0.1474
  0.0176   0.0927   0.0606  -0.4058  -0.0016  -0.1950
  0.0155   0.0187   0.0611  -0.2467  -0.0194  -0.1749
  0.0110   0.0703   0.0645  -0.3703  -0.0144  -0.1587
  0.0109   0.0332   0.0605  -0.2706  -0.0155  -0.1819
  0.0099   0.0200   0.0551  -0.2916  -0.0185  -0.1373
  0.0129   0.0762   0.0516  -0.3550  -0.0118  -0.1942
  0.0105  -0.0081   0.0641  -0.2257  -0.0261  -0.1456
  0.0131   0.0540   0.0493  -0.3261  -0.0185  -0.1332
  0.0127   0.0094   0.0629  -0.2419  -0.0226  -0.1703
  0.0133   0.0083   0.0525  -0.2719  -0.0169  -0.1059
  0.0131   0.0926   0.0439  -0.3697   0.0016  -0.1939
  0.0084  -0.0293   0.0566  -0.1735  -0.0153  -0.1481
  0.0063   0.0830   0.0599  -0.3549  -0.0077  -0.1369
  0.0124   0.0505   0.0557  -0.2253  -0.0049  -0.1771
  0.0090   0.0737   0.0514  -0.3002  -0.0046  -0.1454
  0.0083   0.0435   0.0517  -0.2006  -0.0122  -0.1542
  0.0118   0.0508   0.0528  -0.2662  -0.0092  -0.1112
  0.0047   0.0636   0.0556  -0.2906  -0.0065  -0.1768
  0.0095   0.0202   0.0501  -0.2127  -0.0188  -0.1165
  0.0079   0.0557   0.0595  -0.3015  -0.0126  -0.1499
  0.0175   0.0424   0.0574  -0.2625  -0.0109  -0.1842
  0.0109   0.0246   0.0519  -0.2600  -0.0168  -0.1210
  0.0134   0.0947   0.0625  -0.3752   0.0013  -0.2051
  0.0107   0.0001   0.0628  -0.2094  -0.0207  -0.1302
  0.0105   0.0725   0.0621  -0.3640  -0.0131  -0.1604
  0.0167   0.0216   0.0587  -0.2492  -0.0107  -0.1718
  0.0118   0.0601   0.0661  -0.3807  -0.0056  -0.1701
  0.0110   0.0257   0.0579  -0.2602  -0.0061  -0.1907
  0.0142   0.0321   0.0549  -0.2950  -0.0021  -0.1198
  0.0133   0.0591   0.0590  -0.3103   0.0018  -0.1923
  0.0151   0.0094   0.0581  -0.2406  -0.0058  -0.1169
  0.0172   0.0700   0.0610  -0.3516   0.0018  -0.1592
  0.0200   0.0720   0.0621  -0.3331   0.0027  -0.2020
  0.0169   0.0346   0.0611  -0.3022  -0.0125  -0.1242
  0.0196   0.1049   0.0566  -0.3878  -0.0015  -0.2067
  0.0143   0.0243   0.0621  -0.2712  -0.0149  -0.1778
  0.0146   0.0318   0.0577  -0.2852  -0.0135  -0.1438
  0.0163   0.1150   0.0630  -0.4459  -0.0021  -0.2026
  0.0166   0.0272   0.0600  -0.2677  -0.0109  -0.1902
  0.0168   0.0675   0.0589  -0.3491  -0.0134  -0.1579
  0.0130   0.0754   0.0739  -0.3671  -0.0044  -0.2277
  0.0136   0.0791   0.0671  -0.4158   0.0001  -0.2292
  0.0157   0.0807   0.0679  -0.4030   0.0004  -0.2339
  0.0171   0.0626   0.0658  -0.3507  -0.0012  -0.1989
  0.0172   0.0775   0.0588  -0.4079   0.0005  -0.1850
  0.0195   0.0893   0.0605  -0.3823   0.0066  -0.2361
  0.0161   0.0619   0.0590  -0.3513  -0.0059  -0.1760
  0.0149   0.1299   0.0734  -0.4879   0.0011  -0.2764
  0.0203   0.0132   0.0687  -0.2729  -0.0120  -0.1522
  0.0207   0.1050   0.0751  -0.4222   0.0071  -0.2085
  0.0235   0.0014   0.0616  -0.2359  -0.0067  -0.1566
  0.0154   0.0856   0.0664  -0.4017  -0.0065  -0.1927
