 -0.1654  -0.0216   0.1109  -1.1272  -0.2021   0.5601
 -0.1318  -0.8166   0.3526  -0.9939  -0.0131   0.6190
 -0.0577   1.6349  -0.3771  -1.3829  -0.3533  -0.0443
 -0.0704   1.8088  -0.3392  -1.3297  -0.3680  -0.0329
 -0.1097   0.7263  -0.2692  -1.4714  -0.2976   0.1951
 -0.1555   0.9062  -0.1922  -1.6614  -0.2698   0.1175
 -0.1372   0.6568  -0.1207  -1.7510  -0.2281   0.1552
 -0.1478   0.7319  -0.1361  -1.7169  -0.2133   0.2065
 -0.1424   0.5284  -0.1446  -1.5808  -0.2243   0.2666
 -0.1358   0.6417  -0.1294  -1.5755  -0.2022   0.1951
 -0.1437   0.4553  -0.1669  -1.4368  -0.2019   0.3262
 -0.1335   0.4776  -0.1452  -1.2816  -0.2078   0.3064
 -0.1574   0.4928  -0.1214  -1.4557  -0.2038   0.2578
 -0.1564   0.4825  -0.1745  -1.4804  -0.1931   0.3141
 -0.1832   0.4634  -0.0999  -1.2927  -0.1899   0.2985
 -0.1641   0.3599  -0.0869  -0.9936  -0.1981   0.3982
 -0.1291   0.2839  -0.0969  -0.9605  -0.2034   0.3387
 -0.1387   0.2927  -0.0661  -0.9092  -0.2000   0.3553
 -0.1487   0.3180  -0.1473  -0.9848  -0.2236   0.3419
 -0.1412   0.3430  -0.1822  -0.8759  -0.2506   0.3535
 -0.1226   0.3230  -0.1319  -0.9538  -0.2309   0.3320
 -0.1058   0.2951  -0.1172  -0.8092  -0.2370   0.3875
 -0.1268   0.2531  -0.0817  -0.9025  -0.2228   0.3261
 -0.1302   0.2154  -0.0672  -0.8364  -0.2336   0.3749
 -0.1079   0.1775  -0.0556  -0.8448  -0.2045   0.4038
 -0.1082   0.2307  -0.1014  -0.9445  -0.2159   0.3695
 -0.1131   0.2013  -0.1110  -0.8818  -0.2086   0.4036
 -0.1326   0.2898  -0.0913  -0.9569  -0.2170   0.3255
 -0.1224   0.2462  -0.0966  -0.9179  -0.2023   0.4061
 -0.1171   0.2214  -0.0895  -0.8317  -0.2053   0.4025
 -0.1152   0.2442  -0.0933  -0.9165  -0.1807   0.3602
 -0.1229   0.1937  -0.0653  -0.9356  -0.2123   0.3779
 -0.1331   0.2023  -0.0383  -1.0521  -0.1945   0.3169
 -0.1223   0.2714  -0.1580  -0.9462  -0.3172   0.4404
 -0.1298   0.3895  -0.1575  -0.9474  -0.2951   0.4070
 -0.1563   0.3308  -0.0560  -1.0386  -0.1874   0.3178
 -0.1413   0.2814  -0.1038  -1.3516  -0.1857   0.2945
 -0.1573   0.2567  -0.1008  -1.3082  -0.1730   0.3721
 -0.1295   0.2255  -0.0773  -1.0562  -0.1717   0.3651
 -0.1562   0.2235  -0.0483  -0.9910  -0.1778   0.4074
 -0.1546   0.1672  -0.0491  -0.8748  -0.1855   0.4044
 -0.1536   0.2089  -0.0470  -0.8879  -0.1908   0.4104
 -0.1545   0.2254  -0.0372  -0.9148  -0.1896   0.3510
 -0.1559   0.2098  -0.0468  -0.8810  -0.1933   0.3905
 -0.1441   0.2047  -0.0277  -0.8385  -0.1905   0.3949
 -0.1488   0.1842  -0.0305  -0.7948  -0.1894   0.4277
 -0.1490   0.1922  -0.0363  -0.7640  -0.1881   0.4168
 -0.1502   0.2041  -0.0192  -0.7824  -0.1956   0.3896
 -0.1498   0.1931  -0.0407  -0.7207  -0.1875   0.4247
 -0.1285   0.2486  -0.0271  -0.8300  -0.1624   0.3875
 -0.1071   0.3582  -0.0910  -0.9466  -0.1390   0.4019
 -0.1420   0.1843  -0.0828  -0.9851  -0.2113   0.3705
 -0.1232   0.0565  -0.0831  -0.8253  -0.1269   0.4845
 -0.1303   0.0608  -0.0848  -0.8926  -0.2006   0.5231
 -0.0607   0.1948  -0.0528  -0.8976   0.0867  -0.0532
  0.0289   0.1575   0.2242  -0.0477   0.1307  -1.3169
 -0.0661   0.3822   0.0204  -0.4590  -0.1494  -0.7455
  0.0307   0.2245   0.0959   0.1120  -0.1110   0.0908
  0.0453   0.2186   0.1424   0.1828  -0.1456   0.1305
 -0.0331   0.1693   0.0903  -0.3401  -0.1330   0.1053
 -0.0276   0.1470   0.0526  -0.2161  -0.1656   0.2171
 -0.0388   0.0567   0.0823  -0.1035  -0.1081   0.2275
 -0.0748   0.2350  -0.0097   0.1349  -0.1901   0.2080
 -0.1225   0.9344  -0.1272  -0.8281  -0.2655  -0.0763
 -0.1022   0.6761  -0.1449  -0.7757  -0.2709   0.1196
 -0.0515   0.3596  -0.1803  -0.1195  -0.2663   0.1808
 -0.0718   0.4555  -0.1909  -0.3159  -0.2638   0.1042
 -0.1008   0.4728  -0.1829  -0.2929  -0.2614   0.1164
 -0.0953   0.4751  -0.1708  -0.3210  -0.2526   0.0990
 -0.1079   0.4848  -0.1781  -0.3863  -0.2515   0.0690
 -0.1076   0.4632  -0.1817  -0.3986  -0.2398   0.1411
 -0.1162   0.4822  -0.1732  -0.3662  -0.2459   0.0768
 -0.1342   0.5326  -0.1633  -0.4203  -0.2374   0.0722
 -0.1348   0.4926  -0.2082  -0.3917  -0.2417   0.1245
 -0.1448   0.5113  -0.1874  -0.4055  -0.2451   0.1156
 -0.1480   0.5371  -0.1755  -0.5310  -0.2568   0.0344
 -0.1272   0.5403  -0.1600  -0.5962  -0.2467   0.0964
 -0.1379   0.5189  -0.1822  -0.4886  -0.2530   0.0936
 -0.1090   0.5844  -0.1725  -0.5646  -0.2563   0.0241
 -0.1262   0.4843  -0.1824  -0.4952  -0.2426   0.1144
 -0.1065   0.4918  -0.1619  -0.4720  -0.2363   0.1206
 -0.1209   0.5237  -0.1525  -0.6326  -0.2344   0.0502
 -0.1290   0.5391  -0.1913  -0.6692  -0.2236   0.1153
 -0.1430   0.5365  -0.1485  -0.6492  -0.2411   0.0476
 -0.1448   0.5802  -0.1684  -0.6148  -0.2397   0.0914
 -0.1606   0.5225  -0.1937  -0.6139  -0.2402   0.1018
 -0.1591   0.5545  -0.1872  -0.4846  -0.2476   0.1292
 -0.1466   0.5506  -0.1680  -0.6223  -0.2551   0.0449
 -0.1382   0.4750  -0.1615  -0.4097  -0.2312   0.2508
 -0.1404   0.4896  -0.1602  -0.5164  -0.2463   0.0907
 -0.1108   0.4658  -0.1725  -0.4569  -0.2016   0.2093
 -0.1470   0.4430  -0.1375  -0.4497  -0.2171   0.1211
 -0.1229   0.5021  -0.1518  -0.4777  -0.1896   0.1661
 -0.1132   0.4668  -0.1643  -0.5558  -0.1862   0.0547
 -0.1185   0.4683  -0.1475  -0.5377  -0.2057   0.1694
 -0.1847   0.4465  -0.1491  -0.8014  -0.2482   0.0746
 -0.1658   0.4768  -0.1458  -0.6989  -0.2167   0.0948
 -0.1801   0.4820  -0.1662  -0.6790  -0.2572   0.0139
 -0.0690  -0.3441  -0.0749   0.2327  -0.1099   1.2016
  0.6021  -4.2362  -0.1251   2.7964   0.0327   7.6024
  0.1506  -0.6368  -0.4129  -0.4048  -0.2344   2.7411
  0.0294  -1.1693  -0.3989  -2.0197  -0.0971   0.2922
 -0.1253   0.0650   0.0892  -4.2595   0.3751  -3.0007
 -0.1830  -0.7232   0.3010  -2.5250   0.2287  -0.6607
 -0.0671  -0.3989   0.0902  -0.5838  -0.0280  -0.1605
 -0.0639  -0.1229   0.0172  -0.3799  -0.1210  -0.1530
 -0.0549  -0.4708   0.1101  -0.3329  -0.0671  -0.1633
 -0.0634  -0.3975   0.0479  -0.2798  -0.0946  -0.0039
 -0.0220  -0.5184   0.0316  -0.2888  -0.0736  -0.0573
 -0.0228  -0.5068  -0.0051  -0.1954  -0.0928   0.0087
 -0.0252  -0.6946   0.0528  -0.0262  -0.0641   0.0796
 -0.0278  -0.6000  -0.0114  -0.0505  -0.0999   0.1070
 -0.0112  -0.6861   0.0479   0.0804  -0.0746   0.0818
 -0.0685  -0.5987   0.0118   0.0679  -0.1338   0.1044
 -0.0581  -0.6755   0.0310   0.0735  -0.1128   0.1182
 -0.0533  -0.6481   0.0013   0.0655  -0.1361   0.1689
 -0.0495  -0.6400   0.0796   0.0981  -0.0943   0.0722
 -0.0647  -0.6092   0.0622   0.0564  -0.1312   0.1413
 -0.0451  -0.7018   0.0920   0.0979  -0.1087   0.1845
 -0.0503  -0.7080   0.0413   0.1883  -0.1469   0.2162
 -0.0449  -0.6796   0.0686   0.1533  -0.0633   0.0891
 -0.0899  -0.6307  -0.0020   0.0838  -0.1312   0.1856
 -0.0438  -0.8229   0.0956   0.2183  -0.0512   0.1900
 -0.0656  -0.7615   0.0033   0.2426  -0.1652   0.2324
  0.0194  -0.7284   0.0462   0.2318  -0.0135   0.1724
 -0.0998  -0.6913  -0.0272   0.1102  -0.2290   0.1868
  0.3021  -0.8463   0.3213   0.4840   0.5765   0.2923
  0.2647  -0.2852   0.2085   0.2404   0.5245  -0.0182
 -0.0157  -0.6125  -0.0386   0.6193  -0.0499   0.1750
  0.0497  -1.2725   0.0065   1.1076   0.1660   0.5067
 -0.0215  -0.9612  -0.0546   0.7241  -0.0192   0.2789
  0.0079  -1.0391  -0.0229   0.7829   0.1166   0.3854
 -0.0016  -0.9803  -0.0125   0.7034   0.0949   0.3623
  0.0050  -1.0843  -0.0569   0.7562   0.0923   0.4673
 -0.0050  -0.9758  -0.0147   0.5992   0.0192   0.3364
 -0.0204  -0.9600  -0.0182   0.4646   0.0470   0.3124
 -0.0002  -0.9697  -0.0032   0.6096   0.0509   0.4083
 -0.0234  -1.0782  -0.0708   0.7344   0.0417   0.4329
  0.0111  -0.8792   0.0725   0.5645   0.1050   0.2799
 -0.0429  -1.0310  -0.0789   0.6222   0.0593   0.4459
  0.0285  -0.9790   0.0654   0.7683   0.1348   0.3603
 -0.0811  -1.2507  -0.1839   1.0080  -0.1068   0.7374
  1.2471  -1.1977   0.9851   1.4808   1.2210   1.0228
  1.3707  -1.2156   1.1922   0.2416   2.1233   0.4890
  0.4471  -1.2688   0.3488   1.1084   0.6823   0.5180
  0.2519  -0.7680  -0.0175   3.1035   0.2630  -0.6706
  0.0069   0.8492  -0.7127   1.8445  -0.1629  -1.2231
  0.0691   0.3625  -0.3991   0.7915  -0.0376  -0.3174
  0.0514  -0.5514  -0.2631   0.5183   0.0583  -0.1487
  0.1354  -0.9830  -0.0570   0.7690   0.0073   0.0721
  0.0432  -1.0472  -0.1278   0.9578  -0.0687   0.1589
  0.0742  -0.6801  -0.0828   0.8541   0.0456   0.1147
  0.0189  -0.6949  -0.1450   0.7812  -0.0375   0.0973
  0.0517  -0.6726  -0.0942   0.8021   0.0300   0.1821
  0.0128  -0.7342  -0.1348   0.9706  -0.0124   0.1010
  0.0479  -0.7015  -0.1014   0.8423   0.0461   0.1938
  0.0172  -0.7430  -0.1300   1.0698  -0.0244   0.1131
  0.0496  -0.7227  -0.1584   0.8302   0.0503   0.2339
  0.0175  -0.7508  -0.1838   1.0565  -0.0659   0.1262
  0.0690  -0.5131  -0.6560  -1.2991   0.0378  -0.4279
  0.1076  -0.1048  -0.2905  -1.0965   0.1762  -3.0369
  0.0339  -0.2503   0.7180   0.4612   0.4009  -2.4142
  0.0237  -0.6434   0.4162   0.6839   0.2721  -0.6217
  0.1015  -0.8212   0.4470   1.2541   0.2404  -0.4924
  0.0842  -0.9931   0.3826   1.1618   0.2210  -0.3526
  0.1059  -0.9224   0.4398   1.2776   0.2423  -0.3835
  0.0371  -1.8486   0.3117   1.9448   0.2237  -0.1644
 -0.0085  -3.2137   0.3764   3.9215   0.3148   0.1192
  0.1246  -2.4956   0.5146   4.7699  -0.0553  -0.1004
  0.2400  -1.2505   0.2973   4.4756  -0.2931  -0.3407
  0.2651   0.8504  -0.1901   2.4123  -0.3684  -1.2977
  0.2858   3.3960  -0.3178   0.7875  -0.4205  -2.2013
  0.1822   2.5201  -0.2471   0.8508  -0.0505  -1.8802
  2.9745   7.8047   5.7215   1.5556   3.6866  -7.0178
  3.6730   6.9269   7.0728   1.7638   5.3582  -8.2275
  2.5073   3.4577   5.7014   3.7375   3.9091  -4.6998
  1.8054   2.8653   4.4259   3.9218   2.8437  -3.3764
  1.6817   2.2212   4.2434   4.1594   2.6379  -2.9051
  1.7230   2.5477   4.1033   3.8536   2.6124  -3.0542
  1.7014   2.0654   4.0122   4.2171   2.5110  -2.7258
  1.7669   2.0307   4.2362   4.6776   2.6391  -2.6872
  1.7261   1.4852   4.4850   4.9792   2.5523  -2.4652
  1.5718   1.4394   4.2332   4.6596   2.5307  -2.4366
  1.5744   1.2955   3.9112   4.3651   2.3959  -2.3038
  1.5272   1.3992   4.0236   3.9940   2.3697  -2.3826
  1.4545   1.3906   3.8173   3.8774   2.2281  -2.3333
  1.4639   1.4733   3.9578   3.9679   2.3150  -2.4144
  1.4948   1.2996   3.8430   4.0701   2.2574  -2.2198
  1.5005   1.4676   4.0108   4.1888   2.3691  -2.3738
  1.5190   1.1380   3.7495   3.8706   2.1827  -2.1307
  1.4977   3.3748   0.8036   0.5368   2.3376  -5.3266
  1.5245   0.7399  -0.7855   0.8609   2.3068  -3.5992
  1.4110   0.6619  -0.4500   1.6221   1.5559  -2.1510
  1.3085   1.5823  -0.6491   1.5404   1.6032  -2.5663
  1.2481   0.7892  -0.4426   2.1712   1.4395  -2.2354
  1.4901   1.0941  -0.6274   3.1555   1.3809  -2.2696
