  0.0062   0.1578  -0.1882  -0.4925  -0.0343   0.1910
  0.0248   0.1751  -0.1173  -0.4494  -0.0190   0.1080
  0.0109   0.1375  -0.1213  -0.4258  -0.0188   0.1488
  0.0219   0.1632  -0.1307  -0.3848  -0.0262   0.1300
  0.0099   0.1661  -0.1390  -0.4256  -0.0151   0.1629
  0.0028   0.1336  -0.1452  -0.4293  -0.0054   0.0943
  0.0105   0.1441  -0.1436  -0.4229  -0.0157   0.1634
  0.0183   0.1457  -0.1438  -0.3521  -0.0192   0.1750
  0.0056   0.1434  -0.1467  -0.3677  -0.0177   0.1601
  0.0099   0.1384  -0.1505  -0.3543  -0.0205   0.1420
  0.0015   0.1410  -0.1428  -0.3741  -0.0109   0.1845
  0.0028   0.1234  -0.1456  -0.3361  -0.0087   0.1617
  0.0078   0.1302  -0.1385  -0.3553  -0.0076   0.1284
  0.0105   0.1120  -0.1380  -0.3582  -0.0190   0.1438
  0.0091   0.1156  -0.1424  -0.3526  -0.0143   0.1883
  0.0132   0.1057  -0.1408  -0.3511  -0.0151   0.1625
  0.0032   0.1225  -0.1475  -0.3564  -0.0097   0.1793
  0.0050   0.1129  -0.1506  -0.3823  -0.0147   0.1293
  0.0143   0.1092  -0.1356  -0.3951  -0.0215   0.1413
  0.0088   0.1207  -0.1403  -0.3865  -0.0165   0.1809
  0.0074   0.1139  -0.1384  -0.3481  -0.0070   0.1937
  0.0087   0.1156  -0.1466  -0.3491  -0.0178   0.1643
  0.0037   0.1025  -0.1433  -0.3546  -0.0186   0.1942
  0.0021   0.0980  -0.1297  -0.3626  -0.0101   0.1657
  0.0015   0.1125  -0.1259  -0.3574  -0.0068   0.1812
  0.0096   0.1088  -0.1261  -0.3441  -0.0146   0.1661
  0.0007   0.0976  -0.1356  -0.3419  -0.0126   0.1804
  0.0122   0.0947  -0.1333  -0.3374  -0.0245   0.1938
  0.0104   0.1003  -0.1290  -0.3568  -0.0188   0.2025
  0.0020   0.0926  -0.1312  -0.3499  -0.0209   0.1606
 -0.0047   0.0919  -0.1208  -0.3583  -0.0238   0.1879
  0.0064   0.0770  -0.1211  -0.3349  -0.0276   0.1940
  0.0070   0.1005  -0.1228  -0.3779  -0.0311   0.1679
  0.0060   0.0962  -0.1172  -0.4025  -0.0215   0.1670
  0.0028   0.0954  -0.1141  -0.3943  -0.0149   0.1880
  0.0096   0.0820  -0.1148  -0.3465  -0.0252   0.2079
  0.0025   0.1009  -0.1183  -0.3434  -0.0162   0.2189
 -0.0003   0.1130  -0.1164  -0.3781  -0.0201   0.1487
 -0.0070   0.0958  -0.1401  -0.3951  -0.0278   0.1740
 -0.0146   0.0469  -0.1597  -0.3439  -0.0277   0.1864
 -0.0094   0.0582  -0.1374  -0.3502  -0.0302   0.1704
 -0.0072   0.0660  -0.1260  -0.3704  -0.0211   0.1899
 -0.0018   0.0728  -0.1297  -0.3670  -0.0190   0.1854
 -0.0002   0.0589  -0.1328  -0.3279  -0.0139   0.1601
 -0.0055   0.0749  -0.1368  -0.3402  -0.0114   0.1952
 -0.0019   0.0275  -0.1318  -0.3076  -0.0139   0.2066
  0.0043   0.0588  -0.1304  -0.3079  -0.0148   0.1820
  0.0083  -0.1273  -0.1515  -0.1675  -0.0192   0.1608
  0.0095  -0.1367  -0.1425  -0.1945  -0.0133   0.2309
  0.0058   0.0190  -0.1283  -0.2780  -0.0209   0.2060
 -0.0091  -0.0670  -0.1398  -0.2578  -0.0115   0.2168
 -0.0009  -0.0582  -0.1271  -0.2606  -0.0193   0.2163
 -0.0035  -0.0558  -0.1392  -0.2559  -0.0194   0.2096
 -0.0076  -0.0358  -0.1337  -0.2994  -0.0132   0.1443
 -0.0198  -0.0696  -0.1356  -0.2893  -0.0084   0.2238
 -0.0168  -0.0661  -0.1264  -0.2974  -0.0181   0.2149
 -0.0183  -0.0318  -0.1296  -0.3045  -0.0196   0.2419
 -0.0311  -0.0402  -0.1290  -0.2810  -0.0128   0.2035
 -0.0292  -0.0379  -0.1317  -0.3367  -0.0214   0.2238
 -0.0109  -0.0328  -0.1271  -0.3001  -0.0199   0.1976
 -0.0186  -0.0128  -0.1375  -0.3040  -0.0205   0.2067
 -0.0195  -0.0335  -0.1298  -0.2591  -0.0178   0.2012
 -0.0210  -0.0206  -0.1190  -0.3120  -0.0170   0.2249
 -0.0283  -0.0372  -0.1352  -0.2486   0.0098   0.2474
 -0.0148   0.0427  -0.1269  -0.3685  -0.0082   0.2290
 -0.0090   0.0431  -0.0998  -0.4485  -0.0220   0.1645
 -0.0162  -0.0430  -0.1256  -0.2636  -0.0207   0.2169
 -0.0062  -0.0318  -0.1058  -0.2995  -0.0216   0.2027
 -0.0378   0.0122  -0.1478  -0.2978   0.0001   0.2404
 -0.0500   0.0366  -0.1734  -0.2900   0.0017   0.2282
 -0.0367   0.0027  -0.1383  -0.3980  -0.0001   0.2587
 -0.0337   0.0282  -0.1164  -0.3731   0.0072   0.2298
 -0.0174   0.0360  -0.1081  -0.3516  -0.0199   0.1953
 -0.0278  -0.0121  -0.1228  -0.3574  -0.0215   0.2166
 -0.0174  -0.0204  -0.1195  -0.3370  -0.0188   0.2174
 -0.0137   0.0038  -0.1089  -0.2987  -0.0267   0.2391
 -0.0090  -0.0003  -0.1239  -0.3001  -0.0192   0.2346
  0.0029   0.0116  -0.0763  -0.3242  -0.0353   0.2430
  0.0178  -0.0166  -0.0533  -0.3084  -0.0441   0.2236
 -0.0030  -0.0178  -0.0665  -0.3203  -0.0342   0.2106
 -0.0043   0.0059  -0.0793  -0.3458  -0.0316   0.2436
 -0.0206   0.0189  -0.0543  -0.3317  -0.0279   0.2745
  0.0013  -0.0258  -0.0659  -0.3252  -0.0316   0.2253
  0.0019   0.0190  -0.0668  -0.3357  -0.0294   0.2288
 -0.0024  -0.0106  -0.0817  -0.3197  -0.0235   0.2185
 -0.0057  -0.0051  -0.0684  -0.3016  -0.0306   0.2453
  0.0089  -0.0162  -0.0719  -0.2781  -0.0275   0.2213
  0.0044   0.0153  -0.0649  -0.2696  -0.0338   0.2553
 -0.0073  -0.0213  -0.0661  -0.3072  -0.0212   0.2600
 -0.0087   0.0035  -0.0595  -0.2811  -0.0168   0.2268
  0.0076  -0.0089  -0.0736  -0.2532  -0.0311   0.2320
 -0.0097   0.0195  -0.0635  -0.3124  -0.0163   0.2363
 -0.0042  -0.0230  -0.0757  -0.3179  -0.0298   0.2135
 -0.0123  -0.0027  -0.0613  -0.2843  -0.0160   0.2609
 -0.0146   0.0102  -0.0813  -0.2701  -0.0086   0.2531
 -0.0161  -0.0023  -0.0650  -0.2691  -0.0222   0.2532
 -0.0086  -0.0158  -0.0723  -0.2574  -0.0232   0.2554
 -0.0156   0.0036  -0.0584  -0.2682  -0.0230   0.2727
 -0.0063  -0.0144  -0.0767  -0.2415  -0.0316   0.2314
 -0.0119   0.0073  -0.0586  -0.2724  -0.0347   0.2691
 -0.0146  -0.0332  -0.0654  -0.2830  -0.0247   0.2342
 -0.0131   0.0185  -0.0463  -0.2862  -0.0233   0.2377
 -0.0142  -0.0079  -0.0716  -0.2850  -0.0201   0.2285
 -0.0198   0.0157  -0.0626  -0.2782  -0.0274   0.2353
 -0.0164  -0.0275  -0.0683  -0.2796  -0.0238   0.2713
 -0.0180   0.0176  -0.0624  -0.2761  -0.0255   0.2798
 -0.0149  -0.0191  -0.0681  -0.2815  -0.0284   0.2328
 -0.0217   0.0381  -0.0553  -0.2856  -0.0196   0.2539
 -0.0177  -0.0407  -0.0741  -0.3040  -0.0232   0.2444
 -0.0283   0.0321  -0.0552  -0.3410  -0.0153   0.2672
  0.0038  -0.1434  -0.0769  -0.1385  -0.0348   0.2061
 -0.0376  -0.3958  -0.1045   0.2200  -0.0381   0.2312
  0.0078  -0.4159   0.0323   0.2395  -0.0976   0.1751
  0.0405  -0.2635   0.0959   0.0418  -0.0964   0.3065
  0.0048  -0.1534  -0.0455  -0.1056  -0.0467   0.2744
 -0.0089  -0.1936   0.0320   0.0010  -0.0616   0.2886
 -0.0154  -0.1942  -0.0342  -0.1449  -0.0367   0.2360
 -0.0197  -0.1960   0.0404  -0.0667  -0.0584   0.2879
 -0.0245  -0.1906  -0.0371  -0.1629  -0.0451   0.2090
 -0.0374  -0.1738   0.0102  -0.1793  -0.0743   0.3248
 -0.2187   0.2529  -0.4417  -1.6360   0.0120  -0.0770
 -0.2974   3.5772   0.4661  -3.1015   0.1239  -1.1549
 -0.0119   3.3911   0.3811  -2.1428   0.1215  -1.2026
  0.0336   6.2598  -0.9077  -1.0658  -0.2417  -3.9578
 -0.1158   0.8673  -0.3124  -0.5320  -0.0872  -0.1919
 -0.0838   0.3321  -0.4008   0.5042  -0.0464  -0.5398
 -0.0232  -0.0035  -0.4105   0.9111  -0.0863  -1.1757
 -0.1274   0.4356  -0.1869  -0.2380   0.0299  -0.2539
 -0.1173   0.0920  -0.2372   0.3062  -0.0145  -0.2819
 -0.0295  -1.1590  -0.4575   1.3228  -0.0234  -0.0704
 -0.0093  -1.7581  -0.6408   2.7712  -0.0553  -0.5281
  0.0041  -1.6478  -0.4803   2.2090  -0.0617  -0.4355
 -0.0477  -1.2315  -0.7119   2.2015  -0.0907  -0.3786
 -0.0750  -0.8451  -0.5637   1.4143  -0.0770  -0.3375
 -0.0729  -0.4831  -0.3228   0.5954  -0.0591  -0.3343
 -0.0616  -0.3929  -0.2924   0.7275  -0.0354   0.0219
 -0.0599  -0.4930  -0.5613   1.5101  -0.0986   0.1295
 -0.1588  -0.5844  -0.6557   1.5896  -0.0574   0.0159
 -0.1859  -0.3650  -0.5109   2.7142   0.0027  -0.3800
 -0.0665  -0.8194  -0.3750   2.4971   0.0411  -0.1366
 -0.1551  -0.1369  -0.3679   0.0523  -0.0410  -0.0029
 -0.2239   0.1744  -0.6586  -0.5252  -0.0338   0.0031
 -0.2267   0.0709  -0.4516  -0.5174  -0.0238  -0.0089
 -0.1842   0.0703  -0.7764   0.3003  -0.1230  -0.1118
 -0.1877   0.5085  -0.5679  -0.5390  -0.0436  -0.0878
 -0.2864   1.6978  -0.8941  -1.5454  -0.0002  -0.7877
 -0.0536   3.1734  -1.2279  -1.4783  -0.2688  -2.0085
 -0.5642   5.1751  -1.6158  -3.9776  -0.4463  -5.4519
 -0.2074   1.7573  -0.9922  -1.6577  -0.1007  -1.2953
 -0.0960   1.1877  -0.5997  -0.8564   0.0032  -0.8318
 -0.0358   0.6808  -0.3570  -0.2133  -0.0082  -0.6646
 -0.0371   0.3736  -0.1304  -0.3019   0.0422  -0.5370
 -0.0209   0.4367  -0.1622  -0.3478   0.0230  -0.4130
 -0.0323   0.3038  -0.0612  -0.2399   0.0736  -0.4600
  0.0003   0.5272  -0.1791  -0.3326   0.0289  -0.4242
 -0.0983   0.2565  -0.1901  -0.1347   0.0920  -0.4198
 -0.0668   0.2048  -0.2656  -0.0657   0.0594  -0.3578
 -0.0516   0.1787  -0.0936   0.0046   0.0943  -0.3792
 -0.0196   0.2504  -0.2751  -0.0757   0.0275  -0.3908
 -0.0551   0.0982  -0.0279   0.0230   0.0797  -0.3823
 -0.0008   0.1012  -0.2202   0.0755  -0.0004  -0.3676
  0.1425   0.3690   1.5590  -0.1691   0.3008  -0.3993
 -0.2333   0.4702  -1.0073  -0.3166  -0.2797  -0.4321
 -0.3466   0.4175  -0.6333  -0.6036  -0.0418  -0.3095
 -0.2741   0.3713   0.5708  -0.5688   0.1713  -0.3506
 -0.0663   0.6547  -1.1478  -0.8819  -0.1447  -0.3657
 -0.3168   0.3194   1.0817  -0.5211   0.2638  -0.2539
 -0.1713   0.2118   0.5551  -0.3120   0.1698  -0.2626
 -0.1734   0.1103   0.6415  -0.2996   0.2060  -0.2304
 -0.0419   0.0933   0.2987   0.0902   0.0942  -0.2327
  0.1481  -0.9093   0.2248   1.5224   0.1591  -0.2750
  0.1135  -1.1682   0.1683   2.2550   0.0648  -0.3412
  0.1127  -0.8931   0.4240   1.9484   0.0602  -0.2993
  0.1295  -0.2570   0.4411   0.9432   0.0256  -0.3725
  0.0958  -0.0916   0.4605   0.6606   0.0567  -0.2598
  0.0910  -0.2094   0.3915   0.7652   0.0445  -0.1211
  0.0694  -0.1592   0.4261   0.6938   0.0691  -0.1663
  0.1024  -0.1901   0.4137   0.7805   0.0395  -0.1546
  0.0706  -0.1527   0.4394   0.6482   0.0632  -0.1510
  0.0756  -0.2212   0.3928   0.7036   0.0476  -0.1133
  0.0843  -0.1403   0.4581   0.6310   0.0466  -0.1488
  0.0925  -0.1607   0.3902   0.6188   0.0365  -0.1523
  0.0435  -0.1736   0.3854   0.6350   0.0639  -0.1439
  0.0529  -0.2005   0.3169   0.6838   0.0532  -0.0941
  0.0446  -0.1912   0.3744   0.6192   0.0715  -0.1503
  0.0549  -0.2128   0.3198   0.5736   0.0621  -0.1144
  0.0546  -0.1791   0.3568   0.5119   0.0774  -0.1349
  0.0586  -0.2043   0.3308   0.6174   0.0647  -0.1032
  0.0514  -0.1855   0.3658   0.5694   0.0759  -0.1237
  0.0638  -0.1988   0.3238   0.5732   0.0694  -0.1449
  0.0568  -0.1813   0.3622   0.5380   0.0653  -0.1125
  0.0662  -0.1931   0.3413   0.5797   0.0578  -0.0767
  0.0646  -0.1744   0.3684   0.5463   0.0625  -0.1215
  0.0565  -0.2132   0.3320   0.6287   0.0609  -0.1146
  0.0547  -0.1678   0.3591   0.5274   0.0716  -0.1313
  0.0571  -0.2157   0.3402   0.5982   0.0697  -0.1203
  0.0527  -0.0827   0.3588   0.2969   0.0821  -0.1159
  0.0477  -0.1000   0.3030   0.0619   0.0640  -0.1313
  0.0678   0.1076   0.4447  -0.1566   0.0402  -0.0544
  0.0915  -0.0428   0.3490   0.1626   0.0176  -0.1091
  0.0872  -0.1866   0.3711   0.2897   0.0446  -0.1243
  0.0844  -0.1657   0.3671   0.3006   0.0223  -0.1014
  0.0887  -0.1913   0.3917   0.4252   0.0309  -0.1166
  0.0852  -0.1388   0.3540   0.4509   0.0253  -0.0825
  0.0731  -0.1418   0.4021   0.5704   0.0448  -0.0775
  0.1025  -0.1613   0.3526   0.6658   0.0083  -0.0940
  0.0842  -0.1711   0.3013   0.3191   0.0375  -0.1864
  0.0603  -0.1525   0.2565   0.2769   0.0743  -0.1041
  0.0519  -0.0933   0.3023   0.4319   0.0655  -0.0736
  0.0614  -0.1623   0.2781   0.4497   0.0501  -0.1003
  0.0809  -0.1651   0.3095   0.5340   0.0427  -0.1017
  0.0829  -0.1114   0.3045   0.3970   0.0403  -0.1220
  0.0928  -0.2140   0.3554   0.5612   0.0413  -0.1615
  0.0847  -0.1793   0.3169   0.5310   0.0405  -0.0550
  0.1025  -0.1786   0.3727   0.5698   0.0443  -0.0552
  0.0422  -0.1207   0.2632   0.4934   0.0308  -0.1239
  0.0266  -0.1144   0.2748   0.5581   0.0352  -0.0630
  0.0205  -0.1221   0.2396   0.5942   0.0282  -0.0693
  0.0369  -0.1472   0.3175   0.6284   0.0180  -0.0879
  0.0769  -0.2066   0.3872   0.4222   0.0171  -0.0461
  0.0844  -0.2069   0.3919   0.4618   0.0176  -0.0527
  0.1028  -0.1970   0.4145   0.4630   0.0145  -0.1206
  0.0866  -0.1735   0.4215   0.4425   0.0093  -0.0617
  0.0896  -0.1806   0.4115   0.4535   0.0126  -0.0510
  0.0856  -0.1845   0.4123   0.4814   0.0153  -0.0713
  0.1059  -0.1535   0.4255   0.4847   0.0117  -0.0675
  0.0931  -0.1332   0.4014   0.4776   0.0065  -0.0883
  0.0981  -0.1852   0.4070   0.4789   0.0048  -0.0967
  0.0950  -0.1666   0.4199   0.4980   0.0079  -0.0471
  0.1007  -0.1461   0.4116   0.4848  -0.0004  -0.0830
  0.1012  -0.1423   0.4072   0.4732   0.0139  -0.0686
  0.0990  -0.1847   0.4158   0.5015   0.0059  -0.0352
  0.0942  -0.1750   0.4193   0.4816   0.0126  -0.0973
  0.1013  -0.1948   0.4182   0.4925   0.0111  -0.0681
  0.0913  -0.1616   0.4278   0.5185   0.0178  -0.0366
  0.1069  -0.1760   0.4278   0.4978   0.0179  -0.0574
