 -0.0897   0.4747  -0.0574  -0.6801  -0.1179   0.2257
 -0.1076   0.5471  -0.0509  -0.8466  -0.1702   0.2281
 -0.0969   0.4426  -0.0471  -0.6424  -0.1377   0.2754
 -0.0823   0.4079  -0.0541  -0.5823  -0.1037   0.2811
 -0.1086   0.4514  -0.0801  -0.7175  -0.1156   0.2314
 -0.1074   0.4690  -0.0669  -0.7492  -0.1320   0.2422
 -0.0950   0.4060  -0.0806  -0.5607  -0.1049   0.2926
 -0.0926   0.3963  -0.1101  -0.5523  -0.0845   0.2697
 -0.1129   0.4582  -0.0929  -0.6916  -0.0934   0.2342
 -0.1041   0.4596  -0.0911  -0.7352  -0.1068   0.2405
 -0.1101   0.4734  -0.0716  -0.7888  -0.1498   0.2162
 -0.1129   0.4347  -0.0791  -0.6581  -0.1412   0.2557
 -0.1052   0.4277  -0.0917  -0.7030  -0.1170   0.2240
 -0.1094   0.4460  -0.0828  -0.7585  -0.1384   0.2309
 -0.1068   0.4259  -0.0731  -0.7450  -0.1392   0.2110
 -0.1038   0.4457  -0.0790  -0.8028  -0.1580   0.1965
 -0.1136   0.4445  -0.0667  -0.7465  -0.1638   0.2071
 -0.1134   0.4262  -0.0599  -0.7040  -0.1492   0.2348
 -0.1207   0.4288  -0.0605  -0.7416  -0.1474   0.2044
 -0.1230   0.4500  -0.0555  -0.7659  -0.1593   0.2147
 -0.1084   0.4328  -0.0737  -0.7693  -0.1363   0.1921
 -0.1244   0.4633  -0.0583  -0.8257  -0.1658   0.1842
 -0.1080   0.4283  -0.0626  -0.7373  -0.1520   0.2135
 -0.1113   0.4306  -0.0713  -0.7480  -0.1308   0.2046
 -0.1161   0.4535  -0.0727  -0.7697  -0.1401   0.1840
 -0.1003   0.4200  -0.0660  -0.6818  -0.1263   0.2178
 -0.1143   0.4187  -0.0712  -0.7788  -0.1434   0.1868
 -0.1276   0.4455  -0.0473  -0.7817  -0.1795   0.1964
 -0.0984   0.3971  -0.0557  -0.6856  -0.1357   0.2187
 -0.1087   0.4207  -0.0735  -0.7573  -0.1352   0.1868
 -0.1086   0.4289  -0.0750  -0.7544  -0.1347   0.1794
 -0.1168   0.4253  -0.0688  -0.7367  -0.1385   0.2050
 -0.1056   0.4186  -0.0682  -0.7567  -0.1271   0.1673
 -0.1174   0.4507  -0.0693  -0.7918  -0.1564   0.1760
 -0.1033   0.4028  -0.0591  -0.7330  -0.1402   0.1829
 -0.1114   0.4167  -0.0588  -0.7259  -0.1451   0.1944
 -0.0995   0.3904  -0.0642  -0.7012  -0.1359   0.1701
 -0.0906   0.3761  -0.0708  -0.6607  -0.1306   0.2065
 -0.1120   0.4197  -0.0739  -0.7846  -0.1510   0.1457
 -0.1154   0.4219  -0.0586  -0.7494  -0.1785   0.2143
 -0.0880   0.3642  -0.0625  -0.5960  -0.1287   0.1932
 -0.0854   0.3130  -0.0893  -0.4440  -0.1285   0.2736
 -0.1023   0.4201  -0.0674  -0.7935  -0.1153   0.0861
 -0.0525   0.1157  -0.0937   0.1739  -0.1874   0.7666
  0.1520  -0.3769  -0.1021   0.8320  -0.0813   0.8760
  0.0969  -0.0954  -0.0092  -0.1224   0.0631  -0.0795
 -0.0524  -0.3391   0.0444   0.0370  -0.0791   0.1070
  0.0435  -0.3285  -0.0728  -0.0899   0.0028   0.0237
  0.0332  -0.3158  -0.0702  -0.0549   0.0025  -0.0050
 -0.0265  -0.0887  -0.0092  -0.1327  -0.0770  -0.0070
 -0.0400  -0.1776   0.0038   0.0416  -0.0618   0.0609
 -0.0106   0.4787  -0.0496  -0.5819  -0.0385  -0.0665
 -0.0490   1.2294  -0.0442  -1.2181  -0.0982  -0.1124
 -0.0483   0.8122  -0.0092  -0.8247  -0.0863  -0.0639
 -0.0469   0.6639   0.0101  -0.6756  -0.0902  -0.0595
 -0.0712   0.4235   0.0071  -0.5143  -0.1280  -0.0662
 -0.0618   0.3892  -0.0044  -0.4382  -0.0959  -0.0355
 -0.0619   0.3189  -0.0167  -0.3834  -0.0642  -0.0476
 -0.0808   0.3561  -0.0082  -0.3944  -0.0854  -0.0441
 -0.0549   0.2627  -0.0130  -0.2860  -0.0812  -0.0205
 -0.0533   0.2387   0.0074  -0.2235  -0.0869   0.0129
 -0.0893   0.2379  -0.0176  -0.4026  -0.0918  -0.0874
 -0.0773   0.1908   0.0130  -0.3107  -0.0989  -0.0397
 -0.0728   0.1401   0.0068  -0.2047  -0.0872   0.0130
 -0.0620   0.1317  -0.0179  -0.1814  -0.0527  -0.0274
 -0.0858   0.1345  -0.0080  -0.2357  -0.0870  -0.0377
  0.0044   0.0367  -0.0307   0.2764   0.0064   0.0801
  0.1071  -0.0467  -0.0860   1.0452   0.1113   0.2118
  0.0450  -0.0253  -0.0826   0.6934   0.0763   0.0995
 -0.0146   0.0547  -0.0666   0.3746   0.0160   0.0440
 -0.0031   0.0328  -0.0383   0.3882   0.0900   0.0484
  0.0100  -0.0072   0.0211   0.4248   0.1477   0.0391
  0.0225  -0.0267  -0.0018   0.4381   0.1483   0.0531
  0.0137  -0.0109   0.0243   0.4197   0.1471   0.0313
  0.0115  -0.0092   0.0176   0.4131   0.1331   0.0363
  0.0115  -0.0119   0.0306   0.4197   0.1257   0.0281
  0.0191  -0.0330   0.0178   0.4503   0.1344   0.0372
  0.0086  -0.0177   0.0319   0.4357   0.1358   0.0260
  0.0215  -0.0223   0.0318   0.4536   0.1467   0.0429
  0.0202  -0.0269   0.0281   0.4339   0.1483   0.0266
  0.0270  -0.0524   0.0164   0.4569   0.1565   0.0332
  0.0214  -0.0265   0.0259   0.4361   0.1574   0.0267
  0.0188  -0.0495   0.0106   0.5074   0.1383   0.0655
  0.0537  -0.1850   0.0039   0.7425   0.1658   0.1152
  0.0656  -0.1728   0.0174   0.7151   0.1864   0.0944
  0.0381  -0.1064   0.0320   0.5020   0.1348   0.0192
  0.0449   0.0042   0.0595   0.3163   0.1531   0.0194
  0.0468  -0.0544   0.0683   0.2711   0.1634   0.0542
  0.0304  -0.1457   0.0648   0.3265   0.1436   0.0336
  0.0376  -0.0995   0.0787   0.3053   0.1517  -0.0089
  0.0428  -0.1469   0.0626   0.4026   0.1453   0.0161
  0.0406  -0.1323   0.0597   0.4030   0.1559   0.0124
  0.0447  -0.1367   0.0592   0.4086   0.1509   0.0221
  0.0561  -0.1457   0.0711   0.4326   0.1706   0.0312
  0.0430  -0.1423   0.0725   0.4211   0.1539   0.0309
  0.0590  -0.1457   0.0662   0.4629   0.1749   0.0375
  0.0507  -0.1442   0.0609   0.4242   0.1727   0.0322
  0.0426  -0.1052   0.0721   0.3863   0.1700   0.0100
  0.0797  -0.1979   0.0302   0.5624   0.1960   0.0653
  0.0766  -0.2020  -0.0101   0.5996   0.1913   0.0433
  0.0516  -0.1321   0.0378   0.2658   0.1416  -0.0075
  0.0393  -0.0975   0.0784   0.2411   0.0854  -0.0147
  0.0819  -0.2090   0.0732   0.4576   0.1495   0.0520
  0.0907  -0.0780  -0.0085   0.5728   0.1257   0.0388
  0.0999  -0.0592   0.0058   0.5993   0.1156   0.0703
  0.0839  -0.0293   0.0436   0.0760   0.1114  -0.1756
  0.0489  -0.0502  -0.0245   0.1195   0.0528  -0.1232
  0.0653  -0.1174  -0.0029   0.1982   0.0782  -0.0347
  0.0384  -0.0710   0.0019   0.1575   0.0366  -0.0956
  0.0479  -0.1360   0.0033   0.2337   0.0477  -0.0667
  0.0414  -0.1157   0.0075   0.2149   0.0287  -0.0869
  0.0400  -0.1404   0.0081   0.2522   0.0401  -0.0636
  0.0365  -0.1162   0.0052   0.2277   0.0320  -0.0720
  0.0413  -0.1397   0.0091   0.2428   0.0446  -0.0720
  0.0384  -0.1264   0.0081   0.2106   0.0328  -0.0841
  0.0570  -0.1769  -0.0049   0.3110   0.0700  -0.0598
  0.0456  -0.1874  -0.0012   0.3060   0.0665  -0.0527
  0.0227  -0.1304   0.0112   0.1823   0.0226  -0.0990
  0.0423  -0.1711   0.0131   0.2438   0.0344  -0.0713
  0.0380  -0.1689   0.0181   0.2042   0.0330  -0.0949
  0.0336  -0.1631   0.0249   0.2214   0.0166  -0.0855
  0.0382  -0.1863   0.0194   0.2247   0.0235  -0.0766
  0.0180  -0.1407   0.0257   0.1800   0.0038  -0.0878
  0.0370  -0.1666   0.0228   0.2040   0.0167  -0.0750
  0.0294  -0.1724   0.0252   0.2079   0.0153  -0.0791
  0.0257  -0.1602   0.0305   0.2067   0.0092  -0.0714
  0.0333  -0.1877   0.0232   0.2241   0.0168  -0.0632
  0.0258  -0.1942   0.0167   0.1895   0.0206  -0.0915
  0.0170  -0.1778   0.0300   0.2206  -0.0004  -0.0838
  0.0358  -0.1704   0.0140   0.2070   0.0212  -0.0663
  0.0220  -0.2007   0.0161   0.2501   0.0198  -0.0684
  0.0390  -0.0711   0.0240   0.0759   0.0157  -0.1018
  0.0492   0.0072   0.0121  -0.0488   0.0183  -0.1336
  0.0370  -0.1880   0.0173   0.2117   0.0207  -0.0972
  0.0280  -0.1430   0.0225   0.1383   0.0212  -0.1449
  0.0468  -0.1971   0.0217   0.2230   0.0317  -0.0989
  0.0461  -0.2058   0.0329   0.2137   0.0318  -0.1088
  0.0293  -0.1694   0.0343   0.2035   0.0159  -0.1082
  0.0435  -0.1988   0.0295   0.2350   0.0285  -0.0895
  0.0328  -0.1993   0.0359   0.2240   0.0195  -0.0920
  0.0362  -0.1845   0.0389   0.2183   0.0194  -0.0993
  0.0437  -0.2152   0.0333   0.2516   0.0306  -0.0847
  0.0336  -0.1850   0.0326   0.2035   0.0168  -0.1134
  0.0326  -0.1969   0.0318   0.2270   0.0126  -0.0905
  0.0450  -0.2201   0.0303   0.2303   0.0178  -0.1025
  0.0305  -0.2075   0.0269   0.2177   0.0070  -0.1004
  0.0375  -0.2277   0.0274   0.2264   0.0149  -0.0873
  0.0362  -0.2367   0.0195   0.2116   0.0167  -0.1017
  0.0312  -0.1926   0.0300   0.1710   0.0020  -0.1279
  0.0426  -0.2332   0.0311   0.2048   0.0168  -0.1161
  0.0288  -0.2053   0.0313   0.1841   0.0053  -0.1246
  0.0406  -0.2321   0.0285   0.2164   0.0154  -0.1232
  0.0352  -0.2110   0.0348   0.1812   0.0104  -0.1395
  0.0350  -0.2171   0.0361   0.1935   0.0078  -0.1405
  0.0385  -0.2231   0.0237   0.1785   0.0045  -0.1427
  0.0212  -0.1935   0.0335   0.1603  -0.0091  -0.1402
  0.0369  -0.2174   0.0253   0.1875   0.0099  -0.1370
  0.0334  -0.2115   0.0365   0.1700   0.0153  -0.1482
  0.0309  -0.1907   0.0370   0.1652   0.0093  -0.1542
  0.0450  -0.2221   0.0248   0.1838   0.0227  -0.1422
  0.0343  -0.1979   0.0282   0.1328   0.0074  -0.1688
  0.0356  -0.1888   0.0419   0.1635   0.0026  -0.1547
  0.0406  -0.2145   0.0256   0.1910   0.0148  -0.1356
  0.0276  -0.1841   0.0339   0.1602   0.0009  -0.1605
  0.0382  -0.2058   0.0304   0.1913   0.0132  -0.1505
  0.0476  -0.2245   0.0294   0.1921   0.0314  -0.1565
  0.0349  -0.1880   0.0403   0.1545   0.0164  -0.1661
  0.0407  -0.2087   0.0354   0.1588   0.0180  -0.1646
  0.0288  -0.1866   0.0392   0.1212   0.0019  -0.1750
  0.0460  -0.2136   0.0313   0.1775   0.0257  -0.1611
  0.0384  -0.2131   0.0315   0.1619   0.0231  -0.1578
  0.0388  -0.2003   0.0420   0.1687   0.0161  -0.1567
  0.0485  -0.2302   0.0311   0.1933   0.0347  -0.1635
  0.0335  -0.1953   0.0439   0.1644   0.0107  -0.1717
  0.0448  -0.2181   0.0340   0.2075   0.0240  -0.1583
  0.0379  -0.2093   0.0406   0.1839   0.0201  -0.1557
  0.0320  -0.1916   0.0371   0.1923   0.0077  -0.1569
  0.0506  -0.2321   0.0294   0.2284   0.0365  -0.1490
  0.0379  -0.2139   0.0310   0.1958   0.0232  -0.1581
  0.0309  -0.2031   0.0279   0.1977   0.0145  -0.1541
  0.0312  -0.2268   0.0259   0.1971   0.0135  -0.1422
  0.0366  -0.2090   0.0456   0.1877   0.0138  -0.1555
  0.0290  -0.2196   0.0293   0.1914   0.0028  -0.1440
  0.0173  -0.1837   0.0284   0.1298  -0.0105  -0.1614
  0.0389  -0.2079   0.0287   0.1891   0.0157  -0.1598
  0.0305  -0.2189   0.0197   0.1917   0.0041  -0.1497
  0.0210  -0.1816   0.0336   0.1540  -0.0124  -0.1647
  0.0433  -0.2277   0.0198   0.2115   0.0209  -0.1471
  0.0375  -0.2223   0.0185   0.1676   0.0229  -0.1702
  0.0352  -0.1876   0.0284   0.1551   0.0134  -0.1726
  0.0560  -0.2245   0.0139   0.1763   0.0390  -0.1791
  0.0380  -0.1911   0.0274   0.1309   0.0178  -0.1868
  0.0472  -0.2280   0.0219   0.1936   0.0315  -0.1773
  0.0371  -0.2009   0.0265   0.1495   0.0126  -0.1678
  0.0392  -0.2007   0.0372   0.2031   0.0197  -0.1583
  0.0409  -0.2078   0.0129   0.1979   0.0347  -0.1475
