  0.1229   0.1729  -0.0935  -0.1776  -0.0376   0.0594
  0.1278   0.2737  -0.2016  -0.2029  -0.0980   0.0222
  0.1009   0.2308  -0.1623  -0.0815  -0.0961   0.0163
  0.1088   0.2457  -0.1600  -0.2014  -0.0720   0.0589
  0.0830   0.2124  -0.1357   0.0014  -0.1159   0.0014
  0.1090   0.2122  -0.1319  -0.2832  -0.0500   0.0897
  0.0967   0.1737  -0.1138  -0.0388  -0.0635   0.0323
  0.1113   0.1999  -0.1407  -0.2527  -0.0239   0.0850
  0.1247   0.1539  -0.1175  -0.1243  -0.0407   0.0386
  0.1114   0.1460  -0.1179  -0.0973  -0.0604   0.0248
  0.1242   0.1728  -0.1264  -0.3001  -0.0148   0.0867
  0.1317   0.1620  -0.1192   0.0668  -0.0764  -0.0285
  0.1256   0.1710  -0.1251  -0.2635  -0.0098   0.0781
  0.1230   0.1346  -0.1165  -0.1100  -0.0289   0.0434
  0.1142   0.1555  -0.1194  -0.0239  -0.0462   0.0223
  0.1187   0.1656  -0.1233  -0.3019  -0.0012   0.0978
  0.1128   0.1496  -0.1227  -0.0276  -0.0516   0.0231
  0.1132   0.1506  -0.1194  -0.2987   0.0101   0.1198
  0.1108   0.1293  -0.1079  -0.0175  -0.0450   0.0318
  0.1065   0.1343  -0.1351  -0.2641  -0.0022   0.1013
  0.1372   0.1082  -0.1339  -0.0628  -0.0216   0.0321
  0.1190   0.1236  -0.1179   0.0089  -0.0537   0.0144
  0.1252   0.1137  -0.1349  -0.2465   0.0121   0.0950
  0.1238   0.0841  -0.1115   0.0369  -0.0429   0.0094
  0.1239   0.1030  -0.1289  -0.3309   0.0141   0.1234
  0.1213   0.0871  -0.1128  -0.0816  -0.0167   0.0390
  0.1173   0.0830  -0.1320  -0.0959  -0.0252   0.0627
  0.1267   0.1131  -0.1116  -0.2415   0.0125   0.1047
  0.1088   0.0704  -0.1227   0.0072  -0.0418   0.0315
  0.1124   0.0904  -0.0872  -0.2857   0.0117   0.1223
  0.1161   0.0549  -0.1211   0.0330  -0.0483   0.0089
  0.1241   0.1354  -0.0368  -0.2729   0.0084   0.1109
  0.0954   0.0725   0.2206   0.0289   0.0349   0.0143
  0.0684   0.0048   0.0852   0.0219  -0.0035   0.0094
  0.0648   0.0574   0.0981  -0.1751   0.0225   0.0838
  0.0144   0.0237   0.0454   0.1594  -0.0652  -0.0189
  0.0770   0.0695   0.0618  -0.1495   0.0310   0.0792
  0.0607   0.0350   0.0597   0.0279  -0.0039   0.0230
  0.0771   0.0695   0.0538   0.0711  -0.0047   0.0105
  0.0798   0.0467   0.0542  -0.0577   0.0170   0.0367
  0.0577   0.0349   0.0647   0.1000  -0.0170  -0.0175
  0.0719   0.0659   0.0523  -0.2555   0.0514   0.0775
  0.0521   0.0500   0.0582   0.1002  -0.0020  -0.0310
  0.0592   0.0589   0.0503  -0.0980   0.0278   0.0451
  0.0622   0.0403   0.0694  -0.0512   0.0239   0.0215
  0.0513   0.0419   0.0582   0.0849  -0.0080  -0.0083
  0.0552   0.0388   0.0581  -0.1856   0.0449   0.0841
  0.0190   0.0192   0.0537   0.0957  -0.0181   0.0033
  0.0347   0.0435   0.0581  -0.2050   0.0331   0.0907
  0.0398   0.0087   0.0444   0.1068  -0.0252  -0.0177
  0.0454   0.0468   0.0461  -0.1405   0.0221   0.0564
  0.0451   0.0164   0.0491  -0.1565   0.0400   0.0698
  0.0415   0.0377   0.0512   0.1380  -0.0182  -0.0313
  0.0334   0.0495   0.0392  -0.1911   0.0476   0.0720
  0.0209   0.0356   0.0387   0.0968  -0.0066  -0.0258
  0.0139   0.0486   0.0276  -0.1252   0.0282   0.0391
  0.0160   0.0073   0.0431   0.0344   0.0018   0.0021
  0.0267   0.0302   0.0349  -0.1066   0.0192   0.0524
  0.0253   0.0116   0.0473  -0.0246   0.0101   0.0259
  0.0262   0.0210   0.0368  -0.0750   0.0138   0.0517
  0.0302   0.0139   0.0425  -0.0260   0.0062   0.0397
  0.0265   0.0261   0.0346   0.0771  -0.0149   0.0151
  0.0216   0.0211   0.0355  -0.0797   0.0080   0.0400
  0.0115  -0.0097   0.0413   0.1606  -0.0255  -0.0360
  0.0193   0.0158   0.0327  -0.1935   0.0473   0.0666
  0.0213  -0.0216   0.0438   0.2940  -0.0564  -0.0767
  0.0155   0.0194   0.0249  -0.2262   0.0388   0.0673
 -0.0008  -0.0484   0.0371   0.2156  -0.0254  -0.0520
  0.0129  -0.0083   0.0304  -0.1345   0.0342   0.0502
  0.0094  -0.0387   0.0478   0.1393   0.0015  -0.0208
 -0.0024   0.0085   0.0340  -0.0143   0.0207   0.0149
 -0.0012  -0.0270   0.0412   0.0417   0.0122   0.0077
 -0.0032  -0.0017   0.0376   0.0120   0.0172   0.0109
 -0.0180  -0.0374   0.0401   0.0610   0.0095  -0.0052
 -0.0085  -0.0460   0.0522  -0.0545   0.0090   0.0472
 -0.0116  -0.0117   0.0398  -0.0633   0.0150   0.0274
 -0.0050  -0.0067   0.0344   0.0322   0.0100  -0.0019
 -0.0038   0.0020   0.0268  -0.0223   0.0348   0.0163
 -0.0005  -0.0137   0.0347   0.2234  -0.0223  -0.0596
 -0.0046   0.0047   0.0277  -0.1009   0.0387   0.0335
 -0.0127  -0.0315   0.0384   0.2383  -0.0213  -0.0719
  0.0002   0.0089   0.0183  -0.2026   0.0578   0.0524
 -0.0122  -0.0066   0.0387   0.0929   0.0108  -0.0369
 -0.0104   0.0099   0.0192   0.0107   0.0160  -0.0121
  0.0125  -0.0193   0.0182  -0.1745   0.0439   0.0500
  0.0013  -0.0190   0.0241   0.2081  -0.0039  -0.0680
 -0.0048  -0.0062   0.0212  -0.0411   0.0251   0.0018
 -0.0063  -0.0366   0.0313  -0.1522   0.0410   0.0384
 -0.0196  -0.0291   0.0284   0.0427   0.0010  -0.0316
 -0.0061  -0.0464   0.0343  -0.1890   0.0482   0.0391
 -0.0176  -0.0985   0.0370   0.2720  -0.0207  -0.0960
 -0.0170  -0.0539   0.0259  -0.1474   0.0363   0.0422
 -0.0148  -0.0882   0.0358   0.2518  -0.0221  -0.0759
 -0.0145  -0.0322   0.0127  -0.1157   0.0266   0.0299
 -0.0141  -0.0874   0.0350   0.1513  -0.0146  -0.0526
 -0.0176  -0.0571   0.0238   0.0838  -0.0038  -0.0187
 -0.0199  -0.0775   0.0264  -0.0207   0.0221   0.0253
 -0.0312  -0.0817   0.0319   0.2528  -0.0355  -0.0609
 -0.0231  -0.0725   0.0312  -0.1272   0.0376   0.0594
 -0.0362  -0.0680   0.0327   0.3158  -0.0394  -0.0655
 -0.0255  -0.0622   0.0283  -0.1372   0.0284   0.0614
 -0.0420  -0.0828   0.0339   0.2274  -0.0214  -0.0580
 -0.0255  -0.0411   0.0143  -0.0512   0.0215   0.0067
 -0.0386  -0.0628   0.0203   0.1108   0.0026  -0.0297
 -0.0449  -0.0561   0.0225   0.1741  -0.0056  -0.0516
 -0.0437  -0.0572   0.0165  -0.0294   0.0410   0.0106
 -0.0556  -0.0630   0.0164   0.2685  -0.0142  -0.0865
 -0.0517  -0.0552   0.0154  -0.0966   0.0464   0.0307
 -0.0473  -0.0819   0.0310   0.2634  -0.0155  -0.0763
 -0.0447  -0.0436   0.0170   0.0444   0.0172  -0.0119
 -0.0380  -0.0833   0.0311   0.0158   0.0262   0.0001
 -0.0401  -0.0584   0.0287   0.2725  -0.0292  -0.0869
 -0.0443  -0.0556   0.0228  -0.1053   0.0449   0.0297
 -0.0508  -0.0853   0.0257   0.2402  -0.0284  -0.0747
 -0.0529  -0.0576   0.0127  -0.0863   0.0421   0.0285
 -0.0447  -0.1000   0.0221   0.1962  -0.0116  -0.0688
 -0.0475  -0.0555   0.0122   0.0391   0.0162  -0.0212
 -0.0525  -0.0668   0.0206   0.0228   0.0342  -0.0146
 -0.0598  -0.0541   0.0193   0.2218  -0.0181  -0.0783
 -0.0544  -0.0439   0.0168  -0.1802   0.0622   0.0508
 -0.0558  -0.0683   0.0222   0.2745  -0.0278  -0.0902
 -0.0542  -0.0339   0.0116  -0.1045   0.0359   0.0238
 -0.0442  -0.0478   0.0184   0.1273   0.0000  -0.0438
 -0.0500  -0.0327   0.0053   0.0372   0.0152  -0.0161
 -0.0493  -0.0628   0.0144  -0.0344   0.0326   0.0031
 -0.0513  -0.0497   0.0145   0.2553  -0.0206  -0.0904
 -0.0497  -0.0359   0.0029  -0.1930   0.0584   0.0408
 -0.0636  -0.0647   0.0146   0.2120  -0.0161  -0.0905
 -0.0583  -0.0401   0.0019   0.0008   0.0097  -0.0321
 -0.0548  -0.0704   0.0179   0.0088   0.0265  -0.0333
 -0.0599  -0.0647   0.0183   0.1880  -0.0214  -0.0844
 -0.0596  -0.0530   0.0116  -0.0782   0.0419  -0.0081
 -0.0596  -0.0881   0.0235   0.2719  -0.0266  -0.1075
 -0.0557  -0.0684   0.0151  -0.1375   0.0422   0.0236
 -0.0657  -0.0874   0.0241   0.2314  -0.0195  -0.0955
 -0.0594  -0.0577   0.0100  -0.0522   0.0255  -0.0061
 -0.0570  -0.0817   0.0210   0.0853   0.0086  -0.0492
 -0.0629  -0.0754   0.0111   0.1008  -0.0059  -0.0392
 -0.0586  -0.0770   0.0149  -0.1042   0.0389   0.0169
 -0.0558  -0.0839   0.0197   0.2512  -0.0352  -0.0925
 -0.0655  -0.0680   0.0103  -0.1160   0.0397   0.0272
 -0.0749  -0.0890   0.0232   0.1788  -0.0061  -0.0634
 -0.0611  -0.0459   0.0188  -0.1641   0.0408   0.0357
 -0.0572  -0.0774   0.0234   0.2133  -0.0237  -0.0707
 -0.0638  -0.0303   0.0092   0.0420   0.0082  -0.0127
 -0.0671  -0.0820   0.0146   0.0374   0.0179  -0.0088
 -0.0614  -0.0464   0.0120   0.1683  -0.0121  -0.0521
 -0.0652  -0.0610   0.0094  -0.0617   0.0408   0.0093
 -0.0683  -0.0577   0.0158   0.2649  -0.0266  -0.0846
 -0.0617  -0.0357   0.0123  -0.1912   0.0427   0.0478
 -0.0750  -0.0706   0.0090   0.2930  -0.0349  -0.1041
 -0.0699  -0.0201  -0.0037  -0.1145   0.0337   0.0079
 -0.0756  -0.0730   0.0023   0.1805  -0.0138  -0.0843
 -0.0724  -0.0585  -0.0010  -0.0515   0.0198  -0.0184
 -0.0743  -0.0724   0.0011   0.0452   0.0059  -0.0466
 -0.0806  -0.0683  -0.0054   0.1314  -0.0106  -0.0819
 -0.0858  -0.0831  -0.0017   0.0127   0.0070  -0.0458
 -0.0871  -0.0737   0.0026   0.1467  -0.0217  -0.0789
 -0.0809  -0.0749   0.0031  -0.1218   0.0345  -0.0004
 -0.0791  -0.0732   0.0160   0.2044  -0.0299  -0.0959
 -0.0784  -0.0610  -0.0010  -0.2137   0.0498   0.0205
 -0.0785  -0.0689   0.0111   0.1567  -0.0155  -0.0991
 -0.0783  -0.0631   0.0114  -0.1007   0.0259  -0.0015
 -0.0836  -0.0940   0.0152   0.1951  -0.0278  -0.0751
 -0.0696  -0.0591   0.0070  -0.0503  -0.0036  -0.0098
 -0.0774  -0.0800   0.0114   0.1190  -0.0284  -0.0557
 -0.0792  -0.0322   0.0023  -0.0278   0.0096  -0.0136
 -0.0795  -0.0694   0.0089   0.0088   0.0078  -0.0226
 -0.0861  -0.0597   0.0046   0.1509  -0.0285  -0.0599
 -0.0819  -0.0555   0.0092  -0.2102   0.0344   0.0477
 -0.1098  -0.0560  -0.0055   0.2094  -0.0438  -0.0691
 -0.1005  -0.0297  -0.0058  -0.1498   0.0289   0.0262
 -0.0984  -0.0691   0.0045   0.1923  -0.0311  -0.0798
 -0.0885  -0.0144  -0.0074  -0.0407   0.0036  -0.0196
 -0.1019  -0.0610  -0.0041  -0.0405   0.0122  -0.0081
 -0.1002  -0.0421  -0.0026   0.2262  -0.0408  -0.0950
