 -0.0297  -0.1563   0.0359   0.0800   0.0001   0.1881
 -0.0856  -0.4843   0.1238   0.3876   0.0828   0.3647
 -0.0544  -0.5414   0.1196   0.3397   0.0730   0.2890
 -0.0625  -0.4508   0.1067   0.2770   0.0605   0.2066
 -0.0496  -0.4238   0.0988   0.2436   0.0515   0.3018
 -0.0593  -0.4163   0.0986   0.3027   0.0562   0.2011
 -0.0842  -0.4097   0.0798   0.2988   0.0637   0.2468
 -0.0804  -0.4560   0.0755   0.2901   0.0437   0.2671
 -0.0776  -0.3790   0.0641   0.1860   0.0443   0.2372
 -0.0847  -0.3994   0.0662   0.2069   0.0435   0.2450
 -0.1066  -0.3766   0.0617   0.2072   0.0669   0.2460
 -0.0754  -0.3794   0.0646   0.1910   0.0449   0.2375
 -0.0476  -0.3820   0.0669   0.1264   0.0256   0.2195
 -0.0345  -0.4129   0.0937   0.1620   0.0319   0.2210
 -0.0130  -0.3907   0.1075   0.1221   0.0430   0.1816
 -0.0239  -0.3892   0.0888   0.1580   0.0510   0.1880
 -0.0331  -0.3789   0.0892   0.1814   0.0421   0.2130
 -0.0262  -0.4177   0.0940   0.1916   0.0555   0.2258
 -0.0196  -0.3319   0.0789   0.2115   0.0274   0.1714
 -0.0238  -0.4817   0.1009   0.2101   0.0340   0.2551
 -0.0363  -0.3916   0.0940   0.1232   0.0582   0.1709
 -0.0276  -0.1484   0.0469   0.0495   0.0256   0.1668
 -0.0332  -0.0184   0.0894   0.1093   0.0578   0.1371
 -0.0066   0.0554   0.0797  -0.0411   0.0406   0.1399
 -0.0217  -0.0188   0.0498  -0.0024   0.0273   0.1573
  0.0047  -0.0029   0.0649  -0.0254   0.0082   0.1431
  0.0108  -0.0697   0.0495   0.0203   0.0213   0.1327
 -0.0022   0.0340   0.0485   0.0492   0.0431   0.1515
 -0.0069   0.0563   0.0088  -0.0106   0.0256   0.1351
 -0.0233   0.0801  -0.0139  -0.0109   0.0066   0.1013
  0.0209  -0.0188   0.0153   0.0581  -0.0135   0.1557
  0.0450   0.0990  -0.0167  -0.1008  -0.0361   0.0782
  0.0541   0.0878  -0.0031  -0.0317  -0.0346   0.0662
  0.0431   0.0777  -0.0160  -0.0638  -0.0384   0.0937
  0.0399   0.1006  -0.0253  -0.0020  -0.0557   0.1057
  0.0538   0.1364  -0.0280  -0.0418  -0.0535   0.0664
  0.0378   0.1369  -0.0380  -0.1014  -0.0444   0.0711
  0.0280   0.1414  -0.0308  -0.1050  -0.0452   0.0783
  0.0485   0.1384  -0.0272  -0.0448  -0.0465   0.0609
  0.0430   0.1431  -0.0414   0.0034  -0.0544   0.0929
  0.0411   0.1458  -0.0359  -0.0454  -0.0563   0.0612
  0.0343   0.1564  -0.0380  -0.0367  -0.0455   0.0748
  0.0562   0.1419  -0.0319  -0.0474  -0.0574   0.0474
  0.0566   0.1215  -0.0069  -0.0449  -0.0424   0.1174
  0.0251   0.0860   0.0185  -0.0661  -0.0024   0.0362
  0.0215   0.0609   0.0067  -0.0405  -0.0013   0.0899
  0.0074   0.0388   0.0229  -0.0457   0.0064   0.0896
 -0.0056   0.0270   0.0130  -0.0439   0.0155   0.0520
 -0.0164   0.0333   0.0093  -0.0329   0.0092   0.1293
 -0.0100  -0.0032   0.0361  -0.0771   0.0342   0.0425
 -0.0302  -0.0028   0.0375  -0.0779   0.0371   0.1156
 -0.0173   0.0023   0.0254  -0.0513   0.0382   0.0973
 -0.0112   0.0183   0.0151  -0.0636   0.0003   0.0464
  0.0322   0.0079   0.0208  -0.0581   0.0175   0.0220
  0.0619  -0.0496  -0.0254  -0.0840  -0.0264   0.0736
  0.0584   0.0424  -0.0138  -0.1103  -0.0812   0.0167
  0.0512   0.1196  -0.0373  -0.1549  -0.0577   0.0813
  0.0619   0.1166  -0.0567  -0.1410  -0.0999   0.0398
  0.0517   0.1211  -0.0326  -0.1335  -0.0334   0.0112
  0.0745   0.0801  -0.0234  -0.1139  -0.0549   0.0404
  0.1194   0.0751  -0.0040  -0.0446  -0.0927   0.0520
  0.0735   0.0857  -0.0201  -0.1070  -0.0761   0.0302
  0.0435   0.0846  -0.0317  -0.1141  -0.0403   0.0724
  0.0353   0.1001  -0.0521  -0.0979  -0.0513   0.0621
  0.0566   0.1094  -0.0488  -0.1320  -0.0694   0.0232
  0.0325   0.1240  -0.0558  -0.1170  -0.0579   0.0750
  0.0324   0.1023  -0.0520  -0.1030  -0.0492   0.0623
  0.0232   0.1115  -0.0554  -0.1133  -0.0463   0.0277
  0.0252   0.1083  -0.0398  -0.1459  -0.0441   0.0792
  0.0181   0.0906  -0.0308  -0.1022  -0.0332   0.0513
  0.0222   0.0863  -0.0262  -0.1400  -0.0367   0.0232
  0.0196   0.0955  -0.0343  -0.1504  -0.0401   0.0697
  0.0273   0.0702  -0.0232  -0.1555  -0.0303   0.0644
  0.0155   0.0971  -0.0362  -0.1624  -0.0281  -0.0032
  0.0115   0.0918  -0.0328  -0.1624  -0.0272   0.0363
  0.0241   0.0814  -0.0259  -0.1359  -0.0345   0.0331
  0.0342   0.0922  -0.0272  -0.1843  -0.0324   0.0336
  0.0318   0.0898  -0.0128  -0.1860  -0.0360   0.0503
  0.0567   0.0698  -0.0070  -0.1949  -0.0450   0.0295
  0.0916   0.0736   0.0027  -0.1877  -0.0667  -0.0097
  0.0686   0.0805  -0.0212  -0.2400  -0.0696   0.0255
  0.1043   0.0709  -0.0523  -0.2441  -0.1096   0.0562
  0.0918   0.0717  -0.0114  -0.2483  -0.0739  -0.0109
  0.0531   0.1006  -0.0258  -0.2382  -0.0454   0.0154
  0.0310   0.0883  -0.0057  -0.2835  -0.0248   0.0243
  0.0402   0.0883  -0.0273  -0.2789  -0.0421   0.0231
  0.0474   0.0923  -0.0211  -0.2729  -0.0478   0.0097
  0.0450   0.0960  -0.0146  -0.2751  -0.0443  -0.0112
  0.0415   0.0688  -0.0121  -0.2540  -0.0303   0.0315
  0.0744   0.0289   0.0384  -0.2781  -0.0144   0.0008
  0.0898   0.0263   0.0509  -0.2686  -0.0114  -0.0297
  0.0559   0.0424   0.0119  -0.2674  -0.0183   0.0315
  0.0405   0.0359   0.0253  -0.2108  -0.0049   0.0324
  0.0605   0.0325   0.0246  -0.2194  -0.0192   0.0103
  0.1077   0.0101   0.0172  -0.2321  -0.0539   0.0603
  0.1111   0.0484  -0.0167  -0.2516  -0.0815  -0.0256
  0.1012  -0.0248  -0.0019  -0.2796  -0.0556  -0.0102
  0.0872   0.0312  -0.0054  -0.2875  -0.0635   0.0527
  0.0557   0.1311  -0.0117  -0.3195  -0.0299  -0.0522
  0.0665   0.0931  -0.0146  -0.3435  -0.0488   0.0169
  0.0505   0.1126  -0.0091  -0.3714  -0.0339   0.0081
  0.0749   0.1213  -0.0631  -0.3503  -0.1166  -0.0368
  0.0893   0.1279  -0.0451  -0.2480  -0.1089  -0.0680
  0.1323   0.1583  -0.0637  -0.3126  -0.1476   0.0010
  0.0869   0.1949  -0.0988  -0.2715  -0.1273  -0.0422
  0.0830   0.0953  -0.0934  -0.2206  -0.1138  -0.0440
  0.0618   0.4742  -0.0717  -0.3628  -0.0626  -0.0411
  0.0417   0.8290  -0.1065  -0.4691  -0.0877  -0.1154
  0.0480   0.4454  -0.0527  -0.3551  -0.0579  -0.0580
  0.0290   0.3600  -0.0481  -0.3253  -0.0466  -0.0580
  0.0519   0.4769  -0.0766  -0.3830  -0.0825  -0.0581
  0.0399   0.5397  -0.1210  -0.4139  -0.1012  -0.0869
  0.0534   0.5215  -0.1272  -0.3884  -0.1232  -0.1079
  0.0453   0.4986  -0.1099  -0.3999  -0.1083  -0.0753
  0.0517   0.4946  -0.1322  -0.3666  -0.1153  -0.0839
  0.0465   0.4782  -0.1254  -0.3527  -0.0949  -0.0846
  0.0304   0.4685  -0.1193  -0.3779  -0.0861  -0.0611
  0.0122   0.4602  -0.1122  -0.3878  -0.0718  -0.0848
  0.0133   0.4637  -0.1286  -0.3977  -0.0786  -0.0750
 -0.0068   0.5269  -0.1331  -0.4876  -0.0772  -0.0821
 -0.0099   0.5032  -0.1425  -0.4222  -0.0756  -0.0816
 -0.0093   0.4862  -0.1481  -0.4091  -0.0793  -0.0887
 -0.0054   0.4767  -0.1492  -0.4341  -0.0801  -0.1005
 -0.0013   0.4537  -0.1359  -0.3965  -0.0825  -0.0599
 -0.0259   0.4160  -0.1185  -0.3954  -0.0649  -0.0564
 -0.0479   0.4332  -0.1350  -0.4526  -0.0498  -0.0750
 -0.0523   0.3267  -0.0712  -0.4046  -0.0170  -0.0457
 -0.0593   0.2710  -0.0601  -0.3712   0.0085  -0.0433
 -0.0550   0.2790  -0.0595  -0.3445  -0.0009  -0.0521
 -0.0445   0.2073  -0.0369  -0.3433   0.0080  -0.1029
 -0.0430   0.2142  -0.0502  -0.3120   0.0036  -0.0505
 -0.0143   0.2702  -0.0601  -0.3235  -0.0332  -0.0373
 -0.0218   0.3275  -0.0849  -0.3096  -0.0407  -0.0951
 -0.0199   0.3160  -0.0870  -0.2983  -0.0428  -0.0608
 -0.0114   0.3627  -0.0963  -0.2986  -0.0499  -0.0669
  0.0053   0.3394  -0.0754  -0.3000  -0.0673  -0.0467
  0.0140   0.3669  -0.0907  -0.3029  -0.0734  -0.0722
  0.0209   0.3208  -0.0730  -0.3055  -0.0563  -0.0490
  0.0430   0.2450  -0.0225  -0.2500  -0.0349  -0.0924
  0.0192   0.2540  -0.0364  -0.2811  -0.0267  -0.0792
  0.0096   0.2834  -0.0596  -0.2898  -0.0434  -0.0440
 -0.0042   0.2578  -0.0549  -0.2981  -0.0225  -0.0544
 -0.0224   0.2525  -0.0631  -0.2760  -0.0239  -0.0447
 -0.0045   0.2347  -0.0486  -0.2940  -0.0244  -0.0314
  0.0019   0.2195  -0.0384  -0.2548  -0.0181  -0.0575
 -0.0364   0.1992  -0.0294  -0.2915   0.0097  -0.0673
 -0.0266   0.2025  -0.0321  -0.2557   0.0023  -0.0326
 -0.0141   0.2032  -0.0300  -0.3168  -0.0074  -0.0604
  0.0226   0.2088  -0.0236  -0.2135  -0.0308  -0.0695
 -0.0042   0.1683  -0.0212  -0.1060  -0.0184  -0.1057
 -0.0078   0.2069  -0.0349  -0.0812  -0.0289  -0.1214
  0.0249   0.1914  -0.0369  -0.1818  -0.0450  -0.0653
  0.0034   0.3316  -0.0491  -0.1358  -0.0428  -0.1224
 -0.0281   0.3070  -0.0642   0.2330  -0.0335  -0.2253
 -0.0257   0.2733  -0.0629   0.1673  -0.0310  -0.1448
 -0.0409   0.2188  -0.0664   0.2181  -0.0239  -0.1429
 -0.0088   0.2331  -0.0769   0.1777  -0.0591  -0.0983
  0.0026   0.1652  -0.0584   0.1952  -0.0654  -0.0961
  0.0009   0.1944  -0.0591   0.1905  -0.0714  -0.1033
  0.0001   0.1702  -0.0518   0.2294  -0.0654  -0.1151
  0.0134   0.1710  -0.0640   0.2623  -0.0698  -0.0589
  0.0083   0.1658  -0.0682   0.3098  -0.0640  -0.0972
  0.0164   0.1885  -0.0702   0.2695  -0.0638  -0.1244
 -0.0233   0.0266  -0.0518   0.3260  -0.0321  -0.0277
 -0.0078   0.0938  -0.0620   0.3069  -0.0435  -0.0446
  0.0156   0.0852  -0.0495   0.2893  -0.0518  -0.1553
  0.0244   0.0747  -0.0481   0.2696  -0.0523  -0.0749
  0.0300   0.0767  -0.0455   0.2730  -0.0613  -0.1085
  0.0613   0.0622  -0.0205   0.2772  -0.0668  -0.0986
  0.0383   0.0448  -0.0133   0.2911  -0.0428  -0.0292
  0.0205   0.0382  -0.0229   0.2892  -0.0310  -0.0826
  0.0166   0.0344  -0.0292   0.3149  -0.0254  -0.0754
  0.0112   0.0184  -0.0229   0.2738  -0.0221  -0.0405
  0.0194  -0.0050   0.0023   0.3136  -0.0124  -0.0943
  0.0264   0.0058   0.0046   0.3048  -0.0146  -0.0326
 -0.0090  -0.0148   0.0039   0.3233   0.0070  -0.1287
  0.0037  -0.0402  -0.0112   0.3411  -0.0113   0.0048
 -0.0080  -0.0640  -0.0106   0.3061  -0.0117  -0.0495
  0.0020  -0.0431  -0.0098   0.2647  -0.0110  -0.1414
  0.0161  -0.0401  -0.0100   0.2875  -0.0201  -0.0785
  0.0113  -0.0389  -0.0030   0.2703  -0.0142  -0.1171
  0.0001  -0.0476  -0.0018   0.2421   0.0002  -0.0724
  0.0100  -0.0251  -0.0160   0.2496  -0.0233  -0.1010
 -0.0198  -0.0678   0.0368   0.2632   0.0156  -0.0404
 -0.0034  -0.0763   0.0364   0.2662   0.0057  -0.1168
 -0.0002  -0.1273   0.0722   0.2721   0.0253  -0.0553
 -0.0364  -0.2475   0.1395   0.2964   0.0885  -0.0346
 -0.0472  -0.2537   0.1215   0.3038   0.0937  -0.0114
 -0.0492  -0.2855   0.1439   0.4000   0.1070  -0.0316
 -0.0478  -0.2898   0.1284   0.3275   0.0960  -0.0252
 -0.0955  -0.3127   0.1371   0.3178   0.1395  -0.0359
 -0.0871  -0.2481   0.0841   0.3180   0.1054  -0.0511
 -0.0689  -0.2854   0.0754   0.3184   0.0898  -0.0586
 -0.0578  -0.2715   0.0681   0.3390   0.0789  -0.0875
 -0.0213  -0.1894   0.0645   0.2808   0.0350  -0.1216
 -0.0389  -0.2473   0.0524   0.3039   0.0536  -0.0730
 -0.0489  -0.2554   0.0482   0.3148   0.0475  -0.0480
 -0.0562  -0.2761   0.0557   0.3202   0.0582  -0.0607
 -0.0387  -0.2842   0.0526   0.3239   0.0479  -0.1099
 -0.0180  -0.2790   0.0538   0.3246   0.0356  -0.0597
 -0.0514  -0.3064   0.0547   0.3538   0.0526  -0.0509
 -0.0591  -0.2812   0.0452   0.3371   0.0630  -0.0383
 -0.0052  -0.1846   0.0586   0.2875   0.0527  -0.1088
  0.0156  -0.2469   0.0445   0.2988   0.0387  -0.0899
  0.0047  -0.2019   0.0362   0.1683   0.0346  -0.1245
  0.0033  -0.2445   0.0373   0.2037   0.0499  -0.0883
 -0.0019  -0.1544   0.0439   0.1895   0.1065  -0.1383
 -0.0132  -0.0977   0.0222   0.1796   0.0906  -0.0785
 -0.0236  -0.2172   0.0106   0.2201   0.0754  -0.1143
 -0.0390  -0.1669   0.0011   0.2140   0.0862  -0.0796
 -0.0321  -0.1898  -0.0013   0.2176   0.0800  -0.0634
 -0.0624  -0.1643  -0.0122   0.2112   0.0797  -0.1474
 -0.0765  -0.2104  -0.0070   0.2166   0.0879  -0.0877
 -0.0653  -0.2294   0.0025   0.1857   0.0823  -0.0720
 -0.0699  -0.2615   0.0088   0.1969   0.0705  -0.0807
 -0.0492  -0.2352   0.0099   0.2073   0.0768  -0.0799
 -0.0589  -0.2444   0.0079   0.2046   0.0797  -0.0742
 -0.0520  -0.2403   0.0055   0.2112   0.0794  -0.0918
 -0.0699  -0.2835   0.0351   0.2386   0.0918  -0.0634
 -0.0870  -0.4599   0.1130   0.2806   0.1433   0.0126
 -0.0749  -0.4694   0.1059   0.2743   0.1399  -0.0436
 -0.0659  -0.4845   0.1316   0.2922   0.1388  -0.0080
 -0.0577  -0.5185   0.1430   0.2884   0.1446  -0.0087
 -0.0568  -0.5238   0.1404   0.2933   0.1520  -0.0340
 -0.0747  -0.5187   0.1383   0.2986   0.1634  -0.0441
 -0.0874  -0.5281   0.1423   0.2664   0.1668  -0.0063
 -0.0933  -0.5273   0.1418   0.2786   0.1748  -0.0030
 -0.0862  -0.5412   0.1391   0.2937   0.1792  -0.0362
 -0.1054  -0.5435   0.1331   0.2758   0.1808   0.0308
 -0.1019  -0.5570   0.1456   0.2605   0.1816  -0.0315
 -0.0961  -0.5566   0.1558   0.2943   0.2038   0.0078
 -0.1078  -0.5689   0.1500   0.2771   0.2074  -0.0089
 -0.1138  -0.5486   0.1374   0.2682   0.1953  -0.0326
 -0.1176  -0.5574   0.1434   0.2606   0.1936  -0.0056
 -0.1197  -0.5400   0.1410   0.2661   0.1894  -0.0062
 -0.1209  -0.5889   0.1580   0.2858   0.2066  -0.0003
