  0.1687  -0.0778   0.0018  -0.2055   0.0413   0.1715
  0.2136  -0.1377  -0.0087  -0.3317   0.0691   0.2362
  0.2134  -0.1061  -0.0021  -0.2953   0.0640   0.2005
  0.2046  -0.1078  -0.0122  -0.3044   0.0602   0.2039
  0.2150  -0.1122  -0.0005  -0.3040   0.0577   0.1969
  0.2159  -0.1189  -0.0157  -0.2766   0.0513   0.1904
  0.2124  -0.1131   0.0021  -0.3007   0.0580   0.2082
  0.2144  -0.1123  -0.0018  -0.2560   0.0501   0.1967
  0.2113  -0.1110   0.0035  -0.3138   0.0688   0.2096
  0.2043  -0.1104  -0.0039  -0.2676   0.0483   0.1857
  0.1948  -0.1037  -0.0035  -0.3596   0.0815   0.2076
  0.2235  -0.1625   0.0057   0.0082  -0.0918   0.0946
  0.2109  -0.1354   0.0490   0.3382  -0.1011  -0.0250
  0.1518  -0.0642   0.0024  -0.2208   0.0744   0.1112
  0.1999  -0.0911   0.0062  -0.1207   0.0266   0.1060
  0.1908  -0.0843   0.0028  -0.1986   0.0733   0.1379
  0.1895  -0.0666   0.0156  -0.1633   0.0271   0.1101
  0.1479  -0.1012  -0.0105  -0.2219  -0.0173   0.1624
  0.1639  -0.1602  -0.0379  -0.1925   0.0160   0.1762
  0.1804  -0.1233  -0.0156  -0.2046   0.0248   0.1574
  0.1972  -0.1273  -0.0264  -0.1825   0.0223   0.1424
  0.1724  -0.1402  -0.0291  -0.2165   0.0143   0.1388
  0.1593  -0.1198  -0.0215  -0.2067   0.0030   0.1517
  0.1756  -0.1296  -0.0151  -0.2533   0.0475   0.1717
  0.1701  -0.1256  -0.0260  -0.2386   0.0299   0.1564
  0.1658  -0.1209  -0.0175  -0.2392   0.0313   0.1667
  0.1627  -0.1266  -0.0334  -0.2574   0.0354   0.1453
  0.1644  -0.1347  -0.0107  -0.2453   0.0356   0.1671
  0.1556  -0.1278  -0.0219  -0.2388   0.0314   0.1560
  0.1627  -0.1148  -0.0193  -0.2367   0.0406   0.1590
  0.1378  -0.1324  -0.0032  -0.2533   0.0384   0.1531
  0.1300  -0.1347  -0.0086  -0.2526   0.0317   0.1410
  0.1461  -0.1177  -0.0328  -0.2714   0.0444   0.1647
  0.1476  -0.1241  -0.0099  -0.2469   0.0461   0.1629
  0.1426  -0.1023  -0.0198  -0.2767   0.0439   0.1552
  0.1450  -0.1020  -0.0088  -0.2553   0.0509   0.1539
  0.1454  -0.0942  -0.0137  -0.2705   0.0387   0.1458
  0.1234  -0.1029  -0.0261  -0.1737   0.0272   0.1152
  0.1087  -0.0881  -0.0241  -0.2825   0.0407   0.1436
  0.1222  -0.0368  -0.0213  -0.2612   0.0425   0.1603
  0.1016  -0.0780  -0.0442  -0.3580   0.0358   0.1586
  0.0632  -0.0557   0.0543   0.9785  -0.2726  -0.2131
 -0.0111   0.2827  -0.1212   1.6678  -0.2517  -0.4459
 -0.1107   0.2633  -0.0707   0.9799  -0.1420  -0.3767
 -0.0410   0.2640  -0.1078   0.9477  -0.1206  -0.3706
 -0.1634   0.2575   0.1342   0.7957  -0.1052  -0.3319
 -0.0976   0.5270   0.2641   0.8329  -0.2330  -0.1273
 -0.0475   0.2192  -0.0810   0.2969  -0.0387  -0.0912
 -0.0329  -0.0185  -0.0203   0.2203  -0.0480  -0.0355
  0.0167   0.0535  -0.0326   0.1388  -0.0253  -0.0123
  0.0322   0.0363  -0.0136   0.2712  -0.0485  -0.0695
  0.0253   0.0547  -0.0263   0.2178  -0.0250  -0.0472
  0.0278   0.0472  -0.0139   0.2129  -0.0204  -0.0486
  0.0337   0.0607  -0.0270   0.1701  -0.0125  -0.0535
  0.0350   0.0491  -0.0219   0.1911  -0.0149  -0.0733
  0.0479   0.0513  -0.0256   0.1864  -0.0222  -0.0669
  0.0437   0.0431  -0.0120   0.2091  -0.0182  -0.0642
  0.0435   0.0677  -0.0169   0.1796  -0.0131  -0.0604
  0.0371   0.0612  -0.0172   0.1193   0.0121  -0.0434
  0.0343   0.0682  -0.0246   0.1197   0.0004  -0.0719
  0.0244   0.0548  -0.0258   0.1103   0.0182  -0.0597
  0.0202   0.0629  -0.0312   0.0980   0.0113  -0.0519
  0.0234   0.0579  -0.0121   0.0932   0.0101  -0.0374
  0.0194   0.0562  -0.0302   0.1097   0.0023  -0.0691
  0.0198   0.0579  -0.0230   0.0868   0.0203  -0.0575
  0.0029   0.0597  -0.0180   0.0888  -0.0012  -0.0527
 -0.0108   0.0548  -0.0132   0.0885  -0.0074  -0.0153
 -0.0208   0.0639  -0.0185   0.0523   0.0069  -0.0195
 -0.0220   0.0472  -0.0124   0.0908  -0.0115  -0.0368
 -0.0201   0.0605  -0.0169   0.0813  -0.0019  -0.0315
 -0.0252   0.0643  -0.0128   0.0940   0.0073  -0.0338
 -0.0274   0.0671  -0.0215   0.0738   0.0052  -0.0370
 -0.0287   0.0655  -0.0208   0.0683   0.0011  -0.0383
  0.0125   0.0517  -0.0299   0.0913   0.0205  -0.0432
  0.1191   0.0858  -0.0275   0.1003   0.1182  -0.0054
  0.0562   0.0723  -0.0475   0.0835   0.0604  -0.0299
 -0.0406  -0.0476  -0.0576   0.1148  -0.0077  -0.0139
 -0.0099  -0.0035  -0.0451   0.1016   0.0122  -0.0144
 -0.0135   0.0141  -0.0464   0.1362   0.0032  -0.0499
 -0.0318   0.0322  -0.0461   0.1009   0.0158  -0.0326
 -0.0787  -0.0045  -0.0335   0.1052   0.0135  -0.0307
 -0.0673  -0.0238  -0.0152   0.1044   0.0055  -0.0292
 -0.0618   0.0259  -0.0223   0.1044   0.0072  -0.0430
 -0.0493  -0.0297  -0.0155   0.1028   0.0028  -0.0278
 -0.0562  -0.0077  -0.0038   0.0915   0.0017  -0.0261
 -0.0502  -0.0189  -0.0145   0.0653   0.0063  -0.0084
 -0.0940  -0.0612   0.0739   0.1228  -0.0270  -0.0276
 -0.0925  -0.0804   0.0756   0.1164  -0.0186  -0.0268
 -0.1110  -0.0749   0.0853   0.1467  -0.0408  -0.0570
 -0.0964  -0.0877   0.0910   0.1263  -0.0186  -0.0280
 -0.1064  -0.0547   0.0768   0.0551  -0.0099  -0.0020
 -0.0843  -0.0862   0.0615   0.0912  -0.0084  -0.0108
 -0.1157  -0.0789   0.0551   0.0842  -0.0250  -0.0258
 -0.1200  -0.1019   0.0779   0.0646  -0.0195  -0.0127
 -0.0942  -0.1047   0.0627   0.1045  -0.0155  -0.0208
 -0.0902  -0.0958   0.0894   0.0591  -0.0121   0.0017
 -0.0888  -0.0846   0.0697   0.1002  -0.0092  -0.0170
 -0.0870  -0.0726   0.0910   0.1024  -0.0233  -0.0253
 -0.0871  -0.0921   0.0810   0.0959  -0.0126  -0.0352
 -0.0926  -0.0922   0.0724   0.1075  -0.0249  -0.0383
 -0.0974  -0.0958   0.1007   0.1201  -0.0162  -0.0336
 -0.0889  -0.0947   0.0878   0.1040  -0.0160  -0.0311
 -0.1044  -0.0733   0.0842   0.0938  -0.0109  -0.0357
 -0.1022  -0.1063   0.0916   0.0699  -0.0119  -0.0364
 -0.0739  -0.0977   0.0672   0.0598  -0.0024  -0.0123
 -0.0653  -0.0445   0.0359   0.0463  -0.0005  -0.0223
 -0.0696  -0.0392   0.0294   0.0612  -0.0045  -0.0550
 -0.0695  -0.0378   0.0239   0.0257   0.0093  -0.0340
 -0.0557  -0.0005   0.0243   0.0365   0.0108  -0.0224
 -0.0691   0.0060   0.0068   0.0433   0.0186  -0.0485
 -0.0519  -0.0048   0.0058   0.0051   0.0225  -0.0377
 -0.0476  -0.0032   0.0087   0.0089   0.0189  -0.0340
 -0.0558   0.0178   0.0159   0.0212   0.0220  -0.0296
 -0.0584  -0.0019  -0.0027   0.0271   0.0072  -0.0509
 -0.0675  -0.0014   0.0055   0.0650  -0.0032  -0.0612
 -0.0619   0.0150   0.0012   0.0269   0.0061  -0.0342
 -0.0435   0.0184   0.0176  -0.0169   0.0177  -0.0147
 -0.0450   0.0247   0.0156  -0.0022   0.0142  -0.0181
 -0.0466   0.0099   0.0097   0.0046   0.0145  -0.0367
 -0.0413   0.0185   0.0061  -0.0055   0.0121  -0.0390
 -0.0444   0.0369   0.0067  -0.0161   0.0179  -0.0300
 -0.0482   0.0470   0.0134   0.0297   0.0018  -0.0435
 -0.0533   0.0343   0.0109   0.0205   0.0144  -0.0303
 -0.0447   0.0360   0.0090   0.0294  -0.0066  -0.0527
 -0.0508   0.0334  -0.0002   0.0017   0.0098  -0.0381
 -0.0371   0.0374   0.0052  -0.0039   0.0078  -0.0381
 -0.0429   0.0401   0.0067   0.0042   0.0065  -0.0258
 -0.0372   0.0333   0.0119   0.0075   0.0025  -0.0260
 -0.0502   0.0421  -0.0010  -0.0187  -0.0006  -0.0493
 -0.0649   0.0369  -0.0045  -0.0299   0.0018  -0.0391
 -0.0604   0.0489  -0.0059  -0.0048   0.0083  -0.0416
 -0.0519   0.0445   0.0091  -0.0140   0.0054  -0.0301
 -0.0769   0.0510  -0.0140  -0.0321   0.0137  -0.0247
 -0.0728   0.0572  -0.0026   0.0009   0.0098  -0.0406
 -0.0681   0.0514  -0.0077  -0.0535   0.0118  -0.0370
 -0.0718   0.0316  -0.0153  -0.0415   0.0061  -0.0303
 -0.0708   0.0312  -0.0040  -0.0585   0.0167  -0.0169
 -0.0795   0.0431  -0.0124  -0.0269   0.0114  -0.0325
 -0.0766   0.0342  -0.0014  -0.0668   0.0214  -0.0264
 -0.0730   0.0237  -0.0050  -0.0655   0.0099  -0.0412
 -0.0680   0.0338  -0.0002  -0.0976   0.0138  -0.0091
 -0.0667   0.0387   0.0069  -0.0613  -0.0027  -0.0312
 -0.0676   0.0441   0.0015  -0.0667   0.0038  -0.0273
 -0.0683   0.0370  -0.0025  -0.0525  -0.0033  -0.0515
 -0.0701   0.0518   0.0065  -0.0399   0.0000  -0.0206
 -0.0698   0.0560   0.0030  -0.0374   0.0043  -0.0185
 -0.0731   0.0671   0.0066  -0.0421   0.0012  -0.0142
 -0.0730   0.0646   0.0042  -0.0426   0.0046  -0.0269
 -0.0698   0.0613   0.0086  -0.0728   0.0045  -0.0178
 -0.0596   0.0516  -0.0051  -0.0788  -0.0002  -0.0436
 -0.0434   0.0350   0.0124  -0.0526  -0.0040  -0.0371
 -0.0532   0.0772  -0.0396  -0.0548  -0.0443  -0.0448
 -0.0332   0.0892  -0.0303  -0.0262  -0.0463  -0.0591
 -0.0557   0.0619  -0.0104  -0.0578  -0.0109  -0.0519
 -0.0525   0.0652  -0.0124  -0.0603  -0.0180  -0.0539
 -0.0649   0.0845  -0.0065  -0.0465  -0.0170  -0.0480
 -0.0634   0.0912  -0.0114  -0.0540  -0.0189  -0.0432
 -0.0730   0.0774  -0.0091  -0.0544  -0.0147  -0.0340
 -0.0816   0.0880  -0.0237  -0.0939  -0.0144  -0.0444
 -0.0791   0.0865  -0.0227  -0.1333  -0.0117  -0.0258
 -0.0888   0.0713  -0.0268  -0.0933  -0.0162  -0.0384
 -0.0793   0.0684  -0.0226  -0.1276  -0.0067  -0.0096
 -0.0807   0.0873  -0.0150  -0.0857  -0.0153  -0.0418
 -0.0924   0.0794  -0.0168  -0.0950  -0.0154  -0.0393
 -0.0754   0.0753  -0.0137  -0.0674  -0.0329  -0.0535
 -0.0785   0.0691  -0.0125  -0.1392  -0.0111  -0.0445
 -0.0673   0.0787  -0.0059  -0.0993  -0.0262  -0.0465
 -0.0826   0.0838  -0.0128  -0.1217  -0.0172  -0.0281
 -0.0793   0.0774  -0.0078  -0.0856  -0.0267  -0.0395
 -0.0830   0.0834  -0.0094  -0.0943  -0.0192  -0.0374
 -0.0825   0.0911  -0.0037  -0.1360  -0.0155  -0.0226
 -0.0950   0.0877  -0.0167  -0.1095  -0.0162  -0.0319
 -0.1068   0.0937  -0.0168  -0.1239  -0.0173  -0.0497
 -0.1025   0.0940  -0.0242  -0.0891  -0.0281  -0.0469
 -0.1079   0.0955  -0.0238  -0.0995  -0.0244  -0.0459
 -0.1174   0.1081  -0.0306  -0.1000  -0.0338  -0.0432
