 -0.2055   1.1209  -0.6544   0.3739  -0.3528  -0.4157
 -0.2419   1.2389  -0.5470   0.3103  -0.2713  -0.4562
 -0.2508   1.2159  -0.6003   0.3716  -0.3006  -0.4233
 -0.2206   1.1619  -0.6005   0.3493  -0.2876  -0.3958
 -0.1624   1.0829  -0.6185   0.3842  -0.3071  -0.3402
 -0.2129   1.1341  -0.6648   0.3322  -0.3073  -0.4517
 -0.2283   1.1550  -0.7062   0.2827  -0.3241  -0.4762
 -0.2132   1.1969  -0.7194   0.3291  -0.3240  -0.4196
 -0.1692   1.1420  -0.7317   0.3611  -0.3333  -0.4396
 -0.1508   1.1266  -0.6787   0.3528  -0.3237  -0.4043
 -0.1664   1.1170  -0.6955   0.3610  -0.3347  -0.4596
 -0.1679   1.1544  -0.6842   0.3453  -0.3289  -0.5049
 -0.1957   1.2120  -0.6749   0.3410  -0.3228  -0.4764
 -0.1781   1.2007  -0.6418   0.3399  -0.3147  -0.4397
 -0.1968   1.2363  -0.6276   0.3250  -0.2996  -0.5053
 -0.1884   1.2085  -0.6120   0.3098  -0.2966  -0.4122
 -0.1919   1.1862  -0.6097   0.3364  -0.3036  -0.5174
 -0.1941   1.2473  -0.6276   0.3192  -0.3025  -0.5185
 -0.1876   1.2244  -0.6356   0.3087  -0.3150  -0.3743
 -0.1833   1.1979  -0.6261   0.3305  -0.3069  -0.4745
 -0.1786   1.2105  -0.6284   0.3310  -0.3262  -0.4403
 -0.1735   1.1742  -0.6314   0.3311  -0.3290  -0.4796
 -0.1775   1.1767  -0.6487   0.3040  -0.3323  -0.4764
 -0.1768   1.1665  -0.6388   0.3172  -0.3156  -0.4468
 -0.1844   1.1214  -0.6421   0.3059  -0.3195  -0.3904
 -0.1669   1.0072  -0.6442   0.3112  -0.3222  -0.4009
 -0.1529   0.9461  -0.6287   0.3444  -0.3181  -0.4501
 -0.1570   0.9527  -0.6028   0.3309  -0.3106  -0.4121
 -0.1614   0.9416  -0.5950   0.3128  -0.3103  -0.4369
 -0.1324   0.9334  -0.5925   0.3061  -0.3061  -0.3972
 -0.1166   0.8888  -0.5864   0.3109  -0.3126  -0.3883
 -0.1184   0.9308  -0.5999   0.3302  -0.3128  -0.4542
 -0.1345   0.9077  -0.5923   0.3316  -0.2991  -0.4154
 -0.0865   0.8460  -0.5785   0.3331  -0.2869  -0.3978
 -0.0691   0.7916  -0.5836   0.3394  -0.2944  -0.3905
 -0.1063   0.7998  -0.6139   0.3130  -0.3143  -0.3894
 -0.0911   0.7648  -0.5974   0.2793  -0.3140  -0.3423
 -0.1166   0.7577  -0.6042   0.2692  -0.3133  -0.3485
 -0.1085   0.7254  -0.6013   0.2904  -0.3133  -0.2913
 -0.1141   0.7441  -0.5857   0.3075  -0.3057  -0.3287
 -0.0941   0.7948  -0.5901   0.2968  -0.3273  -0.3542
 -0.1071   0.8368  -0.5890   0.2823  -0.3321  -0.3910
 -0.0924   0.8013  -0.5969   0.2851  -0.3322  -0.3419
 -0.1251   0.7752  -0.6112   0.2775  -0.3155  -0.2798
 -0.1227   0.7610  -0.5720   0.2716  -0.2736  -0.3450
 -0.1553   0.7479  -0.5746   0.2842  -0.2819  -0.3034
 -0.0770   0.8006  -0.4943   0.2630  -0.2636  -0.3623
 -0.0511   0.9039  -0.4811   0.2511  -0.2431  -0.3159
 -0.1002   0.7117  -0.4936   0.1761  -0.2587  -0.2698
 -0.1395   0.6671  -0.5136   0.1954  -0.2664  -0.3063
 -0.1465   0.7334  -0.5211   0.1777  -0.2638  -0.2742
 -0.1467   0.6789  -0.4515   0.1731  -0.2328  -0.2848
 -0.1401   0.5865  -0.4397   0.1981  -0.2332  -0.2612
 -0.1376   0.4886  -0.4155   0.2097  -0.2150  -0.2753
 -0.1346   0.4764  -0.4192   0.1883  -0.2353  -0.2463
 -0.1350   0.5167  -0.4413   0.2090  -0.2263  -0.3663
 -0.1357   0.5513  -0.4620   0.1897  -0.2307  -0.2961
 -0.1390   0.4903  -0.4342   0.1652  -0.2242  -0.2199
 -0.1294   0.4785  -0.4258   0.1697  -0.2309  -0.1924
 -0.1554   0.4792  -0.4103   0.1660  -0.2212  -0.1734
 -0.1484   0.4251  -0.4226   0.1842  -0.2402  -0.1599
 -0.1699   0.3821  -0.4252   0.2172  -0.2440  -0.1451
 -0.1634   0.3957  -0.3915   0.2418  -0.2217  -0.1677
 -0.1718   0.3456  -0.3650   0.1705  -0.2012  -0.1680
 -0.1554   0.3169  -0.3770   0.1866  -0.1912  -0.1494
 -0.1698   0.3248  -0.4076   0.1863  -0.2010  -0.1789
 -0.1750   0.3206  -0.4229   0.1958  -0.2078  -0.1595
 -0.1880   0.2727  -0.4158   0.1931  -0.2075  -0.1608
 -0.2146   0.2459  -0.4089   0.1894  -0.1944  -0.1676
 -0.2442   0.1488  -0.4254   0.2017  -0.1917  -0.1009
 -0.2618   0.0785  -0.4131   0.1847  -0.1806  -0.1127
 -0.2397   0.0591  -0.4287   0.1548  -0.2064  -0.0296
 -0.2039  -0.0417  -0.4344   0.1466  -0.2304  -0.0539
 -0.1928  -0.0298  -0.4065   0.2129  -0.1929  -0.0735
 -0.1925   0.0067  -0.3900   0.2050  -0.1748  -0.0498
 -0.1803   0.0188  -0.3975   0.2254  -0.1844  -0.0330
 -0.1673   0.0333  -0.3786   0.1949  -0.1898  -0.0961
 -0.1789   0.1216  -0.3291   0.2171  -0.1641  -0.2496
 -0.1767   0.1156  -0.3480   0.1808  -0.1700  -0.0766
 -0.1669   0.0889  -0.3367   0.1993  -0.1767  -0.2258
 -0.1609   0.0589  -0.3512   0.1603  -0.1880  -0.1716
 -0.1517   0.0677  -0.3517   0.2033  -0.1815  -0.0958
 -0.1475   0.0609  -0.3444   0.1484  -0.1918   0.0035
 -0.1752   0.0952  -0.3613   0.3309  -0.1718  -0.1103
 -0.1776   0.1809  -0.2922   0.2402  -0.1299  -0.0403
 -0.1989   0.0291  -0.1953   0.0415  -0.0806   0.0083
 -0.1897   0.0199  -0.0971   0.0169  -0.0705  -0.1124
 -0.2096   0.0462  -0.0250  -0.0748  -0.0404  -0.0980
 -0.1817   0.0079  -0.0035   0.0012  -0.0298  -0.0666
 -0.1882   0.0099  -0.0002  -0.0258  -0.0389  -0.1038
 -0.1491   0.0567  -0.0097   0.0400  -0.0376  -0.0942
 -0.1621   0.0345  -0.0050  -0.0110  -0.0455  -0.0122
 -0.1261  -0.0127  -0.0180   0.0380  -0.0404  -0.0010
 -0.1487  -0.0822   0.0025   0.0049  -0.0317  -0.0701
 -0.1113  -0.0405  -0.0138   0.0177  -0.0502   0.0836
 -0.1075  -0.1548  -0.0226  -0.0491  -0.0561  -0.0319
 -0.0658  -0.0397  -0.0501   0.0307  -0.0473   0.0346
 -0.0809  -0.0072  -0.1019  -0.1555  -0.0543  -0.0092
  0.0354   0.1752  -0.1033   0.0943  -0.0480   0.1985
  0.1405   0.3447  -0.1383   0.3058  -0.1451   0.4476
  0.1267   0.4458  -0.2228   0.1065  -0.2177   0.0782
  0.1501   0.2014  -0.1596   0.1501  -0.1437   0.2841
  0.1234   0.2858  -0.1834   0.0351  -0.1554   0.1369
  0.1237   0.4562  -0.1758   0.0037  -0.1427   0.0683
  0.1154   0.2974  -0.1591  -0.0214  -0.1228   0.1025
  0.2006   0.4020  -0.2359  -0.0223  -0.1694   0.1759
  0.2067   0.3905  -0.2950  -0.0542  -0.2234   0.0429
  0.2139   0.4347  -0.2582  -0.0219  -0.2034   0.0032
  0.2010   0.4329  -0.2455  -0.0058  -0.1918  -0.0166
  0.2365   0.4589  -0.1882  -0.0053  -0.0944  -0.0136
  0.1798   0.4365  -0.1416   0.0228  -0.0274  -0.0873
  0.1605   0.4493  -0.2345   0.0576  -0.0800  -0.1310
  0.1085   0.4870  -0.2271   0.0576  -0.0952   0.0369
  0.1158   0.4114  -0.2107   0.0753  -0.0994  -0.1515
  0.1032   0.4822  -0.2055   0.0625  -0.0999  -0.0784
  0.1006   0.4173  -0.2017   0.0671  -0.1033  -0.0619
  0.1036   0.3993  -0.1846   0.0590  -0.0935  -0.0633
  0.1017   0.3274  -0.1657   0.0510  -0.0975   0.0055
  0.0916   0.3022  -0.1518   0.0561  -0.0818  -0.1241
  0.0899   0.3159  -0.1332   0.0517  -0.0791  -0.0738
  0.0982   0.2136  -0.0968   0.0536  -0.0632  -0.0056
  0.0807   0.1424  -0.0988   0.0718  -0.0703  -0.0066
  0.0998   0.0509  -0.0695   0.0761  -0.0507   0.0252
  0.0968   0.0043  -0.0460   0.0501  -0.0302   0.0036
  0.0932  -0.0104  -0.0537   0.0814  -0.0225  -0.0026
  0.0638  -0.0465  -0.0697   0.0926  -0.0322   0.0142
  0.0507  -0.0964  -0.0708   0.0736  -0.0185  -0.0115
  0.0181  -0.1326  -0.0416   0.0705   0.0130   0.0114
  0.0122  -0.1723  -0.0325   0.1163   0.0231   0.0740
  0.0110  -0.2119  -0.0153   0.0867   0.0128   0.0467
  0.0197  -0.0912  -0.0765   0.0510   0.0075   0.1056
  0.0152  -0.2010  -0.0633   0.0660  -0.0429   0.0297
 -0.0314  -0.3307  -0.0253   0.0363  -0.0337  -0.0250
 -0.0077  -0.2750  -0.0110  -0.0232  -0.0207   0.1173
 -0.0200  -0.2781   0.0405  -0.0123   0.0064   0.1203
  0.0067  -0.2863   0.0985  -0.0128   0.0504  -0.0258
 -0.0360  -0.2782   0.0543  -0.0187   0.0372  -0.0042
 -0.0575  -0.3291   0.0027  -0.0224   0.0164  -0.0558
 -0.0258  -0.3237   0.0450   0.0085   0.0441   0.0295
 -0.0119  -0.3718   0.0438   0.0140   0.0317   0.0601
 -0.0081  -0.2744   0.0953  -0.0261   0.0555   0.0430
 -0.0005  -0.2585   0.0826  -0.0329   0.0415   0.2564
  0.0122  -0.2553   0.0960  -0.0481   0.0576   0.0526
 -0.0161  -0.4017   0.0541   0.0232   0.0450   0.1129
 -0.0102  -0.4183   0.0615   0.0142   0.0709   0.1260
  0.0153  -0.4582   0.0483   0.0623   0.0671   0.2708
  0.0399  -0.2186   0.1015   0.0033   0.0685   0.1815
  0.0536  -0.0840   0.1142  -0.0428   0.0683   0.0643
  0.0322  -0.0754   0.1240  -0.0803   0.0492   0.0817
  0.0587  -0.0718   0.1123  -0.1088   0.0474   0.1803
  0.0624  -0.1482   0.1363  -0.1131   0.0589   0.1990
  0.0629  -0.1688   0.1197  -0.0587   0.0507   0.1413
  0.0536  -0.1494   0.1145  -0.0359   0.0548   0.0850
  0.0706  -0.1413   0.0984  -0.0832   0.0539   0.0971
  0.0963  -0.1703   0.1215  -0.0591   0.0603   0.1456
  0.1192  -0.2045   0.1830  -0.0518   0.0840   0.1136
  0.1213  -0.1980   0.1753  -0.0378   0.0731   0.1339
  0.1186  -0.2407   0.1556  -0.0306   0.0660   0.0490
  0.0936  -0.2274   0.1422  -0.0016   0.1008   0.1622
  0.0926  -0.3533   0.1544  -0.0328   0.1024   0.1530
  0.0613  -0.3439   0.1697  -0.0202   0.1156   0.0610
  0.0699  -0.3392   0.1770  -0.0414   0.1168   0.1255
  0.0475  -0.2650   0.1724  -0.0598   0.1038   0.1447
  0.0341  -0.2335   0.1808  -0.0894   0.1104   0.1274
  0.0518  -0.1478   0.1906  -0.0887   0.1061   0.1526
  0.0651  -0.1539   0.1838  -0.0888   0.0845   0.1100
  0.0700  -0.1487   0.1669  -0.0536   0.0761   0.0786
  0.0698  -0.2462   0.1168  -0.0875   0.0571   0.1059
  0.0682  -0.1218   0.1358  -0.0386   0.0899   0.1288
 -0.0064  -0.6029   0.1128  -0.2916   0.1313   0.0903
 -0.0016  -0.7284   0.2957  -0.5187   0.1786   0.2644
 -0.0584  -0.7461   0.4464  -0.5654   0.2380   0.6252
  0.0083  -0.7351   0.4235  -0.4617   0.2425   0.3091
  0.0698  -0.6275   0.4555  -0.4086   0.2331   0.3163
  0.1431  -0.5549   0.4671  -0.3576   0.2172   0.2746
  0.2052  -0.4772   0.5262  -0.3019   0.2455   0.1560
  0.2100  -0.5855   0.5252  -0.2926   0.2437   0.2075
  0.2039  -0.5434   0.5484  -0.2846   0.2587   0.2542
  0.1690  -0.6145   0.5459  -0.3052   0.2605   0.2831
  0.1330  -0.5965   0.5610  -0.2992   0.2642   0.2743
  0.1264  -0.6345   0.5914  -0.3349   0.2786   0.2459
  0.1350  -0.6066   0.6057  -0.3244   0.2826   0.2083
  0.1491  -0.6017   0.6256  -0.3775   0.2910   0.3390
  0.1492  -0.6391   0.6732  -0.3958   0.3251   0.2598
  0.1477  -0.6438   0.6764  -0.3789   0.3496   0.1691
  0.1544  -0.6861   0.7002  -0.3474   0.3598   0.3050
  0.1627  -0.7002   0.7040  -0.3347   0.3555   0.2996
  0.1707  -0.7036   0.7078  -0.3478   0.3584   0.3355
  0.1851  -0.7529   0.7088  -0.3438   0.3420   0.3005
  0.1996  -0.7680   0.7019  -0.3197   0.3401   0.2953
  0.1793  -0.7659   0.7102  -0.3059   0.3580   0.2428
  0.1746  -0.7105   0.7029  -0.3281   0.3557   0.2745
  0.1818  -0.7395   0.7117  -0.3514   0.3451   0.3473
  0.1774  -0.7805   0.7182  -0.3636   0.3476   0.2824
  0.1715  -0.8072   0.7181  -0.3380   0.3474   0.2514
  0.1606  -0.7936   0.7067  -0.3300   0.3502   0.2602
  0.1514  -0.7514   0.7054  -0.3396   0.3429   0.2949
  0.1585  -0.7657   0.7157  -0.3336   0.3465   0.2871
  0.1544  -0.7506   0.7235  -0.3290   0.3458   0.2882
  0.1775  -0.7909   0.7335  -0.3324   0.3472   0.2978
  0.1683  -0.8615   0.7334  -0.3378   0.3537   0.2425
  0.1793  -0.8709   0.7784  -0.3208   0.3731   0.2351
  0.1846  -0.9135   0.8279  -0.3488   0.4004   0.3632
  0.1912  -0.9211   0.8172  -0.3491   0.3987   0.3172
  0.1944  -0.9965   0.8354  -0.3397   0.4182   0.2562
  0.1797  -0.9757   0.8478  -0.3318   0.4277   0.3531
  0.1583  -1.0025   0.8652  -0.3429   0.4389   0.3772
  0.1598  -1.0267   0.8640  -0.3468   0.4375   0.3017
  0.1477  -1.0089   0.8666  -0.3483   0.4411   0.2876
  0.1598  -1.0092   0.8700  -0.3628   0.4392   0.4050
  0.1500  -1.0390   0.8781  -0.3557   0.4323   0.3422
  0.1611  -1.0548   0.8741  -0.3663   0.4333   0.3503
  0.1702  -1.0491   0.8653  -0.3739   0.4324   0.3122
  0.1667  -1.0300   0.8642  -0.3747   0.4338   0.3427
  0.1617  -1.1097   0.8582  -0.3805   0.4361   0.3831
  0.1646  -1.1235   0.8492  -0.3553   0.4262   0.3293
  0.1720  -1.1735   0.8514  -0.3602   0.4188   0.3099
  0.1675  -1.1389   0.8519  -0.3684   0.4196   0.3939
  0.1707  -1.1688   0.8603  -0.3820   0.4254   0.3714
  0.1714  -1.1708   0.8571  -0.3958   0.4257   0.3871
  0.1641  -1.2061   0.8579  -0.3835   0.4255   0.3186
  0.1610  -1.1971   0.8558  -0.3754   0.4241   0.3306
  0.1457  -1.1642   0.8442  -0.3806   0.4164   0.3878
  0.1337  -0.9980   0.8259  -0.4553   0.4134   0.3929
  0.1317  -1.1413   0.8583  -0.4225   0.4299   0.3228
  0.1555  -1.0797   0.9071  -0.4197   0.4542   0.3436
  0.1450  -1.1020   0.9333  -0.3985   0.4615   0.4029
  0.1594  -1.1333   0.9006  -0.3799   0.4540   0.3135
  0.1467  -1.2369   0.9245  -0.3654   0.4526   0.4492
  0.1533  -1.3251   0.9169  -0.4063   0.4596   0.4451
  0.1770  -1.3378   0.9297  -0.4447   0.4638   0.4336
  0.1686  -1.3262   0.9384  -0.4021   0.4803   0.4285
  0.1801  -1.3562   0.9762  -0.3900   0.4871   0.4315
  0.1877  -1.4182   0.9560  -0.3713   0.4709   0.4226
  0.1946  -1.3710   0.9568  -0.3811   0.4747   0.4737
  0.1722  -1.3829   0.9634  -0.3576   0.4822   0.5146
