 -0.0459   1.5452  -0.1927  -0.5529  -0.1887  -0.2687
 -0.0490   1.8801  -0.1260  -0.6534  -0.1885  -0.3572
 -0.0375   1.6255  -0.1203  -0.6142  -0.2076  -0.2911
 -0.0452   1.6954  -0.1158  -0.6110  -0.1615  -0.3061
 -0.0301   1.6203  -0.1214  -0.5635  -0.1900  -0.2932
 -0.0444   1.7179  -0.1292  -0.5830  -0.1422  -0.3108
 -0.0270   1.5597  -0.1279  -0.5904  -0.2036  -0.2662
 -0.0343   1.6601  -0.1413  -0.5703  -0.1448  -0.3165
 -0.0303   1.5197  -0.1223  -0.5411  -0.1820  -0.2872
 -0.0290   1.5829  -0.1214  -0.5591  -0.1432  -0.3032
 -0.0276   1.4853  -0.1218  -0.5213  -0.1787  -0.2808
 -0.0228   1.5216  -0.1359  -0.5080  -0.1524  -0.2940
 -0.0242   1.4801  -0.1527  -0.4640  -0.1652  -0.2992
 -0.0317   1.3989  -0.1321  -0.5087  -0.1400  -0.2561
 -0.0517   1.1987  -0.1081  -0.4508  -0.1376  -0.2032
 -0.0455   1.2502  -0.1246  -0.4611  -0.1293  -0.2292
 -0.0435   1.1238  -0.1528  -0.4163  -0.1498  -0.2031
 -0.0423   1.1867  -0.1603  -0.4897  -0.1325  -0.1858
 -0.0454   1.1143  -0.1498  -0.4320  -0.1529  -0.1842
 -0.0377   1.2148  -0.1700  -0.5765  -0.1424  -0.1634
 -0.0558   1.2529  -0.1780  -0.7733  -0.1187  -0.1024
 -0.0470   1.0877  -0.1742  -0.4117  -0.1688  -0.1638
 -0.0491   1.1377  -0.1840  -0.4509  -0.1283  -0.1856
 -0.0203   1.0938  -0.1731  -0.3467  -0.1598  -0.2257
 -0.0213   1.0985  -0.1741  -0.3230  -0.1434  -0.2344
 -0.0225   1.1030  -0.1756  -0.3416  -0.1451  -0.2309
 -0.0273   1.0962  -0.1725  -0.3414  -0.1348  -0.2355
 -0.0277   1.0258  -0.1697  -0.2402  -0.1436  -0.2455
 -0.0435   1.0277  -0.1744  -0.2967  -0.1207  -0.2286
 -0.0411   1.0059  -0.1698  -0.2922  -0.1288  -0.2153
 -0.0405   1.0045  -0.1812  -0.2835  -0.1332  -0.2213
 -0.0507   1.0044  -0.1923  -0.2715  -0.1269  -0.2305
 -0.0499   0.9949  -0.1938  -0.3146  -0.1389  -0.2264
 -0.0457   0.9994  -0.1909  -0.2853  -0.1360  -0.2346
 -0.0542   0.9967  -0.1872  -0.3179  -0.1454  -0.2215
 -0.0442   0.9969  -0.1926  -0.2296  -0.1375  -0.2478
 -0.0574   0.9878  -0.1789  -0.2676  -0.1463  -0.2224
 -0.0526   0.9455  -0.1767  -0.1319  -0.1525  -0.2421
 -0.0943   1.1044  -0.2524  -0.7461  -0.0852  -0.0653
 -0.0836   0.8960  -0.2179  -0.2982  -0.1160  -0.1715
 -0.0647   0.8838  -0.2056  -0.1600  -0.1317  -0.2232
 -0.0624   0.8556  -0.2087  -0.1579  -0.1282  -0.2471
 -0.0595   0.9166  -0.2037  -0.2549  -0.1225  -0.2036
 -0.0619   0.9079  -0.2120  -0.2924  -0.1179  -0.1868
 -0.0622   0.7985  -0.1969  -0.0581  -0.1381  -0.2389
 -0.0625   0.8018  -0.1982  -0.1291  -0.1292  -0.2285
 -0.0679   0.7939  -0.1985  -0.0741  -0.1379  -0.2401
 -0.0709   0.7908  -0.2000  -0.1120  -0.1103  -0.2272
 -0.0599   0.7518  -0.1930  -0.0634  -0.1303  -0.2371
 -0.0565   0.7667  -0.2054  -0.0580  -0.1223  -0.2572
 -0.0483   0.7374  -0.2061  -0.0392  -0.1394  -0.2639
 -0.0533   0.7757  -0.2109  -0.0465  -0.1283  -0.2643
 -0.0655   0.8004  -0.2277  -0.0198  -0.1245  -0.2784
 -0.0583   0.7756  -0.2172  -0.0233  -0.1336  -0.2682
 -0.0683   0.7642  -0.2090   0.0078  -0.1274  -0.2861
 -0.0674   0.7493  -0.2037  -0.0301  -0.1195  -0.2733
 -0.0785   0.7104  -0.1898  -0.0088  -0.1268  -0.2636
 -0.0643   0.7347  -0.2079   0.0091  -0.1178  -0.2770
 -0.0784   0.6995  -0.2025   0.0078  -0.1339  -0.2608
 -0.0762   0.7222  -0.2093  -0.0276  -0.1121  -0.2657
 -0.0842   0.6736  -0.2067  -0.0153  -0.1217  -0.2396
 -0.0505   0.6107  -0.2408  -0.0894  -0.1181  -0.1758
 -0.0518   0.4820  -0.2071  -0.0633  -0.1723  -0.1408
 -0.0366   0.5205  -0.2449  -0.1013  -0.1540  -0.1466
 -0.0509   0.4992  -0.2266   0.0692  -0.1677  -0.2020
 -0.0419   0.5040  -0.2409  -0.0733  -0.1585  -0.1847
 -0.0524   0.4601  -0.2141   0.1043  -0.1555  -0.1969
 -0.1102   0.6741  -0.3843  -0.9660  -0.0173   0.1722
 -0.0768   0.4981  -0.3175  -0.6526  -0.0969   0.0944
 -0.0196   0.4053  -0.1985   0.0003  -0.1650  -0.1272
 -0.0316   0.4403  -0.2043  -0.0966  -0.1291  -0.1192
 -0.0004   0.3722  -0.1962   0.0208  -0.1467  -0.1413
 -0.0267   0.3716  -0.2050   0.0001  -0.1240  -0.1497
  0.0033   0.3389  -0.1979   0.0976  -0.1445  -0.1682
 -0.0342   0.3218  -0.1930   0.0675  -0.1269  -0.1482
  0.0004   0.3037  -0.1888   0.0931  -0.1137  -0.1521
 -0.0434   0.2574  -0.1774   0.0883  -0.1279  -0.1322
  0.0297   0.2820  -0.2123   0.1347  -0.0818  -0.1597
 -0.1083  -0.1303  -0.0583   0.0948  -0.1159   0.0385
  0.0867  -0.3228   0.0035   0.0551  -0.0150   0.1267
  0.1576   0.0212  -0.0682  -0.0227   0.0597   0.0061
  0.0312   0.1159  -0.0709   0.0823  -0.0676  -0.0754
  0.0698   0.0021  -0.0828   0.1596  -0.0134  -0.0762
  0.0349  -0.0173  -0.0661   0.2063  -0.0457  -0.0785
  0.0516  -0.0670  -0.0543   0.2158  -0.0175  -0.0616
  0.0367  -0.1476  -0.0360   0.2273  -0.0178  -0.0586
  0.0326  -0.1438  -0.0394   0.1854   0.0093  -0.0306
  0.0322  -0.1879  -0.0150   0.2556  -0.0211  -0.0410
  0.0305  -0.1583  -0.0375   0.1926   0.0115  -0.0296
  0.0303  -0.2038  -0.0396   0.2533  -0.0140  -0.0432
  0.0280  -0.0999  -0.0535  -0.0045   0.0428   0.0279
  0.0260   0.0194  -0.1093  -0.8702   0.1346   0.3814
 -0.0018  -0.0948  -0.0978  -0.3449   0.0667   0.2089
 -0.0022  -0.2299  -0.0580   0.1607  -0.0103   0.0317
 -0.0399  -0.3362  -0.0495   0.4230  -0.0348  -0.0600
 -0.0098  -0.4028  -0.0270   0.4662  -0.0218  -0.0409
 -0.0451  -0.3283  -0.0439   0.3250  -0.0533  -0.0351
  0.0153  -0.0138  -0.0426  -1.1075   0.0387   0.4673
 -0.0477  -0.1793  -0.0125  -0.4587   0.0196   0.2483
  0.0808  -0.2423  -0.0161   0.0279  -0.0467   0.0734
  0.4468  -0.2136  -0.0754  -1.0607   0.0935   0.5295
  0.0647  -0.4116   0.1070  -0.1863   0.0807   0.2405
  0.1632  -0.5648   0.0951  -0.0239   0.0700   0.2355
  0.1103  -0.5668   0.1427   0.0940   0.0882   0.1820
  0.1252  -0.7767   0.1276  -0.0975   0.1134   0.3609
  0.4374  -0.7790  -0.0028  -1.1776   0.2536   0.8162
 -0.0583  -0.4793   0.2151  -0.6451   0.1566   0.4932
  0.0205  -0.7998   0.1739   0.0861   0.1142   0.3244
  0.0376  -0.8008   0.1909   0.0135   0.1269   0.3372
  0.0020  -0.8567   0.1896   0.0602   0.1223   0.3307
  0.0267  -0.8492   0.2045   0.0404   0.1356   0.3271
  0.0080  -0.9674   0.2134   0.0734   0.1520   0.3631
  0.0305  -0.9945   0.2158   0.0940   0.1451   0.3460
  0.0185  -1.0482   0.2180   0.1307   0.1455   0.3368
  0.0382  -1.0581   0.2306   0.1335   0.1352   0.3474
  0.0217  -1.1116   0.2374   0.1963   0.1443   0.3582
  0.0314  -1.0866   0.2360   0.1927   0.1471   0.3504
  0.0200  -1.1481   0.2531   0.2392   0.1694   0.3570
  0.0415  -1.1158   0.2572   0.2408   0.1590   0.3424
  0.0288  -1.1728   0.2654   0.2605   0.1631   0.3465
  0.0426  -1.1480   0.2618   0.2276   0.1567   0.3542
  0.0262  -1.1956   0.2643   0.2566   0.1661   0.3693
  0.0436  -1.1348   0.2585   0.2198   0.1606   0.3456
  0.0297  -1.2412   0.2694   0.2645   0.1616   0.3871
  0.0400  -1.1399   0.2690   0.2336   0.1599   0.3638
  0.0316  -1.3167   0.2928   0.2952   0.1701   0.3905
  0.0723  -0.2795   0.1524   0.0284   0.1148   0.0178
  0.0892   0.1035   0.0738  -0.0815   0.0556  -0.0364
  0.0785  -0.1760   0.0903  -0.0059   0.0770   0.0097
  0.0803  -0.3015   0.1108   0.1464   0.0610  -0.0043
  0.0729  -0.4529   0.1458   0.2057   0.0967   0.0468
  0.0638  -0.4990   0.1575   0.2217   0.0892   0.0640
  0.0790  -0.4460   0.1537   0.1272   0.1077   0.0848
  0.0857  -0.4759   0.1605   0.1425   0.1255   0.0760
  0.0799  -0.6226   0.1900   0.2079   0.1344   0.1114
  0.0739  -0.6761   0.1962   0.2720   0.1409   0.1072
  0.0756  -0.7424   0.1999   0.3020   0.1234   0.1226
  0.0732  -0.7929   0.2028   0.2907   0.1253   0.1309
  0.0861  -0.8998   0.2237   0.3498   0.1377   0.1603
  0.0858  -0.9388   0.2315   0.3212   0.1559   0.1842
  0.0830  -0.9799   0.2333   0.3956   0.1584   0.1864
  0.0753  -0.9902   0.2368   0.3225   0.1611   0.2135
  0.0749  -0.9721   0.2355   0.3013   0.1662   0.2080
  0.0593  -1.0547   0.2364   0.3390   0.1493   0.2178
  0.0754  -1.0317   0.2596   0.3642   0.1544   0.2019
  0.0676  -1.0796   0.2691   0.4021   0.1575   0.2137
  0.0506  -1.0722   0.2689   0.4089   0.1591   0.2135
  0.0289  -1.1734   0.2657   0.4887   0.1409   0.2212
  0.0431  -0.7663   0.2166   0.3994   0.1086   0.0533
  0.0755  -0.8427   0.2394   0.4108   0.1430   0.1081
  0.0698  -0.9820   0.2648   0.4427   0.1565   0.1536
  0.0736  -0.9731   0.2755   0.4584   0.1623   0.1518
  0.0709  -1.0077   0.2884   0.4652   0.1587   0.1562
  0.0767  -1.0640   0.2981   0.4953   0.1726   0.1832
  0.0656  -1.1499   0.3043   0.5124   0.1728   0.2081
  0.0563  -1.1883   0.3043   0.5410   0.1861   0.2041
  0.0541  -1.1646   0.2907   0.4245   0.1921   0.2333
  0.0396  -1.2647   0.3071   0.4419   0.1767   0.2579
  0.0419  -0.6205   0.2090   0.3779   0.1075  -0.0232
  0.0248   0.0431   0.0979   0.1220   0.0829  -0.1523
 -0.0236   0.4265   0.0699  -0.4633   0.1393  -0.0479
 -0.1477   0.0145   0.0520  -0.5551   0.1950   0.1150
 -0.1529  -1.2590   0.1716   0.3979   0.1016   0.2760
 -0.1048  -1.4869   0.2368   0.9168   0.1052   0.1856
 -0.0993  -1.5335   0.2511   0.8143   0.1834   0.2303
 -0.0885  -1.5801   0.2578   0.6751   0.1552   0.2802
 -0.0768  -1.5945   0.2613   0.6662   0.2075   0.2891
 -0.0736  -1.5819   0.2772   0.6833   0.1817   0.2861
 -0.0731  -1.5834   0.2749   0.7345   0.1841   0.2730
 -0.0684  -1.5925   0.2796   0.7538   0.1870   0.2622
 -0.0719  -1.5853   0.2654   0.6884   0.2079   0.2754
 -0.0627  -1.6119   0.2798   0.7178   0.1906   0.2781
 -0.0518  -1.6267   0.2668   0.7189   0.1937   0.2742
 -0.0597  -1.5984   0.2790   0.6554   0.2029   0.2870
 -0.0563  -1.6419   0.2780   0.6345   0.2099   0.3119
 -0.0564  -1.6735   0.2868   0.7147   0.1806   0.2871
