  0.0730  -0.1285   0.1974   0.6234  -0.1191   0.3210
  0.0226  -0.1811   0.2024   0.7530  -0.1035   0.3686
  0.0533  -0.1608   0.2232   0.7517  -0.0716   0.3350
  0.0431  -0.1617   0.2341   0.6677  -0.0779   0.3416
  0.0375  -0.1827   0.2008   0.6790  -0.0826   0.3488
  0.0137  -0.1912   0.1955   0.6560  -0.0813   0.3268
  0.0626  -0.1586   0.2203   0.6456  -0.0677   0.3351
  0.0832  -0.1524   0.2134   0.6446  -0.0724   0.3132
  0.0555  -0.1465   0.2112   0.6322  -0.0778   0.3380
  0.0305  -0.1383   0.2305   0.7557  -0.0689   0.3425
  0.0443  -0.1382   0.2022   0.6784  -0.0878   0.3221
  0.0502  -0.1179   0.1968   0.6402  -0.0652   0.3224
  0.0612  -0.1367   0.1639   0.6026  -0.0914   0.3555
  0.0511  -0.1387   0.2008   0.7183  -0.0887   0.2678
  0.0343  -0.1819   0.2082   0.6629  -0.0790   0.2749
  0.0588  -0.1188   0.2074   0.5223  -0.0518   0.2727
  0.0619  -0.1340   0.2167   0.5669  -0.0639   0.3240
  0.0855  -0.1455   0.2005   0.6482  -0.1126   0.2752
  0.0843  -0.1776   0.1762   0.5573  -0.0966   0.2722
  0.1104  -0.1267   0.1627   0.4150  -0.0962   0.2375
  0.1202  -0.1461   0.1839   0.4285  -0.1057   0.2642
  0.0871  -0.1161   0.1762   0.3968  -0.0891   0.3281
  0.1039  -0.1304   0.1699   0.4395  -0.0961   0.2659
  0.0902  -0.1394   0.1825   0.5159  -0.0770   0.2627
  0.0885  -0.1503   0.1810   0.4733  -0.0680   0.2461
  0.0881  -0.1351   0.1697   0.4465  -0.0840   0.2613
  0.0722  -0.1512   0.1654   0.4146  -0.0658   0.2489
  0.0901  -0.1433   0.1604   0.4108  -0.0784   0.2309
  0.0907  -0.1468   0.1563   0.4076  -0.0812   0.2223
  0.0831  -0.1312   0.1535   0.3877  -0.0789   0.2228
  0.0573  -0.1254   0.1524   0.3636  -0.0548   0.2246
  0.0479  -0.1145   0.1696   0.4839  -0.0585   0.2456
  0.0729  -0.1237   0.1547   0.5062  -0.0675   0.2411
  0.0647  -0.1546   0.1176   0.4164  -0.0882   0.2050
  0.0629  -0.1657   0.1663   0.5016  -0.0517   0.1864
  0.0697  -0.1831   0.1278   0.4607  -0.0697   0.2150
  0.0982  -0.1530   0.1302   0.4134  -0.0752   0.2115
  0.0936  -0.0631   0.1188   0.3783  -0.0870   0.1984
  0.0525  -0.0949   0.1125   0.3263  -0.0675   0.1755
  0.0689  -0.1176   0.1063   0.3525  -0.0876   0.1833
  0.0563  -0.1336   0.1061   0.4065  -0.0862   0.1950
  0.0628  -0.1171   0.0980   0.3979  -0.0927   0.1960
  0.0809  -0.1333   0.1060   0.3617  -0.0868   0.2103
  0.0879  -0.1484   0.1308   0.3511  -0.0586   0.2051
  0.0905  -0.1409   0.1176   0.2876  -0.0616   0.1589
  0.0893  -0.1257   0.1231   0.2345  -0.0470   0.1803
  0.0912  -0.1257   0.1111   0.2620  -0.0544   0.1458
  0.0389  -0.1151   0.1078   0.2665  -0.0235   0.1366
  0.0743  -0.0875   0.1200   0.2559  -0.0283   0.1605
  0.1050  -0.0939   0.1198   0.2797  -0.0440   0.1698
  0.0960  -0.1063   0.1377   0.3003  -0.0287   0.1130
  0.1231  -0.0709   0.1340   0.2931  -0.0358   0.1609
  0.1226  -0.0818   0.1412   0.2486  -0.0280   0.1086
  0.1216  -0.1109   0.1352   0.3197  -0.0404   0.1532
  0.1320  -0.1827   0.1304   0.5408  -0.0764   0.1434
  0.1282  -0.1174   0.1197   0.3871  -0.0827   0.1760
  0.1274  -0.1266   0.1252   0.4014  -0.0765   0.1235
  0.1269  -0.1092   0.0884   0.3389  -0.0880   0.1366
  0.1019  -0.1141   0.1134   0.4085  -0.0633   0.1500
  0.0959  -0.0947   0.1168   0.3279  -0.0551   0.1481
  0.1191  -0.1220   0.1184   0.3820  -0.0801   0.1170
  0.1018  -0.1230   0.1179   0.3429  -0.0600   0.1209
  0.0822  -0.1468   0.1136   0.3370  -0.0519   0.1246
  0.0917  -0.1446   0.1133   0.2712  -0.0532   0.1410
  0.0814  -0.1294   0.1065   0.2921  -0.0538   0.1220
  0.0758  -0.1085   0.1116   0.2610  -0.0484   0.1220
  0.0771  -0.1383   0.1094   0.2606  -0.0407   0.1106
  0.0880  -0.1024   0.1268   0.2760  -0.0318   0.1173
  0.0810  -0.1078   0.1107   0.2797  -0.0276   0.1383
  0.0776  -0.0808   0.1168   0.2722  -0.0286   0.1059
  0.0897  -0.0785   0.1256   0.2307  -0.0292   0.1195
  0.0921  -0.0785   0.1177   0.2603  -0.0306   0.1418
  0.0912  -0.0740   0.1352   0.2300  -0.0429   0.0714
  0.0528  -0.0476   0.1300   0.2951  -0.0067   0.1185
  0.0666  -0.0816   0.1017   0.3120  -0.0188   0.0468
  0.0817  -0.0576   0.0198   0.2715  -0.0600   0.0909
  0.0817   0.0070   0.0703   0.1961  -0.0433   0.0446
  0.0785   0.0350   0.0819   0.1139  -0.0333   0.0366
  0.0776   0.0430   0.0756   0.1578  -0.0278   0.0624
  0.0701   0.0166   0.0574   0.1623  -0.0427   0.0386
  0.0317   0.0583   0.0806   0.1742   0.0004   0.0531
  0.0396   0.0471   0.0582   0.0875  -0.0071   0.0687
  0.0270   0.0493   0.0450   0.1101   0.0118   0.0471
  0.0463   0.1348   0.0409   0.1004   0.0108   0.0772
  0.0758   0.3352   0.0529  -0.0790  -0.0065  -0.0334
  0.0812   0.3082   0.0404  -0.0608  -0.0174  -0.0153
  0.0998   0.2430   0.0263  -0.0027  -0.0349   0.0195
  0.1334   0.1710   0.0273   0.0568  -0.0491   0.0040
  0.0888   0.1095   0.0132   0.0633  -0.0293  -0.0118
  0.0754   0.0686   0.0159   0.0332  -0.0362  -0.0278
  0.0925   0.0842   0.0145   0.0211  -0.0386  -0.0005
  0.1202   0.0858   0.0035   0.0839  -0.0432  -0.0168
  0.1102   0.0968  -0.0099   0.0835  -0.0387  -0.0065
  0.0946   0.0764   0.0114   0.0286  -0.0280  -0.0051
  0.0804   0.0769   0.0060   0.0412  -0.0328   0.0009
  0.0817   0.1052   0.0140   0.0162  -0.0237  -0.0068
  0.0636   0.0844   0.0057   0.0452  -0.0313  -0.0162
  0.0497   0.0587  -0.0014   0.0325  -0.0400  -0.0231
  0.0502   0.0568   0.0006   0.0231  -0.0345   0.0021
  0.0661   0.0682  -0.0014   0.0520  -0.0420  -0.0143
  0.0541   0.0612  -0.0122   0.0089  -0.0360  -0.0198
  0.0535   0.0615  -0.0202  -0.0045  -0.0299  -0.0184
  0.0640   0.0628  -0.0211   0.0083  -0.0323  -0.0202
  0.0550   0.0658  -0.0332   0.0048  -0.0386   0.0032
  0.0284   0.0561  -0.0245  -0.0007  -0.0234  -0.0213
  0.0321   0.0690  -0.0420  -0.0418  -0.0288  -0.0222
  0.0247   0.0669  -0.0542  -0.0215  -0.0424  -0.0166
  0.0254   0.0813  -0.0672  -0.0486  -0.0324  -0.0341
  0.0296   0.0610  -0.0708  -0.0182  -0.0314  -0.0104
  0.0242   0.0261  -0.0827  -0.0018  -0.0342  -0.0352
  0.0372   0.0458  -0.0916  -0.0513  -0.0388  -0.0050
  0.0200   0.0415  -0.0766  -0.0541  -0.0142  -0.0330
  0.0171   0.0448  -0.0658  -0.0535  -0.0184  -0.0453
  0.0110   0.0552  -0.0726  -0.0554  -0.0095  -0.0229
  0.0138   0.0624  -0.0622  -0.0476  -0.0072  -0.0136
  0.0147   0.0512  -0.0674  -0.0344  -0.0127  -0.0134
 -0.0148   0.0414  -0.0731  -0.0470  -0.0155  -0.0306
 -0.0132   0.0439  -0.0667  -0.0685  -0.0195  -0.0260
 -0.0255   0.0461  -0.0671  -0.1287  -0.0179  -0.0429
 -0.0460   0.0442  -0.0715  -0.0937   0.0006  -0.0434
 -0.0717   0.0689  -0.0934  -0.0248  -0.0116  -0.0275
 -0.0302   0.0751  -0.0753  -0.0783  -0.0122  -0.0590
 -0.0312   0.0880  -0.0672  -0.1007  -0.0145  -0.0363
 -0.0279   0.0697  -0.0791  -0.0488  -0.0116  -0.0226
 -0.0216   0.0791  -0.0878  -0.0896  -0.0165  -0.0267
 -0.0296   0.0664  -0.0822  -0.0324  -0.0113  -0.0498
 -0.0445   0.0775  -0.0670  -0.1104  -0.0007  -0.0411
 -0.0520   0.0661  -0.0494  -0.0780  -0.0006  -0.0578
 -0.0448   0.0763  -0.0695  -0.0382  -0.0095  -0.0355
 -0.0429   0.0738  -0.0605  -0.0703  -0.0025  -0.0255
 -0.0355   0.0841  -0.0723  -0.0530   0.0013  -0.0319
 -0.0424   0.0760  -0.0568  -0.0754   0.0100  -0.0466
 -0.0372   0.0803  -0.0608  -0.0624   0.0088  -0.0476
 -0.0298   0.0752  -0.0653  -0.0988   0.0156  -0.0356
 -0.0285   0.0746  -0.0689  -0.1301   0.0135  -0.0611
 -0.0327   0.0868  -0.0532  -0.1725   0.0200  -0.0679
 -0.0302   0.0782  -0.0498  -0.2331   0.0226  -0.0925
 -0.0277   0.1011  -0.0360  -0.2046   0.0210  -0.0721
 -0.0436   0.1126  -0.0449  -0.2253   0.0217  -0.0854
 -0.0269   0.1023  -0.0203  -0.2430   0.0349  -0.0928
 -0.0420   0.1005  -0.0327  -0.2027   0.0382  -0.0867
 -0.0165   0.0940  -0.0546  -0.1534   0.0089  -0.0854
  0.0029   0.0918  -0.0555  -0.0756  -0.0214  -0.0950
 -0.0237   0.1113  -0.0449  -0.1036  -0.0070  -0.1141
 -0.0148   0.0830  -0.0204  -0.1552  -0.0023  -0.1163
 -0.0403   0.1159  -0.0219  -0.2221   0.0104  -0.1048
 -0.0537   0.1328  -0.0517  -0.2232  -0.0155  -0.0526
 -0.0481   0.1298  -0.0651  -0.1561  -0.0058  -0.0661
 -0.0533   0.1096  -0.0559  -0.1052   0.0037  -0.0709
 -0.0628   0.0734  -0.0955  -0.1701  -0.0039  -0.1053
 -0.0614   0.0694  -0.0622  -0.1236   0.0078  -0.0823
 -0.0689   0.0728  -0.0669  -0.2014   0.0182  -0.0924
 -0.0734   0.0840  -0.0537  -0.1905   0.0322  -0.0766
 -0.0804   0.1022  -0.0611  -0.1921   0.0219  -0.0426
 -0.0623   0.0853  -0.0686  -0.1474   0.0039  -0.0781
 -0.0666   0.0991  -0.0563  -0.1640   0.0207  -0.0682
 -0.0765   0.0958  -0.0618  -0.2136   0.0153  -0.0792
 -0.0624   0.0947  -0.0611  -0.2646   0.0161  -0.1125
 -0.0783   0.0851  -0.0743  -0.2423   0.0193  -0.0698
 -0.0664   0.0935  -0.0503  -0.2553   0.0345  -0.1165
 -0.0870   0.0727  -0.0777  -0.2121   0.0188  -0.0953
 -0.0946   0.0360  -0.0851  -0.1585   0.0128  -0.1066
 -0.0831   0.0667  -0.0621  -0.2438   0.0264  -0.0616
 -0.0986   0.0242  -0.0790  -0.1916   0.0324  -0.1284
 -0.1129   0.0725  -0.0802  -0.2478   0.0306  -0.1615
 -0.1038   0.0269  -0.0835  -0.2460   0.0437  -0.0935
 -0.1258   0.0562  -0.0858  -0.2616   0.0660  -0.1204
 -0.1296   0.0406  -0.1137  -0.1893   0.0476  -0.0967
 -0.1223   0.0200  -0.1061  -0.1841   0.0346  -0.1552
 -0.1243   0.0487  -0.1061  -0.2361   0.0426  -0.1278
 -0.0969   0.0176  -0.1129  -0.2208   0.0510  -0.1186
 -0.1028   0.0065  -0.1214  -0.2423   0.0464  -0.1313
 -0.1024  -0.0255  -0.1337  -0.2633   0.0616  -0.1402
 -0.1185  -0.0127  -0.1276  -0.2479   0.0660  -0.1289
 -0.1210  -0.0244  -0.1219  -0.2530   0.0697  -0.1206
 -0.1139  -0.0347  -0.1380  -0.2232   0.0595  -0.1185
 -0.1196  -0.0261  -0.1464  -0.2504   0.0691  -0.1352
 -0.1076  -0.0133  -0.1426  -0.2490   0.0649  -0.1316
 -0.1035  -0.0341  -0.1553  -0.1965   0.0396  -0.1484
 -0.0934  -0.0263  -0.1652  -0.2196   0.0320  -0.1140
 -0.0901  -0.0569  -0.1775  -0.2032   0.0336  -0.1503
 -0.0909  -0.0069  -0.1611  -0.2513   0.0413  -0.1042
 -0.0896  -0.0074  -0.1545  -0.2929   0.0463  -0.1776
 -0.0770   0.0146  -0.1649  -0.3210   0.0409  -0.1896
 -0.0760   0.0261  -0.1709  -0.2937   0.0323  -0.1215
 -0.0883   0.0061  -0.1630  -0.2359   0.0492  -0.1412
 -0.0843   0.0159  -0.1553  -0.2684   0.0514  -0.1446
 -0.0914   0.0002  -0.1519  -0.3121   0.0572  -0.1563
 -0.0779  -0.0017  -0.1508  -0.3103   0.0501  -0.1560
 -0.0740   0.0134  -0.1463  -0.2995   0.0444  -0.1608
 -0.0598   0.0290  -0.1455  -0.3050   0.0485  -0.1234
 -0.0418   0.0249  -0.1350  -0.2859   0.0419  -0.1413
 -0.0609   0.0264  -0.1310  -0.2446   0.0612  -0.1486
 -0.0642   0.0283  -0.1185  -0.2427   0.0594  -0.1427
 -0.0613   0.0129  -0.1221  -0.3028   0.0540  -0.1640
 -0.0656   0.0283  -0.1275  -0.3424   0.0615  -0.1476
 -0.0753   0.0274  -0.1267  -0.3517   0.0587  -0.1662
 -0.0707   0.0349  -0.1076  -0.3462   0.0571  -0.1699
 -0.0689   0.0355  -0.1050  -0.3628   0.0557  -0.1754
 -0.0673   0.0411  -0.0964  -0.3854   0.0542  -0.1723
 -0.0778   0.0398  -0.0946  -0.3646   0.0613  -0.1690
 -0.0782   0.0508  -0.1033  -0.3490   0.0629  -0.1544
 -0.0744   0.0630  -0.0863  -0.3850   0.0684  -0.1850
 -0.0663   0.0461  -0.1023  -0.3675   0.0683  -0.1773
 -0.0616   0.0158  -0.1226  -0.3809   0.0658  -0.2224
 -0.0661   0.0543  -0.1153  -0.3872   0.0760  -0.1561
 -0.0521   0.0519  -0.1066  -0.3861   0.0743  -0.1755
 -0.0587   0.0560  -0.1084  -0.3745   0.0776  -0.1717
 -0.0422   0.0395  -0.0932  -0.3990   0.0854  -0.1920
 -0.0431   0.0574  -0.1054  -0.4062   0.0822  -0.1632
 -0.0525   0.0422  -0.1077  -0.4054   0.0642  -0.2649
 -0.0524   0.0201  -0.1274  -0.4321   0.0784  -0.2483
 -0.0430   0.0216  -0.1448  -0.4784   0.0903  -0.1888
 -0.0559   0.0469  -0.1172  -0.4317   0.1088  -0.1932
 -0.0500   0.0694  -0.0857  -0.4256   0.1118  -0.1831
 -0.0598   0.0446  -0.0911  -0.4248   0.0996  -0.1853
 -0.0623   0.0285  -0.0838  -0.4541   0.1103  -0.1442
 -0.0643   0.0352  -0.0778  -0.4835   0.1200  -0.1840
 -0.0694   0.0178  -0.0769  -0.4917   0.1232  -0.1851
 -0.0815   0.0283  -0.0683  -0.5181   0.1353  -0.2094
 -0.0722   0.0133  -0.0695  -0.5070   0.1348  -0.2079
 -0.0970   0.0207  -0.0796  -0.5086   0.1272  -0.1862
 -0.1266   0.0293  -0.0746  -0.5605   0.1370  -0.2203
 -0.0920   0.0495  -0.0781  -0.5405   0.1372  -0.2460
 -0.1024   0.0790  -0.0653  -0.5299   0.1415  -0.1898
 -0.1008   0.0582  -0.0603  -0.4838   0.1403  -0.2155
 -0.0983   0.0615  -0.0714  -0.4796   0.1306  -0.1844
 -0.0987   0.0369  -0.0549  -0.4745   0.1370  -0.2234
 -0.1111   0.0660  -0.0539  -0.5384   0.1458  -0.2107
 -0.1032   0.0570  -0.0503  -0.5483   0.1440  -0.2092
 -0.0903   0.0553  -0.0770  -0.5388   0.1236  -0.2348
 -0.0979   0.0464  -0.0673  -0.5324   0.1245  -0.2183
 -0.1107   0.0583  -0.0641  -0.5683   0.1313  -0.2112
 -0.1234   0.0603  -0.0323  -0.5331   0.1634  -0.2122
 -0.1221   0.0635  -0.0526  -0.5368   0.1544  -0.2182
 -0.1100   0.0516  -0.0419  -0.5450   0.1600  -0.2287
