  0.2663  -0.1869   0.0346  -0.1843  -0.1677   0.3115
  0.2973  -0.2220   0.0916  -0.1850  -0.1979   0.3195
  0.2901  -0.1877   0.0613  -0.1680  -0.1877   0.3115
  0.3054  -0.2087   0.0796  -0.1682  -0.2285   0.3155
  0.3040  -0.2241   0.0690  -0.1962  -0.2206   0.3081
  0.2904  -0.2134   0.0691  -0.1616  -0.2028   0.3034
  0.3283  -0.2219   0.0765  -0.1945  -0.2566   0.3082
  0.2761  -0.2203   0.0551  -0.1915  -0.1678   0.3019
  0.3328  -0.2046   0.0871  -0.1339  -0.2431   0.2892
  0.2850  -0.1989   0.0711  -0.1726  -0.1762   0.3076
  0.2919  -0.1872   0.0626  -0.1195  -0.2010   0.2814
  0.2844  -0.2048   0.0532  -0.1402  -0.1736   0.2814
  0.2797  -0.2048   0.0420  -0.1288  -0.1991   0.2724
  0.2590  -0.2299   0.0341  -0.1156  -0.1873   0.2700
  0.2742  -0.2359   0.0552  -0.0845  -0.2103   0.2470
  0.2522  -0.2547   0.0550  -0.1171  -0.2060   0.2508
  0.2328  -0.2608   0.0317  -0.1086  -0.1813   0.2333
  0.2625  -0.2396   0.0442  -0.0433  -0.2319   0.2210
  0.2730  -0.2180   0.0389  -0.0355  -0.2147   0.2062
  0.2323  -0.2254   0.0301  -0.0886  -0.1776   0.2231
  0.2488  -0.2112   0.0144  -0.0938  -0.2012   0.2130
  0.2336  -0.2216   0.0175  -0.0786  -0.1802   0.2277
  0.2269  -0.2447   0.0278  -0.0893  -0.1957   0.2293
  0.2031  -0.2409   0.0133  -0.0879  -0.1756   0.2335
  0.1973  -0.2473   0.0054  -0.0693  -0.1813   0.2178
  0.1745  -0.2622   0.0055  -0.0742  -0.1559   0.1989
  0.1799  -0.2622   0.0163  -0.0605  -0.1692   0.2038
  0.1552  -0.2781   0.0038  -0.1172  -0.1498   0.2373
  0.1657  -0.2809   0.0095  -0.1110  -0.1589   0.2194
  0.1512  -0.2735   0.0012  -0.0992  -0.1462   0.2074
  0.1615  -0.2727  -0.0000  -0.1027  -0.1541   0.1924
  0.1626  -0.2924   0.0043  -0.1124  -0.1582   0.2128
  0.1469  -0.2870   0.0050  -0.1018  -0.1556   0.2043
  0.1520  -0.2971   0.0028  -0.1004  -0.1598   0.2073
  0.1524  -0.2958   0.0078  -0.0944  -0.1667   0.1916
  0.1430  -0.2870   0.0028  -0.1005  -0.1707   0.2003
  0.1377  -0.2833  -0.0106  -0.1111  -0.1687   0.1893
  0.1300  -0.2919  -0.0055  -0.0989  -0.1537   0.1989
  0.1386  -0.2856   0.0068  -0.1213  -0.1546   0.2015
  0.1135  -0.3009  -0.0051  -0.1427  -0.1341   0.2090
  0.1483  -0.3015   0.0208  -0.0970  -0.1867   0.2134
  0.1248  -0.2852   0.0207  -0.1431  -0.1629   0.2402
  0.1540  -0.3210   0.0082  -0.1716  -0.1760   0.2289
  0.1350  -0.3421  -0.0084  -0.1281  -0.1577   0.2049
  0.1768  -0.3351   0.0178  -0.1877  -0.2211   0.2472
  0.1217  -0.3208   0.0097  -0.2119  -0.1450   0.2506
  0.1338  -0.3093   0.0072  -0.1315  -0.1563   0.2128
  0.1136  -0.3249   0.0003  -0.1691  -0.1202   0.2230
  0.1081  -0.3662   0.0087  -0.1638  -0.1283   0.2114
  0.0859  -0.3835   0.0108  -0.2070  -0.1042   0.2394
  0.1344  -0.3614  -0.0053  -0.1875  -0.1799   0.2356
  0.1031  -0.3683   0.0040  -0.2177  -0.1223   0.2577
  0.1349  -0.3638   0.0137  -0.1760  -0.1690   0.2274
  0.0931  -0.3782   0.0066  -0.2084  -0.1168   0.2329
  0.1157  -0.3637   0.0091  -0.1621  -0.1715   0.2231
  0.0914  -0.3652   0.0103  -0.2346  -0.1285   0.2493
  0.1349  -0.2973   0.0089   0.0356  -0.2581   0.1077
  0.0770  -0.2787   0.0158   0.1324  -0.2806   0.0618
  0.0056  -0.2454  -0.0264   0.1628  -0.1343  -0.0210
  0.0066  -0.2536  -0.0276   0.2392  -0.1199  -0.0383
  0.1458  -0.1435  -0.0152   0.3151  -0.3058  -0.0966
  0.0883  -0.1759  -0.0250   0.1844  -0.1791  -0.0671
 -0.0219  -0.2208  -0.0384   0.2002  -0.0514  -0.0289
 -0.1031  -0.0651   0.0324   0.1531  -0.0309  -0.0066
  0.0310   0.0192   0.0033   0.1230   0.0331   0.0129
  0.1983   0.1418  -0.1219   0.0924   0.1062   0.0440
  0.2024   0.1944  -0.1214   0.0766   0.1106   0.0349
  0.2104   0.2369  -0.1029   0.0994   0.0913   0.0261
  0.3166   0.2316  -0.0379   0.1697   0.0756  -0.0498
  0.1776   0.2262   0.0211   0.1199   0.0295  -0.0362
  0.0914   0.2971   0.0413   0.1499  -0.0382  -0.0846
  0.2143   0.0575  -0.0510   0.1322   0.0854  -0.0317
  0.1985   0.0792  -0.0622   0.1032   0.0833  -0.0327
  0.1724   0.4430  -0.0697   0.0791   0.0678  -0.0732
  0.1648   0.5148  -0.0173   0.0598   0.0496  -0.0883
  0.1761   0.4287  -0.0347   0.0484   0.0742  -0.0781
  0.1837   0.4616  -0.0028   0.0627   0.0336  -0.1101
  0.0852   0.4076   0.0040   0.0512   0.0050  -0.1020
  0.0966   0.3895  -0.0272   0.0575   0.0507  -0.0859
  0.1870   0.3644  -0.0365   0.1019   0.0862  -0.0872
  0.1817   0.3211  -0.0293   0.0814   0.0730  -0.0773
  0.1444   0.3577  -0.0387   0.0779   0.0685  -0.0724
  0.0767   0.3727  -0.0361   0.0754   0.0433  -0.0708
  0.0575   0.3969  -0.0425   0.0555   0.0528  -0.0715
  0.0511   0.4108  -0.0439   0.0468   0.0733  -0.0643
  0.0227   0.4069  -0.0508   0.0277   0.0561  -0.0730
 -0.0181   0.3759  -0.0449   0.0298   0.0453  -0.0690
 -0.0358   0.3587  -0.0436   0.0208   0.0515  -0.0636
 -0.0565   0.3433  -0.0472   0.0055   0.0552  -0.0596
 -0.0708   0.3379  -0.0466   0.0011   0.0642  -0.0578
 -0.0739   0.3505  -0.0483  -0.0168   0.0638  -0.0469
 -0.0743   0.3621  -0.0500  -0.0086   0.0735  -0.0476
 -0.0829   0.3713  -0.0491  -0.0043   0.0720  -0.0562
 -0.0910   0.3580  -0.0597  -0.0192   0.0876  -0.0610
 -0.1091   0.3243  -0.0562  -0.0320   0.0780  -0.0553
 -0.1106   0.3419  -0.0604  -0.0567   0.0898  -0.0488
 -0.1306   0.3190  -0.0580  -0.0540   0.0933  -0.0352
 -0.1264   0.3151  -0.0528  -0.0374   0.0998  -0.0369
 -0.1377   0.3058  -0.0597  -0.0455   0.0935  -0.0315
 -0.1433   0.2820  -0.0683  -0.0459   0.1008  -0.0496
 -0.1500   0.2849  -0.0573  -0.0593   0.0979  -0.0305
 -0.1467   0.3176  -0.0618  -0.0554   0.1045  -0.0500
 -0.1514   0.3226  -0.0607  -0.0454   0.1076  -0.0391
 -0.1658   0.3378  -0.0494  -0.0408   0.1135  -0.0626
 -0.1671   0.3249  -0.0550  -0.0573   0.0992  -0.0626
 -0.1818   0.3107  -0.0500  -0.0595   0.1029  -0.0529
 -0.1774   0.3166  -0.0493  -0.0701   0.0923  -0.0635
 -0.1886   0.3089  -0.0435  -0.0784   0.1095  -0.0599
 -0.1777   0.3075  -0.0358  -0.0487   0.0869  -0.0699
 -0.1898   0.2975  -0.0343  -0.0510   0.1037  -0.0666
 -0.1922   0.2787  -0.0384  -0.0350   0.0957  -0.0824
 -0.2056   0.2660  -0.0343  -0.0332   0.1026  -0.0893
 -0.2166   0.2148  -0.0360  -0.0316   0.0980  -0.0894
 -0.2087   0.2323  -0.0325  -0.0230   0.1026  -0.0953
 -0.2316   0.1309  -0.0315  -0.0359   0.1010  -0.0755
 -0.2294   0.1106  -0.0464  -0.0433   0.0992  -0.0730
 -0.2392   0.1322  -0.0283  -0.0489   0.1003  -0.0714
 -0.2298   0.1394  -0.0449  -0.0385   0.0988  -0.0801
 -0.2228   0.1251  -0.0501  -0.0474   0.0999  -0.0817
 -0.2407   0.1774  -0.0600  -0.0965   0.1195  -0.0729
 -0.2321   0.1964  -0.0499  -0.0491   0.0911  -0.0745
 -0.2422   0.1365  -0.0213  -0.0456   0.1140  -0.0836
 -0.2420   0.1194  -0.0271  -0.0226   0.1010  -0.1044
 -0.2601   0.1036  -0.0427  -0.0302   0.1209  -0.1016
 -0.2776   0.0621  -0.0436  -0.0228   0.1171  -0.1054
 -0.2864   0.0398  -0.0386  -0.0114   0.1282  -0.0953
 -0.2786   0.0479  -0.0485  -0.0251   0.1185  -0.0916
 -0.2911   0.0315  -0.0455  -0.0519   0.1351  -0.0993
 -0.2931   0.0242  -0.0538  -0.0542   0.1253  -0.0924
 -0.2935   0.0127  -0.0571  -0.0686   0.1364  -0.0895
 -0.2921   0.0170  -0.0464  -0.0529   0.1303  -0.0885
 -0.3008   0.0449  -0.0419  -0.0432   0.1447  -0.0983
 -0.2956   0.0529  -0.0502  -0.0365   0.1384  -0.0882
 -0.3171   0.0370  -0.0368  -0.0596   0.1664  -0.0857
 -0.3045   0.0265  -0.0449  -0.0476   0.1428  -0.0853
 -0.3273   0.0145  -0.0419  -0.0639   0.1730  -0.0775
 -0.2993   0.0348  -0.0530  -0.0522   0.1409  -0.0933
 -0.3510   0.0400  -0.0472  -0.0797   0.1911  -0.0869
 -0.2271   0.0778  -0.0762  -0.0255   0.0453  -0.1047
 -0.0661   0.1857   0.0664  -0.0421   0.0685  -0.0391
 -0.2006   0.0259  -0.0045   0.0843   0.1490  -0.1329
 -0.2220   0.0069  -0.0194   0.0103   0.1418  -0.1210
 -0.2763  -0.0567  -0.0221   0.0093   0.1583  -0.1214
 -0.2774  -0.0167  -0.0053  -0.0255   0.1493  -0.1020
 -0.1011   0.1143   0.0621  -0.0033   0.1262  -0.1098
 -0.0250   0.1002   0.0008   0.0741   0.0743  -0.1336
 -0.2080  -0.0698  -0.0004   0.1006   0.1045  -0.1245
 -0.2367  -0.1563   0.0014   0.0842   0.0998  -0.1372
 -0.2826  -0.2115  -0.0138   0.0166   0.1372  -0.0902
 -0.2681  -0.2903  -0.0127   0.0416   0.1270  -0.1267
 -0.3236  -0.3571  -0.0303   0.0616   0.1302  -0.1177
 -0.2786  -0.3572  -0.0005   0.0714   0.1539  -0.1373
 -0.2850  -0.3790   0.0482   0.0527   0.1774  -0.0796
 -0.0349  -0.0014   0.0113   0.3052  -0.0095  -0.0995
  0.4315   0.9251   0.2949   0.3344  -0.0239  -0.3661
  0.1897   0.7718   0.1800   0.1696   0.0054  -0.3366
  0.1837   0.6721   0.2055   0.1305   0.0682  -0.3161
  0.1296   0.5135   0.1475   0.1267   0.0506  -0.3047
  0.0826   0.2959   0.1478   0.1161   0.0781  -0.2624
  0.0267   0.1058   0.1185   0.1468   0.0752  -0.2602
 -0.0365  -0.0370   0.1124   0.1135   0.1223  -0.2239
 -0.0907  -0.1381   0.0682   0.1804   0.1285  -0.2535
 -0.1266  -0.1984   0.0456   0.1674   0.1618  -0.2553
 -0.1544  -0.2044   0.0363   0.1619   0.1463  -0.2616
 -0.1503  -0.2170   0.0534   0.1584   0.1550  -0.2548
 -0.1510  -0.2067   0.0507   0.1417   0.1484  -0.2639
 -0.1420  -0.2251   0.0715   0.1259   0.1563  -0.2418
 -0.1465  -0.2090   0.0521   0.1680   0.1496  -0.2716
 -0.1463  -0.2653   0.0594   0.1414   0.1684  -0.2556
 -0.1552  -0.2527   0.0561   0.1873   0.1507  -0.2860
 -0.1196  -0.3019   0.1149   0.1572   0.1652  -0.2559
 -0.0331  -0.1277   0.1025   0.2335   0.1366  -0.3031
 -0.0325  -0.1801   0.1058  -0.0505   0.1853  -0.1435
  0.0398  -0.1597   0.1017   0.2037   0.0212  -0.2905
  0.2565   0.7574  -0.0961   2.3876  -0.2057  -1.1364
 -0.0881  -0.0243   0.0680   0.7850   0.1252  -0.6198
