  0.0230  -0.3261  -0.1151   0.1100  -0.0542   0.0903
  0.0302  -0.2288  -0.1633   0.1529  -0.0626   0.0250
  0.0135  -0.2738  -0.1607   0.1435  -0.0651   0.0465
  0.0140  -0.2594  -0.1596   0.1348  -0.0621   0.0425
  0.0159  -0.2432  -0.1512   0.1349  -0.0578   0.0547
  0.0108  -0.2033  -0.1565   0.1282  -0.0655   0.0287
  0.0162  -0.2091  -0.1540   0.1430  -0.0589   0.0271
  0.0129  -0.2057  -0.1550   0.1453  -0.0528   0.0167
  0.0073  -0.2280  -0.1366   0.1233  -0.0865   0.0285
  0.0169  -0.2299  -0.1297   0.1179  -0.0598   0.0358
  0.0162  -0.1996  -0.1310   0.1371  -0.0493   0.0245
  0.0218  -0.2121  -0.1303   0.1446  -0.0561   0.0228
  0.0094  -0.2212  -0.1197   0.1402  -0.0606   0.0245
  0.0094  -0.2065  -0.1171   0.1324  -0.0518   0.0275
  0.0128  -0.2082  -0.1291   0.1382  -0.0561   0.0225
  0.0161  -0.2129  -0.1215   0.1210  -0.0622   0.0287
  0.0192  -0.2072  -0.1212   0.1542  -0.0537   0.0135
  0.0328  -0.2008  -0.1059   0.1523  -0.0493   0.0213
  0.0391  -0.2325  -0.0922   0.1708  -0.0604   0.0178
  0.0381  -0.2257  -0.0857   0.1589  -0.0581   0.0274
  0.0253  -0.2283  -0.1074   0.1632  -0.0660   0.0198
  0.0257  -0.2339  -0.0935   0.1472  -0.0557   0.0170
  0.0253  -0.2185  -0.0994   0.1608  -0.0439   0.0206
  0.0262  -0.2367  -0.0909   0.1579  -0.0299   0.0306
  0.0337  -0.2285  -0.0983   0.1811  -0.0503   0.0134
  0.0310  -0.2306  -0.0765   0.1546  -0.0500   0.0191
  0.0230  -0.2052  -0.0898   0.1344  -0.0459   0.0398
  0.0253  -0.2221  -0.0616   0.0677  -0.0402   0.0504
  0.0236  -0.2311  -0.0800   0.1362  -0.0179   0.0179
 -0.0064  -0.2856  -0.0096  -0.0036  -0.0416   0.0988
 -0.0514  -0.2479   0.0313   0.2012  -0.2112   0.0383
  0.0421  -0.0688   0.0813   0.5672  -0.0945  -0.1338
  0.0452  -0.0655  -0.0189  -0.0822  -0.0166   0.0616
  0.0280  -0.0606  -0.1190  -0.0829  -0.0679   0.0739
  0.0063  -0.1802  -0.0539  -0.1108  -0.0432   0.1418
  0.0411  -0.1378  -0.0434  -0.0216  -0.0502   0.1002
  0.0469  -0.1715  -0.0218   0.0207  -0.0213   0.0975
  0.0278  -0.1746  -0.0213   0.0540  -0.0573   0.0899
  0.0207  -0.1945   0.0219   0.0512  -0.0222   0.1026
  0.0610  -0.1753   0.0111   0.0102  -0.0323   0.1036
  0.0581  -0.2124   0.0004  -0.0036  -0.0188   0.1157
  0.0334  -0.2225  -0.0009  -0.0052  -0.0365   0.1200
  0.0388  -0.2445   0.0168  -0.0138  -0.0102   0.1360
  0.0325  -0.2252   0.0000   0.0053   0.0035   0.1108
  0.0366  -0.2506   0.0126  -0.0334  -0.0012   0.1313
  0.0319  -0.2388  -0.0016  -0.0382   0.0043   0.1243
  0.0353  -0.2524   0.0209  -0.0428  -0.0019   0.1252
  0.0395  -0.2280   0.0164   0.0011   0.0143   0.1264
  0.0318  -0.2571   0.0024  -0.0261  -0.0070   0.1293
  0.0195  -0.2445   0.0283  -0.0366  -0.0032   0.1313
  0.0234  -0.2626   0.0437  -0.0664  -0.0105   0.1336
  0.0225  -0.2480   0.0291  -0.0552   0.0215   0.1258
  0.0287  -0.2448   0.0363  -0.0539   0.0201   0.1192
  0.0184  -0.2400   0.0269  -0.0279   0.0230   0.1113
  0.0151  -0.2430   0.0404  -0.0208   0.0195   0.1201
  0.0095  -0.2513   0.0252  -0.0416   0.0141   0.1211
  0.0063  -0.2465   0.0299  -0.0231   0.0221   0.1204
  0.0138  -0.2425   0.0173  -0.0134   0.0246   0.1251
  0.0083  -0.2486   0.0183  -0.0470   0.0258   0.1228
  0.0062  -0.2679   0.0323  -0.0327   0.0229   0.1285
  0.0056  -0.2466   0.0340  -0.0443   0.0283   0.1315
  0.0018  -0.2765   0.0496  -0.0537   0.0246   0.1358
 -0.0045  -0.2879   0.0545  -0.0355   0.0360   0.1446
 -0.0145  -0.3236   0.0541  -0.0610   0.0282   0.1412
 -0.0182  -0.3172   0.0624  -0.0466   0.0375   0.1516
 -0.0190  -0.3461   0.0518  -0.0499   0.0289   0.1539
 -0.0176  -0.3471   0.0662  -0.0368   0.0279   0.1636
 -0.0252  -0.3505   0.0589  -0.0421   0.0303   0.1563
 -0.0260  -0.3653   0.0725  -0.0374   0.0342   0.1651
 -0.0300  -0.3617   0.0588  -0.0517   0.0373   0.1655
 -0.0307  -0.3477   0.0785  -0.0661   0.0335   0.1677
 -0.0253  -0.3424   0.0809  -0.0610   0.0342   0.1624
 -0.0242  -0.3233   0.0754  -0.0554   0.0361   0.1673
 -0.0383  -0.3156   0.0683  -0.0537   0.0278   0.1417
 -0.0342  -0.3318   0.0769  -0.0318   0.0272   0.1633
 -0.0350  -0.3215   0.0724  -0.0604   0.0339   0.1501
 -0.0257  -0.3363   0.0757  -0.0506   0.0326   0.1645
 -0.0265  -0.3416   0.0592  -0.0323   0.0405   0.1535
 -0.0308  -0.3429   0.0755  -0.0500   0.0339   0.1591
 -0.0264  -0.3467   0.0706  -0.0361   0.0470   0.1631
 -0.0389  -0.3607   0.0770  -0.0394   0.0420   0.1636
 -0.0340  -0.3568   0.0793  -0.0460   0.0470   0.1664
 -0.0387  -0.3564   0.0879  -0.0567   0.0388   0.1726
 -0.0330  -0.3402   0.0942  -0.1010   0.0293   0.1789
 -0.0517  -0.3225   0.0976  -0.0960   0.0355   0.1680
 -0.0342  -0.3197   0.0856  -0.0505   0.0550   0.1567
 -0.0287  -0.3444   0.0934  -0.0611   0.0278   0.1564
 -0.0305  -0.3501   0.0901  -0.1196   0.0121   0.1761
 -0.0230  -0.2708   0.0669  -0.0665   0.0671   0.1506
 -0.0351  -0.3157   0.0699  -0.0568   0.0652   0.1443
 -0.0580  -0.2478   0.0508  -0.1034   0.0578   0.1791
 -0.0575  -0.1307  -0.0115  -0.2474  -0.0288   0.2565
 -0.0268  -0.0956   0.0241   0.1107  -0.0315   0.0141
 -0.0315   0.1347   0.0480   0.3233  -0.0747  -0.1040
 -0.0652   0.0475  -0.0841  -0.1087  -0.0062   0.0733
 -0.0476   0.0177  -0.0775  -0.0283   0.0165   0.0356
 -0.0465   0.0870  -0.0122  -0.0553   0.0571   0.0362
 -0.0098   0.0595  -0.0350  -0.0374   0.0033   0.0321
 -0.0108   0.0565  -0.0276  -0.0214   0.0062   0.0473
 -0.0169   0.0496  -0.0493  -0.0784  -0.0299   0.0707
 -0.0213   0.0456  -0.0392  -0.0668   0.0217   0.0773
 -0.0015   0.0664  -0.0417   0.0038   0.0583   0.0222
  0.0060   0.0297  -0.0675  -0.1545  -0.0250   0.1007
 -0.0088   0.0610  -0.0614  -0.1742  -0.0107   0.0783
 -0.0126   0.1805  -0.0562  -0.1013   0.0192   0.0153
 -0.0059   0.0942  -0.0742  -0.0566   0.0254   0.0201
 -0.0126   0.0562  -0.0760  -0.0603   0.0300   0.0482
 -0.0085   0.0517  -0.0860  -0.0709   0.0483   0.0232
 -0.0051   0.0296  -0.0370  -0.0964   0.0392   0.0479
  0.0166   0.0136  -0.0538  -0.1539  -0.0095   0.0678
 -0.0633   0.0462  -0.0136  -0.0465   0.0458   0.0172
 -0.0375   0.1650  -0.0612   0.0352   0.0907  -0.1156
  0.1346   0.1429  -0.1255   0.4448   0.0605  -0.3916
  0.0785   0.3705  -0.0471  -0.0466  -0.0694  -0.1377
  0.1069   0.3962  -0.0853  -0.0268  -0.0141  -0.1671
  0.0766   0.4350  -0.0687   0.0350   0.0083  -0.1781
  0.0754   0.3987  -0.0876   0.0412   0.0079  -0.2010
  0.0516   0.3903  -0.0599   0.0446   0.0294  -0.1811
  0.0594   0.4029  -0.0506   0.0220   0.0151  -0.1898
  0.0608   0.3678  -0.0286   0.0115  -0.0006  -0.1703
  0.0689   0.4041  -0.0603   0.0361   0.0194  -0.1922
  0.0569   0.3664  -0.0350   0.0150   0.0118  -0.1770
  0.0433   0.3633  -0.0405   0.0387   0.0390  -0.1819
  0.0656   0.3391  -0.0245  -0.0449  -0.0169  -0.1382
  0.0396   0.3657  -0.0112  -0.0394  -0.0060  -0.1683
 -0.0109   0.4198   0.0249  -0.0147  -0.0427  -0.1639
  0.0490   0.3868   0.0007  -0.0442  -0.0064  -0.1630
  0.0390   0.3377  -0.0050   0.0439   0.0302  -0.1817
  0.0452   0.3491   0.0232  -0.0269   0.0011  -0.1718
  0.0309   0.3613   0.0381   0.0148   0.0309  -0.1785
  0.0588   0.3671   0.0199   0.0166   0.0178  -0.1733
  0.0295   0.4010   0.0241   0.0202   0.0006  -0.1862
  0.0054   0.3317   0.0556   0.0260  -0.0038  -0.1629
  0.0057   0.3428   0.0496   0.0458   0.0146  -0.1629
  0.0086   0.3140   0.0538   0.0306   0.0028  -0.1641
 -0.0311   0.3580   0.0728   0.0311  -0.0032  -0.1589
  0.0075   0.3714   0.0165   0.0108   0.0216  -0.1655
 -0.0136   0.3291   0.0467   0.0250  -0.0056  -0.1728
  0.0182   0.3309   0.0354   0.0326   0.0152  -0.1654
  0.0134   0.3349   0.0357  -0.0028  -0.0119  -0.1529
  0.0224   0.3266   0.0102  -0.0076   0.0058  -0.1579
  0.0046   0.2858   0.0127  -0.0062   0.0077  -0.1308
  0.0171   0.3228   0.0121  -0.0408   0.0120  -0.1462
  0.0015   0.3612   0.0313  -0.0458   0.0122  -0.1443
  0.0125   0.3863   0.0264  -0.0626   0.0352  -0.1506
  0.0069   0.3864   0.0312  -0.0920   0.0092  -0.1523
  0.0099   0.3519   0.0100  -0.0795   0.0135  -0.1328
 -0.0248   0.3305   0.0240  -0.0402   0.0137  -0.1254
  0.0168   0.3696   0.0238  -0.0634   0.0156  -0.1472
 -0.0500   0.3098   0.0761  -0.0295   0.0134  -0.1381
 -0.0843   0.3015   0.1011  -0.0112   0.0064  -0.1131
 -0.0126   0.2897   0.0447  -0.0179   0.0173  -0.1379
 -0.0461   0.3412   0.0543  -0.0218   0.0293  -0.1301
 -0.0160   0.3257   0.0583  -0.0357   0.0221  -0.1376
 -0.0368   0.3464   0.0564  -0.0526   0.0104  -0.1273
 -0.0334   0.3085   0.0380  -0.0462   0.0149  -0.1233
 -0.0608   0.3398   0.0667  -0.0458   0.0038  -0.1306
 -0.0719   0.2666   0.1008   0.0013   0.0284  -0.1364
 -0.1319   0.2917   0.1391  -0.0148  -0.0132  -0.1243
 -0.0501   0.3518   0.0675  -0.0510   0.0099  -0.1319
 -0.0594   0.3414   0.0557  -0.0396  -0.0011  -0.1444
 -0.0515   0.3415   0.0529  -0.0241   0.0204  -0.1309
 -0.0640   0.3615   0.0617  -0.0595  -0.0046  -0.1394
 -0.0263   0.3162   0.0655  -0.0280   0.0289  -0.1377
 -0.0097   0.2750   0.0986  -0.1167   0.0072  -0.1131
 -0.0361   0.3342   0.0785  -0.1487   0.0248  -0.1191
 -0.0370   0.3198   0.0743  -0.0984   0.0223  -0.1354
 -0.0632   0.3714   0.0939  -0.0777   0.0315  -0.1235
 -0.0448   0.3772   0.0810  -0.1069   0.0137  -0.1298
 -0.0699   0.3978   0.0915  -0.1093   0.0061  -0.1361
 -0.0503   0.3691   0.0719  -0.0652   0.0350  -0.1442
 -0.0775   0.3969   0.0909  -0.0839   0.0130  -0.1301
 -0.0243   0.3878   0.0314  -0.0945   0.0517  -0.1370
  0.0104   0.2366   0.0306  -0.0687   0.0259  -0.0997
 -0.0801   0.2816   0.0441  -0.0323   0.0101  -0.1285
 -0.0839   0.3581   0.1067  -0.0840  -0.0116  -0.1315
