  0.0107   0.4685  -0.1811   0.2555  -0.0499   0.0907
  0.0703   0.4207  -0.1275   0.1136  -0.0068   0.2706
 -0.0034   0.2022  -0.1516   0.1815  -0.0820   0.1703
 -0.0337   0.1110  -0.2607   0.1153  -0.0818   0.2726
 -0.0507   0.1850  -0.3207  -0.3629  -0.1865   0.1211
 -0.0868   0.1995  -0.2277   0.0188  -0.1369   0.5380
 -0.0596   0.0813  -0.4814   0.2433  -0.1113   0.4400
 -0.1684   0.2041  -0.2663   0.1847  -0.1387   0.3516
 -0.2100   0.1109  -0.2651   0.3401  -0.0884   0.3816
 -0.1738  -0.0258  -0.2533   0.3804  -0.0315   0.3990
 -0.1125   0.0078  -0.2654   0.4483  -0.0498   0.2439
 -0.0978   0.1452  -0.2852   0.2322  -0.0449   0.2827
 -0.1186   0.1308  -0.2824   0.1736  -0.0609   0.4171
 -0.1118   0.0893  -0.2791   0.3057  -0.0517   0.2765
 -0.0957   0.0295  -0.2720   0.3211  -0.0454   0.3274
 -0.0901   0.0265  -0.2789   0.3486  -0.0645   0.3611
 -0.0910  -0.0033  -0.2631   0.3160  -0.0830   0.3906
 -0.1056  -0.0042  -0.2757   0.3423  -0.0849   0.4540
 -0.1192  -0.0150  -0.2745   0.3562  -0.1079   0.4340
 -0.0701  -0.0335  -0.2454   0.3488  -0.0376   0.3819
 -0.0697   0.0192  -0.2456   0.2800   0.0021   0.3712
 -0.0779  -0.0214  -0.2416   0.3466  -0.0045   0.4552
 -0.1597  -0.0419  -0.2737   0.2242  -0.0686   0.2045
 -0.1567  -0.0070  -0.2462   0.4621  -0.0522   0.4774
 -0.2193  -0.0140  -0.3100   0.5212  -0.1098   0.2877
 -0.1728   0.0080  -0.2717   0.4013  -0.1147   0.4718
 -0.1398   0.0089  -0.2779   0.4601  -0.0913   0.2697
 -0.1548  -0.0604  -0.3023   0.3820  -0.0991   0.3938
 -0.1045  -0.0782  -0.3063   0.4260  -0.0556   0.3785
  0.1998   1.0295  -0.0725   0.1894   0.2849   0.0274
  1.0334   3.3803   0.9939   2.6562   1.3659  -7.7643
  0.8634   2.6635   0.4112   2.0811   1.0041  -8.7934
  0.8162   2.2481   0.1871   2.0726   0.4727  -7.3579
  0.9401   2.2614   0.5699   0.3440   0.5818  -3.6285
  0.3479   1.3833   0.1855  -0.3491   0.1140  -1.2616
  0.0707   0.7680   0.0611   0.2154  -0.0865  -1.1145
  0.0519   0.6371   0.0590   0.0055  -0.0183  -0.9357
 -0.3712   0.3087  -0.0430   0.1259  -0.0366  -0.2739
 -0.2002   0.3625  -0.0701   0.1604  -0.0161  -0.4403
 -0.0792   0.4024  -0.0228   0.2286   0.0162  -0.5214
 -0.0791   0.3830  -0.0338   0.2339  -0.0278  -0.6564
 -0.1069   0.4185  -0.0478   0.2185  -0.0855  -0.4378
 -0.1113   0.2958  -0.0563   0.3144  -0.0734  -0.3652
 -0.1535   0.1928  -0.0429   0.2693  -0.0971  -0.3516
 -0.1022   0.3051  -0.0441   0.2826  -0.0882  -0.3321
 -0.1879   0.3108  -0.0641   0.2994  -0.1266  -0.3750
 -0.1382   0.2906  -0.0890   0.2571  -0.1187  -0.3242
 -0.1536   0.3046  -0.0192   0.1788  -0.1263  -0.5047
  0.0366   0.6859  -0.1623   0.0927   0.0019  -0.4731
  0.0145   0.3740  -0.2175   0.2064   0.0084  -0.3149
 -0.1607   0.1704  -0.0665   0.3824  -0.0643  -0.2654
 -0.1209   0.3015  -0.0742   0.2732  -0.0718  -0.3548
 -0.1455   0.2643  -0.1047   0.2189  -0.0573  -0.3090
 -0.1069   0.3005  -0.0899   0.1600  -0.0252  -0.2765
 -0.1084   0.2358  -0.1040   0.3156  -0.0205  -0.2500
 -0.1839   0.1338  -0.1460   0.3107  -0.1255  -0.2358
 -0.2209  -0.1044  -0.1201   0.3381  -0.0968  -0.2881
 -0.2305  -0.1702  -0.1597   0.3500  -0.0655  -0.1338
 -0.2311   0.0199  -0.1668   0.4542  -0.0919  -0.2150
 -0.1847  -0.0208  -0.1632   0.4055  -0.0575  -0.1425
 -0.2039  -0.0191  -0.1710   0.5133  -0.0538  -0.2856
 -0.1822  -0.0053  -0.1629   0.3540  -0.0267  -0.1441
 -0.2587  -0.1440  -0.2085   0.9482  -0.1099  -0.2477
 -0.2830  -0.3240  -0.2816   1.4658  -0.1240  -0.2554
 -0.2266  -0.1724  -0.2280   1.1351  -0.1000  -0.1314
 -0.2014  -0.1535  -0.2268   0.8029  -0.0883  -0.1882
 -0.1846  -0.1721  -0.2132   0.6833  -0.0697  -0.2641
 -0.1740  -0.1569  -0.1863   0.6258  -0.0785  -0.0997
 -0.1668  -0.1512  -0.1885   0.7063  -0.0546  -0.0916
 -0.1281  -0.0724  -0.1581   0.5614  -0.0337  -0.2529
 -0.0008   0.0981  -0.2451   0.4556   0.0758  -0.2587
 -0.1154  -0.1609  -0.1917   0.4846  -0.0248  -0.0310
 -0.0982   0.0166  -0.1350   0.5321   0.0180  -0.2268
 -0.0355   0.0529  -0.1300   0.4478   0.0542  -0.1816
 -0.0829  -0.0111  -0.1785   0.6117   0.0134  -0.2450
 -0.0511  -0.0293  -0.1486   0.4168  -0.0110  -0.1722
 -0.1598   0.0028  -0.1601   0.6198   0.0003  -0.2096
 -0.1180  -0.1095  -0.1113   0.5867   0.0270  -0.0718
 -0.1284  -0.1088  -0.1664   0.7875  -0.0195  -0.2415
 -0.1070  -0.0797  -0.1566   0.3584  -0.0104  -0.0911
 -0.1084  -0.0334  -0.1425   0.6045  -0.0374  -0.0839
 -0.1055  -0.0683  -0.1340   0.1966  -0.0335  -0.1241
 -0.2536  -0.3525  -0.2491   1.7059  -0.1571  -0.0969
 -0.4587  -2.7892  -0.3743   8.1081  -0.1115   0.0199
 -0.5012  -2.6256  -0.3739   8.0116  -0.1872   0.7380
 -0.1410  -2.4871   0.0560   1.2553  -0.3060   0.5694
 -0.4211  -0.8742   0.0459  -2.2477  -0.2442   0.0390
 -0.1960   0.3133   0.3381  -1.5471  -0.1053  -0.2059
 -0.0821  -0.1573   0.1534  -0.4904  -0.1664  -0.2303
 -0.0599  -0.1229   0.1249  -0.5499  -0.1298   0.0697
 -0.2530  -2.7738   0.0768   6.1577  -0.1585   0.0236
 -0.5280  -2.2214  -0.3112   5.7707  -0.4734   0.4038
 -0.5908  -1.7204  -0.5261   1.7615  -0.4486   0.9950
 -0.3239  -0.5496  -0.3246   1.0231  -0.2911   0.3033
 -0.1883   0.0387   0.0085  -0.1800  -0.0237   0.1969
 -0.2618   0.1524   0.1049   0.4010   0.0155  -0.0095
 -0.1819  -0.1013   0.0177   0.0944  -0.0677   0.1309
 -0.1973  -0.0573   0.0348   0.2620  -0.0639   0.1697
 -0.1597  -0.1815   0.0133   0.2034  -0.0627   0.1679
 -0.1330  -0.1103   0.0208   0.1151  -0.0373   0.3052
 -0.1443  -0.1670   0.0144   0.0770  -0.0657   0.1607
 -0.1356  -0.1496   0.0163   0.1161  -0.0688   0.1840
 -0.1629  -0.2154   0.0003   0.1584  -0.1082   0.2562
 -0.1897  -0.1649  -0.0282   0.2137  -0.1119   0.1725
 -0.1613  -0.2249  -0.0232   0.2160  -0.1133   0.2706
 -0.2043  -0.2056  -0.0661   0.1546  -0.1338   0.1794
 -0.1768  -0.2613  -0.0243   0.2066  -0.1053   0.2632
 -0.2824  -0.2346  -0.0471   0.2080  -0.1149   0.3558
  0.1668   1.2989   0.3975   1.0582   0.3530  -1.9554
  1.2119   5.2345   1.4180   1.2478   1.6260  -5.9649
  0.7971   2.9835   0.8253   3.2151   0.8878  -3.1210
  0.5639   1.8823   0.3680   2.1966   0.3247  -1.3054
  0.4650   1.3592   0.1431  -1.5631  -0.0885  -0.5354
  0.4726   1.4596   0.0227  -1.3123  -0.1609  -0.6846
  0.3824   1.2305  -0.0069  -1.3366  -0.2204  -0.5316
  0.2746   1.0036  -0.0309  -0.5721  -0.1550  -0.5545
  0.2384   0.8241   0.0475  -0.6686  -0.1126  -0.2525
  0.2382   0.8608  -0.0023  -0.5359  -0.1972  -0.4025
  0.3286   0.9716  -0.0383  -0.7642  -0.1639  -0.3986
  0.3007   0.9938  -0.0156  -0.5474  -0.1727  -0.4566
  0.2200   0.8104  -0.0203  -0.6367  -0.1640  -0.3333
  0.2265   1.1936   0.1790  -2.5263  -0.0354   0.0448
  0.1373   1.0128   0.0610  -3.6363  -0.1368   0.1189
  0.0378   0.7866   0.0739  -1.5745  -0.1016  -0.3006
  0.0994   0.5006   0.1007  -0.7652  -0.0635  -0.3142
  0.0926   0.4828   0.0608  -0.6688  -0.1549  -0.0576
  0.1093   0.6437   0.0357  -0.9695  -0.1379  -0.2201
  0.1018   0.4980   0.0534  -0.4228  -0.1722  -0.1474
  0.2544   0.2925   0.2582   0.3092   0.0335  -0.1292
  0.1219   0.0679   0.1663  -0.2840   0.0070   0.0486
  0.0652   0.2081   0.1084  -0.1998  -0.0127  -0.0594
  0.1304   0.1950   0.1351  -0.3285  -0.0313   0.0247
  0.1063   0.1711   0.1033  -0.2290  -0.0458  -0.0932
  0.0695   0.1389   0.0972  -0.2537  -0.0749   0.0527
  0.0488   0.1141   0.0867  -0.2847  -0.0878  -0.0082
  0.0359   0.1071   0.0852  -0.3062  -0.1084   0.0430
  0.0226   0.1256   0.0732  -0.3609  -0.1157   0.0728
  0.0400   0.1365   0.0904  -0.3788  -0.0866   0.0619
  0.0337   0.1614   0.0830  -0.3459  -0.1065   0.0251
  0.0583   0.1855   0.1161  -0.3915  -0.0947   0.0686
 -0.0025   0.1221   0.0376  -0.3309  -0.1031  -0.0953
 -0.0229   0.1119   0.0146  -0.3359  -0.1207   0.1038
  0.0090   0.0903   0.0242  -0.3231  -0.1237   0.0368
  0.0060   0.1099   0.0386  -0.3810  -0.1136   0.0402
 -0.0161   0.0804   0.0442  -0.3653  -0.1284   0.0751
  0.0098   0.1060   0.0506  -0.3787  -0.1129   0.0321
 -0.0030   0.0986   0.0279  -0.3866  -0.1022   0.0672
  0.0192   0.0744   0.0550  -0.3913  -0.1031   0.0570
 -0.0080   0.0892   0.0251  -0.3314  -0.1243   0.0178
 -0.0051   0.0977   0.0264  -0.4214  -0.1232   0.1034
 -0.0222   0.0893   0.0202  -0.3407  -0.1268   0.0469
  0.0035   0.1353   0.0368  -0.4343  -0.1503   0.0473
 -0.1637   0.1520  -0.0189  -0.3305  -0.1500   0.1092
 -0.2642   0.1320   0.0016  -0.5480  -0.1845   0.1805
  0.0013   0.1998   0.0509  -0.9785  -0.0659   0.1300
  0.0414   0.2950   0.0401  -0.8303  -0.0182   0.0515
 -0.0206   0.1462   0.0098  -0.5517  -0.1227   0.1190
 -0.0174   0.1451   0.0232  -0.6232  -0.0964   0.0296
 -0.0031   0.1734  -0.0092  -0.6007  -0.1442   0.0631
 -0.0501  -0.4416   0.1538  -0.4172  -0.0146  -0.0306
 -0.1617  -3.4789   0.6148   4.1545  -0.0066   0.1268
 -0.0224  -2.3576   0.6808   1.7941   0.0248   0.8628
  0.2735   0.5449   0.4227  -1.5710   0.3372   0.2418
  0.1216   0.5889   0.1460  -0.5867   0.3855  -0.1843
  0.1633   0.4221   0.2003  -0.9556   0.2279   0.0929
  0.1308   0.0479   0.1655  -0.5004   0.1578  -0.0695
  0.1494   0.0443   0.2282  -0.6732   0.1647   0.0902
  0.1192  -0.0486   0.1612  -0.4879   0.1392   0.0838
  0.1078  -0.0115   0.1835  -0.6358   0.1096   0.1457
  0.1085  -0.0627   0.1407  -0.4327   0.1193   0.1508
  0.0864  -0.0697   0.1578  -0.6056   0.1090   0.0992
  0.0623  -0.0961   0.0976  -0.4630   0.1354   0.1394
  0.0909  -0.1020   0.1450  -0.7199   0.1489   0.2069
 -0.0362  -0.2007   0.0947  -0.4691   0.0410   0.1139
  0.0447  -0.5151   0.1004   0.7852   0.1580   0.0747
  0.0670  -0.6102   0.0449   0.8168   0.0620   0.2195
  0.1715  -0.2827   0.1876  -0.1458   0.1439   0.3047
  0.3889  -0.1525   0.3297  -0.3195   0.3499   0.1954
  0.3238  -0.1499   0.2660  -0.2101   0.2975   0.1624
  0.3348  -0.1876   0.2771  -0.2564   0.3071   0.1605
  0.2885  -0.1649   0.2313  -0.2707   0.2118   0.1358
  0.2362  -0.1640   0.2030  -0.3175   0.1695   0.2068
  0.2290  -0.1583   0.2126  -0.3197   0.1917   0.1093
  0.2196  -0.1679   0.1856  -0.3450   0.1717   0.1924
  0.1959  -0.2073   0.1782  -0.3229   0.1746   0.1977
  0.1876  -0.1621   0.1755  -0.4243   0.1815   0.1187
  0.1785  -0.1662   0.1870  -0.3515   0.1549   0.2244
  0.1686  -0.2479   0.1559  -0.2903   0.1401   0.1365
  0.0449  -0.4037   0.1042  -0.2072   0.0730   0.1963
  0.0476  -0.3729   0.1017  -0.1641   0.0418   0.1930
  0.0734  -0.3560   0.1183  -0.1787   0.0938   0.3186
  0.0899  -0.3840   0.0986  -0.1976   0.1368   0.1911
  0.0991  -0.2855   0.0990  -0.3098   0.1506   0.2354
  0.0475  -0.2827   0.1083  -0.2952   0.0684   0.2699
  0.0542  -0.4220   0.1071  -0.2572   0.0942   0.1542
  0.0374  -0.5057   0.0859  -0.1961   0.0912   0.3952
  0.0027  -0.6082   0.0484  -0.2035   0.0375   0.2140
  0.0617  -0.2442   0.1246  -0.3348   0.1048   0.1903
  0.0644  -0.4085   0.0956  -0.2923   0.1180   0.3128
  0.1226  -0.3353   0.1012  -0.3028   0.1245   0.1875
  0.1138  -0.3991   0.1243  -0.3118   0.1312   0.2534
  0.0912  -0.3430   0.1034  -0.3108   0.1008   0.2276
  0.1034  -0.3281   0.1238  -0.3456   0.1221   0.2161
  0.0775  -0.3348   0.1070  -0.3383   0.0798   0.2324
  0.0401  -0.3814   0.1302  -0.2535   0.0579   0.2991
  0.0298  -0.4156   0.1430  -0.2692   0.0386   0.2653
  0.0264  -0.3303   0.1370  -0.3747   0.0244   0.2504
  0.0841  -0.3327   0.1421  -0.2403   0.0468   0.2316
  0.0643  -0.3946   0.1618  -0.1760   0.0579   0.2465
  0.0533  -0.3578   0.1580  -0.2078   0.0412   0.2478
  0.0855  -0.3217   0.1229  -0.2382   0.1008   0.3052
  0.0762  -0.3418   0.1258  -0.2755   0.0887   0.1950
  0.0801  -0.3537   0.1227  -0.2462   0.0715   0.3107
  0.0820  -0.2808   0.0933  -0.2911  -0.0049   0.1469
  0.0829  -0.3261   0.1105  -0.2651   0.0202   0.2691
  0.0706  -0.3476   0.1054  -0.2206   0.0154   0.2861
  0.0624  -0.3912   0.1250  -0.2223   0.0324   0.2805
  0.0473  -0.4034   0.1007  -0.2699   0.0046   0.2712
  0.0583  -0.3536   0.1238  -0.3225   0.0367   0.2687
  0.0878  -0.2355   0.1030  -0.4608   0.0477   0.3385
  0.0999  -0.1820   0.0223  -0.4121   0.0107   0.2279
  0.0879  -0.2647   0.0769  -0.3419  -0.0035   0.1873
  0.0830  -0.2894   0.0805  -0.3514   0.0461   0.2676
  0.0625  -0.3532   0.0908  -0.3070   0.0094   0.2861
  0.0633  -0.3779   0.0794  -0.3371   0.0370   0.2420
  0.0612  -0.3488   0.0831  -0.3557   0.0243   0.3014
  0.0223  -0.2581   0.0890  -0.4065   0.0092   0.2172
 -0.0011  -0.2919   0.0863  -0.4460  -0.0570   0.2436
  0.0143  -0.3383   0.1138  -0.3724   0.0256   0.2388
 -0.0161  -0.2808   0.0952  -0.4953  -0.0609   0.2756
  0.0161  -0.2427   0.0917  -0.4311   0.0534   0.2229
  0.0737  -0.1989   0.0495  -0.6006  -0.0695   0.2206
  0.3123  -0.5316   0.1848   0.5442   0.7933   0.0191
  0.4037  -0.7055   0.7261   1.6249   1.1267  -0.0182
  0.1996  -0.3394   0.2144  -0.0339   0.2235   0.2987
  0.1443  -0.4548   0.1745  -0.0857   0.3430   0.2334
