 -0.0811  -0.1360  -0.0913   0.2153  -0.0319   0.2745
 -0.0624  -0.2107  -0.1140   0.3052  -0.0446   0.2614
 -0.0850  -0.1842  -0.1133   0.2301  -0.0461   0.2548
 -0.0716  -0.2145  -0.1116   0.2713  -0.0394   0.3293
 -0.0741  -0.2026  -0.1077   0.2940  -0.0515   0.2408
 -0.0701  -0.2151  -0.1090   0.2831  -0.0436   0.3003
 -0.0697  -0.2067  -0.1038   0.2689  -0.0486   0.2314
 -0.0760  -0.2228  -0.1013   0.2697  -0.0377   0.2882
 -0.0856  -0.2045  -0.1108   0.3013  -0.0510   0.2495
 -0.0794  -0.2305  -0.1052   0.2843  -0.0310   0.2595
 -0.0983  -0.1922  -0.0916   0.2160  -0.0848   0.2035
 -0.1094  -0.2018  -0.0991   0.2869  -0.1242   0.2335
 -0.0963  -0.2371  -0.0969   0.3029  -0.0767   0.2030
 -0.1081  -0.2277  -0.0897   0.2897  -0.0831   0.2295
 -0.0725  -0.2499  -0.0947   0.3088  -0.0225   0.2432
 -0.0779  -0.2331  -0.0879   0.2663  -0.0391   0.2178
 -0.0761  -0.1998  -0.0790   0.2443  -0.0292   0.2088
 -0.0813  -0.2140  -0.0710   0.2586  -0.0404   0.2354
 -0.0782  -0.2227  -0.0747   0.2640  -0.0305   0.2368
 -0.0931  -0.2221  -0.0768   0.2606  -0.0426   0.2102
 -0.0877  -0.2265  -0.0786   0.2658  -0.0350   0.2345
 -0.0950  -0.2485  -0.0818   0.3186  -0.0512   0.2048
 -0.0907  -0.2270  -0.0778   0.2796  -0.0462   0.2361
 -0.0852  -0.2083  -0.0762   0.2385  -0.0421   0.2424
 -0.0827  -0.2423  -0.0912   0.3187  -0.0508   0.1905
 -0.0792  -0.2389  -0.0752   0.2213  -0.0553   0.1748
 -0.0749  -0.2231  -0.0678   0.1923  -0.0473   0.2581
 -0.0762  -0.2301  -0.0657   0.2062  -0.0494   0.2432
 -0.0847  -0.2165  -0.0595   0.1995  -0.0476   0.1845
 -0.0802  -0.2178  -0.0600   0.1891  -0.0489   0.2429
 -0.0743  -0.2200  -0.0672   0.2064  -0.0407   0.1551
 -0.0765  -0.2335  -0.0583   0.2440  -0.0422   0.2722
 -0.0783  -0.2533  -0.0727   0.2777  -0.0396   0.1655
 -0.0926  -0.1580  -0.0504   0.2211  -0.0607   0.2181
 -0.0801  -0.2373  -0.0620   0.2738  -0.0364   0.2099
 -0.0841  -0.1860  -0.0623   0.2125  -0.0379   0.1798
 -0.0782  -0.1899  -0.0650   0.1863  -0.0322   0.2021
 -0.0757  -0.1908  -0.0673   0.2018  -0.0357   0.1548
 -0.0744  -0.1703  -0.0579   0.1752  -0.0355   0.2136
 -0.0720  -0.1893  -0.0585   0.1775  -0.0351   0.1612
 -0.0643  -0.1746  -0.0536   0.1510  -0.0354   0.1761
 -0.0679  -0.2088  -0.0601   0.1942  -0.0354   0.1907
 -0.0685  -0.1937  -0.0681   0.1987  -0.0288   0.1517
 -0.0516  -0.1650  -0.0591   0.1662  -0.0241   0.2112
 -0.0790  -0.1480  -0.0813   0.1980  -0.0763   0.1175
 -0.0586  -0.1537  -0.0545   0.1987  -0.0370   0.1674
 -0.0395  -0.1672  -0.0656   0.2105  -0.0155   0.1772
 -0.0546  -0.1611  -0.0645   0.1942  -0.0229   0.1468
 -0.0534  -0.1825  -0.0615   0.1933  -0.0234   0.1837
 -0.0622  -0.1920  -0.0559   0.1393  -0.0226   0.1531
 -0.0567  -0.2015  -0.0632   0.1789  -0.0282   0.1397
 -0.0556  -0.1662  -0.0512   0.1147  -0.0278   0.1686
 -0.0616  -0.1740  -0.0546   0.1609  -0.0155   0.1846
 -0.0560  -0.1745  -0.0364   0.1261  -0.0104   0.1812
 -0.0691  -0.1279  -0.0350   0.1079  -0.0064   0.0962
 -0.1331   0.4181  -0.0316  -0.2409   0.0165  -0.3570
 -0.1170   0.3912   0.0024  -0.2045   0.0511  -0.3042
 -0.1289   0.1922   0.0488  -0.1826   0.0390   0.0064
 -0.1126   0.0956   0.0142  -0.1510   0.0161   0.0001
 -0.1212   0.0428  -0.0178  -0.1444   0.0092   0.0192
 -0.1033   0.0268  -0.0384  -0.1390   0.0048   0.0405
 -0.0773   0.0457  -0.0549   0.0076  -0.0005  -0.0012
 -0.0740   0.0399  -0.0507  -0.0301   0.0035   0.0382
 -0.0867   0.0511  -0.0685  -0.0126  -0.0014   0.0674
 -0.0828   0.0263  -0.0796   0.0251   0.0041   0.0091
 -0.0779   0.0264  -0.0710   0.0583  -0.0003   0.0128
 -0.0724   0.0261  -0.0771   0.0646  -0.0030   0.0402
 -0.0831   0.0005  -0.0886   0.0720  -0.0059   0.0194
 -0.0829   0.0233  -0.0813   0.0798  -0.0045   0.0671
 -0.0800   0.0077  -0.0724  -0.0028   0.0007  -0.0025
 -0.0809   0.0267  -0.0779   0.0201   0.0015   0.0358
 -0.0755   0.0203  -0.0419   0.0136   0.0049   0.0261
 -0.1149   0.1002  -0.0840  -0.0028  -0.1318  -0.0213
 -0.1323  -0.0052  -0.0880   0.0451  -0.1597  -0.0713
 -0.0702   0.0094  -0.0656   0.0212  -0.0532   0.0683
 -0.0669  -0.0255  -0.0280   0.0613  -0.0285   0.0197
 -0.0365   0.0023   0.0395  -0.0083   0.0001   0.0341
 -0.0493  -0.0274   0.0339   0.0836   0.0001   0.0327
 -0.0388  -0.0010   0.0159   0.0269  -0.0007   0.0157
 -0.0523  -0.0320   0.0069   0.0464  -0.0018   0.0592
 -0.0377  -0.0012   0.0053  -0.0209   0.0048   0.0218
 -0.0650  -0.0369   0.0113   0.0584  -0.0073   0.0141
  0.0201   0.2316   0.0001  -0.1045   0.0093   0.0392
  0.0964   0.4673  -0.0881  -0.1925   0.0156  -0.0620
  0.0695   0.1845  -0.0912  -0.1006   0.0164   0.0178
  0.0480   0.2669  -0.0669  -0.1431  -0.0058  -0.0678
  0.0317   0.2404  -0.0607  -0.1374  -0.0203  -0.0346
  0.0564   0.2853  -0.0578  -0.1039   0.0097   0.0318
  0.0785   0.3146  -0.0755  -0.1451   0.0209  -0.0325
  0.0593   0.2042  -0.0580  -0.0921   0.0316   0.0214
  0.0489   0.1547  -0.0652  -0.0993   0.0325   0.0123
  0.0506   0.1985  -0.0626  -0.1398   0.0376  -0.0179
  0.0433   0.1717  -0.0589  -0.1313   0.0385   0.0100
  0.0508   0.1836  -0.0608  -0.0963   0.0333  -0.0155
  0.0489   0.1764  -0.0724  -0.1278   0.0401  -0.0189
  0.0544   0.1646  -0.0188  -0.1173   0.0559  -0.0132
  0.0548   0.1360   0.0039  -0.0913   0.0554  -0.0162
  0.0494   0.1283  -0.0159  -0.0519   0.0498  -0.0474
  0.0534   0.1667  -0.0045  -0.1190   0.0524   0.0080
  0.0609   0.1277  -0.0230  -0.0701   0.0457  -0.0441
  0.0660   0.1604  -0.0066  -0.1370   0.0544   0.0210
  0.0597   0.1141  -0.0152  -0.0332   0.0522  -0.0160
  0.0572   0.1317  -0.0027  -0.1399   0.0513  -0.0712
  0.0571   0.1374  -0.0107  -0.0841   0.0538   0.0194
  0.0541   0.1173  -0.0089  -0.0661   0.0490  -0.0398
  0.0582   0.1229  -0.0077  -0.1265   0.0487  -0.0132
  0.0537   0.1259   0.0021  -0.0731   0.0412  -0.0474
  0.0586   0.1399   0.0091  -0.1261   0.0435   0.0260
  0.0581   0.1305   0.0587  -0.1376   0.0725  -0.0400
  0.0403   0.1086   0.0608  -0.1409   0.0668   0.0411
  0.0170   0.0770   0.0498  -0.1041   0.0711  -0.0632
  0.0304   0.1193   0.0887  -0.1635   0.0794  -0.0143
  0.0511   0.0750   0.0820  -0.1325   0.0799  -0.0310
  0.0353   0.0973   0.0589  -0.0942   0.0691  -0.0572
  0.0565   0.0911   0.0573  -0.1374   0.0714  -0.0346
  0.0494   0.1023   0.0493  -0.1115   0.0621  -0.0279
  0.0524   0.0875   0.0565  -0.0976   0.0683   0.0099
  0.0476   0.0689   0.0551  -0.0697   0.0601  -0.0562
  0.0474   0.0788   0.0479  -0.0486   0.0562  -0.0177
  0.0223   0.0912   0.0388  -0.0704  -0.0035  -0.0989
 -0.0114   0.0989   0.0277  -0.1496  -0.0718  -0.0334
  0.0060   0.0633   0.0394  -0.0766  -0.0332  -0.0949
 -0.0377   0.0748   0.0486  -0.2823  -0.0556  -0.1818
 -0.0048   0.1366   0.0413  -0.2539  -0.0124   0.0467
  0.0296   0.0938   0.0447  -0.1540   0.0454  -0.0192
  0.0510   0.0128   0.0604  -0.1281   0.0734  -0.0200
  0.0330  -0.0100   0.0059  -0.1377   0.0622  -0.0155
  0.0333   0.1873  -0.0253  -0.3494   0.0754  -0.0064
  0.0554   0.0634   0.0118  -0.1839   0.0567  -0.0485
  0.0598   0.0967   0.0372  -0.2242   0.0649  -0.0675
  0.0519   0.0416   0.0418  -0.1729   0.0671   0.0115
  0.0408   0.0231   0.0152  -0.0807   0.0585  -0.0875
  0.0653   0.0738   0.0396  -0.1764   0.0707   0.0034
  0.0848   0.0643   0.0558  -0.1695   0.0880  -0.0508
  0.0598   0.0741   0.0591  -0.1623   0.0785  -0.0292
  0.0590   0.0700   0.0484  -0.1805   0.0651  -0.0289
  0.0571   0.0605   0.0596  -0.1932   0.0859  -0.0448
  0.0377   0.0762   0.0390  -0.1694   0.0247  -0.0233
  0.0127   0.0835   0.0280  -0.1868  -0.0094  -0.0960
  0.0354   0.1150   0.0333  -0.1509   0.0277  -0.0009
 -0.0093   0.1240   0.0246  -0.1907  -0.0446  -0.1007
  0.0319   0.1300   0.0320  -0.2179   0.0121  -0.0351
  0.0291   0.0058   0.0612  -0.2829   0.0212  -0.0402
  0.0277   0.0914   0.0202  -0.1722   0.0256  -0.0864
  0.0294   0.0895   0.0112  -0.2036   0.0198  -0.0695
  0.0330   0.1015   0.0098  -0.2877   0.0265  -0.0636
  0.0352   0.1184   0.0120  -0.2431   0.0286  -0.0152
  0.0522   0.1026   0.0228  -0.1970   0.0264  -0.0460
  0.0525   0.1107   0.0285  -0.1901   0.0258  -0.0584
  0.0486   0.0970   0.0227  -0.1563   0.0318  -0.0605
  0.0510   0.0948   0.0380  -0.1766   0.0423  -0.0554
  0.0520   0.1299   0.0229  -0.2035   0.0313  -0.0958
  0.0589   0.1071   0.0322  -0.1908   0.0443  -0.0164
  0.0592   0.1019   0.0277  -0.1964   0.0391  -0.0646
  0.0615   0.1075   0.0591  -0.2445   0.0538  -0.0629
  0.0603   0.0986   0.0325  -0.2402   0.0302  -0.0428
  0.0594   0.1040   0.0436  -0.2340   0.0366  -0.0956
 -0.0048   0.1016   0.0248  -0.2622  -0.0854  -0.1162
  0.0028   0.0721   0.0422  -0.2448  -0.0605  -0.1496
  0.0389   0.0588   0.0559  -0.2639   0.0062  -0.0606
  0.0104   0.0791   0.0413  -0.2291  -0.0578  -0.1118
  0.0386   0.0627   0.0561  -0.2218   0.0177  -0.0874
  0.0401   0.0693   0.0505  -0.2220  -0.0033  -0.0337
  0.0344   0.0145   0.0287  -0.0026   0.0007  -0.1013
  0.0471   0.0118   0.0653  -0.0182   0.0174  -0.1002
  0.0447  -0.0034   0.0940  -0.0035   0.0315  -0.1012
  0.0419   0.0058   0.0580  -0.0156   0.0101  -0.1074
  0.0488   0.0064   0.0623  -0.0147   0.0255  -0.0821
  0.0377   0.0107   0.0632  -0.0492   0.0212  -0.0946
  0.0570   0.0106   0.0663  -0.0399   0.0174  -0.0585
  0.0415   0.0279   0.0371  -0.0671   0.0215  -0.0893
  0.0537   0.0059   0.0560  -0.0495   0.0251  -0.0543
  0.0441   0.0109   0.0541  -0.0710   0.0034  -0.1443
  0.0174   0.0379   0.0465  -0.0605  -0.0347  -0.0842
  0.0258  -0.0017   0.0688  -0.0747  -0.0190  -0.1007
  0.0194   0.0243   0.0703  -0.0978  -0.0134  -0.0813
  0.0386  -0.0044   0.0625  -0.0341  -0.0095  -0.0482
  0.0287   0.0281   0.0474  -0.0451  -0.0089  -0.1034
  0.0319   0.0016   0.0798  -0.0542  -0.0006  -0.0655
  0.0351   0.0153   0.0947  -0.0749   0.0155  -0.1258
  0.0286   0.0191   0.0646  -0.0659   0.0052  -0.0717
  0.0234   0.0334   0.0705   0.0850   0.0220  -0.1030
  0.0312   0.0294   0.0692  -0.0465   0.0279  -0.0681
  0.0404   0.0053   0.0774  -0.0823   0.0194  -0.0478
  0.0349   0.0138   0.0644  -0.0803   0.0163  -0.0892
  0.0368   0.0148   0.0671  -0.0539   0.0089  -0.0790
  0.0425   0.0269   0.0721  -0.1040   0.0094  -0.0761
  0.0436   0.0272   0.0689  -0.0536   0.0021  -0.1036
  0.0423   0.0257   0.0643  -0.0563   0.0035  -0.0580
  0.0429   0.0286   0.0598  -0.0760   0.0077  -0.0683
  0.0543   0.0162   0.0644  -0.0436   0.0089  -0.0939
  0.0395   0.0306   0.0681  -0.0803  -0.0040  -0.1236
  0.0014   0.0497   0.0711  -0.0766  -0.0645  -0.0686
 -0.0047   0.0088   0.0542  -0.0417  -0.0667  -0.1747
  0.0097   0.0929   0.0514  -0.1638  -0.0651  -0.0785
  0.0281   0.0370   0.0600  -0.1667  -0.0265  -0.0985
  0.0263   0.0530   0.0549  -0.1932  -0.0384  -0.1100
  0.0390   0.0457   0.0552  -0.1346  -0.0363  -0.0662
  0.0206   0.0258   0.0491  -0.1125  -0.0430  -0.1862
  0.0292   0.0229   0.0554  -0.1507  -0.0393  -0.0784
  0.0294  -0.0608   0.0360   0.1361  -0.0567  -0.1372
  0.0225  -0.0628   0.0522   0.1174  -0.0405  -0.1337
  0.0233  -0.0473   0.0411   0.0735  -0.0432  -0.1150
  0.0243  -0.0681   0.0668   0.0802  -0.0322  -0.1344
  0.0189  -0.0484   0.1030   0.0315  -0.0196  -0.1637
  0.0329  -0.0700   0.0651   0.0914  -0.0113  -0.0959
  0.0243  -0.0648   0.0471   0.0474  -0.0317  -0.1407
  0.0170  -0.0953   0.0357   0.1790  -0.0234  -0.1167
  0.0222  -0.1096   0.0322   0.2138  -0.0366  -0.1115
  0.0301  -0.0860   0.0472   0.1180  -0.0156  -0.1101
  0.0277  -0.0942   0.0490   0.1584  -0.0186  -0.1206
  0.0352  -0.0651   0.0474   0.1523  -0.0123  -0.1466
  0.0498  -0.0852   0.0503   0.1957   0.0091  -0.0759
  0.0486  -0.0671   0.0514   0.1552   0.0053  -0.1441
  0.0032  -0.0534   0.0413   0.1513  -0.0759  -0.1344
  0.0140  -0.0789   0.0338   0.1410  -0.0604  -0.1453
  0.0261  -0.0616   0.0427   0.1201  -0.0236  -0.0851
  0.0350  -0.0485   0.0427   0.1178   0.0010  -0.1270
  0.0331  -0.0319   0.0433   0.0706   0.0069  -0.1433
  0.0367  -0.0409   0.0439   0.0913   0.0172  -0.1412
  0.0162  -0.0336   0.0467   0.0603  -0.0150  -0.1672
  0.0212  -0.0482   0.0407   0.0743  -0.0106  -0.0701
  0.0291  -0.0612   0.0358   0.1253  -0.0113  -0.1724
  0.0183  -0.0588   0.0353   0.0744  -0.0390  -0.1410
  0.0242  -0.0556   0.0396   0.1370  -0.0450  -0.1596
  0.0800  -0.0306   0.0361   0.0848   0.0361  -0.0884
  0.0968  -0.0300   0.0214   0.1353   0.0596  -0.1048
  0.0980   0.0340   0.0191   0.0360   0.0664  -0.1291
  0.0853   0.0119   0.0368   0.0617   0.0685  -0.1227
  0.0823   0.0468   0.0231   0.0407   0.0587  -0.1230
  0.0873   0.1935   0.0176  -0.0494   0.0420  -0.1792
  0.0927   0.0950   0.0045  -0.0191   0.0466  -0.1387
  0.0701   0.0546  -0.0044   0.0112   0.0383  -0.1837
  0.0853   0.0793   0.0147   0.0263   0.0482  -0.1125
  0.0894   0.0544   0.0109   0.0473   0.0392  -0.1644
  0.0856   0.0709   0.0208   0.0523   0.0527  -0.1398
