  0.0063  -0.3643  -0.0774  -0.0277   0.0072   0.1103
  0.0187  -0.2570  -0.0370  -0.0408  -0.0147   0.1141
  0.0219  -0.2759  -0.0546  -0.0386  -0.0077   0.1166
  0.0320  -0.2537  -0.0417  -0.0425  -0.0255   0.1046
  0.0113  -0.2457  -0.0500  -0.0190  -0.0126   0.1026
  0.0098  -0.2683  -0.0497  -0.0432   0.0017   0.1062
  0.0203  -0.2920  -0.0386  -0.0399  -0.0059   0.1027
  0.0202  -0.3040  -0.0318  -0.0510  -0.0074   0.0896
  0.0262  -0.3209  -0.0488  -0.0490   0.0012   0.0980
  0.0240  -0.2926  -0.0389  -0.0384  -0.0068   0.0921
  0.0180  -0.3109  -0.0391  -0.0311  -0.0181   0.0809
  0.0404  -0.2967  -0.0323   0.0028  -0.0082   0.0775
  0.0164  -0.3355  -0.0396  -0.0022   0.0026   0.0653
  0.0180  -0.3330  -0.0254   0.0021  -0.0123   0.0704
  0.0172  -0.3303  -0.0389  -0.0084  -0.0070   0.0741
  0.0168  -0.3542  -0.0371  -0.0187   0.0011   0.0725
  0.0209  -0.3155  -0.0506  -0.0302   0.0019   0.0882
  0.0287  -0.2589  -0.0546  -0.0101  -0.0206   0.0818
  0.0154  -0.3100  -0.0417  -0.0154  -0.0064   0.0948
  0.0145  -0.3153  -0.0559  -0.0260  -0.0069   0.0773
  0.0136  -0.3134  -0.0459  -0.0298  -0.0042   0.0909
  0.0142  -0.3107  -0.0479  -0.0281  -0.0076   0.0981
  0.0049  -0.3272  -0.0415  -0.0369  -0.0013   0.0915
  0.0008  -0.3079  -0.0318  -0.0403  -0.0012   0.1024
 -0.0124  -0.3235  -0.0463  -0.0585   0.0010   0.0924
  0.0154  -0.2926  -0.0514  -0.0420  -0.0044   0.1041
  0.0031  -0.2756  -0.0499  -0.0380  -0.0050   0.0868
 -0.0125  -0.2907  -0.0388  -0.0430  -0.0061   0.1009
 -0.0058  -0.3107  -0.0483  -0.0246   0.0048   0.0905
  0.0034  -0.2943  -0.0474  -0.0157   0.0027   0.0861
 -0.0071  -0.3317  -0.0467  -0.0365   0.0051   0.0901
 -0.0160  -0.3416  -0.0390  -0.0381  -0.0018   0.0960
 -0.0141  -0.3545  -0.0549  -0.0577   0.0002   0.0860
 -0.0181  -0.4115  -0.0457  -0.0067   0.0235   0.0761
 -0.0262  -0.3552  -0.0457  -0.0270   0.0124   0.0801
 -0.0167  -0.3655  -0.0468  -0.0337  -0.0031   0.0843
 -0.0146  -0.3536  -0.0458  -0.0062   0.0071   0.0996
 -0.0282  -0.3860  -0.0444  -0.0379   0.0055   0.0878
 -0.0131  -0.3545  -0.0517  -0.0482   0.0197   0.0927
 -0.0196  -0.3525  -0.0514  -0.0439   0.0047   0.0857
 -0.0265  -0.3540  -0.0408  -0.0495   0.0120   0.0918
 -0.0365  -0.3504  -0.0591  -0.0738   0.0197   0.0956
 -0.0286  -0.3341  -0.0613  -0.0344  -0.0033   0.0833
 -0.0288  -0.3459  -0.0481  -0.0324   0.0113   0.0892
 -0.0262  -0.3496  -0.0538  -0.0480   0.0103   0.0950
 -0.0266  -0.3356  -0.0494  -0.0228   0.0074   0.0981
 -0.0298  -0.3583  -0.0558  -0.0246   0.0060   0.0758
 -0.0292  -0.3545  -0.0381  -0.0073   0.0059   0.0816
 -0.0340  -0.3552  -0.0426  -0.0314   0.0191   0.0782
 -0.0383  -0.3710  -0.0427  -0.0436   0.0084   0.0675
 -0.0342  -0.3567  -0.0484  -0.0297   0.0309   0.0950
 -0.0400  -0.4385  -0.0556   0.0070   0.0149   0.0385
 -0.0475  -0.3865  -0.0295  -0.0138   0.0024   0.0685
 -0.0669  -0.3900  -0.0368  -0.0403   0.0276   0.0755
 -0.0525  -0.3917  -0.0399  -0.0342   0.0161   0.0604
 -0.0487  -0.3946  -0.0397   0.0079   0.0304   0.0583
 -0.0348  -0.3688  -0.0416  -0.0287   0.0254   0.0599
 -0.0404  -0.3606  -0.0203  -0.0332   0.0026   0.0761
 -0.0388  -0.3434  -0.0259  -0.0454   0.0042   0.0690
 -0.0425  -0.3502  -0.0208  -0.0316   0.0052   0.0748
 -0.0498  -0.3294  -0.0326  -0.0273   0.0135   0.0709
 -0.0469  -0.3977  -0.0338  -0.0291   0.0152   0.0578
 -0.0225  -0.2287  -0.0334  -0.0516   0.0128   0.0965
 -0.0299  -0.1782  -0.0108  -0.0575  -0.0005   0.0918
 -0.0340  -0.2921  -0.0303  -0.0666   0.0154   0.0793
 -0.0349  -0.2814  -0.0244  -0.0502   0.0204   0.0794
 -0.0349  -0.3010  -0.0281  -0.0358   0.0151   0.0802
 -0.0321  -0.2910  -0.0325  -0.0473   0.0189   0.0691
 -0.0386  -0.2936  -0.0141  -0.0259   0.0172   0.0872
 -0.0408  -0.3151  -0.0238  -0.0447   0.0160   0.0668
 -0.0418  -0.3123  -0.0097  -0.0346   0.0176   0.0904
 -0.0452  -0.3179  -0.0490  -0.0479   0.0205   0.0713
 -0.0364  -0.3072  -0.0301  -0.0057   0.0037   0.0534
 -0.0431  -0.2968  -0.0253  -0.0649   0.0264   0.0577
 -0.0457  -0.2881  -0.0203  -0.0715   0.0153   0.0820
 -0.0460  -0.2606  -0.0242  -0.0689   0.0231   0.0909
 -0.0474  -0.2905  -0.0212  -0.0769   0.0197   0.0972
 -0.0475  -0.2891  -0.0215  -0.0524   0.0183   0.0689
 -0.0469  -0.3377  -0.0144  -0.0431   0.0124   0.0686
 -0.0401  -0.3214  -0.0294  -0.0683   0.0293   0.0676
 -0.0429  -0.3388  -0.0123  -0.0494   0.0205   0.0679
 -0.0609  -0.2886  -0.0156  -0.0962   0.0260   0.0778
 -0.0554  -0.3005  -0.0277  -0.0945   0.0211   0.0821
 -0.0593  -0.2656  -0.0221  -0.0829   0.0323   0.0762
 -0.0615  -0.2890  -0.0221  -0.0710   0.0287   0.0732
 -0.0836  -0.0686  -0.0148  -0.0346   0.0130   0.0518
 -0.0663  -0.0955  -0.0302  -0.0435   0.0171   0.0394
 -0.0704   0.1700  -0.0313   0.0043   0.0031   0.0159
  0.0435   1.4480  -0.0676   0.2443  -0.0858  -0.2141
  0.0493   0.3826  -0.0925   0.0686  -0.0282  -0.0909
  0.0205   0.4166  -0.1058   0.0602  -0.0300  -0.1162
 -0.0346   0.4118  -0.0930   0.0970  -0.0370  -0.1088
  0.0171   0.4187  -0.0828   0.0486  -0.0237  -0.0967
  0.0071   0.2515  -0.0561   0.1634  -0.0046  -0.1686
  0.0198   0.1989   0.0052   0.2479  -0.0110  -0.2041
  0.0138   0.1400   0.0046   0.1570   0.0044  -0.1581
  0.0056   0.1442   0.0127   0.1570   0.0317  -0.1255
 -0.0177   0.2288  -0.0073   0.1767  -0.0203  -0.1369
 -0.0159   0.3488   0.0140   0.2183  -0.0294  -0.1434
  0.0055   0.4009  -0.0001   0.1767  -0.0146  -0.1293
  0.0138   0.4236  -0.0019   0.1059  -0.0071  -0.1035
  0.0119   0.3848  -0.0061   0.1651  -0.0132  -0.1081
  0.0234   0.4158  -0.0183   0.1479   0.0064  -0.1279
  0.0201   0.3532  -0.0060   0.1031   0.0180  -0.1065
  0.0296   0.4192  -0.0176   0.1229   0.0091  -0.0987
  0.0298   0.4969  -0.0140   0.1170  -0.0096  -0.1124
  0.0172   0.3928   0.0112   0.1387  -0.0091  -0.1197
  0.0018   0.3222   0.0025   0.1052   0.0118  -0.1000
  0.0068   0.3357   0.0098   0.1280   0.0091  -0.1292
  0.0163   0.2668  -0.0082   0.1230   0.0152  -0.0987
  0.0183   0.2773  -0.0207   0.1354   0.0086  -0.1064
  0.0048   0.1904  -0.0006   0.0765   0.0040  -0.0903
 -0.0104   0.1782   0.0090   0.1109  -0.0011  -0.1076
 -0.0155   0.2656  -0.0003   0.0958  -0.0134  -0.1012
 -0.0136   0.3211   0.0015   0.1272  -0.0131  -0.1053
 -0.0065   0.3321  -0.0070   0.1874  -0.0057  -0.1408
 -0.0023   0.3180  -0.0041   0.1767  -0.0110  -0.1574
  0.0050   0.3165   0.0137   0.1576  -0.0073  -0.1313
 -0.0038   0.3628   0.0064   0.1755   0.0028  -0.1396
 -0.0273   0.4416  -0.0104   0.1634  -0.0009  -0.1479
 -0.0182   0.4494  -0.0026   0.1407   0.0007  -0.1634
  0.0088   0.4159   0.0220   0.1438   0.0004  -0.1155
  0.0107   0.3665   0.0124   0.1007   0.0050  -0.1243
  0.0166   0.4059   0.0294   0.0825  -0.0001  -0.1111
  0.0121   0.3799   0.0276   0.0784   0.0037  -0.1177
  0.0295   0.3510   0.0104   0.0620   0.0073  -0.1094
  0.0232   0.3779   0.0462   0.0799  -0.0129  -0.1094
  0.0186   0.3736   0.0459   0.0605  -0.0103  -0.1045
  0.0288   0.3938   0.0444   0.0918  -0.0032  -0.0900
  0.0200   0.3702   0.0381   0.0907   0.0050  -0.1019
  0.0214   0.3470   0.0402   0.0813  -0.0150  -0.1083
  0.0209   0.3450   0.0514   0.0871  -0.0075  -0.1007
  0.0198   0.3876   0.0529   0.0440  -0.0102  -0.0920
  0.0309   0.4004   0.0718   0.0507  -0.0332  -0.0874
  0.0503   0.3760   0.0921   0.0287  -0.0257  -0.0914
  0.0275   0.3473   0.0637   0.0436  -0.0015  -0.0911
  0.0260   0.3496   0.0516   0.0928  -0.0060  -0.1140
  0.0303   0.3522   0.0752   0.0302  -0.0219  -0.0879
  0.0338   0.3494   0.0664   0.0124  -0.0079  -0.0424
  0.0189   0.3470   0.0387  -0.0929   0.0044  -0.0029
  0.0227   0.3674   0.0396  -0.0951   0.0002  -0.0019
  0.0368   0.3918   0.0547  -0.0997   0.0099   0.0177
  0.0303   0.3707   0.0454  -0.0808   0.0172   0.0034
  0.0181   0.3449   0.0470  -0.1036   0.0174  -0.0260
  0.0323   0.3084   0.0374  -0.0930   0.0112  -0.0221
  0.0285   0.2498   0.0231  -0.0800   0.0227  -0.0263
  0.0229   0.2662   0.0461  -0.0951   0.0023  -0.0322
  0.0320   0.2455   0.0674  -0.0568  -0.0158  -0.0490
  0.0120   0.2707   0.0544  -0.0300  -0.0130  -0.0380
  0.0123   0.2416   0.0412  -0.0512   0.0003  -0.0354
  0.0109   0.1720   0.0557  -0.0588   0.0023  -0.0536
  0.0134   0.2031   0.0601  -0.0545  -0.0132  -0.0423
  0.0168   0.2006   0.0660  -0.0510   0.0019  -0.0324
  0.0046   0.1599   0.0590  -0.0861  -0.0015  -0.0456
  0.0222   0.1796   0.0779  -0.0365  -0.0128  -0.0454
  0.0160   0.2224   0.0711  -0.0621  -0.0150  -0.0139
  0.0555   0.2255   0.0890  -0.0500  -0.0103  -0.0179
  0.0576   0.2136   0.0972  -0.0347  -0.0086  -0.0491
  0.0480   0.2273   0.1194  -0.0465  -0.0183  -0.0351
  0.0512   0.2183   0.1170  -0.0660  -0.0098  -0.0377
 -0.0080   0.2362   0.0822  -0.0906  -0.0044  -0.0450
  0.0428   0.2791   0.1308  -0.0581   0.0103  -0.0346
  0.0466   0.2570   0.1203  -0.0886   0.0073  -0.0365
  0.0449   0.2408   0.1236  -0.0655  -0.0039  -0.0221
  0.0402   0.2070   0.1222  -0.0681  -0.0036  -0.0445
  0.0338   0.1246   0.1228  -0.0700  -0.0009  -0.0280
  0.0368   0.1531   0.1101  -0.0673  -0.0059  -0.0380
  0.0332   0.1517   0.1090  -0.0586  -0.0309  -0.0554
  0.0349   0.2774   0.1126  -0.0792  -0.0321  -0.0150
  0.0395   0.3409   0.0854  -0.0981  -0.0287  -0.0094
  0.0321   0.2627   0.0950  -0.0632  -0.0213  -0.0517
  0.0391   0.2062   0.1007  -0.0393  -0.0209  -0.0355
  0.0447   0.2134   0.1001  -0.0244  -0.0170  -0.0578
  0.0384   0.2257   0.0847  -0.0619  -0.0225  -0.0612
  0.0611   0.2319   0.1091  -0.0438  -0.0223  -0.0651
  0.0222   0.2633   0.0943  -0.0538  -0.0447  -0.0425
