 -0.1833   0.4118  -0.0533  -0.0072  -0.0984   0.0260
 -0.1956   0.5238  -0.0420  -0.0202  -0.1162   0.0397
 -0.1886   0.5252  -0.0613   0.0022  -0.0977   0.0761
 -0.1764   0.4533  -0.0695   0.0017  -0.0704   0.0197
 -0.1789   0.4203  -0.0718   0.0088  -0.0738   0.0420
 -0.2223   0.4406  -0.0604  -0.0174  -0.0663  -0.0329
 -0.1609   0.4194  -0.0766  -0.0363  -0.0263   0.0035
 -0.1175   0.3867  -0.0835  -0.0289  -0.0211  -0.0224
 -0.1243   0.3633  -0.1247  -0.0014  -0.0145   0.0296
 -0.1473   0.3183  -0.0610  -0.0115  -0.0323   0.0229
 -0.0858   0.3096  -0.0861  -0.0585   0.0069  -0.0101
 -0.0860   0.2374  -0.0571  -0.0621   0.0086   0.0383
 -0.0865   0.3025  -0.0447  -0.0530   0.0148  -0.0032
 -0.0865   0.2445  -0.0605  -0.0234   0.0216   0.0090
 -0.1027   0.1031  -0.0383  -0.0045   0.0419  -0.0039
 -0.0672   0.1473   0.0050  -0.0278   0.0324   0.0044
 -0.0571   0.1539  -0.0239   0.0031   0.0203   0.0381
 -0.0618   0.1053  -0.0305   0.0357   0.0163   0.0011
 -0.0592   0.1021  -0.0327   0.0486   0.0111   0.0029
 -0.0668   0.1043  -0.0347   0.0397   0.0033   0.0118
 -0.0758   0.0845  -0.0527  -0.0246  -0.0371   0.0288
 -0.0657   0.0672  -0.0460  -0.0668  -0.0391   0.0446
 -0.0685   0.0512  -0.0426  -0.0547  -0.0349  -0.0025
 -0.0749   0.0332  -0.0516  -0.0100  -0.0459   0.0126
 -0.0783   0.0453  -0.0420   0.0040  -0.0386   0.0469
 -0.0751   0.0700  -0.0504  -0.0103  -0.0479   0.0280
 -0.0736   0.0500  -0.0583   0.0061  -0.0554   0.0165
 -0.0707   0.0360  -0.0393  -0.0023  -0.0585  -0.0092
 -0.0851   0.0448  -0.0306  -0.0066  -0.0490   0.0515
 -0.0919   0.0604  -0.0174  -0.0497  -0.0605   0.0225
 -0.0835   0.0137  -0.0150  -0.0402  -0.0502  -0.0102
 -0.0735  -0.0011  -0.0160  -0.0167  -0.0520   0.0089
 -0.0765   0.0072  -0.0095  -0.0178  -0.0518   0.0481
 -0.0800   0.0210   0.0001  -0.0076  -0.0487   0.0515
 -0.0729   0.0111  -0.0224  -0.0074  -0.0497   0.0301
 -0.0842  -0.0127  -0.0070   0.0147  -0.0296  -0.0071
 -0.0734  -0.0047  -0.0112   0.0141  -0.0295   0.0411
 -0.0685   0.0122  -0.0144   0.0145  -0.0395   0.0537
 -0.0713  -0.0438  -0.0154   0.0152  -0.0411  -0.0067
 -0.0156  -0.0718  -0.0128   0.0251  -0.0166  -0.0310
  0.0398   0.0193   0.0043  -0.0323  -0.0473   0.0453
  0.2264   0.0767   0.0236  -0.0562  -0.0084   0.0081
  0.1358  -0.0685  -0.0733   0.0234   0.0431  -0.0319
  0.1070  -0.1084  -0.0467  -0.0117   0.0366   0.0069
  0.1028   0.3678   0.0639  -0.0951   0.0359  -0.1439
  0.0556   1.3616   0.1881  -0.2601   0.0038   0.0138
  0.0796   0.3111  -0.0029  -0.0671   0.0416  -0.0064
  0.0807   0.2464  -0.0269  -0.0551   0.0507  -0.0565
  0.0774   0.1152  -0.0151   0.0023   0.0658  -0.0834
  0.0617   0.0987  -0.0166  -0.0071   0.0474  -0.0672
  0.0551   0.1103  -0.0181  -0.0308   0.0652  -0.0737
  0.0536   0.0893  -0.0162  -0.0270   0.0624  -0.0544
  0.0711   0.0629   0.0246   0.0256   0.0319  -0.0593
  0.0655   0.0368   0.0221   0.0206   0.0500  -0.0510
  0.0499   0.0137   0.0020   0.0539   0.0477  -0.0899
  0.0474   0.0241  -0.0026   0.0452   0.0498  -0.0221
  0.0264   0.0238   0.0173  -0.0033   0.0478  -0.0876
  0.0113  -0.0538   0.0216  -0.0588   0.0235   0.0185
  0.0019  -0.1522   0.0089  -0.0036   0.0100   0.0101
  0.0246  -0.1973   0.0222   0.1623   0.0423  -0.0448
  0.7103   0.3263  -0.4135  -0.0532   0.1764  -0.1245
  1.1895   0.1489  -0.4050   0.1708   0.4014  -0.2662
  0.1106  -0.2007   0.1469  -0.0612  -0.0897   0.1252
 -0.0006  -0.5947   0.2362  -0.0154  -0.0458   0.0607
 -0.0333  -0.5854   0.1419   0.0708  -0.0120   0.0480
 -0.0209  -0.6601   0.1494   0.0894  -0.0002   0.0010
 -0.0001  -0.6749   0.1473   0.1127   0.0143  -0.0017
 -0.0111  -0.7094   0.1761   0.0937   0.0145  -0.0701
 -0.0029  -0.6755   0.1659   0.0598   0.0012   0.1193
  0.0021  -0.6981   0.1796   0.0480   0.0094   0.1263
  0.0274  -0.7981   0.1684   0.0358   0.0360  -0.0461
  0.0378  -0.7428   0.1581   0.0466   0.0302   0.0315
  0.0495  -0.7546   0.1408   0.0726   0.0330   0.0205
  0.0475  -0.7263   0.1496   0.0698   0.0258   0.0777
  0.0435  -0.7303   0.1464   0.0477   0.0274   0.0085
  0.4006  -0.5435   0.2023  -0.0386   0.0273  -0.0253
  0.3439  -0.4915   0.1206   0.0640   0.0337  -0.0298
