 -0.4901   0.1743  -0.4721  -0.4372  -0.4105   0.7424
 -0.5522   0.1010  -0.4798  -0.2655  -0.4349   0.7002
 -0.5141   0.1608  -0.4660  -0.3491  -0.4016   0.7196
 -0.5062   0.1072  -0.4714  -0.3176  -0.4047   0.7140
 -0.5189   0.1655  -0.4507  -0.3026  -0.3698   0.7074
 -0.5005   0.1017  -0.4276  -0.3094  -0.3737   0.6751
 -0.5070   0.1689  -0.4260  -0.2787  -0.3859   0.6606
 -0.5213   0.1143  -0.4393  -0.3222  -0.4252   0.6859
 -0.5444   0.1489  -0.4292  -0.2659  -0.4031   0.6375
 -0.5389   0.2119  -0.4645  -0.4689  -0.4352   0.7771
 -0.6041   0.1449  -0.4406  -0.3862  -0.4569   0.6867
 -0.5599   0.1819  -0.4631  -0.5379  -0.5019   0.7301
 -0.5671   0.1462  -0.4486  -0.4937  -0.5065   0.6613
 -0.5778   0.1276  -0.4698  -0.4975  -0.5139   0.6590
 -0.6082   0.1195  -0.4784  -0.3567  -0.4912   0.5891
 -0.5160   0.1436  -0.4753  -0.4957  -0.4630   0.6802
 -0.4913   0.0701  -0.4407  -0.3320  -0.4872   0.5671
 -0.4852   0.0871  -0.4512  -0.3876  -0.4648   0.6141
 -0.4595   0.0898  -0.4301  -0.3868  -0.4392   0.6137
 -0.4621   0.0987  -0.4193  -0.3025  -0.4295   0.5787
 -0.4541   0.1132  -0.4139  -0.2898  -0.4151   0.5784
 -0.4493   0.1072  -0.4029  -0.2789  -0.4092   0.5951
 -0.4356   0.1120  -0.4081  -0.2862  -0.3964   0.5840
 -0.4403   0.1081  -0.3866  -0.2579  -0.4021   0.5577
 -0.4393   0.1136  -0.3841  -0.2767  -0.3823   0.5696
 -0.4381   0.0970  -0.3714  -0.2870  -0.3656   0.5660
 -0.4343   0.1037  -0.3837  -0.2823  -0.3513   0.5443
 -0.4530   0.0924  -0.3746  -0.2961  -0.3535   0.5260
 -0.4446   0.0832  -0.3791  -0.2690  -0.3526   0.4918
 -0.4092   0.1290  -0.3898  -0.3418  -0.3404   0.5701
 -0.4304   0.0823  -0.3730  -0.2545  -0.3735   0.5186
 -0.4074   0.0841  -0.3848  -0.2866  -0.3837   0.4905
 -0.3928   0.0999  -0.3839  -0.3315  -0.3566   0.5266
 -0.4103   0.0622  -0.3663  -0.2330  -0.3504   0.4552
 -0.4093   0.0633  -0.3522  -0.2304  -0.3408   0.4296
 -0.3997   0.0993  -0.3560  -0.2293  -0.3228   0.4528
 -0.4123   0.1222  -0.3683  -0.2629  -0.2819   0.5039
 -0.4061   0.0800  -0.3379  -0.1745  -0.2979   0.4477
 -0.3850   0.1196  -0.3462  -0.2322  -0.2876   0.4904
 -0.3929   0.0556  -0.3186  -0.1988  -0.2738   0.4423
 -0.4090  -0.0028  -0.3164  -0.1421  -0.2920   0.3463
 -0.3949   0.0337  -0.3093  -0.1774  -0.2994   0.3481
 -0.3820   0.0563  -0.3286  -0.2078  -0.3184   0.3907
 -0.3688   0.0959  -0.3170  -0.2319  -0.3008   0.4228
 -0.3580   0.0798  -0.3130  -0.2360  -0.2997   0.4415
 -0.3655   0.0060  -0.2898  -0.1451  -0.2920   0.3671
 -0.3825   0.0315  -0.2832  -0.1442  -0.2859   0.3643
 -0.3774   0.0842  -0.2919  -0.1784  -0.2585   0.4288
 -0.3305   0.0550  -0.2505  -0.1884  -0.2459   0.4388
 -0.3205   0.0094  -0.2319  -0.1120  -0.2614   0.3428
 -0.2834   0.0757  -0.2382  -0.2053  -0.2368   0.4106
 -0.3108   0.0022  -0.2372  -0.1367  -0.2336   0.3419
 -0.2956   0.0613  -0.2521  -0.1904  -0.2309   0.3650
 -0.3029   0.0351  -0.2363  -0.1667  -0.2375   0.3345
 -0.2926   0.0693  -0.2449  -0.1819  -0.2327   0.3540
 -0.2810   0.0379  -0.2365  -0.1938  -0.2281   0.3605
 -0.2914   0.0483  -0.2287  -0.1665  -0.2485   0.3427
 -0.2643   0.0373  -0.2164  -0.2293  -0.2491   0.3588
 -0.2682   0.0272  -0.2160  -0.1962  -0.2677   0.3462
 -0.2361   0.0334  -0.1973  -0.1926  -0.2517   0.3644
 -0.2409   0.0444  -0.2128  -0.1666  -0.2322   0.3493
 -0.2445   0.0473  -0.2025  -0.1886  -0.2167   0.3654
 -0.2969   0.0248  -0.1954  -0.1019  -0.2320   0.2568
 -0.2835   0.0265  -0.1941  -0.1446  -0.2190   0.2882
 -0.2825   0.0028  -0.1822  -0.0977  -0.2260   0.2234
 -0.2602  -0.0014  -0.1918  -0.1868  -0.2316   0.2306
 -0.2253   0.0631  -0.1713  -0.2043  -0.2241   0.2874
 -0.1971   0.0355  -0.1637  -0.0440  -0.1248   0.2240
 -0.1212   0.0836  -0.1427  -0.0304  -0.0735   0.2597
 -0.1349   0.0748  -0.1517  -0.0100  -0.0506   0.2642
 -0.1242   0.1245  -0.1436  -0.0838  -0.0809   0.2647
 -0.1342   0.1047  -0.1523  -0.0998  -0.0832   0.2354
 -0.1100   0.0609  -0.1373  -0.0572  -0.0516   0.1776
 -0.0828   0.1178  -0.1467  -0.2298  -0.0729   0.2671
 -0.1063   0.0525  -0.1368  -0.1363  -0.0678   0.2276
 -0.1507   0.0461  -0.0836  -0.1029  -0.0745   0.1334
 -0.1304   0.0804  -0.0604  -0.0572  -0.0405   0.1514
 -0.1191   0.0551  -0.0711  -0.0282  -0.0236   0.1525
 -0.0904   0.0880  -0.0773  -0.0487  -0.0019   0.1743
 -0.0878   0.0707  -0.0774  -0.0767  -0.0076   0.1879
 -0.0810   0.0654  -0.0687  -0.0290  -0.0028   0.1445
 -0.0817   0.0618  -0.0645  -0.1133  -0.0038   0.1651
 -0.1081   0.0452  -0.0787  -0.0502  -0.0234   0.1079
 -0.1087   0.0624  -0.0750  -0.1225  -0.0241   0.1694
 -0.0940   0.0396  -0.0642  -0.0534  -0.0405   0.1389
 -0.0774   0.0657  -0.0663  -0.1132  -0.0327   0.1743
 -0.0802   0.0306  -0.0650  -0.0555  -0.0364   0.1061
 -0.0686   0.0700  -0.0721  -0.1129  -0.0156   0.1367
 -0.0882   0.0498  -0.0746  -0.0815  -0.0275   0.0831
 -0.0651   0.0454  -0.0598  -0.1486  -0.0262   0.1285
 -0.0716   0.0099  -0.0540  -0.0771  -0.0310   0.0865
 -0.0622   0.0578  -0.0615  -0.1342  -0.0232   0.1356
 -0.1047  -0.0124  -0.0600  -0.0285  -0.0589   0.0117
 -0.0959   0.0511  -0.0755  -0.1358  -0.0505   0.0660
 -0.0675   0.0160  -0.0360  -0.1302  -0.0762   0.0182
 -0.0362   0.0551  -0.0554  -0.1620  -0.0594   0.1009
 -0.0602   0.0281  -0.0565  -0.1060  -0.0584   0.0539
 -0.0515   0.0594  -0.0483  -0.0935  -0.0351   0.0707
 -0.0583   0.0032  -0.0551  -0.0623  -0.0271   0.0622
 -0.0670   0.0372  -0.0458  -0.0378  -0.0068   0.0593
 -0.0531   0.0155  -0.0483  -0.0676  -0.0254   0.0337
 -0.0616   0.0054  -0.0267  -0.0508  -0.0237   0.0018
 -0.0491   0.0002  -0.0487  -0.1241  -0.0176   0.0324
 -0.0680   0.0250  -0.0357  -0.0973  -0.0275   0.0300
 -0.0612   0.0212  -0.0375  -0.1051  -0.0510   0.0248
 -0.0635   0.0222  -0.0508  -0.1290  -0.0661   0.0110
 -0.0567   0.0286  -0.0579  -0.1222  -0.0564   0.0196
 -0.0505   0.0293  -0.0537  -0.0992  -0.0420   0.0279
 -0.0566   0.0012  -0.0449  -0.0783  -0.0312  -0.0002
 -0.0492   0.0319  -0.0431  -0.0880  -0.0336   0.0190
 -0.0424   0.0178  -0.0430  -0.0705  -0.0210  -0.0012
 -0.0150   0.0376  -0.0281  -0.0923  -0.0034   0.0124
 -0.0409   0.0164  -0.0138  -0.0366   0.0183  -0.0052
 -0.0179   0.0587  -0.0229  -0.1470  -0.0115   0.0443
 -0.0538   0.0367  -0.0336  -0.1008  -0.0439   0.0113
 -0.0611   0.0005  -0.0052   0.0144  -0.0413  -0.1156
 -0.0175   0.0326  -0.0297  -0.0790  -0.0197  -0.0859
  0.0023   0.0073   0.0247  -0.0441  -0.0149  -0.0873
  0.0239   0.0113   0.0367  -0.0439  -0.0153  -0.0904
  0.0566   0.0206   0.0405  -0.1650   0.0205  -0.0176
  0.0564  -0.0373   0.0544  -0.0246  -0.0075  -0.0776
  0.0983  -0.0095   0.0461  -0.1985   0.0363   0.0358
  0.0878  -0.0368   0.0439  -0.0644  -0.0044  -0.0563
  0.0841  -0.0320   0.0275  -0.1003  -0.0056  -0.0551
  0.1050  -0.0247   0.0312  -0.1213  -0.0142  -0.0473
  0.0873  -0.0769   0.0522   0.0252   0.0277  -0.0917
  0.1142  -0.0582   0.0681   0.0632   0.0610  -0.0880
  0.1606  -0.0780   0.0760  -0.0573   0.0120  -0.0877
  0.1381  -0.0721   0.0926  -0.0845  -0.0054  -0.0471
  0.1442  -0.0793   0.1197   0.0233   0.0220  -0.0980
  0.1488  -0.0535   0.1014   0.0340   0.0562  -0.0942
  0.1507  -0.0315   0.1096  -0.0159   0.0480  -0.0766
  0.1484  -0.0388   0.1191   0.0204   0.0502  -0.0660
  0.1696  -0.0395   0.1308  -0.0178   0.0551  -0.0532
  0.1576  -0.0806   0.1169   0.0038   0.0499  -0.0955
  0.1641  -0.0361   0.1407  -0.0282   0.0761  -0.0801
  0.1620  -0.0707   0.1332   0.0490   0.0844  -0.1069
  0.1509  -0.0517   0.1315   0.0703   0.0963  -0.0822
  0.1636  -0.0825   0.1234   0.0654   0.0517  -0.1001
  0.1695  -0.0299   0.1266   0.0392   0.0551  -0.1007
  0.1637  -0.0622   0.0906   0.0044   0.0347  -0.1162
  0.1693   0.0170   0.1020  -0.0357   0.0283  -0.0728
  0.1694  -0.0289   0.1251  -0.0926   0.0127  -0.1074
  0.1776  -0.0157   0.1270  -0.0205   0.0262  -0.1152
  0.1779  -0.0332   0.1307   0.0261   0.0180  -0.1491
  0.1583  -0.0269   0.1067  -0.0215   0.0161  -0.1194
  0.1688  -0.0454   0.1116  -0.0393  -0.0223  -0.1145
  0.1768  -0.0537   0.1047  -0.0101  -0.0482  -0.1447
  0.2260  -0.0545   0.1332  -0.1135  -0.0015  -0.1133
  0.1783  -0.0611   0.1364   0.0029   0.0113  -0.1900
  0.2197  -0.0105   0.1327  -0.1060   0.0513  -0.1073
  0.2155  -0.0967   0.1541   0.0495   0.0495  -0.1839
  0.2273  -0.0690   0.1470  -0.0195   0.0583  -0.1450
  0.2059  -0.0995   0.1388   0.0069   0.0225  -0.1766
  0.2139  -0.0526   0.1417  -0.0363   0.0383  -0.1510
  0.2154  -0.0605   0.1374  -0.0753   0.0285  -0.1773
  0.2060  -0.0727   0.1293   0.0338   0.0627  -0.2091
  0.1940  -0.0770   0.1329   0.0168   0.0620  -0.1835
  0.2067  -0.0940   0.1587   0.0739   0.0858  -0.2099
  0.1734  -0.0861   0.1462   0.0605   0.0579  -0.1806
  0.2113  -0.0888   0.1542   0.1023   0.0807  -0.2151
  0.2173  -0.0962   0.1277  -0.0119   0.0357  -0.1431
  0.1768  -0.0741   0.0932   0.0050  -0.0069  -0.1801
  0.2013  -0.1090   0.1314   0.0255   0.0307  -0.2293
  0.1943  -0.0790   0.1366   0.1051   0.0196  -0.2165
  0.1514  -0.0918   0.1289   0.1656   0.0313  -0.2533
  0.1554  -0.0964   0.1182   0.1629   0.0316  -0.2579
  0.1781  -0.1419   0.1492   0.1562   0.0680  -0.2644
  0.1824  -0.1419   0.1570   0.2039   0.0608  -0.3476
  0.1844  -0.1106   0.1484   0.1021   0.0892  -0.2744
  0.1771  -0.1329   0.1569   0.1541   0.1030  -0.2679
  0.1952  -0.1170   0.1680   0.1772   0.1281  -0.2670
  0.1916  -0.1158   0.1710   0.1917   0.1351  -0.2745
  0.1995  -0.1022   0.1778   0.2290   0.1607  -0.2707
  0.1905  -0.1257   0.1785   0.2325   0.1547  -0.2901
  0.2014  -0.1223   0.1913   0.2370   0.1770  -0.3127
  0.2011  -0.1257   0.1958   0.2371   0.1778  -0.3074
  0.2072  -0.1258   0.2031   0.3014   0.1775  -0.3110
  0.2072  -0.1190   0.1900   0.3083   0.1559  -0.3122
  0.2076  -0.0938   0.1981   0.3083   0.1603  -0.3169
  0.2225  -0.0700   0.1613   0.0561   0.1455  -0.2825
  0.1920   0.0023   0.1455  -0.0830   0.1244  -0.2700
  0.1690  -0.0171   0.1465  -0.0711   0.1378  -0.2379
  0.1780  -0.0674   0.1390   0.0860   0.1151  -0.3176
  0.1800  -0.0542   0.1054   0.0290   0.1177  -0.2533
  0.1705  -0.0913   0.1264   0.0581   0.0923  -0.3039
  0.1532  -0.0749   0.1171   0.1341   0.1717  -0.3064
  0.1585  -0.1001   0.1327   0.1690   0.1973  -0.3049
  0.1670  -0.0942   0.1389   0.1880   0.2053  -0.3258
  0.1553  -0.0846   0.1265   0.1607   0.2275  -0.3143
  0.1537  -0.0778   0.1349   0.1683   0.2540  -0.3315
  0.1643  -0.0638   0.1609   0.1729   0.2623  -0.3306
  0.1426  -0.0694   0.1570   0.2586   0.2357  -0.3607
  0.1696  -0.0860   0.1904   0.2747   0.2571  -0.3834
  0.1610  -0.0597   0.1887   0.2662   0.2600  -0.3586
  0.1496  -0.0524   0.1717   0.2171   0.2202  -0.3437
  0.1776  -0.0660   0.2228   0.2411   0.2421  -0.3418
  0.1993  -0.0874   0.2361   0.3157   0.2152  -0.4060
  0.2563  -0.0443   0.2306   0.2713   0.2471  -0.3659
  0.2509  -0.0843   0.2442   0.2255   0.2718  -0.3814
  0.2476  -0.1192   0.2440   0.3430   0.2938  -0.4821
  0.2661  -0.0804   0.2504   0.2893   0.3365  -0.4247
  0.2867  -0.1403   0.2954   0.4021   0.3308  -0.4566
  0.3156  -0.0606   0.2884   0.4156   0.3435  -0.4703
  0.3273  -0.0029   0.2827   0.2602   0.3833  -0.3999
  0.3227  -0.0411   0.2926   0.3270   0.3654  -0.4554
  0.3397  -0.0447   0.3199   0.4921   0.3661  -0.5825
  0.3583  -0.0373   0.3410   0.4674   0.4065  -0.5921
  0.4202   0.0109   0.3341   0.3739   0.4760  -0.5103
  0.4542  -0.0431   0.3626   0.4278   0.4827  -0.5491
  0.4824  -0.0825   0.3809   0.5307   0.5113  -0.6069
  0.5086  -0.0409   0.4042   0.4635   0.5522  -0.5470
  0.4708  -0.0539   0.4029   0.4645   0.5158  -0.5669
  0.4713  -0.0717   0.3991   0.5073   0.5027  -0.6295
  0.4709  -0.1099   0.4208   0.5149   0.4979  -0.6466
  0.4879  -0.1155   0.4338   0.4911   0.5048  -0.6531
  0.5090  -0.0811   0.4147   0.3854   0.5428  -0.5636
  0.4972  -0.1081   0.4264   0.4393   0.5297  -0.5889
  0.4889  -0.0688   0.4304   0.4766   0.4957  -0.6702
  0.5009  -0.0509   0.4199   0.4072   0.5235  -0.6202
  0.5120  -0.1040   0.4471   0.4533   0.5236  -0.6350
  0.5273  -0.0719   0.4533   0.4571   0.5434  -0.6621
  0.5015   0.0263   0.4394   0.2916   0.5281  -0.5417
  0.4905  -0.0137   0.4304   0.3092   0.4844  -0.5664
  0.5166  -0.0006   0.4334   0.3122   0.4891  -0.6080
  0.5368  -0.0517   0.4558   0.3295   0.4854  -0.6169
  0.5568  -0.0703   0.4831   0.3869   0.4790  -0.6179
  0.5887  -0.0230   0.4812   0.4513   0.5111  -0.6312
  0.6058  -0.0501   0.5105   0.5120   0.5383  -0.6529
  0.6263  -0.0818   0.5302   0.5734   0.5410  -0.6967
  0.6545  -0.0701   0.5508   0.5482   0.5584  -0.6774
  0.6404  -0.0871   0.5668   0.6012   0.5815  -0.7107
  0.6584  -0.0737   0.5650   0.5310   0.6170  -0.6654
  0.6598  -0.0909   0.5836   0.6140   0.6310  -0.6884
  0.6709  -0.0672   0.5887   0.5918   0.6152  -0.6761
  0.6609  -0.1154   0.5949   0.5994   0.5832  -0.7278
