 -0.1691   0.0892  -0.5391  -0.7477  -0.3154   0.2404
 -0.1924   0.1805  -0.5722  -0.8675  -0.2855   0.1984
 -0.1697   0.1686  -0.5404  -0.8149  -0.2802   0.2109
 -0.1808   0.1824  -0.5461  -0.8455  -0.2656   0.2353
 -0.1589   0.1801  -0.5362  -0.8097  -0.2728   0.1957
 -0.1696   0.1925  -0.5417  -0.8353  -0.2618   0.2274
 -0.1559   0.1745  -0.5336  -0.8184  -0.2671   0.2011
 -0.1796   0.1895  -0.5341  -0.8002  -0.2729   0.2137
 -0.1645   0.1644  -0.5364  -0.7991  -0.2643   0.2082
 -0.1649   0.1856  -0.5380  -0.7886  -0.2722   0.2002
 -0.1679   0.1849  -0.5339  -0.8117  -0.2605   0.2323
 -0.1663   0.1719  -0.5261  -0.7904  -0.2663   0.1914
 -0.1595   0.1751  -0.5159  -0.7998  -0.2561   0.2182
 -0.1614   0.1799  -0.5287  -0.8246  -0.2669   0.1995
 -0.1528   0.1760  -0.5161  -0.8145  -0.2555   0.2131
 -0.1637   0.1714  -0.5201  -0.8173  -0.2573   0.2048
 -0.1650   0.1664  -0.5239  -0.8169  -0.2572   0.2117
 -0.1734   0.1817  -0.5253  -0.8490  -0.2648   0.2043
 -0.1651   0.1843  -0.5084  -0.8136  -0.2571   0.1871
 -0.1690   0.1845  -0.5116  -0.8240  -0.2646   0.2183
 -0.1543   0.1654  -0.5097  -0.7923  -0.2652   0.1823
 -0.1650   0.1850  -0.5089  -0.8179  -0.2696   0.2267
 -0.1544   0.1626  -0.5061  -0.8142  -0.2627   0.1712
 -0.1620   0.1900  -0.5029  -0.8010  -0.2639   0.2101
 -0.1497   0.1555  -0.4971  -0.8051  -0.2697   0.1916
 -0.1513   0.1788  -0.4976  -0.7981  -0.2706   0.1982
 -0.1441   0.1687  -0.4927  -0.7850  -0.2698   0.2080
 -0.1535   0.1811  -0.5032  -0.8084  -0.2630   0.1865
 -0.1480   0.1625  -0.4983  -0.7948  -0.2552   0.1980
 -0.1571   0.1668  -0.5034  -0.7909  -0.2703   0.1972
 -0.1372   0.1630  -0.4968  -0.7704  -0.2700   0.1918
 -0.1580   0.1618  -0.5014  -0.7982  -0.2743   0.1914
 -0.1422   0.1489  -0.4878  -0.7600  -0.2682   0.1855
 -0.1516   0.1765  -0.5100  -0.8228  -0.2738   0.2279
 -0.1382   0.1648  -0.4987  -0.7773  -0.2646   0.1770
 -0.1490   0.1791  -0.4997  -0.7956  -0.2690   0.2163
 -0.1330   0.1479  -0.5085  -0.7690  -0.2717   0.1770
 -0.1499   0.1777  -0.5085  -0.7941  -0.2663   0.2159
 -0.1309   0.1443  -0.5092  -0.7684  -0.2637   0.1905
 -0.1529   0.1788  -0.5146  -0.7928  -0.2715   0.2132
 -0.1327   0.1575  -0.4989  -0.7662  -0.2646   0.1949
 -0.1443   0.1559  -0.5128  -0.7870  -0.2753   0.2045
 -0.1309   0.1547  -0.5078  -0.7665  -0.2622   0.2008
 -0.1470   0.1658  -0.5084  -0.7777  -0.2626   0.1876
 -0.1286   0.1515  -0.5072  -0.7883  -0.2606   0.2159
 -0.1315   0.1604  -0.5201  -0.7885  -0.2567   0.1782
 -0.1101   0.1419  -0.4991  -0.7789  -0.2483   0.2169
 -0.1326   0.1211  -0.5011  -0.7870  -0.2662   0.1973
 -0.1133   0.0656  -0.4769  -0.7070  -0.2546   0.2059
 -0.1513   0.0087  -0.4686  -0.7221  -0.2734   0.2191
 -0.1237   0.0163  -0.4601  -0.7183  -0.2677   0.1918
 -0.1349  -0.0419  -0.4587  -0.7067  -0.2757   0.2359
 -0.1016  -0.0569  -0.4427  -0.6939  -0.2551   0.1949
 -0.1408  -0.0094  -0.4573  -0.7003  -0.2646   0.2186
 -0.1092  -0.1174  -0.4105  -0.6137  -0.2557   0.2177
 -0.1310  -0.0623  -0.4328  -0.6316  -0.2659   0.1991
 -0.1001  -0.0179  -0.4504  -0.7509  -0.2490   0.2429
 -0.1724  -0.0374  -0.4510  -0.6614  -0.2927   0.2284
 -0.1158  -0.0665  -0.4075  -0.6161  -0.2863   0.2064
 -0.1660  -0.1499  -0.4321  -0.5972  -0.3136   0.2588
 -0.0828  -0.1825  -0.3892  -0.6055  -0.2827   0.2259
 -0.1900  -0.1301  -0.4268  -0.5840  -0.3195   0.2818
  0.1254  -0.1741  -0.4045  -0.1518  -0.1728   0.1596
 -0.0268  -0.3590  -0.9752   1.5035  -0.4600  -0.0415
 -0.5887  -0.8547  -2.2260   5.5810  -1.6308  -0.7565
 -0.5448  -0.7863  -2.1445   3.9281  -1.4388  -0.1797
 -0.2561  -0.1539  -0.6693  -0.1572  -0.4448   0.3396
 -0.2434   0.1112  -0.6784   0.0686  -0.5318  -0.0858
  0.3843   0.6086  -0.6381   0.3037   0.1942  -1.1801
  0.5185   0.4336  -0.1869  -0.1269   0.4679  -0.7752
  0.0868   0.2997  -0.2818  -0.4720  -0.0035  -0.0039
  0.2804   0.2739  -0.1464  -0.3375   0.1870  -0.1555
  0.2016   0.1936  -0.2040  -0.2959   0.1330  -0.0518
  0.2307   0.1785  -0.2347  -0.2408   0.1435  -0.1592
  0.1637   0.1684  -0.2549  -0.2083   0.0943  -0.0657
  0.1726   0.1294  -0.2764  -0.3056   0.1506  -0.1295
  0.1091   0.0232  -0.3160  -0.4750   0.0958  -0.0152
  0.1188  -0.1352  -0.3099  -0.5985   0.1134   0.0523
  0.0749  -0.3249  -0.2591  -0.3759   0.0602   0.0748
  0.0831  -0.3883  -0.2706  -0.4442   0.0625   0.0494
  0.0523  -0.4110  -0.2486  -0.3563   0.0119   0.0520
  0.0767  -0.3437  -0.2771  -0.4885   0.0724   0.0528
  0.0823  -0.3638  -0.2380  -0.3454   0.0430   0.0525
  0.0490  -0.1150  -0.3025  -0.7485   0.0826   0.1568
 -0.0026   0.0810  -0.3517  -0.9375   0.0457   0.2172
  0.0419  -0.1381  -0.4016  -0.9625   0.0933   0.1551
 -0.0378  -0.0172  -0.0169  -0.3520   0.0740   0.1640
 -0.0728  -0.0597  -0.0194   1.2672  -0.0993  -0.7366
 -0.8538   1.5861   0.2582   3.5881  -1.1170  -1.7479
 -0.6359   1.4728   0.5293   3.2351  -0.9558  -0.8045
 -0.1083  -0.1747  -0.1303  -0.0163  -0.2663   0.1832
 -0.1893  -0.2778  -0.1479   0.1433  -0.2861   0.1671
 -0.2578  -0.4078  -0.1307   0.0565  -0.3320   0.1115
 -0.1258  -0.3826  -0.0202   0.0595  -0.2717   0.1501
 -0.1106  -0.3007  -0.0783  -0.0150  -0.2387   0.1050
 -0.0963  -0.2693  -0.0543  -0.0188  -0.2178   0.1573
 -0.1211  -0.2801  -0.0799  -0.0475  -0.2100   0.1098
 -0.1351  -0.3112  -0.0968  -0.0268  -0.2005   0.1247
 -0.1161  -0.3159  -0.1241  -0.0377  -0.1859   0.0944
 -0.1183  -0.3380  -0.1099  -0.0382  -0.1928   0.1647
 -0.1137  -0.3975  -0.1142  -0.0404  -0.1973   0.1022
 -0.1010  -0.3667  -0.0923  -0.0785  -0.1956   0.1487
 -0.0962  -0.3479  -0.1163  -0.0491  -0.1936   0.1290
 -0.0923  -0.3213  -0.1042  -0.1486  -0.1834   0.1389
 -0.0601  -0.2785  -0.1219  -0.0870  -0.1752   0.1272
 -0.0847  -0.3120  -0.1266  -0.2221  -0.1944   0.1823
 -0.0656  -0.2803  -0.1225   0.1138  -0.1936   0.0695
 -0.1441  -0.3510  -0.1609   0.4134  -0.1605   0.1760
 -0.0605  -0.3160   0.0527   1.0212   0.0704  -0.1227
 -0.2072   0.4437   0.5635   2.6113  -0.1318  -0.6208
 -0.5177   0.4396   0.4631   3.2395  -0.3629  -1.1379
 -0.1362  -0.3065   0.4761   1.7848  -0.1477  -0.4664
  0.0257  -0.1051   0.2757   0.1851  -0.0808   0.0834
  0.0058  -0.1147   0.2489   0.2704  -0.0367   0.0286
  0.0191  -0.1204   0.2123   0.1872  -0.0482   0.0616
  0.0009  -0.1230   0.2228   0.2518  -0.0677   0.0438
 -0.0046  -0.1192   0.2296   0.1579  -0.0591   0.0465
 -0.0096  -0.0951   0.2496   0.2072  -0.0419   0.0507
  0.0101  -0.1116   0.2170   0.1315  -0.0137   0.0761
  0.0307  -0.1105   0.2444   0.1853   0.0289   0.0421
  0.0444  -0.1102   0.2083   0.1070   0.0199   0.0715
  0.0675  -0.1138   0.2027   0.1471  -0.0012   0.0290
  0.0365  -0.1038   0.1968   0.0898   0.0144   0.0816
  0.0317  -0.1213   0.2023   0.1119   0.0188   0.0455
  0.0199  -0.1477   0.2039   0.1467  -0.0013   0.0642
  0.0166  -0.1283   0.2172   0.1413  -0.0199   0.0688
  0.0193  -0.1070   0.2058   0.0981  -0.0139   0.0593
  0.0250  -0.1386   0.2317   0.1747  -0.0054   0.0752
  0.0321  -0.1503   0.2232   0.1692  -0.0069   0.0390
  0.0445  -0.1368   0.2266   0.1576   0.0030   0.0703
  0.0343  -0.1585   0.2176   0.1867   0.0071   0.0235
  0.0477  -0.1547   0.2593   0.1813   0.0080   0.0451
  0.0553  -0.1814   0.2399   0.1649   0.0067   0.0683
  0.0695  -0.1104   0.2158   0.1199   0.0160   0.0650
  0.0430  -0.1456   0.2292   0.2712   0.0153   0.0194
  0.0667  -0.2219   0.2573   0.3447   0.0346  -0.0146
  0.0850  -0.1468   0.2299   0.1929   0.0359   0.0901
  0.0930  -0.2053   0.2473   0.2210   0.0366   0.0376
  0.1159  -0.1303   0.2415   0.1527   0.0565   0.0581
  0.1493  -0.1603   0.2559   0.1942   0.0871   0.0358
  0.1377  -0.1312   0.2252   0.1306   0.0583   0.0505
  0.1150  -0.1337   0.2149   0.1400   0.0776   0.0626
  0.1339  -0.1352   0.2009   0.0925   0.0730   0.0492
  0.1280  -0.1433   0.2172   0.1442   0.0715   0.0567
  0.1247  -0.1413   0.2017   0.0941   0.0715   0.0573
  0.1233  -0.1398   0.2125   0.1383   0.0727   0.0371
  0.1212  -0.1277   0.1987   0.1021   0.0734   0.0790
  0.1208  -0.1268   0.2100   0.1029   0.0678   0.0301
  0.1224  -0.1047   0.1984   0.0980   0.0509   0.0692
  0.1165  -0.1257   0.2188   0.1215   0.0545   0.0315
  0.1118  -0.1072   0.2107   0.0807   0.0546   0.0803
  0.1039  -0.1354   0.2118   0.0924   0.0517   0.0269
  0.1045  -0.0951   0.2052   0.0509   0.0326   0.0846
  0.1090  -0.1272   0.2209   0.0838   0.0335   0.0439
  0.1054  -0.0802   0.2069   0.0389   0.0338   0.0870
  0.0995  -0.1079   0.2111   0.0692   0.0227   0.0474
  0.0972  -0.0691   0.2008   0.0363   0.0108   0.0665
  0.1025  -0.0883   0.2161   0.0395   0.0326   0.0901
  0.1163  -0.0648   0.2011   0.0438   0.0251   0.0720
  0.0967  -0.0694   0.2202   0.0095   0.0217   0.1037
  0.1160  -0.0689   0.2062   0.0113   0.0274   0.0464
  0.1037  -0.0590   0.2283   0.0262   0.0228   0.0836
  0.1104  -0.1271   0.2312   0.1687   0.0293   0.0421
  0.0660  -0.0489   0.2359   0.0442   0.0301   0.0972
  0.0829  -0.0154   0.2006  -0.0906   0.0163   0.1233
  0.0994  -0.0751   0.2356   0.0005   0.0095   0.0698
  0.0846  -0.0553   0.2174  -0.0357   0.0021   0.1146
  0.0795  -0.1007   0.2339  -0.0295   0.0193   0.0630
  0.0959  -0.0315   0.2096  -0.0636   0.0359   0.1098
  0.0961  -0.0672   0.2345  -0.0159   0.0418   0.0871
  0.1348  -0.0523   0.2312  -0.0348   0.0177   0.0826
  0.0909  -0.0737   0.2428   0.0090   0.0307   0.0914
  0.1154  -0.0636   0.1960   0.0091   0.0336   0.0959
  0.0957  -0.0818   0.2396   0.0281   0.0350   0.0613
  0.1251  -0.0477   0.1957   0.0126   0.0519   0.1107
  0.0960  -0.0904   0.2235   0.0486   0.0441   0.0439
  0.1259  -0.0435   0.2000  -0.0128   0.0287   0.1041
  0.0730  -0.0526   0.2760   0.2057   0.0527   0.0312
  0.1638   0.0113   0.3613   0.9587   0.1607  -0.0103
  0.1425  -0.0006   0.1659   1.8400   0.2490  -0.4645
  0.1146   0.0771  -0.1749   2.6434   0.2562  -0.9559
  0.1483   0.0280   0.1861   1.3938   0.1654  -0.4089
  0.1173   0.1702   0.3165   0.2092   0.1017   0.0533
  0.1511  -0.0321   0.3458   0.3250   0.0670  -0.0275
  0.1336   0.0427   0.2809   0.0212   0.0630   0.0727
  0.1203  -0.0263   0.2851   0.0586   0.0633   0.0675
  0.1137   0.0183   0.2584  -0.0115   0.0562   0.0663
  0.0978  -0.0643   0.2718   0.0609   0.0596   0.0608
  0.1154  -0.0157   0.2347  -0.0769   0.0504   0.1066
  0.1084  -0.0815   0.2985   0.0238   0.0400   0.0234
  0.1284   0.0301   0.2769  -0.1207   0.0505   0.1429
  0.1140  -0.0761   0.3101   0.1128   0.0702  -0.0247
  0.1945   0.2847   0.3319   0.1650   0.2777   0.1359
  0.0233   0.2122   0.6849   1.4106   0.4035  -0.3440
  0.1273   0.7527   0.1659   2.1338   0.3847  -0.7206
  0.1217   0.6041  -0.0722   3.2946   0.2607  -1.3726
  0.0238   0.6184   0.1869   1.5725   0.1372  -0.6807
  0.0607   0.6585   0.1774   0.1733   0.2137   0.0480
 -0.0207   0.6446   0.0795   0.8411  -0.0582  -0.2598
  0.0019   0.2941  -0.0046  -0.0916  -0.1627   0.1022
  0.0576   0.0700   0.0985  -0.2586   0.0143   0.1157
 -0.0710   0.0274   0.0918  -0.3820  -0.0585   0.2302
 -0.1082  -0.1462   0.1103  -0.2725  -0.0044   0.1895
 -0.0117  -0.1641   0.0539  -0.4135   0.0618   0.1588
  0.0274  -0.1768   0.0377  -0.2331   0.1338   0.1312
  0.0344  -0.2306   0.0464  -0.3929   0.1537   0.1570
  0.1441  -0.0404   0.1160   0.3797   0.2250  -0.0565
 -0.0527   0.2824   0.4458   3.1704   0.5380  -0.8657
 -0.1142   1.2775   0.2628   5.0498   0.8195  -1.9540
 -0.6470   1.1923   0.0219   4.9197  -0.1506  -2.8428
 -0.3996   1.7299   0.1096   3.9906  -0.1672  -2.7232
 -0.0474   1.4819   0.2486   1.7101  -0.0028  -1.2113
  0.1056   0.7455   0.4023   3.5340   0.2054  -1.3655
 -0.2695   0.7710   0.4212   5.0711   0.1200  -2.3436
  0.0896   0.3055   1.1638   1.8376   0.6182  -1.2630
  0.3102   0.1755   0.6477   0.0986   0.6287  -0.4186
  0.2075   0.0850   0.6303   0.2111   0.5679  -0.4241
  0.2563  -0.0654   0.4804   0.0053   0.5685  -0.3186
  0.1932   0.0295   0.5117   0.0797   0.5508  -0.3770
  0.2439  -0.0767   0.4080  -0.1707   0.5691  -0.2608
  0.2167   0.1489   0.5373   0.7573   0.5119  -0.4921
  0.0130   1.6604   0.1293   1.4554   0.4270  -1.3009
 -0.2766   3.3231  -0.0633   0.8148   0.4603  -1.7653
  0.0425   1.4898   0.2952   0.1013   0.3326  -0.6027
 -0.1083   0.4414   0.2245  -0.4768   0.0551  -0.1870
 -0.0105   0.5391   0.0850  -0.2871   0.0974  -0.2882
  0.1300   0.3295   0.2336  -0.3180   0.2017  -0.2330
  0.1009   0.3707   0.2186  -0.3416   0.2044  -0.1492
  0.1324   0.2935   0.2633  -0.3803   0.2354  -0.1504
  0.1110   0.3433   0.2434  -0.3877   0.2362  -0.1629
  0.1320   0.1893   0.3093  -0.3235   0.2809  -0.1608
  0.1296   0.1715   0.2762  -0.3517   0.2984  -0.1021
  0.1063   0.1892   0.3307  -0.3552   0.2821  -0.1478
  0.1269   0.2218   0.2133  -0.4954   0.3305  -0.0549
  0.1028   0.2324   0.2043  -0.5177   0.3505  -0.0904
  0.1160   0.2323   0.2073  -0.4791   0.3026  -0.0690
  0.1118   0.2413   0.2467  -0.4345   0.2984  -0.0783
  0.1450   0.2552   0.2534  -0.4746   0.2817  -0.0886
  0.1164   0.2593   0.2830  -0.4729   0.3147  -0.0852
  0.1285   0.2351   0.2400  -0.4936   0.2964  -0.0687
  0.0983   0.2042   0.2161  -0.4080   0.3526  -0.0799
  0.0581   0.1555   0.0863  -0.6426   0.3678   0.0180
 -0.1173   0.2953   0.2551  -0.1247   0.3570  -0.1761
 -0.1633   0.1827   0.2732   0.1400   0.3330  -0.2203
 -0.0137   0.0603   0.2245  -0.1812   0.3107  -0.0392
 -0.0795   0.0816   0.0405   0.0887   0.2523  -0.1698
 -0.1587   0.3114   0.1821   0.8407   0.3115  -0.4347
 -0.1317   0.3037   0.3986   1.4972   0.4050  -0.5502
 -0.0963   0.1096   0.2849   0.7620   0.3401  -0.3760
 -0.0749   0.3886   0.2999   0.6872   0.3736  -0.3529
 -0.0921   0.2180   0.2618   0.6050   0.3301  -0.3600
 -0.0596   0.1861   0.3245   0.5462   0.3590  -0.2701
 -0.0346   0.0988   0.3344   0.4139   0.3426  -0.2277
 -0.0038   0.1544   0.3388   0.4387   0.3452  -0.2285
 -0.0284   0.1133   0.2997   0.3516   0.3342  -0.2158
 -0.0300   0.1449   0.3254   0.3948   0.3443  -0.2120
 -0.0400   0.1169   0.3136   0.2795   0.3530  -0.1878
 -0.0012   0.1461   0.3026   0.2271   0.3664  -0.1579
  0.0127   0.1148   0.2721   0.0964   0.3698  -0.1808
  0.0345   0.1386   0.2954   0.1746   0.3701  -0.1566
  0.0231   0.1170   0.2446   0.0565   0.3733  -0.1620
