 -0.1548   0.2722   0.1597   0.3749   0.1617   0.1341
 -0.1526   0.6075   0.0239   0.0168   0.0571   0.1990
 -0.1088   0.1113  -0.0000   0.0129   0.0121   0.1332
 -0.0735   0.0464  -0.0198   0.0610  -0.0048   0.1591
 -0.0822   0.0354   0.0018  -0.0911   0.0300   0.1822
 -0.0947   0.0949  -0.0343  -0.1538   0.0150   0.2111
 -0.0976   0.0972  -0.0373  -0.1649   0.0129   0.1711
 -0.0867   0.1761  -0.0597  -0.2081   0.0088   0.1991
 -0.0908   0.0436  -0.0447  -0.1779   0.0082   0.2068
 -0.0909   0.0811  -0.0594  -0.1890  -0.0006   0.1760
 -0.0760   0.0477  -0.0416  -0.1455   0.0103   0.1806
 -0.0780   0.0902  -0.0271  -0.1578   0.0140   0.1812
 -0.0815   0.0771   0.0426  -0.1571   0.0388   0.1433
 -0.0779   0.0883  -0.0200  -0.2048   0.0261   0.1952
 -0.0832   0.0786  -0.0034  -0.1881   0.0337   0.1637
 -0.1241   0.1245  -0.0596  -0.2234   0.0049   0.1774
 -0.1200   0.1469  -0.0349  -0.1685   0.0568   0.1908
 -0.1412   0.0707  -0.0893  -0.2399   0.0334   0.1261
 -0.1258   0.0052  -0.0505  -0.1028   0.0631   0.1729
 -0.1309  -0.0212  -0.1567  -0.3632  -0.0599   0.2298
 -0.1432  -0.0924  -0.0847  -0.0118  -0.0590   0.1412
 -0.1354  -0.0034  -0.0605   0.1513  -0.0181   0.0882
 -0.0689  -0.0861  -0.0792   0.2118  -0.0428   0.1756
 -0.0492  -0.0292  -0.0730   0.3017  -0.0032   0.0957
 -0.1590  -0.0380  -0.1442   0.1399   0.0307   0.0464
 -0.1162  -0.1022  -0.1078   0.3176   0.0195   0.1355
 -0.1381  -0.1818  -0.1012   0.2515   0.0092   0.1497
 -0.1282  -0.1435  -0.0863   0.2468   0.0141   0.1371
 -0.1392  -0.2155  -0.0794   0.2618   0.0234   0.1576
 -0.1193  -0.1871  -0.0786   0.2861   0.0246   0.1653
 -0.1271  -0.0319  -0.0419   0.0545   0.0384   0.1652
 -0.1091  -0.0057  -0.0014   0.0440   0.0467   0.1460
 -0.1381  -0.1004  -0.0045   0.0983   0.0646   0.1113
  0.0382  -0.0491   0.0473  -0.0908   0.0308   0.2071
 -0.0992  -0.0177   0.0039  -0.0754   0.0456   0.0818
 -0.1414  -0.0979  -0.0150   0.1668   0.0684   0.1285
 -0.1301  -0.2356  -0.0067   0.1985   0.0581   0.1121
 -0.0979  -0.1752  -0.0298   0.1465   0.0666   0.1279
 -0.0964  -0.1901  -0.0533   0.1487   0.0605   0.1723
 -0.0698  -0.0722  -0.0257   0.0264   0.0438   0.1090
 -0.0709  -0.1025  -0.0423  -0.0905  -0.0287   0.1875
 -0.1453  -0.0350  -0.0183  -0.0673   0.0576   0.1128
 -0.1294  -0.0695  -0.0877  -0.2117   0.0365   0.1751
 -0.0862  -0.0955  -0.0564  -0.0715   0.0200   0.1192
 -0.0662  -0.0764  -0.0440  -0.0351   0.0383   0.1508
 -0.0099  -0.1012   0.0157   0.1145   0.0071   0.0875
  0.0199  -0.1399   0.0406   0.1411   0.0461   0.0643
  0.0062  -0.1986   0.0305   0.1526   0.0608   0.1477
  0.0043  -0.3297   0.0084   0.1817   0.0386   0.1052
  0.0038  -0.2197  -0.0033   0.0217   0.0306   0.1241
 -0.0405   0.0020   0.0018  -0.0365   0.0514   0.1847
 -0.0347  -0.1728   0.0133   0.2157   0.0506   0.0331
  0.0253   0.0312   0.0335   0.2199   0.0522   0.0655
 -0.0724  -0.0685   0.1025   0.1288   0.1231   0.1317
 -0.0616  -0.0517   0.0078  -0.0825   0.0779   0.1601
 -0.1428  -0.1310  -0.0160  -0.1729   0.0257   0.1631
 -0.1244  -0.1233   0.0496   0.0838   0.0706   0.0742
 -0.0814  -0.2459   0.0470   0.1558   0.0741   0.1726
 -0.1376  -0.5593   0.0682   0.3300   0.0811   0.1338
 -0.0591  -0.3706   0.1335   0.2959   0.1305   0.0824
 -0.0212  -0.3171   0.0896   0.1421   0.0995   0.1737
 -0.0541  -0.3820   0.0607   0.1923   0.0777   0.1540
 -0.0274  -0.4371   0.0520   0.1754   0.0771   0.1637
 -0.0580  -0.3586   0.0417   0.1064   0.0772   0.1759
 -0.0377  -0.3905   0.0391   0.0451   0.0860   0.1693
 -0.0309  -0.3646   0.0568   0.0367   0.1137   0.1643
 -0.0279  -0.3588   0.0776   0.0627   0.1135   0.1817
 -0.0172  -0.3696   0.0519   0.0774   0.0843   0.1326
 -0.0005  -0.3747   0.0553   0.1015   0.0700   0.1483
 -0.0085  -0.3428   0.0529   0.1246   0.0541   0.1421
 -0.0121  -0.1516   0.0237  -0.0399   0.0643   0.1260
 -0.0362  -0.2339   0.0334  -0.0207   0.0794   0.1487
 -0.0180  -0.2834   0.0531  -0.0033   0.0764   0.1368
 -0.0273  -0.3105   0.0482   0.0353   0.0738   0.0874
 -0.0212  -0.3107   0.0543   0.0344   0.0938   0.1569
 -0.0424  -0.3151   0.0418   0.0311   0.0801   0.1200
 -0.0311  -0.2465   0.0815   0.0005   0.1007   0.0482
 -0.0415  -0.2447   0.0761  -0.0027   0.0977   0.1563
 -0.0492  -0.2701   0.0546   0.0298   0.1084   0.1080
 -0.0474  -0.2998   0.0690   0.0185   0.1100   0.1129
 -0.0438  -0.3133   0.0514   0.0869   0.0980   0.1270
 -0.0404  -0.3945   0.0645   0.0742   0.0954   0.1278
 -0.0396  -0.4003   0.0632   0.0914   0.1068   0.1102
 -0.0497  -0.4199   0.0664   0.0843   0.1051   0.1207
 -0.0222  -0.3677   0.0946   0.0901   0.1300   0.1047
 -0.0117  -0.4276   0.0913   0.1191   0.1167   0.0950
 -0.0277  -0.3747   0.0764   0.1034   0.1193   0.1268
 -0.0676  -0.3656   0.0592   0.1333   0.0876   0.1327
 -0.0612  -0.4219   0.0408   0.0966   0.0902   0.0742
 -0.0423  -0.3898   0.0667   0.2467   0.1252   0.1134
 -0.0711  -0.4248   0.0721   0.1620   0.1168   0.1128
 -0.0586  -0.4141   0.0805   0.2172   0.1119   0.1384
 -0.0550  -0.4579   0.0819   0.2006   0.1244   0.1042
 -0.0562  -0.4191   0.0785   0.1954   0.1179   0.1361
 -0.0667  -0.4592   0.0872   0.1862   0.1393   0.0862
 -0.0776  -0.3763   0.0844   0.1968   0.1196   0.1244
 -0.0803  -0.1760   0.0925   0.1734   0.1033   0.0764
 -0.0944  -0.2706   0.0974   0.1760   0.1271   0.0523
 -0.0894  -0.3757   0.0909   0.2092   0.1159   0.0986
 -0.0557  -0.3725   0.0939   0.1680   0.0994   0.1006
 -0.0354  -0.3663   0.0976   0.1330   0.1043   0.1262
 -0.0269  -0.4024   0.0942   0.2842   0.1184   0.0842
 -0.0490  -0.5221   0.0675   0.4412   0.0811   0.0418
 -0.0821  -0.2145   0.0745   0.2779   0.0778   0.1158
 -0.0324  -0.3651   0.0877   0.2483   0.0793   0.0405
 -0.0560  -0.4958   0.1012   0.2904   0.0688   0.0942
  0.0110  -0.3069   0.0502   0.2722   0.0628   0.0953
  0.0104  -0.3749   0.0379   0.1576   0.0673   0.0880
 -0.0107  -0.3931   0.0600   0.3143   0.1014   0.0643
 -0.0057  -0.4230   0.0591   0.2995   0.0846   0.0290
 -0.0102  -0.1903   0.1771   0.3802   0.1457   0.0704
 -0.0507  -0.2484   0.1980   0.4885   0.1623   0.0233
 -0.0177  -0.2308   0.1233   0.3427   0.1337  -0.0135
 -0.0395  -0.3203   0.1152   0.2723   0.1300   0.1294
 -0.0276  -0.3597   0.1230   0.3765   0.1387   0.0667
 -0.0363  -0.3295   0.1360   0.3484   0.1285   0.0422
 -0.0213  -0.3561   0.1531   0.3796   0.1365   0.0800
 -0.0410  -0.4199   0.1532   0.3992   0.1297   0.0730
 -0.0632  -0.4014   0.1530   0.3837   0.1741   0.0336
 -0.0878  -0.4619   0.1522   0.4099   0.1604   0.0782
 -0.0488  -0.5165   0.1652   0.4631   0.1652   0.0475
 -0.0675  -0.5322   0.1519   0.4340   0.1484   0.0858
 -0.0639  -0.5348   0.1628   0.4315   0.1684   0.0499
 -0.0765  -0.5265   0.1558   0.4192   0.1509   0.0947
 -0.0556  -0.5156   0.1596   0.4288   0.1634   0.0884
 -0.0688  -0.4152   0.1261   0.3222   0.1280   0.1159
 -0.0402  -0.3804   0.1682   0.2693   0.1649   0.0633
 -0.0507   0.1486   0.0356   0.0770   0.0909   0.0616
 -0.0301   0.4374   0.0694  -0.0484   0.1116   0.0073
 -0.1268  -0.1916  -0.0490   0.2010   0.0367   0.0731
 -0.0922  -0.5505  -0.1494   0.1318  -0.0419   0.1555
 -0.0248  -0.4220   0.0447   0.1517   0.0309   0.0724
 -0.0354  -0.5866  -0.0454   0.2033   0.0114   0.1343
 -0.0303  -0.3963   0.0524   0.1035   0.0296   0.0639
 -0.0107  -0.3697   0.0137   0.1648   0.0345   0.0785
 -0.0253  -0.3605   0.0534   0.1166   0.0484   0.0914
 -0.0295  -0.4718   0.0233   0.2650   0.0554   0.0440
 -0.0658  -0.3099   0.0902   0.2154   0.1057   0.0325
 -0.0785  -0.2557   0.1132   0.2140   0.1375   0.0356
 -0.1226  -0.2876   0.1211   0.1644   0.1195   0.0573
 -0.1297  -0.2419   0.0725   0.2216   0.1484   0.0509
 -0.1459   0.1305   0.0454  -0.3174   0.0739   0.1574
 -0.0488   0.2006   0.0508   0.0837   0.0767  -0.0102
  0.1118   1.2244   0.1960   2.0096   0.0713  -0.4573
  0.0121   0.5538   0.0376  -0.1357  -0.0025  -0.0654
 -0.0064  -0.1115   0.1455   0.1619   0.0224   0.0300
 -0.1335   1.2550   0.1484   0.1879   0.0742  -0.0037
 -0.0528   0.3936   0.0310   0.0833  -0.0081   0.0340
 -0.3016   0.9373   0.0574  -0.9075  -0.0307  -0.4935
  0.0717   0.8362   0.0869   0.8445  -0.0199  -0.6796
  0.1115   0.5961   0.1072   0.6117  -0.0129  -0.2545
  0.0521   0.3929   0.1015   0.5480  -0.0211  -0.2064
  0.1826   0.6812   0.2892   0.6059   0.0866  -0.3397
 -0.0560   0.3965   0.0360   0.6310  -0.0621  -0.2425
 -0.5527  -0.2503  -0.6135   0.7832  -0.4023  -0.1541
 -0.1418  -1.1715  -0.5627   0.3197  -0.2822  -0.0595
 -0.4081  -1.1531  -0.5124  -2.3629   1.0604  -0.3451
 -0.1780   0.0053   0.3856  -1.9979   0.4088  -0.1319
 -0.4620  -0.3744   0.2436  -0.7500  -0.1356  -0.2342
  0.0816   0.7319  -0.0046  -0.5281   0.0837  -0.3135
 -0.2064   3.5178  -0.6716   0.3009  -0.1851  -0.9011
  0.1792   1.4441   0.0350   1.0580   0.1168  -0.4818
  0.1746   0.9105  -0.0325   0.2683   0.0278  -0.3923
  0.2192   0.5592   0.1059   0.2986   0.1275  -0.3449
  0.1851   0.7987  -0.0694   0.3621   0.0235  -0.4181
  0.2160   0.4749   0.0461   0.2913   0.1077  -0.3193
  0.2130   0.6923  -0.0954   0.4053   0.0110  -0.3694
  0.1259   0.6225   0.1559   0.3465   0.1737  -0.3928
  0.2665   0.9267  -0.3492   0.5764  -0.0898  -0.4067
 -0.2786   1.3059  -1.1659   1.2027  -0.4603  -0.4971
 -0.5022   0.5461   0.5994  -0.0903   0.0035  -0.0972
  0.2528  -0.0095  -0.0507   0.0646  -0.1550  -0.1939
 -0.0829   0.4557   0.1789   0.1580  -0.0572  -0.2729
 -0.0101   0.9579   0.1033   0.7270   0.0111  -0.5056
 -0.1737   0.8888   0.1150   0.4802  -0.0700  -0.3918
 -0.0162   0.8182   0.0668   0.3227  -0.0569  -0.2679
 -0.1145   0.8231   0.1357   0.4257  -0.1002  -0.3599
  0.0096   0.5684   0.1577   0.4140  -0.0155  -0.2829
 -0.1657   0.5392  -0.3759   0.3751  -0.4628  -0.4405
 -0.4327   1.1102   0.2947  -0.6252  -0.4801  -0.2808
 -0.1122   1.9927   0.2632   1.3075  -0.1134  -0.7747
 -0.0061   2.5622   0.0987   3.4381  -0.2291  -1.1470
 -0.1475   2.2613   0.3432   5.8992   0.2386  -1.2060
 -0.0605   1.4143  -0.1204   0.9677  -0.1341  -0.2080
 -0.1739   1.2279  -0.0149   0.4634  -0.0668  -0.2781
  0.2623   1.6232  -0.3770   0.5624  -0.3273  -0.4115
  0.8037   1.6250  -0.5606   0.6077  -0.4080  -0.4475
  0.7522   1.6784   0.1919   3.3794  -0.0522  -1.1224
  0.5562   0.3715  -0.1972  -0.0230  -0.2236  -0.0355
  0.5332   0.4049  -0.1881  -0.2992  -0.1664  -0.0984
  0.4896   0.3403  -0.1123  -0.0654  -0.1856  -0.2244
  0.4919   0.4513  -0.1564  -0.2571  -0.1600  -0.1855
  0.4310   0.3496  -0.1528  -0.0113  -0.2008  -0.2072
  0.4293   0.1456  -0.1407   0.0962  -0.1287  -0.2268
  0.4918  -0.0234  -0.0311  -0.2241  -0.0529  -0.1181
  0.4864   0.0683  -0.0579  -0.2337  -0.0939  -0.1494
  0.4592  -0.0486  -0.0968  -0.0859  -0.1257  -0.1478
  0.4846   0.0313  -0.0540  -0.0402  -0.1281  -0.2018
  0.4981  -0.1121  -0.0628  -0.1224  -0.1498  -0.1011
  0.4924  -0.0378  -0.0656  -0.0493  -0.1288  -0.1777
  0.5053  -0.1073  -0.0339  -0.1703  -0.1249  -0.1176
  0.4980   0.0718   0.0077  -0.1284  -0.0770  -0.1903
  0.4763  -0.0312  -0.0194  -0.2172  -0.1090  -0.1184
  0.3023   0.6384  -0.0390  -0.5345   0.0184  -0.0640
  0.3371   0.3270   0.0031  -0.5678  -0.0719  -0.1417
  0.4459   0.4231   0.0599  -0.2660   0.0087  -0.2078
  0.3268  -0.1959  -0.3070  -0.8326  -0.3631  -0.0507
 -0.3137  -0.4705  -1.3159  -0.7940  -0.6790  -0.1800
 -0.0589   0.6628  -0.5552  -0.8934  -0.3332  -0.2513
 -0.1532   0.5061  -0.6377  -1.2488  -0.3808  -0.0977
 -0.0800   0.6408  -0.4797  -1.0314  -0.3104  -0.1912
 -0.1556   0.4892  -0.5561  -1.0274  -0.3501  -0.1928
 -0.0474   0.3647  -0.4336  -1.1009  -0.2944  -0.1469
 -0.0121   0.3885  -0.3780  -1.0501  -0.2981  -0.1599
 -0.0080   0.3066  -0.3349  -0.9242  -0.2698  -0.1119
 -0.0048   0.1938  -0.3158  -0.9254  -0.2921  -0.1568
  0.0541  -0.0180  -0.3080  -1.0722  -0.2839  -0.0726
  0.0758  -0.4252  -0.3754  -1.2000  -0.3300  -0.0283
  0.0290  -0.1457  -0.3017  -0.9335  -0.2978  -0.1234
  0.0769  -0.0322  -0.3125  -1.0623  -0.2777  -0.0318
  0.1220  -0.0618  -0.2952  -1.2470  -0.2733  -0.0069
  0.0997  -0.0759  -0.2682  -1.2759  -0.2709  -0.0956
  0.1179  -0.1241  -0.2282  -1.1967  -0.2385  -0.0753
  0.1112   0.1446  -0.2597  -1.2974  -0.2698  -0.0384
  0.0927   0.3833  -0.3164  -1.3450  -0.2826  -0.0995
  0.1005   1.2137  -0.0242  -1.3646  -0.2138  -0.1165
  0.1924   1.0677   0.0378  -0.8855  -0.1850  -0.2247
  0.1574   0.8521  -0.0231  -1.0997  -0.1866  -0.1447
  0.1642   0.7423   0.0377  -1.0044  -0.1482  -0.1263
  0.0702   0.5828  -0.1188  -1.2135  -0.1750  -0.1547
  0.0304   0.6486  -0.0909  -1.3346  -0.1541  -0.0408
  0.0939   0.9299   0.1803  -1.3067  -0.1140  -0.1211
  0.2365   0.8209   0.1815  -0.8841  -0.1169  -0.2080
  0.2431   0.3857   0.1737  -1.0209  -0.1216  -0.1145
  0.2015   0.2592   0.1472  -0.8803  -0.1028  -0.1407
  0.0907   0.1512   0.0461  -1.1831  -0.1074  -0.0683
