  0.0037   0.7136   0.0542  -0.2897  -0.0378   0.0879
  0.0053   0.6397   0.1368  -0.4683   0.0034   0.1700
 -0.0064   0.6636   0.1259  -0.4562   0.0034   0.1394
 -0.0275   0.6621   0.1303  -0.4218   0.0042   0.2011
 -0.0170   0.6270   0.1094  -0.3706  -0.0151   0.1904
 -0.0054   0.6259   0.1091  -0.3455  -0.0144   0.1623
 -0.0367   0.5794   0.1111  -0.3305  -0.0273   0.1825
 -0.0055   0.5683   0.1066  -0.3339  -0.0251   0.1874
  0.0107   0.5720   0.1085  -0.3253  -0.0227   0.1501
  0.0141   0.5905   0.1041  -0.3092  -0.0269   0.1351
  0.0347   0.6843   0.1006  -0.3332  -0.0112   0.1410
  0.0391   0.6244   0.1010  -0.3234  -0.0244   0.1401
  0.0430   0.6075   0.1036  -0.3176  -0.0482   0.0962
  0.0083   0.5969   0.1073  -0.3086  -0.0143   0.1467
  0.0251   0.5883   0.0955  -0.3353  -0.0241   0.1187
  0.0273   0.5316   0.0928  -0.2023  -0.0606   0.1319
 -0.0089   0.6125   0.0437   0.0041  -0.0896  -0.0106
 -0.0048   0.6352   0.0578  -0.1204  -0.0499   0.0216
 -0.0037   0.5794   0.0449  -0.1240  -0.0473   0.0933
 -0.0093   0.5599   0.0501  -0.0727  -0.0384   0.0729
  0.0054   0.5688   0.0368  -0.0870  -0.0443   0.0276
  0.0007   0.6044   0.0341  -0.1223  -0.0527  -0.0160
  0.0015   0.5794   0.0611  -0.0772  -0.0378   0.0435
 -0.0072   0.5756   0.0488  -0.0767  -0.0485   0.0186
 -0.0177   0.5813   0.0541  -0.1022  -0.0517   0.0345
 -0.0069   0.5525   0.0510  -0.1122  -0.0504   0.0293
 -0.0131   0.5261   0.0557  -0.0603  -0.0568  -0.0074
 -0.0070   0.5191   0.0479  -0.0575  -0.0624   0.0265
 -0.0086   0.5445   0.0583  -0.0715  -0.0476   0.0098
 -0.0010   0.6012   0.0594  -0.0779  -0.0424  -0.0284
  0.0105   0.6134   0.0684  -0.0899  -0.0315  -0.0674
  0.0015   0.6198   0.0790  -0.1208  -0.0219  -0.0175
  0.0021   0.5888   0.0684  -0.0872  -0.0285  -0.0569
 -0.0034   0.6078   0.0756  -0.1084  -0.0145  -0.0430
  0.0018   0.6087   0.0721  -0.1195  -0.0145  -0.0331
 -0.0004   0.6007   0.0823  -0.1234  -0.0071  -0.0252
  0.0029   0.7094   0.0637  -0.1649  -0.0114  -0.1053
  0.0102   0.6743   0.0469  -0.1229  -0.0182  -0.0784
  0.0145   0.6234   0.0685  -0.1227  -0.0084  -0.0374
  0.0122   0.6373   0.0680  -0.1023  -0.0048  -0.0061
  0.0082   0.6050   0.0852  -0.1278   0.0126  -0.0113
  0.0103   0.5855   0.0857  -0.1042   0.0053  -0.0551
  0.0092   0.5762   0.0741  -0.0576   0.0095  -0.0302
  0.0202   0.5306   0.0689  -0.0285  -0.0010  -0.0557
  0.0219   0.5445   0.0684  -0.0185  -0.0078  -0.0063
  0.0150   0.5029   0.0765  -0.0508   0.0086   0.0216
  0.0215   0.4799   0.0905  -0.0225   0.0207  -0.0026
  0.0247   0.4773   0.0824  -0.0260   0.0252   0.0093
  0.0348   0.4809   0.0744  -0.0283   0.0156  -0.0215
  0.0262   0.4841   0.0770  -0.0212   0.0247  -0.0256
  0.0250   0.4773   0.0846   0.0033   0.0301  -0.0221
  0.0243   0.4710   0.0821   0.0038   0.0217  -0.0471
  0.0180   0.4425   0.0825   0.0275   0.0203  -0.0085
  0.0176   0.4385   0.0787  -0.0076   0.0139  -0.0246
  0.0216   0.4422   0.0766   0.0115   0.0117  -0.0177
  0.0235   0.4396   0.0589   0.0293   0.0001  -0.0057
  0.0085   0.3851   0.0652  -0.0615   0.0047  -0.0527
  0.0154   0.3559   0.0491  -0.0442   0.0066   0.0269
  0.0051   0.3338   0.0488   0.0419   0.0033   0.0190
  0.0011   0.2966   0.0552   0.0291   0.0126   0.0480
  0.0136   0.3143   0.0529   0.0890   0.0111  -0.0041
  0.0190   0.3211   0.0480   0.0865   0.0172   0.0616
  0.0298   0.2963   0.0688   0.1022   0.0325  -0.0115
  0.0201   0.3185   0.0601   0.0802   0.0487   0.0338
 -0.0081   0.4498  -0.0101  -0.0069  -0.0088  -0.0355
  0.0190   0.3549   0.0090   0.0145   0.0032  -0.0261
 -0.0252   0.3619  -0.0280   0.0892  -0.0125  -0.0915
 -0.0542   0.4484  -0.0639   0.0416  -0.0151  -0.1318
 -0.0344   0.3585  -0.0352   0.1244  -0.0222  -0.1297
 -0.0475   0.4248  -0.0530   0.0274  -0.0167  -0.0841
 -0.0448   0.4074  -0.0639   0.0631  -0.0217  -0.0433
 -0.0470   0.3820  -0.0577  -0.0060  -0.0212  -0.1282
 -0.0721   0.3798  -0.0508   0.0425  -0.0404  -0.0974
 -0.0657   0.5295  -0.0828  -0.0923  -0.0484  -0.0842
 -0.0639   0.4705  -0.1803   0.0243  -0.0956  -0.2160
 -0.0497   0.5531  -0.2154  -0.3073  -0.0848  -0.1718
  0.0136   0.4572  -0.1940  -0.3098  -0.0935  -0.0833
  0.0219   0.2410  -0.1514  -0.0854  -0.0855  -0.1945
  0.0461   0.3234  -0.1734  -0.1312  -0.1009  -0.1146
  0.0508   0.3130  -0.1541  -0.1136  -0.1091  -0.1472
  0.0502   0.3963  -0.1151  -0.2014  -0.0905  -0.1478
  0.0302   0.2460  -0.1334  -0.0372  -0.0792  -0.1545
  0.0451   0.2775  -0.1217  -0.0675  -0.0708  -0.1843
  0.0410   0.3005  -0.0962  -0.0503  -0.0546  -0.1514
  0.0444   0.2446  -0.1000  -0.0497  -0.0786  -0.1957
  0.0411   0.2727  -0.1134  -0.0268  -0.0728  -0.1556
  0.0531   0.2225  -0.1045  -0.0733  -0.0901  -0.1601
  0.0510   0.2781  -0.0942  -0.0734  -0.0752  -0.1684
  0.0519   0.2467  -0.0985  -0.0536  -0.0898  -0.1348
  0.0417   0.2306  -0.0944  -0.0454  -0.0856  -0.1636
  0.0563   0.2507  -0.0960  -0.0637  -0.0822  -0.1140
  0.0466   0.2659  -0.1090  -0.0446  -0.0731  -0.1889
  0.0406   0.2597  -0.0984  -0.1139  -0.0769  -0.1249
  0.0394   0.2569  -0.0762  -0.2532  -0.0706  -0.0979
  0.0176   0.1757  -0.0727  -0.1088  -0.0341  -0.1039
  0.0078   0.1562  -0.0862  -0.0875  -0.0572  -0.0873
  0.0263   0.1063  -0.0692  -0.0652  -0.0466  -0.0859
  0.0205   0.1644  -0.0924  -0.0864  -0.0622  -0.0791
  0.0174   0.1322  -0.0868  -0.0591  -0.0605  -0.0613
  0.0168   0.0898  -0.1003  -0.0537  -0.0618  -0.0613
  0.0208   0.0347  -0.0988  -0.0077  -0.0589  -0.0601
  0.0503   0.1297  -0.1385  -0.0209  -0.0721  -0.0318
  0.0540   0.1006  -0.1750  -0.0042  -0.0837  -0.0757
  0.0584   0.3833  -0.2077  -0.1309  -0.1135  -0.1136
 -0.0005   0.2813  -0.2062  -0.0642  -0.1132  -0.1055
 -0.0295   0.0396  -0.1377  -0.0005  -0.0725  -0.0956
 -0.0217   0.0972  -0.1498  -0.0265  -0.0713  -0.0983
 -0.0210   0.0150  -0.1371   0.0002  -0.0871  -0.0690
 -0.0289   0.0452  -0.1433   0.0170  -0.0972  -0.0287
 -0.0353  -0.0031  -0.1349   0.0143  -0.1043  -0.1054
 -0.0402   0.0643  -0.1517  -0.0417  -0.1066  -0.0474
 -0.0344   0.0123  -0.1531  -0.0422  -0.1128  -0.0711
 -0.0373   0.0351  -0.1423  -0.0987  -0.1071  -0.0739
 -0.0362   0.0219  -0.1435  -0.0532  -0.1102  -0.0596
 -0.0449   0.0288  -0.1381  -0.0761  -0.0913  -0.0604
 -0.0505   0.0161  -0.1267  -0.0491  -0.0850  -0.0467
 -0.0328   0.0330  -0.1345  -0.0723  -0.0953  -0.0410
 -0.0452  -0.0042  -0.1242  -0.0502  -0.0930  -0.0484
 -0.0274  -0.0121  -0.1108  -0.0391  -0.0946  -0.0472
 -0.0334  -0.0420  -0.0960  -0.0339  -0.0865  -0.0865
 -0.0151  -0.0508  -0.0802  -0.0367  -0.0651  -0.0267
 -0.0115  -0.0852  -0.0773  -0.0123  -0.0727  -0.0553
  0.0055  -0.0829  -0.0659  -0.0234  -0.0721  -0.0490
  0.0378  -0.1029  -0.0328  -0.0096  -0.0629  -0.0237
  0.0254  -0.0987  -0.0326  -0.0054  -0.0517  -0.0351
  0.0310  -0.1460  -0.0236   0.0156  -0.0480  -0.0091
  0.0022  -0.1163  -0.0244   0.0025  -0.0345  -0.0129
 -0.0127  -0.0978  -0.0338  -0.0082  -0.0438  -0.0532
  0.0022  -0.0917  -0.0450   0.0014  -0.0367   0.0039
 -0.0011  -0.0856  -0.0604   0.0009  -0.0459  -0.0265
 -0.0352  -0.1624  -0.0532   0.0200  -0.0243  -0.0132
 -0.0127  -0.1724  -0.0368   0.0813  -0.0020  -0.0087
 -0.0025  -0.1585  -0.0465   0.0676  -0.0178  -0.0136
 -0.0050  -0.1582  -0.0538   0.1002  -0.0198   0.0149
 -0.0092  -0.1645  -0.0530   0.1187   0.0024  -0.0118
 -0.0110  -0.1430  -0.0522   0.1146  -0.0082   0.0161
 -0.0037  -0.1645  -0.0642   0.1109  -0.0129  -0.0140
 -0.0073  -0.1633  -0.0586   0.1168  -0.0128  -0.0017
  0.0075  -0.1809  -0.0514   0.1464   0.0020   0.0000
  0.0009  -0.1847  -0.0358   0.1266   0.0073  -0.0391
  0.0090  -0.1857  -0.0225   0.1478   0.0401  -0.0071
 -0.0236  -0.1957  -0.0413   0.1495   0.0279  -0.0529
 -0.0044  -0.1945  -0.0215   0.1326   0.0328  -0.0168
  0.0173  -0.1844  -0.0115   0.1231   0.0424  -0.0161
  0.0164  -0.1751  -0.0193   0.1188   0.0376  -0.0419
  0.0298  -0.2082  -0.0137   0.1378   0.0456  -0.0201
  0.0289  -0.1977  -0.0098   0.1460   0.0388  -0.0336
  0.0109  -0.2083  -0.0167   0.1415   0.0303   0.0110
  0.0226  -0.1943  -0.0157   0.1204   0.0308  -0.0125
  0.0560  -0.1718  -0.0108   0.1256   0.0426  -0.0163
  0.0632  -0.1892  -0.0001   0.1242   0.0534  -0.0722
  0.0529  -0.1966   0.0084   0.1350   0.0580  -0.0453
  0.0573  -0.2088   0.0038   0.1390   0.0708  -0.0347
  0.0624  -0.2116   0.0073   0.1228   0.0688  -0.0526
  0.0461  -0.2249   0.0091   0.1388   0.0690  -0.0139
  0.0663  -0.2214   0.0107   0.1375   0.0641  -0.0656
  0.0673  -0.2079   0.0077   0.1347   0.0639  -0.0514
  0.0702  -0.2182   0.0092   0.1351   0.0580  -0.0287
  0.0468  -0.2366   0.0076   0.1211   0.0591  -0.0533
  0.0455  -0.2399   0.0169   0.1370   0.0646  -0.0305
  0.0369  -0.2561   0.0047   0.1314   0.0654  -0.0580
  0.0348  -0.2507  -0.0045   0.1402   0.0549  -0.0346
  0.0306  -0.2611   0.0009   0.1216   0.0538  -0.0147
  0.0322  -0.2990   0.0021   0.1270   0.0532  -0.0262
  0.0206  -0.3076  -0.0067   0.1220   0.0415  -0.0064
  0.0337  -0.3681   0.0130   0.1620   0.0485   0.0253
  0.0261  -0.3794   0.0112   0.1385   0.0420   0.0174
  0.0187  -0.4045   0.0184   0.1373   0.0479   0.0354
  0.0177  -0.4009   0.0046   0.1226   0.0298   0.0489
  0.0035  -0.4086   0.0086   0.1133   0.0412   0.0485
 -0.0130  -0.4530   0.0115   0.1501   0.0546   0.0741
 -0.0138  -0.4561   0.0214   0.1376   0.0691   0.0298
 -0.0119  -0.4339   0.0166   0.1378   0.0776   0.0250
  0.0177  -0.4480   0.0233   0.1149   0.0648   0.0752
 -0.0027  -0.4666   0.0309   0.1521   0.0766   0.0417
 -0.0151  -0.4703   0.0306   0.1552   0.0727   0.0399
 -0.0198  -0.4809   0.0394   0.1438   0.0843   0.0419
 -0.0229  -0.4875   0.0364   0.1372   0.0805   0.0321
 -0.0284  -0.4671   0.0410   0.0980   0.0801   0.0337
 -0.0123  -0.5084   0.0400   0.1325   0.0763   0.0123
 -0.0150  -0.4954   0.0340   0.1400   0.0831   0.0127
 -0.0119  -0.5018   0.0272   0.1534   0.0779   0.0597
 -0.0110  -0.5143   0.0442   0.1467   0.0904   0.0090
 -0.0058  -0.5044   0.0478   0.1524   0.0894   0.0565
 -0.0283  -0.5361   0.0419   0.1413   0.0792   0.0244
 -0.0211  -0.5198   0.0430   0.1139   0.0782   0.0465
 -0.0452  -0.5307   0.0402   0.0965   0.0685   0.0613
 -0.0645  -0.5197   0.0297   0.0833   0.0551   0.0635
 -0.0372  -0.5251   0.0340   0.0800   0.0592   0.0512
 -0.0342  -0.5153   0.0340   0.0866   0.0700   0.1025
 -0.0335  -0.5251   0.0350   0.0985   0.0657   0.0481
 -0.0369  -0.5186   0.0404   0.0967   0.0743   0.0594
 -0.0232  -0.5210   0.0456   0.1133   0.0821   0.0808
 -0.0321  -0.5268   0.0456   0.1121   0.0799   0.0542
 -0.0228  -0.5159   0.0484   0.0920   0.0793   0.0701
 -0.0351  -0.5164   0.0386   0.0743   0.0691   0.0794
 -0.0434  -0.5181   0.0293   0.0772   0.0617   0.0587
 -0.0382  -0.5190   0.0405   0.0681   0.0593   0.0723
 -0.0370  -0.5287   0.0342   0.0903   0.0508   0.0877
 -0.0431  -0.5266   0.0320   0.0765   0.0552   0.0675
 -0.0367  -0.5197   0.0394   0.0688   0.0725   0.0961
 -0.0241  -0.5295   0.0600   0.0726   0.0942   0.0397
 -0.0284  -0.5098   0.0593   0.0790   0.0867   0.0656
 -0.0345  -0.5305   0.0569   0.0718   0.0910   0.0739
 -0.0269  -0.5308   0.0517   0.0851   0.0849   0.0652
 -0.0105  -0.5325   0.0567   0.0691   0.0832   0.0683
 -0.0058  -0.5434   0.0410   0.0911   0.0785   0.0532
 -0.0181  -0.5475   0.0495   0.1152   0.0771   0.0369
 -0.0117  -0.5790   0.0606   0.1394   0.0734   0.0407
  0.0043  -0.5626   0.0611   0.1093   0.0738   0.0321
 -0.0003  -0.5587   0.0552   0.0839   0.0747   0.0613
  0.0125  -0.5590   0.0590   0.0971   0.0751   0.0219
  0.0129  -0.5494   0.0596   0.0909   0.0777   0.0434
  0.0188  -0.5684   0.0668   0.0993   0.0751   0.0554
  0.0100  -0.5706   0.0730   0.0892   0.0815   0.0566
  0.0140  -0.5545   0.0693   0.0884   0.0777   0.0583
  0.0089  -0.5697   0.0723   0.0795   0.0733   0.0922
  0.0090  -0.5535   0.0725   0.0453   0.0799   0.0675
  0.0051  -0.6120   0.0739   0.0747   0.0632   0.1099
  0.0099  -0.6063   0.0711   0.0779   0.0594   0.0884
  0.0022  -0.6035   0.0682   0.0743   0.0525   0.1164
 -0.0058  -0.6090   0.0611   0.0573   0.0214   0.1446
 -0.0169  -0.6037   0.0574   0.0252   0.0202   0.1191
 -0.0143  -0.6115   0.0492   0.0226   0.0153   0.1446
 -0.0392  -0.6250   0.0276   0.0349  -0.0003   0.1454
 -0.0797  -0.6211   0.0204   0.0061   0.0005   0.1386
 -0.0632  -0.6255   0.0209  -0.0042   0.0043   0.1603
 -0.0561  -0.6113   0.0155   0.0164   0.0039   0.1430
 -0.0470  -0.6296   0.0264  -0.0020   0.0049   0.1508
 -0.0699  -0.6030   0.0188  -0.0077   0.0145   0.1277
 -0.0422  -0.6168   0.0346   0.0733   0.0572   0.1400
 -0.0077  -0.6078   0.0486   0.0349   0.0508   0.1027
 -0.0450  -0.6212   0.0342   0.0490   0.0479   0.1332
 -0.0341  -0.6114   0.0402   0.0456   0.0274   0.1340
 -0.0442  -0.6107   0.0307   0.0436   0.0299   0.1296
 -0.0380  -0.6196   0.0270   0.0597   0.0241   0.1343
