  0.0865  -0.0141  -0.2340   0.2721  -0.0196  -0.0480
  0.0756  -0.0486  -0.2301   0.2453  -0.0098  -0.0266
  0.0733  -0.0269  -0.2176   0.3361  -0.0062  -0.0699
  0.0874  -0.0230  -0.2218   0.2907  -0.0291  -0.0684
  0.0793  -0.0253  -0.2089   0.2838  -0.0298  -0.0578
  0.0961  -0.0400  -0.2001   0.2764  -0.0006  -0.0653
  0.0880  -0.0395  -0.2063   0.2318   0.0059  -0.0417
  0.0762  -0.0555  -0.2002   0.2549   0.0019  -0.0378
  0.0776  -0.0253  -0.1953   0.2335  -0.0031  -0.0442
  0.0768  -0.0123  -0.2162   0.2591   0.0077  -0.0570
  0.0714  -0.0172  -0.2239   0.2910  -0.0012  -0.0462
  0.0669   0.0062  -0.2231   0.2318  -0.0190  -0.0419
  0.0771   0.0139  -0.2175   0.2629  -0.0396  -0.0730
  0.0723  -0.0036  -0.2155   0.2316  -0.0313  -0.0655
  0.0761   0.0054  -0.2088   0.2429  -0.0348  -0.0645
  0.0693   0.0305  -0.2251   0.1927  -0.0170  -0.0499
  0.0603   0.0200  -0.2251   0.1922  -0.0184  -0.0441
  0.0745   0.0066  -0.2021   0.2088   0.0001  -0.0466
  0.0840   0.0290  -0.2272   0.2246  -0.0357  -0.0550
  0.0800   0.0340  -0.2180   0.2263  -0.0398  -0.0650
  0.0823   0.0239  -0.2016   0.2355  -0.0411  -0.0657
  0.0922   0.0268  -0.1959   0.2179  -0.0015  -0.0689
  0.0938   0.0138  -0.1920   0.2278  -0.0057  -0.0688
  0.0919   0.0035  -0.1929   0.1977   0.0207  -0.0456
  0.0700  -0.0030  -0.1944   0.1671  -0.0270  -0.0185
  0.0610  -0.0374  -0.2010   0.1564  -0.0281  -0.0030
  0.0593  -0.0257  -0.1795   0.1526   0.0094  -0.0047
  0.0532  -0.0070  -0.1677   0.1675  -0.0103  -0.0197
  0.0670   0.0163  -0.1708   0.1686  -0.0254  -0.0383
  0.0559   0.0166  -0.1766   0.2257  -0.0485  -0.0328
  0.0616   0.0224  -0.1663   0.2620  -0.0444  -0.0606
  0.0630   0.0277  -0.1584   0.2253  -0.0198  -0.0507
  0.0647   0.0063  -0.1563   0.2393  -0.0177  -0.0479
  0.0833   0.0230  -0.1442   0.2482  -0.0061  -0.0575
  0.0883   0.0096  -0.1459   0.2075   0.0026  -0.0468
  0.0832   0.0155  -0.1432   0.2226  -0.0196  -0.0490
  0.0779   0.0352  -0.1416   0.2345  -0.0275  -0.0660
  0.0699   0.0386  -0.1360   0.2264  -0.0213  -0.0715
  0.0816   0.0349  -0.1336   0.2257  -0.0037  -0.0721
  0.0719   0.0203  -0.1210   0.1943  -0.0138  -0.0484
  0.0682   0.0336  -0.1293   0.1474  -0.0216  -0.0445
  0.0740   0.0279  -0.1276   0.1324  -0.0143  -0.0396
  0.0636   0.0341  -0.1174   0.1854  -0.0089  -0.0579
  0.0737   0.0307  -0.1099   0.1613   0.0130  -0.0540
  0.0594   0.0266  -0.1074   0.2605  -0.0244  -0.0801
  0.0562   0.0548  -0.1177   0.2361   0.0086  -0.0844
  0.0524   0.0492  -0.1144   0.2927  -0.0271  -0.1039
  0.0543   0.0683  -0.1193   0.2957  -0.0164  -0.0984
  0.0632   0.0694  -0.1161   0.2359  -0.0189  -0.0946
  0.0642   0.0737  -0.1168   0.2689  -0.0241  -0.0942
  0.0561   0.0822  -0.1185   0.2493  -0.0216  -0.0977
  0.0668   0.0894  -0.1171   0.2543  -0.0236  -0.1177
  0.0538   0.0797  -0.1230   0.2496  -0.0398  -0.1111
  0.0635   0.0974  -0.1331   0.2716  -0.0520  -0.1294
  0.0602   0.0715  -0.1055   0.2451  -0.0222  -0.1109
  0.0485   0.0467  -0.0851   0.2260   0.0056  -0.0855
  0.0604   0.0722  -0.0950   0.2298   0.0098  -0.0966
  0.0614   0.0362  -0.0755   0.1871   0.0311  -0.0744
  0.0475   0.0577  -0.0790   0.1894   0.0134  -0.0689
  0.0475   0.0382  -0.0718   0.1621   0.0209  -0.0540
  0.0480   0.0497  -0.0720   0.1719   0.0225  -0.0717
  0.0535   0.0326  -0.0737   0.1480   0.0434  -0.0659
  0.0442   0.0165  -0.0838   0.1600   0.0313  -0.0675
  0.0413   0.0323  -0.1041   0.0693   0.0133  -0.0414
  0.0416   0.0085  -0.0907   0.0638  -0.0021  -0.0325
  0.0307  -0.0062  -0.0942   0.0484  -0.0161  -0.0027
  0.0213  -0.0017  -0.0800   0.0211   0.0011   0.0098
  0.0219   0.0209  -0.0702   0.0495  -0.0026  -0.0146
  0.0225   0.0042  -0.0564   0.0577   0.0243  -0.0139
  0.0419   0.0098  -0.0627   0.0906   0.0216  -0.0371
  0.0237  -0.0182  -0.0752   0.0328   0.0190  -0.0155
  0.0040  -0.0265  -0.0853   0.0240  -0.0285   0.0115
 -0.0230  -0.0105  -0.0754   0.0050  -0.0380   0.0200
 -0.0261   0.0025  -0.0582   0.0032  -0.0276   0.0132
 -0.0229   0.0023  -0.0474   0.0373  -0.0439  -0.0056
 -0.0181  -0.0050  -0.0366   0.0600  -0.0378   0.0026
 -0.0245  -0.0051  -0.0368   0.0146  -0.0384   0.0043
 -0.0168  -0.0049  -0.0495  -0.0136  -0.0381   0.0106
 -0.0287  -0.0063  -0.0557  -0.0266  -0.0795   0.0226
 -0.0218  -0.0075  -0.0577   0.1103  -0.0615  -0.0321
 -0.0211  -0.0049  -0.0519   0.1041  -0.0703  -0.0428
 -0.0182   0.0197  -0.0363   0.0742  -0.0606  -0.0403
 -0.0173   0.0060  -0.0364   0.1076  -0.0731  -0.0397
 -0.0175   0.0210  -0.0271   0.1251  -0.0597  -0.0407
 -0.0166   0.0425  -0.0308   0.1007  -0.0493  -0.0430
 -0.0092   0.0290  -0.0250   0.0695  -0.0186  -0.0422
 -0.0215   0.0252  -0.0110   0.0872  -0.0191  -0.0331
 -0.0217   0.0385  -0.0110   0.0627  -0.0233  -0.0344
 -0.0125   0.0247  -0.0198   0.0634  -0.0127  -0.0413
 -0.0279   0.0262  -0.0162   0.0366  -0.0195  -0.0220
 -0.0197   0.0349  -0.0254  -0.0289  -0.0067  -0.0116
 -0.0172   0.0159  -0.0267   0.0245  -0.0481  -0.0288
 -0.0256   0.0133  -0.0231   0.0378  -0.0244  -0.0205
 -0.0221   0.0146  -0.0157   0.0763  -0.0317  -0.0360
 -0.0195   0.0040  -0.0290   0.0599  -0.0634  -0.0305
 -0.0314   0.0109   0.0075   0.1588  -0.1086  -0.0520
 -0.0385   0.0024   0.0247   0.0656  -0.0308  -0.0195
 -0.0454  -0.0013   0.0075   0.0845  -0.0673  -0.0405
 -0.0610  -0.0116   0.0158   0.0538  -0.0844  -0.0061
 -0.0627   0.0068   0.0324  -0.0187  -0.0413   0.0015
 -0.0609  -0.0028   0.0415  -0.0434  -0.0463   0.0080
 -0.0672  -0.0077   0.0551   0.0053  -0.0568  -0.0044
 -0.0543   0.0094   0.0520   0.0194  -0.0491  -0.0259
 -0.0459   0.0001   0.0553  -0.0053  -0.0563  -0.0185
 -0.0403   0.0048   0.0602  -0.0363  -0.0175   0.0043
 -0.0537   0.0265   0.0606  -0.0599  -0.0425   0.0083
 -0.0528   0.0116   0.0701  -0.0206  -0.0422   0.0053
 -0.0431   0.0060   0.0909  -0.0358   0.0046   0.0022
 -0.0273   0.0123   0.0860  -0.0456   0.0332  -0.0119
 -0.0324  -0.0053   0.0941  -0.1078   0.0126   0.0250
 -0.0526  -0.0323   0.0773  -0.1671  -0.0082   0.0735
 -0.0377  -0.0109   0.0730  -0.1110  -0.0023   0.0298
 -0.0440  -0.0141   0.0724  -0.1655  -0.0112   0.0459
 -0.0624  -0.0055   0.0990  -0.1479  -0.0265   0.0478
 -0.0468   0.0001   0.0942  -0.1037  -0.0238   0.0274
 -0.0430  -0.0127   0.1153  -0.1355  -0.0053   0.0362
 -0.0464  -0.0194   0.1185  -0.1620  -0.0012   0.0570
 -0.0394  -0.0031   0.1109  -0.1912   0.0055   0.0500
 -0.0334  -0.0125   0.1071  -0.1582  -0.0042   0.0428
 -0.0488  -0.0227   0.1150  -0.1677  -0.0064   0.0606
 -0.0411  -0.0243   0.1297  -0.1973  -0.0059   0.0647
 -0.0485  -0.0402   0.1209  -0.2188   0.0292   0.0850
 -0.0374  -0.0330   0.1322  -0.1772   0.0115   0.0605
 -0.0282  -0.0293   0.1401  -0.2049   0.0292   0.0605
 -0.0228  -0.0471   0.1415  -0.1744   0.0457   0.0571
 -0.0293  -0.0393   0.1396  -0.1795   0.0563   0.0680
 -0.0255  -0.0393   0.1568  -0.1719   0.0419   0.0513
 -0.0273  -0.0436   0.1527  -0.1636   0.0487   0.0623
 -0.0333  -0.0484   0.1518  -0.1282   0.0448   0.0575
 -0.0181  -0.0204   0.1503  -0.1700   0.0604   0.0491
 -0.0170  -0.0393   0.1596  -0.1705   0.0805   0.0510
 -0.0333  -0.0308   0.1515  -0.1683   0.0578   0.0514
 -0.0197  -0.0025   0.1579  -0.1698   0.0461   0.0268
 -0.0159  -0.0236   0.1514  -0.1745   0.0630   0.0406
 -0.0272  -0.0038   0.1545  -0.1809   0.0369   0.0384
 -0.0262   0.0087   0.1549  -0.1877   0.0327   0.0393
 -0.0232  -0.0065   0.1647  -0.1788   0.0555   0.0376
 -0.0475  -0.0112   0.1647  -0.1784   0.0689   0.0583
 -0.0260   0.0166   0.1711  -0.1933   0.0666   0.0402
 -0.0106  -0.0087   0.1681  -0.1497   0.0334   0.0254
 -0.0165   0.0023   0.1712  -0.1327   0.0576   0.0238
 -0.0061   0.0053   0.1757  -0.1582   0.0547   0.0228
 -0.0224   0.0075   0.1850  -0.1694   0.0612   0.0258
 -0.0343   0.0115   0.1764  -0.1794   0.0569   0.0261
 -0.0376   0.0051   0.1806  -0.2030   0.0768   0.0296
 -0.0570  -0.0184   0.1737  -0.2240   0.0464   0.0616
 -0.0531   0.0172   0.1555  -0.2687   0.0249   0.0549
 -0.0546  -0.0040   0.1569  -0.2338   0.0349   0.0494
 -0.0536  -0.0231   0.1609  -0.2281   0.0421   0.0607
 -0.0414  -0.0017   0.1681  -0.2741   0.0268   0.0639
 -0.0436  -0.0018   0.1620  -0.2523   0.0431   0.0523
 -0.0524  -0.0199   0.1571  -0.2630   0.0506   0.0649
 -0.0521  -0.0082   0.1636  -0.2884   0.0547   0.0702
 -0.0544  -0.0356   0.1917  -0.3262   0.0449   0.0841
 -0.0523  -0.0590   0.1947  -0.3100   0.0687   0.0922
 -0.0378  -0.0473   0.1992  -0.3362   0.0977   0.0910
 -0.0407  -0.0449   0.2049  -0.2766   0.0371   0.0645
 -0.0560  -0.0388   0.1927  -0.2547   0.0361   0.0604
 -0.0515  -0.0290   0.1893  -0.2614   0.0307   0.0648
 -0.0657  -0.0291   0.1890  -0.2719   0.0341   0.0805
 -0.0586  -0.0052   0.1933  -0.3395   0.0376   0.0853
 -0.0662  -0.0128   0.1824  -0.3276   0.0648   0.0815
 -0.0900  -0.0373   0.1972  -0.3144   0.0319   0.0961
 -0.0787  -0.0147   0.2026  -0.3493   0.0257   0.0931
 -0.0878  -0.0438   0.2078  -0.3309   0.0400   0.0940
 -0.0820  -0.0520   0.2333  -0.3518   0.0922   0.1051
 -0.0643  -0.0556   0.2455  -0.3682   0.0815   0.1058
 -0.0623  -0.0522   0.2459  -0.3393   0.0832   0.0988
 -0.0731  -0.0497   0.2263  -0.2976   0.0465   0.0871
 -0.0872  -0.0351   0.2312  -0.3245   0.0232   0.1013
 -0.0953  -0.0460   0.2264  -0.3698   0.0080   0.1197
 -0.1212  -0.0756   0.2175  -0.3997   0.0233   0.1595
 -0.1334  -0.0707   0.2224  -0.3809   0.0012   0.1576
 -0.1161  -0.0822   0.2276  -0.4222   0.0044   0.1759
 -0.1227  -0.1033   0.2266  -0.4290  -0.0045   0.1959
 -0.1516  -0.1569   0.2182  -0.4937  -0.0102   0.2438
