  0.0262   0.1649  -0.0557  -0.2031   0.0048  -0.0477
 -0.0216   0.1629  -0.0918  -0.1557  -0.0274  -0.0448
 -0.0091   0.1399  -0.0966  -0.1872  -0.0444  -0.0758
  0.0169   0.1433  -0.0825  -0.1927  -0.0168  -0.0195
  0.0111   0.1531  -0.0442  -0.2143  -0.0262   0.0104
  0.0210   0.1466  -0.0427  -0.1707  -0.0227  -0.0168
  0.0133   0.1359  -0.0362  -0.1442  -0.0254  -0.0095
  0.0127   0.1437  -0.0426  -0.1472  -0.0204  -0.0060
  0.0145   0.1380  -0.0348  -0.1547  -0.0216  -0.0120
  0.0218   0.1233  -0.0320  -0.1509  -0.0100  -0.0379
  0.0062   0.1295  -0.0333  -0.1796  -0.0233  -0.0155
  0.0234   0.1130  -0.0287  -0.1585  -0.0153  -0.0288
  0.0040   0.1271  -0.0293  -0.1623  -0.0121  -0.0189
  0.0163   0.1050  -0.0206  -0.1539  -0.0023  -0.0444
  0.0130   0.1262  -0.0137  -0.1715  -0.0072  -0.0010
  0.0122   0.1016  -0.0146  -0.1530  -0.0030  -0.0301
  0.0142   0.0879  -0.0136  -0.1448   0.0001  -0.0310
  0.0105   0.1032  -0.0166  -0.1527  -0.0018  -0.0190
  0.0154   0.1045  -0.0105  -0.1473  -0.0122   0.0020
  0.0132   0.1025  -0.0010  -0.1381  -0.0083  -0.0048
  0.0077   0.0844  -0.0087  -0.1200  -0.0118  -0.0185
  0.0104   0.0831  -0.0063  -0.1223  -0.0104  -0.0017
  0.0025   0.0745  -0.0088  -0.1142  -0.0225  -0.0117
  0.0006   0.0831  -0.0107  -0.1131  -0.0212  -0.0067
 -0.0057   0.0824  -0.0147  -0.1315  -0.0239  -0.0232
 -0.0001   0.0747  -0.0039  -0.1238  -0.0216   0.0031
 -0.0041   0.1006  -0.0140  -0.1298  -0.0290  -0.0362
  0.0085   0.0922  -0.0087  -0.1004  -0.0187  -0.0359
  0.0012   0.0182   0.0031  -0.0818  -0.0225   0.0674
 -0.0025   0.0325   0.0027  -0.1075  -0.0186  -0.0181
  0.0010   0.0117   0.0126  -0.0982  -0.0101  -0.0344
 -0.0101   0.0337   0.0135  -0.0808  -0.0015   0.0038
 -0.0147   0.0272   0.0013  -0.0719  -0.0106   0.0060
 -0.0071   0.0328   0.0011  -0.0883  -0.0134  -0.0124
 -0.0147   0.0309   0.0069  -0.0821  -0.0178  -0.0119
  0.0001   0.0299   0.0162  -0.1016  -0.0015  -0.0121
 -0.0110   0.0267   0.0247  -0.0369  -0.0210  -0.0128
 -0.0012  -0.0250   0.0210   0.0693  -0.0182  -0.0005
  0.0071  -0.0655   0.0194   0.0812   0.0185  -0.0115
  0.0079  -0.0509   0.0242   0.0341   0.0115   0.0196
  0.0058  -0.0417   0.0291   0.0252   0.0219   0.0149
  0.0042  -0.0522   0.0284   0.0390   0.0280  -0.0011
  0.0199  -0.0451   0.0392   0.0336   0.0507   0.0093
  0.0324  -0.0542   0.0499   0.0493   0.0536  -0.0044
  0.0319  -0.0548   0.0513   0.0484   0.0540  -0.0028
  0.0203  -0.0656   0.0416   0.0675   0.0478   0.0036
  0.0175  -0.0704   0.0297   0.0713   0.0358   0.0004
  0.0039  -0.0664   0.0204   0.0437   0.0232   0.0064
 -0.0013  -0.0694   0.0135   0.0354   0.0187   0.0110
  0.0022  -0.0726   0.0223   0.0365   0.0196   0.0038
 -0.0018  -0.0745   0.0201   0.0638   0.0301   0.0043
  0.0050  -0.0821   0.0278   0.0739   0.0297   0.0051
 -0.0073  -0.0624   0.0221   0.0778   0.0333   0.0183
  0.0026  -0.0800   0.0170   0.0781   0.0299   0.0141
 -0.0065  -0.0698   0.0201   0.0644   0.0331   0.0159
 -0.0038  -0.0856   0.0195   0.0753   0.0298   0.0229
 -0.0064  -0.0801   0.0255   0.0542   0.0316   0.0110
 -0.0104  -0.0996   0.0205   0.0713   0.0257  -0.0059
 -0.0126  -0.0914   0.0211   0.0634   0.0303   0.0039
 -0.0158  -0.0939   0.0158   0.0603   0.0125   0.0205
 -0.0094  -0.0866   0.0154   0.0821   0.0154   0.0191
 -0.0111  -0.0940   0.0160   0.0995   0.0143   0.0148
 -0.0029  -0.0881   0.0204   0.0999   0.0156   0.0505
 -0.0241  -0.1111   0.0247   0.1299   0.0206   0.0569
 -0.0163  -0.1045   0.0241   0.1172   0.0152   0.0160
 -0.0238  -0.1019   0.0183   0.1264   0.0151   0.0070
 -0.0109  -0.0874   0.0248   0.0889   0.0266   0.0218
 -0.0152  -0.1064   0.0219   0.0909   0.0181   0.0326
 -0.0100  -0.1155   0.0313   0.0566   0.0197   0.0333
 -0.0188  -0.1219   0.0181   0.2133  -0.0050  -0.0015
 -0.0207  -0.1286  -0.0100   0.3827  -0.0383   0.0012
 -0.0119  -0.1153  -0.0084   0.3348  -0.0149   0.0459
 -0.0215  -0.0928  -0.0148   0.3375  -0.0268   0.0537
 -0.0192  -0.1406  -0.0134   0.3518  -0.0299   0.0046
 -0.0146  -0.1074  -0.0091   0.3612  -0.0306   0.0094
 -0.0196  -0.0953  -0.0185   0.3143  -0.0329   0.0395
 -0.0255  -0.0902  -0.0079   0.3081  -0.0329   0.0272
 -0.0197  -0.1128  -0.0248   0.1862  -0.0312   0.0154
