  0.0179  -0.2798   0.0850   0.1530   0.0298  -0.4697
  0.0108  -0.2995   0.0592   0.1194   0.0361  -0.4655
  0.0143  -0.3099   0.0632   0.1404   0.0324  -0.4564
  0.0266  -0.2483   0.0620   0.1156   0.0222  -0.4609
  0.0143  -0.2927   0.0807   0.1806   0.0178  -0.4379
  0.0221  -0.2710   0.0496   0.0747   0.0365  -0.4703
  0.0193  -0.2977   0.0792   0.1598   0.0196  -0.4185
  0.0108  -0.3062   0.0780   0.1380   0.0036  -0.4337
  0.0144  -0.3021   0.0989   0.1884   0.0015  -0.4167
  0.0045  -0.3300   0.0719   0.1081   0.0088  -0.4323
  0.0003  -0.2853   0.0737   0.0603   0.0050  -0.4006
  0.0026  -0.3376   0.0522   0.0726   0.0121  -0.4068
  0.0117  -0.2603   0.0562   0.0933   0.0183  -0.3913
  0.0180  -0.2903   0.0389   0.1180   0.0212  -0.3950
  0.0021  -0.2958   0.0483   0.0354   0.0253  -0.4123
  0.0077  -0.3070   0.0671   0.0490   0.0243  -0.4064
  0.0044  -0.3026   0.0570   0.0556   0.0196  -0.3847
  0.0002  -0.3374   0.0766   0.1468   0.0151  -0.3330
 -0.0044  -0.3067   0.0559   0.0678   0.0214  -0.3716
  0.0090  -0.2608   0.0422   0.0680   0.0194  -0.3510
  0.0113  -0.2518   0.0343   0.0412   0.0182  -0.3615
  0.0164  -0.2347   0.0355  -0.0085   0.0286  -0.3844
  0.0183  -0.2392   0.0387   0.0640   0.0309  -0.3242
  0.0216  -0.2294   0.0391   0.0368   0.0271  -0.3380
  0.0277  -0.1970   0.0324  -0.0011   0.0293  -0.3529
  0.0245  -0.2694   0.0442   0.0927   0.0249  -0.3194
  0.0289  -0.2271   0.0345   0.0245   0.0460  -0.3328
  0.0316  -0.2380   0.0454   0.0422   0.0438  -0.3321
  0.0249  -0.2313   0.0367   0.0124   0.0450  -0.3320
  0.0332  -0.2181   0.0525   0.0146   0.0383  -0.3177
  0.0240  -0.1947   0.0541  -0.0111   0.0203  -0.3047
  0.0133  -0.2475   0.0575   0.1585   0.0285  -0.2477
 -0.0031  -0.2668   0.1019   0.2840   0.0209  -0.1696
  0.0241  -0.2550   0.0567   0.0183   0.0229  -0.2604
  0.0174  -0.2081   0.0766   0.1833   0.0111  -0.2269
  0.0173  -0.1750   0.0728   0.1431   0.0097  -0.2324
  0.0082  -0.2192   0.0531   0.0569   0.0192  -0.2485
  0.0051  -0.1860   0.0616   0.0776   0.0135  -0.2278
  0.0018  -0.2305   0.0615   0.1721   0.0213  -0.2307
  0.0180  -0.0916   0.0456  -0.0320   0.0086  -0.2456
  0.0021  -0.2315   0.0477   0.0637   0.0157  -0.2425
  0.0008  -0.1605   0.0497   0.0494   0.0109  -0.2043
  0.0106  -0.1750   0.0531   0.0688   0.0079  -0.2077
  0.0053  -0.1482   0.0775   0.1117  -0.0011  -0.1902
  0.0142  -0.1226   0.0504   0.0334   0.0119  -0.2464
  0.0095  -0.1243   0.0730   0.0762  -0.0035  -0.2057
  0.0026  -0.1941   0.0672   0.0766   0.0074  -0.2112
 -0.0047  -0.1713   0.0512  -0.0088  -0.0013  -0.2099
  0.0007  -0.1379   0.0761   0.0654  -0.0053  -0.1717
  0.0103  -0.1722   0.0651   0.0335   0.0058  -0.1518
 -0.0060  -0.2384   0.1178   0.1965   0.0077  -0.1172
 -0.0061  -0.1744   0.1138   0.0390   0.0204  -0.1557
 -0.0033  -0.2136   0.1878   0.2807   0.0054  -0.0882
 -0.0232  -0.1662   0.2591   0.5444  -0.0007   0.0176
 -0.0161  -0.0626   0.0885   0.2744   0.0110  -0.0732
 -0.0042  -0.0937   0.0611   0.2219   0.0135  -0.1037
 -0.0109  -0.0299   0.0596   0.1951   0.0052  -0.1046
 -0.0100  -0.1247   0.0748   0.3697   0.0087  -0.0360
 -0.0173  -0.0919   0.1247   0.5909  -0.0028   0.0101
 -0.0239   0.0303   0.1223   0.3191  -0.0045  -0.0835
 -0.0098  -0.1327   0.0513  -0.0591   0.0090  -0.1333
 -0.0140  -0.1919   0.0426  -0.0590   0.0089  -0.1496
 -0.0317  -0.2371   0.0405  -0.0167   0.0071  -0.1349
 -0.0429  -0.1862   0.1013   0.1009  -0.0228  -0.0640
 -0.0294  -0.1851   0.0846   0.0598  -0.0059  -0.0497
 -0.0295  -0.1657   0.0641   0.0316   0.0064  -0.0713
 -0.0239  -0.1550   0.0756   0.0051  -0.0117  -0.0906
 -0.0265  -0.1830   0.0850   0.0808  -0.0123  -0.0541
 -0.0199  -0.1713   0.0731  -0.0115  -0.0065  -0.0587
 -0.0212  -0.1928   0.0607   0.0186  -0.0103  -0.0598
 -0.0132  -0.1060   0.0682   0.0583  -0.0176  -0.0224
 -0.0189  -0.1594   0.0441   0.1033  -0.0097  -0.0450
 -0.0026  -0.0802   0.0568   0.1616   0.0063   0.0052
  0.0017  -0.1968   0.0206   0.0303   0.0287  -0.0484
 -0.0281  -0.1424   0.0203   0.2074   0.0021   0.0130
 -0.0049  -0.0816   0.0130   0.1776   0.0075   0.0026
 -0.0071  -0.0923   0.0101   0.0525  -0.0027   0.0442
 -0.0090  -0.0815   0.0131   0.0763   0.0027   0.0166
 -0.0061  -0.1091   0.0018  -0.0639  -0.0019   0.0005
  0.0012  -0.1343   0.0050  -0.0568   0.0135  -0.0261
 -0.0238  -0.0672   0.0581   0.1873   0.0040   0.0450
 -0.0170   0.0662   0.0331   0.0676   0.0085   0.0238
 -0.0098   0.0505   0.0502   0.0967  -0.0064   0.0804
 -0.0113   0.0768   0.0415   0.1069  -0.0017   0.0376
  0.0241   0.2822  -0.0056  -0.0044  -0.0040   0.0985
  0.0355   0.6135  -0.0473  -0.1553  -0.0062   0.0948
  0.0408   0.6313  -0.0955  -0.2469   0.0056   0.0069
  0.0186   0.5840  -0.0689  -0.2035   0.0038   0.0091
  0.0236   0.5561  -0.0659  -0.1918  -0.0124   0.0257
  0.0207   0.5130  -0.0752  -0.1986  -0.0089   0.0311
  0.0073   0.4156  -0.1012  -0.0895   0.0105   0.0600
 -0.0016   0.4367  -0.1020   0.1276   0.0290   0.1303
 -0.0073   0.4439  -0.0571  -0.0150  -0.0121   0.0509
 -0.0109   0.3776  -0.0860  -0.0754  -0.0154   0.0463
  0.0009   0.3220  -0.1181  -0.0761  -0.0060   0.1022
 -0.0120   0.3408  -0.0524   0.1128  -0.0103   0.1966
 -0.0108   0.3220  -0.1357  -0.1409   0.0009   0.0571
 -0.0012   0.2570  -0.1171  -0.0196  -0.0044   0.1506
  0.0035   0.3562  -0.0882   0.0229  -0.0146   0.1929
  0.0081   0.2783  -0.1402  -0.1935  -0.0057   0.1011
  0.0148   0.2548  -0.1326  -0.1782   0.0027   0.1509
  0.0095   0.2606  -0.1106  -0.1304   0.0017   0.1315
  0.0036   0.2256  -0.1103  -0.0946  -0.0045   0.1520
  0.0039   0.2574  -0.0851  -0.0299   0.0018   0.1657
  0.0079   0.1798  -0.1266  -0.1479   0.0150   0.1334
  0.0093   0.1824  -0.1148   0.0105   0.0189   0.1849
  0.0227   0.1832  -0.1381  -0.2021   0.0296   0.1325
  0.0060   0.1533  -0.1115  -0.0814   0.0162   0.1901
  0.0035   0.1879  -0.1078  -0.0528   0.0069   0.1859
  0.0269   0.2449  -0.1254  -0.1621   0.0133   0.1677
  0.0279   0.1623  -0.1157  -0.1552   0.0187   0.1391
  0.0241   0.1883  -0.1054  -0.0617   0.0191   0.1841
  0.0321   0.2203  -0.1167  -0.1273   0.0163   0.1849
  0.0246   0.1868  -0.1440  -0.2956   0.0165   0.1634
  0.0313   0.2289  -0.1309  -0.2467   0.0119   0.1879
  0.0286   0.2092  -0.1304  -0.2829   0.0148   0.1824
  0.0314   0.2644  -0.1249  -0.1256   0.0141   0.2311
  0.0168   0.2478  -0.1034  -0.1766   0.0088   0.2346
 -0.0034   0.2571  -0.1082  -0.3190  -0.0008   0.2132
 -0.0053   0.2754  -0.0880  -0.1909  -0.0156   0.2643
  0.0057   0.2724  -0.0779  -0.1200  -0.0125   0.3001
  0.0107   0.3263  -0.1106  -0.3235  -0.0169   0.2423
  0.0301   0.2084  -0.0937  -0.1877  -0.0170   0.3310
  0.0227   0.3162  -0.1054  -0.2999  -0.0256   0.2798
  0.0044   0.2659  -0.0706  -0.1172  -0.0337   0.3226
  0.0024   0.3085  -0.0655  -0.1875  -0.0285   0.3130
  0.0029   0.3143  -0.0755  -0.2031  -0.0278   0.3191
  0.0044   0.3016  -0.0371  -0.1784  -0.0413   0.3451
 -0.0141   0.2174  -0.0192  -0.1652  -0.0407   0.3286
 -0.0088   0.2351  -0.0218  -0.0747  -0.0255   0.3807
 -0.0104   0.2528  -0.0506  -0.2292  -0.0323   0.3025
 -0.0037   0.2789  -0.0517  -0.2066  -0.0318   0.3173
 -0.0072   0.2377  -0.0530  -0.1867  -0.0376   0.3133
 -0.0090   0.2740  -0.0575  -0.2124  -0.0359   0.3342
 -0.0094   0.1891  -0.0395  -0.1187  -0.0416   0.3583
 -0.0083   0.1743  -0.0207  -0.0517  -0.0393   0.4482
 -0.0141   0.1528  -0.0236  -0.1426  -0.0439   0.4107
 -0.0282   0.1103  -0.0239  -0.1635  -0.0356   0.4126
 -0.0247   0.0974  -0.0199  -0.1751  -0.0408   0.4319
 -0.0136   0.1092  -0.0460  -0.1703  -0.0263   0.4333
 -0.0153   0.0643  -0.0363  -0.2205  -0.0409   0.4261
 -0.0373  -0.0284  -0.0138  -0.1050  -0.0422   0.4331
 -0.0351  -0.0086  -0.0270  -0.1341  -0.0400   0.4209
 -0.0291   0.0062  -0.0169  -0.1804  -0.0418   0.4362
 -0.0494  -0.0215  -0.0346   0.0877  -0.0594   0.5243
 -0.0556   0.2117  -0.0470   0.4153  -0.0731   0.6202
 -0.0273   0.1874  -0.0837  -0.1167  -0.0421   0.4814
 -0.0376   0.0865  -0.0702   0.0782  -0.0386   0.5102
 -0.0260   0.1138  -0.0734  -0.1461  -0.0210   0.4685
 -0.0445  -0.0607  -0.0370  -0.0423  -0.0242   0.4727
 -0.0326   0.0396  -0.0374  -0.0610  -0.0294   0.4868
 -0.0327  -0.0018  -0.0701  -0.0213  -0.0168   0.5269
