 -0.4403  -0.4761  -0.7051   0.5157  -0.5039   0.6114
 -0.4600  -0.5770  -0.7650   0.6162  -0.4793   0.6731
 -0.4433  -0.5536  -0.7350   0.5738  -0.4561   0.6200
 -0.4469  -0.5607  -0.7250   0.5835  -0.4613   0.6697
 -0.4384  -0.5477  -0.6693   0.5518  -0.4322   0.5987
 -0.4517  -0.5822  -0.7018   0.5500  -0.4399   0.6580
 -0.4380  -0.5926  -0.6921   0.5997  -0.4442   0.5675
 -0.4734  -0.5877  -0.7108   0.5761  -0.4494   0.6291
 -0.5472  -0.7137  -0.8401   0.5271  -0.5721   0.6292
 -0.4669  -0.6008  -0.7331   0.4699  -0.5240   0.6266
 -0.5135  -0.6357  -0.7569   0.4757  -0.5198   0.5169
 -0.4842  -0.6285  -0.7394   0.4670  -0.5204   0.7263
 -0.4681  -0.6597  -0.7247   0.5708  -0.4959   0.5169
 -0.4775  -0.5649  -0.7343   0.4857  -0.5076   0.6058
 -0.4989  -0.6214  -0.7307   0.5988  -0.4846   0.5605
 -0.4812  -0.5483  -0.7104   0.5445  -0.4817   0.5867
 -0.4519  -0.5774  -0.6730   0.5585  -0.4565   0.5216
 -0.4263  -0.4810  -0.6463   0.4586  -0.4456   0.5853
 -0.4019  -0.5302  -0.6280   0.4971  -0.4374   0.4630
 -0.4030  -0.4742  -0.6402   0.4649  -0.4576   0.5451
 -0.4028  -0.5243  -0.6149   0.5154  -0.4398   0.4591
 -0.3898  -0.4624  -0.6243   0.4579  -0.4470   0.5124
 -0.4119  -0.5034  -0.6188   0.4994  -0.4316   0.4706
 -0.3965  -0.4550  -0.6158   0.5049  -0.4205   0.4694
 -0.4076  -0.4784  -0.5960   0.4935  -0.4136   0.4563
 -0.4117  -0.4566  -0.6040   0.4796  -0.4112   0.4605
 -0.3964  -0.4566  -0.5914   0.4453  -0.4163   0.4434
 -0.4030  -0.4548  -0.6149   0.4559  -0.4142   0.4334
 -0.4273  -0.4576  -0.5972   0.4538  -0.4047   0.4248
 -0.4079  -0.4324  -0.6042   0.4232  -0.4123   0.4292
 -0.3990  -0.4440  -0.6086   0.4264  -0.4171   0.4096
 -0.3863  -0.4355  -0.5932   0.4529  -0.4045   0.4215
 -0.3659  -0.4306  -0.5477   0.4390  -0.3761   0.3693
 -0.3810  -0.3840  -0.5626   0.4190  -0.3879   0.4458
 -0.3641  -0.4392  -0.5482   0.4587  -0.3706   0.3154
 -0.3789  -0.3521  -0.5572   0.4193  -0.3569   0.4676
 -0.3645  -0.4150  -0.5380   0.4614  -0.3592   0.3073
 -0.3645  -0.3300  -0.5373   0.3919  -0.3363   0.4357
 -0.3500  -0.3827  -0.5129   0.4102  -0.3579   0.3302
 -0.3310  -0.3470  -0.5014   0.3856  -0.3341   0.3335
 -0.3294  -0.3505  -0.5040   0.3813  -0.3428   0.3863
 -0.3271  -0.3526  -0.4661   0.4047  -0.3132   0.2865
 -0.2862  -0.3203  -0.4371   0.3506  -0.2917   0.3594
 -0.2512  -0.2949  -0.3920   0.3356  -0.2645   0.2751
 -0.2359  -0.2582  -0.3967   0.2745  -0.2673   0.3665
 -0.2172  -0.2889  -0.3534   0.3098  -0.2408   0.2310
 -0.2347  -0.2672  -0.3869   0.2774  -0.2619   0.3134
 -0.2348  -0.2870  -0.3641   0.2995  -0.2534   0.2440
 -0.2360  -0.2438  -0.3718   0.2655  -0.2581   0.2919
 -0.2291  -0.2621  -0.3541   0.2980  -0.2443   0.2445
 -0.2502  -0.2262  -0.3863   0.2732  -0.2688   0.3019
 -0.2627  -0.2671  -0.3937   0.3007  -0.2747   0.2251
 -0.2623  -0.1867  -0.3901   0.2346  -0.2668   0.3235
 -0.2533  -0.2594  -0.3792   0.2900  -0.2701   0.2001
 -0.2481  -0.2095  -0.3739   0.2603  -0.2531   0.2682
 -0.2622  -0.2403  -0.3728   0.2757  -0.2662   0.2750
 -0.2548  -0.2365  -0.3706   0.2586  -0.2498   0.2150
 -0.2411  -0.2342  -0.3658   0.2749  -0.2613   0.2436
 -0.2453  -0.2060  -0.3577   0.2356  -0.2462   0.2007
 -0.2449  -0.2087  -0.3661   0.2449  -0.2623   0.2956
 -0.2254  -0.2241  -0.3372   0.2477  -0.2461   0.1329
 -0.2385  -0.1837  -0.3667   0.2055  -0.2582   0.3102
 -0.2266  -0.2302  -0.3347   0.2297  -0.2379   0.1204
 -0.2239  -0.1718  -0.3505   0.2064  -0.2462   0.2742
 -0.2189  -0.2365  -0.3438   0.2171  -0.2366   0.1277
 -0.2211  -0.1617  -0.3442   0.1621  -0.2465   0.2614
 -0.2218  -0.2239  -0.3273   0.2144  -0.2385   0.1215
 -0.2312  -0.1667  -0.3452   0.1670  -0.2411   0.2485
 -0.2463  -0.2064  -0.3322   0.2979  -0.2631   0.1337
 -0.2271  -0.1328  -0.3175   0.2770  -0.2663   0.2517
 -0.2235  -0.1927  -0.3161   0.2138  -0.2587   0.1425
 -0.2163  -0.1635  -0.3343   0.1557  -0.2460   0.2171
 -0.2066  -0.1902  -0.3140   0.2085  -0.2535   0.1393
 -0.2116  -0.1349  -0.3134   0.1744  -0.2425   0.1883
 -0.2018  -0.1821  -0.3029   0.1998  -0.2488   0.1420
 -0.2038  -0.1426  -0.3011   0.1856  -0.2422   0.1732
 -0.2012  -0.1507  -0.3040   0.1668  -0.2465   0.1529
 -0.1908  -0.1334  -0.2849   0.1644  -0.2318   0.1458
 -0.1571  -0.1337  -0.2623   0.1169  -0.2079   0.1623
 -0.1305  -0.1130  -0.2326   0.0991  -0.2045   0.1440
 -0.1050  -0.1270  -0.2052   0.1123  -0.1812   0.1343
 -0.0889  -0.0790  -0.1897   0.0519  -0.1714   0.1395
 -0.0854  -0.0999  -0.1998   0.0854  -0.1831   0.1458
 -0.0792  -0.0940  -0.1792   0.1144  -0.1789   0.0862
 -0.0658  -0.0829  -0.1768   0.0928  -0.1712   0.1207
 -0.0677  -0.0688  -0.1697   0.0509  -0.1697   0.1124
 -0.0704  -0.0685  -0.1732   0.0395  -0.1698   0.1247
 -0.0530  -0.0418  -0.1539  -0.0006  -0.1624   0.1014
 -0.0539  -0.0633  -0.1483   0.0182  -0.1605   0.0993
 -0.0477  -0.0342  -0.1543  -0.0164  -0.1646   0.1035
 -0.0486  -0.0595  -0.1456   0.0043  -0.1557   0.0759
 -0.0422  -0.0181  -0.1299  -0.0070  -0.1439   0.0865
 -0.0365  -0.0323  -0.1305  -0.0354  -0.1479   0.0758
 -0.0187  -0.0273  -0.0995  -0.0356  -0.1163   0.0404
 -0.0256  -0.0292  -0.1135  -0.0744  -0.1235   0.1101
 -0.0312  -0.0192  -0.1277  -0.0880  -0.1382   0.0479
 -0.0257  -0.0182  -0.1271  -0.0722  -0.1363   0.1042
 -0.0245  -0.0210  -0.1170  -0.0633  -0.1342   0.0104
 -0.0177  -0.0250  -0.1273  -0.0694  -0.1473   0.1047
 -0.0219  -0.0232  -0.1057  -0.0831  -0.1440   0.0128
 -0.0053  -0.0155  -0.0988  -0.1090  -0.1486   0.0717
 -0.0039  -0.0141  -0.0970  -0.1018  -0.1413   0.0144
 -0.0000  -0.0033  -0.0991  -0.1335  -0.1456   0.0534
 -0.0065   0.0041  -0.0876  -0.1148  -0.1420   0.0161
 -0.0043   0.0112  -0.0799  -0.1235  -0.1251   0.0376
 -0.0017   0.0044  -0.0814  -0.1155  -0.1232   0.0192
  0.0011   0.0107  -0.0703  -0.1502  -0.1164   0.0404
  0.0009   0.0129  -0.0806  -0.1456  -0.1144   0.0237
  0.0035   0.0147  -0.0778  -0.1258  -0.1164   0.0109
  0.0134   0.0324  -0.0748  -0.1379  -0.1163   0.0246
  0.0272   0.0182  -0.0472  -0.1379  -0.1050  -0.0211
  0.0110   0.0629  -0.0692  -0.1657  -0.1192   0.0611
  0.0204   0.0038  -0.0512  -0.1359  -0.0968  -0.0511
  0.0108   0.0613  -0.0587  -0.1561  -0.1094   0.0362
  0.0149   0.0139  -0.0527  -0.1747  -0.1023  -0.0416
  0.0065   0.0472  -0.0617  -0.2125  -0.1099  -0.0115
  0.0204   0.0154  -0.0251  -0.1449  -0.0878  -0.0433
 -0.0031   0.0593  -0.0807  -0.2328  -0.1474   0.0058
 -0.0437   0.0367  -0.1147  -0.1946  -0.2140  -0.0290
 -0.0269   0.0385  -0.0815  -0.1886  -0.1724  -0.0979
 -0.0251   0.0729  -0.0980  -0.2011  -0.1746   0.0537
 -0.0418   0.0246  -0.0967  -0.2004  -0.1594  -0.1320
 -0.0461   0.0558  -0.0889  -0.1897  -0.1669  -0.0073
 -0.0296   0.0324  -0.0726  -0.1851  -0.1603  -0.0857
 -0.0358   0.0566  -0.0766  -0.2066  -0.1491  -0.0300
 -0.0239   0.0429  -0.0437  -0.1523  -0.1229  -0.0717
 -0.0259   0.0819  -0.0530  -0.2140  -0.1425  -0.0173
 -0.0196   0.0382  -0.0560  -0.2424  -0.1287  -0.1210
 -0.0345   0.0918  -0.0784  -0.3065  -0.1412  -0.0375
 -0.0407   0.0328  -0.0800  -0.2697  -0.1416  -0.1123
 -0.0341   0.0870  -0.0654  -0.2862  -0.1370  -0.0965
 -0.0227   0.0568  -0.0549  -0.2397  -0.1320  -0.0872
 -0.0192   0.0961  -0.0435  -0.2398  -0.1231  -0.0989
 -0.0137   0.0808  -0.0600  -0.2209  -0.1374  -0.0351
 -0.0142   0.0650  -0.0436  -0.2211  -0.1239  -0.1516
 -0.0150   0.0876  -0.0448  -0.2284  -0.1224  -0.0461
 -0.0127   0.0596  -0.0342  -0.2244  -0.1104  -0.1573
 -0.0318   0.1014  -0.0531  -0.2193  -0.1342  -0.0538
 -0.0163   0.0523  -0.0135  -0.1943  -0.1040  -0.1561
  0.0115   0.1269   0.0036  -0.2071  -0.0873  -0.0249
  0.0083   0.0499   0.0020  -0.2097  -0.0871  -0.1856
 -0.0004   0.0996  -0.0181  -0.2909  -0.0906  -0.0698
  0.0108   0.0394   0.0148  -0.2074  -0.0786  -0.1592
  0.0445   0.1289   0.0600  -0.2231  -0.0316  -0.0924
  0.0723   0.0947   0.0852  -0.2112  -0.0176  -0.1676
  0.0651   0.1164   0.0732  -0.2602  -0.0117  -0.1409
  0.0684   0.1007   0.0940  -0.1615  -0.0091  -0.1263
  0.0899   0.1278   0.1040  -0.2182   0.0150  -0.1512
  0.1120   0.1195   0.1344  -0.1880   0.0281  -0.1268
  0.1272   0.1172   0.1720  -0.1712   0.0718  -0.1893
  0.1284   0.1406   0.1654  -0.1787   0.0733  -0.0982
  0.1397   0.1055   0.1915  -0.1772   0.0940  -0.2225
  0.1508   0.1380   0.1792  -0.2065   0.0734  -0.1108
  0.1507   0.1038   0.2074  -0.1259   0.0971  -0.2368
  0.1510   0.1700   0.1936  -0.1878   0.0963  -0.0858
  0.1632   0.0896   0.2206  -0.1280   0.1158  -0.2427
  0.1654   0.1704   0.2122  -0.2095   0.1273  -0.1019
  0.1787   0.0855   0.2283  -0.1551   0.1402  -0.2413
  0.1741   0.1681   0.2294  -0.2192   0.1363  -0.1257
  0.1892   0.0897   0.2369  -0.1747   0.1370  -0.2439
  0.1936   0.1770   0.2496  -0.2138   0.1585  -0.1493
  0.2031   0.1188   0.2593  -0.1810   0.1663  -0.2111
  0.1969   0.1535   0.2821  -0.1937   0.2005  -0.1986
  0.1863   0.1274   0.2773  -0.1783   0.1815  -0.2112
  0.1751   0.1702   0.3100  -0.1677   0.2416  -0.2203
  0.1954   0.1557   0.3098  -0.1765   0.2218  -0.2133
  0.2110   0.1780   0.3130  -0.2199   0.2444  -0.2151
  0.2234   0.1694   0.3131  -0.2382   0.2416  -0.2143
  0.2208   0.1595   0.3060  -0.1768   0.2417  -0.2057
  0.2373   0.1429   0.3164  -0.2014   0.2278  -0.2385
  0.2685   0.1845   0.3416  -0.2936   0.2285  -0.2209
  0.2681   0.1615   0.3360  -0.2544   0.2303  -0.2499
  0.2613   0.2189   0.3487  -0.2228   0.2541  -0.2334
  0.2547   0.1637   0.3235  -0.1677   0.2339  -0.2370
  0.2769   0.2541   0.4141  -0.1270   0.3304  -0.2175
  0.3514   0.4369   0.7299  -0.1513   0.5675  -0.2681
  0.2986   0.3361   0.5763  -0.2614   0.4609  -0.3446
  0.3243   0.3053   0.5806  -0.1410   0.4654  -0.2920
  0.3319   0.3430   0.5677  -0.1778   0.4691  -0.3175
  0.3269   0.3376   0.5611  -0.2313   0.4557  -0.2573
  0.3214   0.2981   0.5806  -0.1207   0.4657  -0.3815
  0.3322   0.3451   0.5656  -0.2309   0.4511  -0.2438
  0.3272   0.2733   0.5736  -0.1390   0.4641  -0.3892
  0.3483   0.3493   0.5696  -0.2750   0.4451  -0.2603
  0.3631   0.2869   0.5882  -0.2516   0.4603  -0.4083
  0.3462   0.3495   0.5845  -0.3058   0.4549  -0.2689
  0.3454   0.2820   0.5893  -0.2055   0.4771  -0.3941
  0.3431   0.3522   0.5859  -0.2688   0.4678  -0.2796
  0.3291   0.2870   0.5937  -0.1739   0.4943  -0.4055
  0.3364   0.3507   0.5906  -0.2546   0.4968  -0.3027
  0.3348   0.2787   0.5927  -0.1617   0.5022  -0.3959
  0.3321   0.3475   0.5907  -0.2532   0.4954  -0.3016
  0.3386   0.2802   0.5919  -0.1671   0.4977  -0.3772
  0.3290   0.3366   0.5918  -0.2247   0.5049  -0.3138
  0.3321   0.2860   0.5986  -0.2071   0.4971  -0.3915
  0.3379   0.3518   0.5969  -0.2848   0.4773  -0.3098
  0.3474   0.3059   0.5977  -0.2201   0.4798  -0.3639
  0.3498   0.3567   0.6094  -0.2370   0.4867  -0.3455
  0.3493   0.3196   0.6002  -0.2089   0.4853  -0.3481
  0.3503   0.3619   0.6077  -0.2614   0.5006  -0.3434
  0.3439   0.3173   0.6076  -0.2120   0.5014  -0.3791
  0.3635   0.3936   0.6075  -0.3295   0.5068  -0.3300
  0.3484   0.3192   0.6131  -0.2023   0.5210  -0.3938
  0.3568   0.3990   0.6081  -0.2849   0.5242  -0.3255
  0.3611   0.3176   0.6052  -0.1766   0.5191  -0.3704
  0.3536   0.3828   0.6183  -0.2524   0.5269  -0.3387
  0.3486   0.3201   0.6153  -0.2182   0.5131  -0.3599
  0.3650   0.3682   0.6214  -0.3290   0.5216  -0.3891
  0.3851   0.3558   0.6083  -0.3132   0.5069  -0.3412
  0.3649   0.3478   0.6256  -0.1989   0.5398  -0.4350
  0.3768   0.3778   0.6126  -0.2990   0.5181  -0.3090
  0.3624   0.3618   0.6330  -0.2201   0.5471  -0.4261
  0.3762   0.3936   0.6203  -0.3399   0.5334  -0.3251
  0.3405   0.3401   0.6327  -0.1895   0.5683  -0.4568
  0.3574   0.3945   0.6203  -0.2931   0.5212  -0.3210
  0.3624   0.3012   0.6393  -0.1747   0.5440  -0.4561
  0.3875   0.4013   0.6233  -0.3275   0.5091  -0.3300
  0.3904   0.3064   0.6305  -0.1996   0.5173  -0.4783
  0.3674   0.4094   0.6459  -0.3396   0.5332  -0.3778
  0.3733   0.3205   0.6392  -0.2197   0.5364  -0.4448
  0.3701   0.4210   0.6366  -0.2804   0.5487  -0.3815
  0.3767   0.3300   0.6329  -0.1584   0.5356  -0.4396
  0.3592   0.4290   0.6504  -0.1644   0.5717  -0.3832
  0.3659   0.3503   0.6347  -0.2320   0.5495  -0.3764
  0.3638   0.3811   0.6580  -0.2250   0.5619  -0.4354
  0.3565   0.3680   0.6462  -0.2822   0.5462  -0.3660
  0.3640   0.3832   0.6563  -0.2400   0.5674  -0.4374
  0.3763   0.3918   0.6353  -0.2942   0.5545  -0.3817
  0.3709   0.3499   0.6468  -0.1752   0.5647  -0.4365
  0.3633   0.3686   0.6444  -0.1998   0.5661  -0.3924
  0.3767   0.3435   0.6446  -0.2567   0.5553  -0.4252
  0.3827   0.3696   0.6327  -0.3200   0.5308  -0.4044
  0.3970   0.3466   0.6481  -0.2295   0.5448  -0.4246
  0.3803   0.3542   0.6318  -0.2473   0.5414  -0.4343
  0.3633   0.3423   0.6509  -0.2268   0.5789  -0.4386
  0.3784   0.3744   0.6498  -0.2888   0.5873  -0.4266
