 -0.1679   0.2895   0.1406  -0.2655  -0.0251  -0.5139
 -0.2219   0.2933   0.0885  -0.2167  -0.0629  -0.4846
 -0.1699   0.2141   0.0967  -0.2152  -0.0247  -0.4250
 -0.1367   0.1535   0.0958  -0.2733  -0.0033  -0.3925
 -0.1495   0.1387   0.1234  -0.2192  -0.0266  -0.4073
 -0.1299   0.2466   0.1240  -0.2473  -0.0288  -0.4258
 -0.0917   0.2274   0.1608  -0.2702  -0.0087  -0.4402
 -0.1428   0.2038   0.1787  -0.2585  -0.0207  -0.4155
 -0.1496   0.2642   0.1895  -0.2757  -0.0150  -0.4353
 -0.1526   0.2304   0.1639  -0.2625  -0.0166  -0.4142
 -0.1344   0.2560   0.1852  -0.2517  -0.0046  -0.4247
 -0.1372   0.2728   0.1918  -0.2701  -0.0001  -0.4368
 -0.1489   0.2361   0.1724  -0.2411  -0.0058  -0.4137
 -0.1537   0.2001   0.1585  -0.2564  -0.0059  -0.4009
 -0.1515   0.2041   0.1782  -0.2600  -0.0018  -0.4007
 -0.1713   0.1852   0.1861  -0.2709  -0.0014  -0.3885
 -0.1165   0.1341   0.2047  -0.2159   0.0158  -0.3636
  0.0024   0.2118   0.1373  -0.2249   0.0113  -0.3573
 -0.0056   0.2224   0.1299  -0.2294   0.0058  -0.3630
 -0.0649   0.1585   0.1460  -0.1989   0.0162  -0.3752
 -0.0542   0.1882   0.1375  -0.1902   0.0106  -0.3752
 -0.0607   0.2073   0.1318  -0.2259   0.0103  -0.3677
 -0.0350   0.2158   0.1461  -0.2471   0.0207  -0.3615
 -0.0101   0.1970   0.1465  -0.2047   0.0120  -0.3371
 -0.0095   0.1859   0.1306  -0.1852  -0.0057  -0.3251
 -0.0254   0.1682   0.1231  -0.1864   0.0124  -0.3323
 -0.0203   0.1775   0.1114  -0.1760   0.0145  -0.3404
 -0.0485   0.1757   0.0907  -0.1885   0.0054  -0.3318
 -0.0451   0.2001   0.0907  -0.2207   0.0040  -0.3291
 -0.0257   0.1583   0.0858  -0.1941   0.0056  -0.3107
 -0.0246   0.2287   0.0904  -0.2100   0.0017  -0.3135
 -0.0713   0.1601   0.1003  -0.2230   0.0089  -0.3001
 -0.0791   0.1303   0.1077  -0.2053   0.0116  -0.2796
 -0.0553   0.1618   0.0919  -0.1961   0.0075  -0.2873
 -0.0474   0.1227   0.0966  -0.1797   0.0078  -0.2827
 -0.0549   0.2199   0.0758  -0.2088  -0.0002  -0.2938
 -0.0381   0.2590   0.1086  -0.2273   0.0049  -0.2872
 -0.0199   0.2677   0.1025  -0.2378   0.0075  -0.2752
 -0.0539   0.2781   0.0588  -0.1963   0.0005  -0.2641
 -0.0394   0.1617   0.0853  -0.1429   0.0305  -0.2435
 -0.0368   0.1070   0.0821  -0.1972   0.0245  -0.2183
 -0.0219   0.1546   0.0855  -0.1761   0.0289  -0.1985
 -0.0261   0.1249   0.0728  -0.1205   0.0268  -0.2027
 -0.0356   0.1383   0.0704  -0.1467   0.0191  -0.2157
 -0.0485   0.1721   0.0682  -0.1920   0.0164  -0.2148
 -0.0592   0.1619   0.0614  -0.1841   0.0137  -0.2200
 -0.0634   0.1969   0.0503  -0.1762   0.0021  -0.2026
 -0.0454   0.1267   0.0509  -0.1283   0.0140  -0.1815
 -0.0654   0.1138   0.0461  -0.0857   0.0052  -0.1884
 -0.0662   0.1249   0.0511  -0.1269  -0.0010  -0.1848
 -0.0762   0.1284   0.0479  -0.1509   0.0095  -0.1695
 -0.0483   0.1593   0.0492  -0.1590   0.0033  -0.1497
 -0.0568   0.1482   0.0392  -0.1200   0.0023  -0.1406
 -0.0626   0.1415   0.0414  -0.1574   0.0073  -0.1619
 -0.0654   0.1641   0.0369  -0.1567   0.0051  -0.1475
 -0.0679   0.1783   0.0476  -0.2178   0.0042  -0.1442
 -0.0674   0.1723   0.0448  -0.1096   0.0105  -0.1022
 -0.0623   0.1243   0.0386  -0.0843   0.0172  -0.0923
 -0.0598   0.1387   0.0273  -0.0161  -0.0023  -0.1092
 -0.0274   0.0638  -0.0019  -0.0376  -0.0081  -0.0437
 -0.0164  -0.0409  -0.0075  -0.0263  -0.0087  -0.0057
  0.0007   0.0482  -0.0145   0.0662  -0.0350  -0.0100
  0.0190   0.0496  -0.0353   0.1176  -0.0398   0.0116
  0.1026  -0.0596  -0.0721   0.3921  -0.0077   0.0861
  0.1123   0.0190  -0.0843   0.1385   0.0213   0.1045
  0.0928  -0.1089  -0.0503   0.0990   0.0238  -0.0036
  0.0869  -0.2214  -0.0303   0.2406   0.0074  -0.0099
  0.0724  -0.2646  -0.0894   0.2434  -0.0100   0.0508
  0.0394   0.0029  -0.0767   0.1175  -0.0215  -0.0068
  0.0354   0.1666  -0.0419   0.1072  -0.0288   0.0192
 -0.0005   0.1345  -0.0608   0.1004  -0.0163  -0.0001
 -0.0158  -0.0003  -0.0269   0.0745  -0.0042   0.0332
  0.0362  -0.0499  -0.0116   0.0674  -0.0017   0.0812
  0.0418  -0.0285  -0.0447   0.0578   0.0096   0.0661
  0.0283  -0.0247  -0.0620   0.0898  -0.0034   0.0773
  0.0356  -0.0690  -0.0483   0.0752   0.0061   0.0993
  0.0348  -0.0758  -0.0526   0.0376   0.0060   0.0954
  0.0450  -0.1686  -0.0576   0.0997  -0.0087   0.1305
  0.0607  -0.1840  -0.0533   0.1098  -0.0028   0.1598
  0.0559  -0.1788  -0.0506   0.1049  -0.0132   0.1648
  0.0572  -0.2209  -0.0540   0.1485   0.0058   0.1617
  0.0587  -0.2960  -0.0667   0.1966   0.0263   0.2052
  0.0392  -0.0870  -0.0389  -0.0292   0.0277   0.1861
  0.0376  -0.2043  -0.0208   0.0967   0.0206   0.2186
  0.0335  -0.1936  -0.0450   0.1865   0.0110   0.2082
  0.0026  -0.0241  -0.0398   0.0715  -0.0028   0.1542
  0.0083  -0.0713  -0.0544   0.0622  -0.0043   0.1969
  0.0211  -0.0562  -0.0486   0.0742  -0.0046   0.1959
  0.0301  -0.0939  -0.0542   0.1090   0.0041   0.2240
  0.0108  -0.0696  -0.0487   0.0570  -0.0006   0.2109
  0.0287  -0.0782  -0.0606   0.0384   0.0208   0.2097
  0.0269  -0.1529  -0.0522   0.0412   0.0204   0.2350
  0.0631  -0.0867  -0.0294   0.1466   0.0161   0.3094
  0.0277  -0.1611  -0.0391   0.0739   0.0132   0.2668
  0.0329  -0.3369  -0.0491   0.1047   0.0162   0.3081
  0.0321  -0.2330  -0.0584   0.0440   0.0060   0.2908
  0.0823  -0.3171  -0.0976   0.2980   0.0198   0.3354
  0.0981  -0.1128  -0.0648   0.3468   0.0045   0.3095
  0.0680  -0.1489  -0.1192   0.1067  -0.0177   0.2938
  0.0853  -0.2189  -0.1307   0.2214  -0.0301   0.3462
  0.0514  -0.2486  -0.1248   0.1689  -0.0172   0.3453
  0.0596  -0.3476  -0.1251   0.2602  -0.0044   0.3787
  0.0547  -0.2464  -0.1290   0.1525   0.0024   0.3536
  0.0561  -0.2375  -0.1226   0.2124  -0.0045   0.3735
  0.0658  -0.0497  -0.1019   0.2576   0.0058   0.4185
  0.0679  -0.2365  -0.0921   0.4556   0.0057   0.4774
  0.0615  -0.2533  -0.1141   0.1730   0.0033   0.4104
  0.0910  -0.1259  -0.1337   0.3134   0.0018   0.4344
  0.1479  -0.3003  -0.2783   0.7442   0.0148   0.5119
  0.1682  -0.3965  -0.2318   0.6477   0.0199   0.5079
  0.1560  -0.4387  -0.1675   0.3225   0.0095   0.5161
  0.1358  -0.4362  -0.1661   0.1648   0.0006   0.4821
  0.1345  -0.3736  -0.1533   0.2737   0.0023   0.5230
  0.1334  -0.2574  -0.1624   0.2237  -0.0013   0.5261
  0.1197  -0.3050  -0.1524   0.1896  -0.0087   0.5211
  0.1373  -0.3073  -0.1509   0.2201  -0.0145   0.5456
  0.1413  -0.3557  -0.2155   0.1549   0.0015   0.5316
  0.2346   0.0094  -0.3304   0.4533  -0.0594   0.5796
  0.2068  -0.2199  -0.2759   0.3612  -0.0839   0.5789
  0.1473  -0.4668  -0.2200   0.1970  -0.0138   0.5901
  0.1422  -0.3416  -0.2061   0.3577  -0.0434   0.6048
  0.1353  -0.3694  -0.1949   0.2565  -0.0267   0.6106
  0.1366  -0.4607  -0.1895   0.2999  -0.0248   0.6377
  0.1581  -0.5579  -0.2111   0.3890  -0.0121   0.6913
