 -0.0632   0.1867   0.0410  -0.4737  -0.0252  -0.5048
 -0.0786   0.2295   0.0552  -0.4850  -0.0361  -0.4621
 -0.0670   0.2182   0.0447  -0.4948  -0.0221  -0.4638
 -0.0622   0.1756   0.0444  -0.4431  -0.0258  -0.4554
 -0.0593   0.1701   0.0399  -0.4396  -0.0212  -0.4788
 -0.0686   0.1804   0.0466  -0.4567  -0.0295  -0.4707
 -0.0450   0.1922   0.0296  -0.4786  -0.0201  -0.4793
 -0.0361   0.1590   0.0248  -0.4567  -0.0226  -0.4632
 -0.0552   0.1455   0.0338  -0.4316  -0.0314  -0.4739
 -0.0467   0.1523   0.0283  -0.4227  -0.0257  -0.4799
 -0.0488   0.1364   0.0263  -0.4195  -0.0246  -0.4633
 -0.0474   0.1167   0.0294  -0.3981  -0.0240  -0.4564
 -0.0505   0.1274   0.0346  -0.4078  -0.0236  -0.4583
 -0.0522   0.1358   0.0360  -0.4196  -0.0234  -0.4612
 -0.0464   0.1064   0.0306  -0.4159  -0.0196  -0.4554
 -0.0368   0.0910   0.0327  -0.3852  -0.0134  -0.4458
 -0.0401   0.1081   0.0325  -0.3657  -0.0200  -0.4559
 -0.0423   0.1147   0.0238  -0.3870  -0.0169  -0.4364
 -0.0458   0.0913   0.0253  -0.3661  -0.0179  -0.4487
 -0.0415   0.0946   0.0297  -0.3531  -0.0164  -0.4043
 -0.0454   0.0994   0.0247  -0.3755  -0.0172  -0.3541
 -0.0420   0.0913   0.0174  -0.3596  -0.0119  -0.3408
 -0.0369   0.0670   0.0260  -0.3256  -0.0106  -0.3305
 -0.0403   0.0690   0.0315  -0.3121  -0.0172  -0.3367
 -0.0370   0.0868   0.0292  -0.3199  -0.0116  -0.3291
 -0.0369   0.0702   0.0265  -0.3046  -0.0082  -0.3156
 -0.0361   0.0678   0.0212  -0.3054  -0.0072  -0.3239
 -0.0386   0.0860   0.0251  -0.3084  -0.0108  -0.3320
 -0.0389   0.0911   0.0229  -0.3374  -0.0053  -0.3248
 -0.0374   0.0642   0.0175  -0.2994  -0.0052  -0.3185
 -0.0366   0.0592   0.0234  -0.2805  -0.0034  -0.3062
 -0.0421   0.0812   0.0212  -0.3002  -0.0038  -0.3033
 -0.0336   0.0778   0.0208  -0.3009   0.0007  -0.3010
 -0.0342   0.0585   0.0189  -0.2649  -0.0049  -0.2896
 -0.0366   0.0650   0.0134  -0.2771  -0.0017  -0.2919
 -0.0411   0.0725   0.0122  -0.2683  -0.0061  -0.2629
 -0.0255   0.0580   0.0081  -0.2503  -0.0016  -0.2595
 -0.0127   0.0639   0.0042  -0.2822   0.0033  -0.2707
 -0.0207   0.0583   0.0018  -0.2295  -0.0021  -0.2335
 -0.0249   0.0671   0.0112  -0.2047  -0.0022  -0.2300
 -0.0262   0.0673   0.0043  -0.2059  -0.0006  -0.1980
 -0.0182   0.0524  -0.0026  -0.1633   0.0072  -0.1982
 -0.0153   0.0567   0.0000  -0.1374   0.0037  -0.2051
 -0.0187   0.0703  -0.0059  -0.1611   0.0063  -0.1888
 -0.0175   0.0559  -0.0052  -0.1278   0.0019  -0.1790
 -0.0153   0.0550  -0.0038  -0.1040   0.0032  -0.1723
 -0.0160   0.0640  -0.0082  -0.1036   0.0061  -0.1667
 -0.0197   0.0747  -0.0100  -0.1126   0.0062  -0.1323
  0.0037   0.0514  -0.0148  -0.0838   0.0160  -0.1441
  0.0192   0.0482  -0.0078  -0.0208   0.0252  -0.1505
  0.0056   0.0488  -0.0113  -0.0219   0.0205  -0.1145
  0.0033   0.0464  -0.0159  -0.0217   0.0189  -0.0964
  0.0081   0.0461  -0.0153  -0.0107   0.0199  -0.0880
  0.0081   0.0479  -0.0155   0.0132   0.0220  -0.0798
  0.0065   0.0466  -0.0175   0.0060   0.0189  -0.0503
  0.0098   0.0368  -0.0155   0.0082   0.0163  -0.0533
  0.0026   0.0401  -0.0126   0.0226   0.0131  -0.0591
  0.0060   0.0501  -0.0151   0.0142   0.0166  -0.0456
  0.0091   0.0431  -0.0140   0.0387   0.0176  -0.0255
  0.0152   0.0291  -0.0155   0.0555   0.0148   0.0049
  0.0146   0.0169  -0.0090   0.0791   0.0153   0.0091
  0.0188  -0.0057  -0.0095   0.1008   0.0170   0.0290
  0.0170  -0.0049  -0.0155   0.0703   0.0112   0.0256
  0.0224   0.0049  -0.0147   0.0855   0.0150   0.0341
  0.0254  -0.0116  -0.0156   0.0988   0.0119   0.0294
  0.0203  -0.0220  -0.0181   0.0684   0.0003   0.0495
  0.0128  -0.0193  -0.0050   0.0860  -0.0032   0.0957
  0.0156  -0.0144  -0.0001   0.1201   0.0008   0.1017
  0.0084  -0.0163  -0.0059   0.1108  -0.0056   0.1079
  0.0149  -0.0275  -0.0056   0.1207  -0.0039   0.1321
  0.0077  -0.0314  -0.0077   0.1365  -0.0100   0.1371
  0.0236  -0.0321  -0.0036   0.1112   0.0050   0.1400
  0.0309  -0.0295  -0.0036   0.1042   0.0118   0.1476
  0.0294   0.0100  -0.0177   0.0770   0.0160   0.1367
  0.0350   0.0037  -0.0116   0.0555   0.0082   0.1427
  0.0261  -0.0232  -0.0105   0.0773  -0.0038   0.1612
  0.0179  -0.0363  -0.0087   0.1304  -0.0023   0.1794
  0.0207  -0.0437   0.0022   0.1370  -0.0086   0.1839
  0.0205  -0.0317  -0.0080   0.1502  -0.0102   0.1675
  0.0219  -0.0672  -0.0053   0.1886  -0.0080   0.1452
  0.0197  -0.0400  -0.0058   0.1588  -0.0058   0.1379
  0.0206  -0.0399  -0.0145   0.1451  -0.0019   0.1421
  0.0198  -0.0436  -0.0129   0.1583  -0.0033   0.1590
  0.0177  -0.0550  -0.0075   0.1775  -0.0043   0.1619
  0.0160  -0.0534  -0.0072   0.1890  -0.0036   0.1660
  0.0206  -0.0499  -0.0042   0.2026  -0.0060   0.1635
  0.0199  -0.0611  -0.0125   0.2252  -0.0031   0.2043
  0.0176  -0.0632  -0.0044   0.2269   0.0004   0.2002
  0.0208  -0.0582  -0.0080   0.2351  -0.0045   0.2066
  0.0252  -0.0581  -0.0066   0.2239   0.0028   0.2224
  0.0237  -0.0746  -0.0018   0.2332   0.0035   0.2436
  0.0302  -0.0664  -0.0154   0.2385  -0.0011   0.2361
  0.0305  -0.0911  -0.0174   0.2331   0.0035   0.2601
  0.0269  -0.0991  -0.0231   0.2364   0.0048   0.2673
  0.0231  -0.0889  -0.0154   0.2674   0.0036   0.2626
  0.0196  -0.0788  -0.0136   0.2410   0.0007   0.2758
  0.0186  -0.0840  -0.0133   0.2339   0.0002   0.2769
  0.0250  -0.0968  -0.0082   0.2632  -0.0021   0.2877
  0.0223  -0.0880  -0.0124   0.2534  -0.0022   0.3094
  0.0205  -0.0789  -0.0166   0.2423  -0.0033   0.3111
  0.0260  -0.0707  -0.0059   0.2337   0.0029   0.3210
  0.0270  -0.1026  -0.0044   0.2606   0.0065   0.3292
  0.0236  -0.1052  -0.0094   0.2779   0.0050   0.3450
  0.0225  -0.0966  -0.0005   0.2685   0.0012   0.3363
  0.0284  -0.1114  -0.0025   0.3016   0.0083   0.3513
  0.0281  -0.1359  -0.0084   0.3306   0.0045   0.3735
  0.0314  -0.1433  -0.0095   0.3477   0.0011   0.3906
  0.0305  -0.1549  -0.0155   0.3477   0.0059   0.4078
  0.0289  -0.1943  -0.0247   0.3838   0.0071   0.4206
  0.0319  -0.2055  -0.0201   0.4074   0.0124   0.4312
  0.0297  -0.2039  -0.0221   0.4335   0.0125   0.4347
  0.0308  -0.1908  -0.0194   0.4227   0.0155   0.4528
  0.0414  -0.1796  -0.0335   0.4108   0.0215   0.4858
  0.0409  -0.1777  -0.0137   0.3694   0.0186   0.4721
  0.0445  -0.1466  -0.0112   0.3344   0.0122   0.4597
  0.0465  -0.1203  -0.0174   0.3405   0.0107   0.4819
  0.0487  -0.1406  -0.0207   0.3738   0.0142   0.5074
  0.0430  -0.1499  -0.0206   0.3896   0.0154   0.5358
  0.0485  -0.1545  -0.0123   0.3935   0.0129   0.5272
  0.0461  -0.1826  -0.0138   0.4324   0.0083   0.5296
  0.0456  -0.1974  -0.0204   0.4549   0.0090   0.5558
  0.0419  -0.2091  -0.0268   0.4587   0.0136   0.5815
  0.0436  -0.2090  -0.0242   0.4569   0.0146   0.5743
  0.0440  -0.1908  -0.0196   0.4294   0.0198   0.5807
