  1.6095   3.3360  -0.5721  -3.4717   0.8588  -0.1697
  1.8883   3.7600  -0.9066  -3.8903   0.9341  -0.4102
  0.7503   2.2825  -0.4800  -2.9498   0.2059  -0.5594
  0.8887   2.3735  -0.4201  -2.8899   0.3421  -0.4754
  0.6329   2.0131  -0.2929  -2.6015   0.1685  -0.4443
  0.6470   2.0968  -0.3312  -2.5837   0.1817  -0.4105
  0.5358   1.7610  -0.3201  -2.2261   0.1002  -0.3513
  0.4418   1.5907  -0.2398  -2.2021   0.1084  -0.3035
  0.3962   1.4487  -0.2385  -2.2027   0.0448  -0.4097
  0.4736   1.4315  -0.3542  -2.2543   0.0244  -0.3723
  0.4392   1.2534  -0.3991  -2.1874  -0.0508  -0.3662
  0.4348   1.2201  -0.3709  -2.2764  -0.0177  -0.2829
  0.3873   1.1237  -0.3618  -2.2153  -0.0445  -0.2652
  0.4292   1.1125  -0.3225  -2.1785  -0.0480  -0.3127
  0.4010   0.9897  -0.3606  -2.0768  -0.0916  -0.2484
  0.4131   0.9324  -0.3180  -2.0265  -0.0723  -0.2228
  0.3843   1.0259  -0.3068  -2.0668  -0.0818  -0.2785
  0.4031   1.0672  -0.3129  -2.2040  -0.0322  -0.2232
  0.3887   0.9619  -0.3356  -2.1559  -0.0833  -0.3067
  0.3984   0.9163  -0.3734  -2.0431  -0.0999  -0.2326
  0.3800   0.8853  -0.3467  -1.9598  -0.1062  -0.2699
  0.4045   0.8613  -0.3142  -1.9616  -0.0920  -0.2153
  0.3825   0.8569  -0.3101  -1.9681  -0.0889  -0.2783
  0.3899   0.8284  -0.3283  -1.9261  -0.0976  -0.3017
  0.3721   0.7582  -0.3484  -1.8017  -0.1194  -0.2897
  0.4057   0.8096  -0.3290  -1.8154  -0.0899  -0.2505
  0.3984   0.7522  -0.3107  -1.7536  -0.0874  -0.2320
  0.4179   0.7885  -0.3397  -1.7788  -0.0830  -0.2531
  0.3706   0.7787  -0.2741  -1.7498  -0.1260  -0.2626
  0.3021   0.8037  -0.2474  -1.7695  -0.1577  -0.1824
  0.2935   0.7830  -0.2512  -1.7663  -0.1698  -0.2407
  0.3131   0.7991  -0.2475  -1.8183  -0.1550  -0.2121
  0.3201   0.8182  -0.2346  -1.8340  -0.1488  -0.2236
  0.3321   0.9530  -0.2027  -2.0261  -0.1457  -0.2937
  0.3036   1.0363  -0.0686  -2.0929  -0.0868  -0.2947
  0.2692   1.0228  -0.0363  -2.0529  -0.1360  -0.3029
  0.3422   1.0978  -0.2321  -2.0434  -0.1184  -0.3393
  0.3439   1.0955  -0.2557  -2.0408  -0.1195  -0.3089
  0.2357   0.9811  -0.0923  -1.9719  -0.1237  -0.2909
  0.2562   0.9651  -0.1053  -2.0582  -0.1276  -0.2378
  0.2673   0.8316  -0.1826  -1.9422  -0.1043  -0.2431
  0.3008   0.6346  -0.1504  -1.6933  -0.1398  -0.1536
  0.2065   0.8100  -0.1501  -1.4333  -0.0103  -0.2275
  0.0746   0.9898  -0.0836  -1.5907   0.0783  -0.2030
  0.1332   1.1269  -0.0923  -2.0654   0.0839  -0.2069
 -0.0888  -2.5407  -0.5642   0.5748  -0.4237   1.4857
 -0.2094  -2.2520  -0.4652   0.8746  -0.4137   1.2060
 -0.2333   0.0581  -0.2144   0.0814  -0.0994   0.5005
 -0.1598   0.3604   0.1686  -0.3778   0.0849   0.4772
  0.0050   1.7523   0.1996  -1.2559   0.1471   0.1802
 -0.1516   1.4539   0.1875  -0.8543  -0.0378   0.1907
 -0.2144   0.2774   0.0919   0.0643  -0.0407   0.1063
 -0.1955   0.2741  -0.0181   0.1007  -0.0756   0.0486
 -0.1142   0.1244   0.0920   0.2934   0.0315   0.0671
 -0.1236   0.0650  -0.0367   0.2861  -0.0487   0.1186
 -0.0811   0.1317  -0.0684   0.2601  -0.0456   0.0329
 -0.1184   0.3264  -0.0161  -0.3403  -0.0552  -0.0106
 -0.1643   0.0524   0.0135   0.0767  -0.0248   0.1566
 -0.1616   0.0390  -0.0509   0.0215  -0.0493   0.1158
 -0.1470   0.0665  -0.0509  -0.0837  -0.0589   0.0121
 -0.1337   0.0747  -0.0586   0.0316  -0.0728   0.0347
 -0.1043   0.0740  -0.0540  -0.0944  -0.0555   0.0071
 -0.1172   0.0380  -0.0166   0.0272  -0.0688   0.0466
 -0.0638   0.0723  -0.0220  -0.0054  -0.0456   0.0300
 -0.0870   0.0953   0.0030  -0.0426  -0.0731   0.0339
 -0.1100   0.1285  -0.0018  -0.1282  -0.0751  -0.0542
 -0.0692   0.0146  -0.0279   0.1110  -0.0470   0.0445
 -0.0481  -0.0233  -0.0674  -0.0654  -0.1170  -0.0182
 -0.0428  -0.0497  -0.0058   0.0780  -0.1073   0.0346
 -0.0571   0.0251   0.0607  -0.1329  -0.1043  -0.0846
 -0.0289  -0.0733   0.0038   0.0671  -0.1053  -0.0443
 -0.0066   0.2731   0.0658  -0.1468  -0.0455  -0.0927
 -0.0006   1.0537   0.1581  -0.3510   0.0649  -0.2209
 -0.0864   0.8257   0.1432  -0.9278  -0.0665  -0.2222
 -0.0973   0.4013  -0.0110  -1.1976  -0.1471  -0.1023
 -0.1063   0.2260  -0.0976  -0.7085  -0.1172   0.0411
 -0.1244   0.1000  -0.0601  -0.7224  -0.1581   0.0616
 -0.1212   0.0303  -0.0643  -0.2941  -0.1576   0.0502
  0.0088   0.0462  -0.0951  -0.0018  -0.1554   0.0189
  0.0615  -0.0432  -0.0784   0.0721  -0.1076   0.0177
 -0.0183  -0.2899  -0.0722   0.2131  -0.1308   0.1312
 -0.0224  -0.3401  -0.1134   0.3524  -0.1537   0.1158
 -0.0196  -0.3451  -0.0559   0.4763  -0.1137   0.1506
  0.0117  -0.2155  -0.0274   0.2059  -0.0547   0.0679
  0.0192  -0.1378  -0.0414  -0.0271  -0.0817  -0.0207
  0.0079  -0.1724  -0.0305   0.0952  -0.0851   0.0065
  0.0067  -0.1465  -0.0073   0.0006  -0.0779  -0.0294
  0.0215  -0.1745  -0.0061   0.1053  -0.0636  -0.0248
  0.0127  -0.2087   0.0034   0.0272  -0.0814  -0.0464
  0.0020  -0.1606   0.0096   0.0155  -0.0746  -0.0470
  0.0157  -0.2473   0.0207   0.1224  -0.0766   0.0124
  0.0156  -0.2318  -0.0179   0.0856  -0.0925   0.0047
  0.0184  -0.2631  -0.0282   0.1708  -0.0946   0.0300
  0.0217  -0.2389  -0.0170   0.1368  -0.0883  -0.0062
  0.0271  -0.2582  -0.0392   0.1543  -0.0943   0.0247
  0.0269  -0.2574  -0.0341   0.0469  -0.1150  -0.0259
  0.0470  -0.2428  -0.0101   0.1167  -0.0777   0.0446
  0.0763  -0.2795   0.0203   0.1646  -0.0267  -0.0223
  0.0677  -0.2841   0.0091   0.0735  -0.0576   0.0051
  0.0930  -0.2511   0.0532  -0.0651  -0.0163  -0.0209
  0.0863  -0.3665   0.0446   0.3077  -0.0427   0.0075
  0.0651  -0.3053  -0.0108   0.0914  -0.0362   0.0004
  0.0622  -0.3746   0.0066   0.4568  -0.0556   0.0285
  0.0995  -0.3379   0.0079   0.0891  -0.0358   0.0374
  0.0929  -0.3226  -0.0282  -0.2760  -0.0770   0.0636
  0.0685  -0.1818  -0.0310  -0.2234  -0.0639   0.0532
  0.0640  -0.2074  -0.0392  -0.5418  -0.0868   0.0109
  0.0873  -0.2031  -0.0374  -0.3451  -0.0688   0.0225
  0.0595  -0.2621  -0.0427  -0.1901  -0.1093   0.0593
  0.0898  -0.0441  -0.0748  -0.4568  -0.0738  -0.0270
  0.1268   0.0253  -0.0677  -0.5084  -0.0819  -0.0472
  0.1246  -0.0822  -0.0604  -0.4237  -0.0669   0.0134
  0.1200  -0.0692  -0.0712  -0.6164  -0.0962   0.0183
  0.1050  -0.1809  -0.0696  -0.3936  -0.0812  -0.0007
  0.0589  -0.0924  -0.0641  -0.0192  -0.1471   0.1201
  0.0227  -0.3173   0.0014   0.6208  -0.0824   0.2361
  0.0134  -0.2799   0.0028   0.4013  -0.0237   0.0210
 -0.0803  -0.0619  -0.0081  -0.1423  -0.0500  -0.0031
 -0.1497   0.1864   0.0507  -0.5133  -0.0409  -0.0366
 -0.1343  -0.0374   0.0597   0.0142  -0.0081   0.0312
 -0.0305   0.1201  -0.0625  -0.2660  -0.0885  -0.0584
 -0.0499   0.7780   0.0839  -0.3636  -0.0125  -0.1271
 -0.0408   1.8861   0.1684  -1.3984  -0.0037  -0.4310
 -0.0268   2.8350   0.5547  -1.6062   0.2846  -0.4442
 -0.1285   1.9416   0.5284  -1.3487   0.0580  -0.2093
 -0.0168   1.0178   0.1380  -1.1978  -0.1140  -0.2349
 -0.0153   0.7336   0.4016  -1.0091   0.1493  -0.2031
 -0.1600   0.2759   0.2792   0.1550   0.0956  -0.0568
 -0.1323   0.5052   0.3092  -1.0912   0.1469  -0.2313
 -0.1347   0.2990   0.3065  -0.7509   0.2934   0.0620
 -0.2640   0.1345   0.3642  -0.0751   0.3269   0.0728
 -0.3459  -0.1259   0.2145   0.3450   0.2312   0.2058
 -0.4828  -0.8364  -0.0276   1.7807  -0.0440   0.4798
 -0.5037  -0.8925  -0.1596   2.6449  -0.1179   0.4259
 -0.2534  -0.6025   0.0307   2.6791  -0.0651   0.2489
 -0.1827  -0.3871   0.1420   1.4914   0.2613   0.0293
 -0.2896  -0.4970   0.2005   1.6247   0.3882   0.1236
 -0.2859  -0.5676   0.1467   1.5326   0.1869   0.1178
 -0.3106  -0.5496   0.1145   1.5476   0.2105   0.1243
 -0.2986  -0.6301   0.1036   1.4617   0.1216   0.1428
 -0.2806  -0.6168   0.1282   1.4952   0.1722   0.1620
 -0.2666  -0.6827   0.1394   1.5042   0.1471   0.1848
 -0.2805  -0.6697   0.1623   1.4963   0.1732   0.1433
 -0.2590  -0.7076   0.1927   1.4975   0.1693   0.1801
 -0.2547  -0.7838   0.1971   1.5746   0.1767   0.1734
 -0.2419  -0.8500   0.1546   1.5889   0.1257   0.1763
 -0.2087  -0.8477   0.1545   1.5987   0.1500   0.1991
 -0.2215  -0.8073   0.1260   1.4521   0.1254   0.1811
 -0.2157  -0.6876   0.1326   1.2814   0.1496   0.1102
 -0.2185  -0.7165   0.1359   1.3508   0.1306   0.1144
 -0.1963  -0.7930   0.1531   1.4601   0.1330   0.1280
 -0.1846  -0.8226   0.1696   1.4448   0.1120   0.1201
 -0.1718  -0.8366   0.1931   1.4965   0.1250   0.1474
 -0.1569  -0.8998   0.1657   1.5749   0.1102   0.2111
 -0.1530  -0.9208   0.1426   1.6322   0.0959   0.1961
 -0.1550  -0.9182   0.1657   1.6477   0.0932   0.1895
 -0.1555  -0.8694   0.1644   1.6167   0.0990   0.1745
 -0.1598  -0.8884   0.1410   1.6501   0.0911   0.2092
 -0.1665  -0.8826   0.1546   1.6367   0.0987   0.1770
 -0.1594  -0.8994   0.1457   1.6455   0.0809   0.1629
 -0.1569  -0.8342   0.1388   1.6508   0.0974   0.1503
 -0.1873  -0.8703   0.1210   1.6765   0.0915   0.1135
 -0.2018  -0.8230   0.1057   1.7308   0.0994   0.1616
 -0.1443  -0.8855   0.1432   1.6996   0.0939   0.1412
 -0.1786  -0.7635   0.1461   1.6621   0.1233   0.1636
 -0.1970  -0.7937   0.1501   1.6550   0.1099   0.1363
 -0.1675  -0.7901   0.1660   1.5975   0.1282   0.1303
 -0.1612  -0.8288   0.1645   1.6148   0.1052   0.1312
 -0.1536  -0.7970   0.1825   1.5704   0.1099   0.1262
 -0.1629  -0.8048   0.1595   1.5968   0.1002   0.1568
 -0.1445  -0.8462   0.1932   1.6838   0.1213   0.1763
 -0.1546  -0.8060   0.1598   1.5343   0.1034   0.1715
 -0.1589  -0.7422   0.1462   1.3254   0.0948   0.1421
 -0.1426  -0.7722   0.1455   1.3849   0.0836   0.1475
 -0.1422  -0.7933   0.1615   1.5192   0.0932   0.1896
 -0.1498  -0.7751   0.1535   1.4231   0.0936   0.1334
 -0.1552  -0.7251   0.1426   1.4402   0.1105   0.1324
 -0.1462  -0.7616   0.1558   1.5168   0.1005   0.1432
 -0.1489  -0.7709   0.1552   1.5185   0.1024   0.1363
 -0.1501  -0.7902   0.1592   1.5528   0.1014   0.1672
 -0.1400  -0.7631   0.1780   1.5304   0.1053   0.1278
 -0.1257  -0.8073   0.1712   1.5793   0.1065   0.1626
 -0.1591  -0.7606   0.1468   1.4191   0.0861   0.1516
 -0.1547  -0.6160   0.1074   0.8370   0.0625   0.0749
 -0.1491  -0.6898   0.1120   1.0891   0.0800   0.1312
 -0.1426  -0.7256   0.1296   1.2346   0.0694   0.1243
 -0.1197  -0.7442   0.1406   1.2025   0.0728   0.0719
 -0.1276  -0.7232   0.1352   1.2173   0.0666   0.0921
 -0.1314  -0.7319   0.1370   1.2349   0.0717   0.0778
 -0.1144  -0.7399   0.1353   1.2625   0.0621   0.0900
 -0.1236  -0.7335   0.1424   1.2737   0.0689   0.1100
 -0.1231  -0.7617   0.1367   1.3130   0.0646   0.1326
 -0.1186  -0.8007   0.1478   1.3795   0.0743   0.1475
 -0.1063  -0.7789   0.1524   1.3352   0.0665   0.1365
 -0.1205  -0.8049   0.1636   1.3904   0.0787   0.1543
 -0.0961  -0.7895   0.1581   1.3283   0.0725   0.1322
