 -0.1496   0.0050  -0.2840   0.1481  -0.0410   0.0443
 -0.0532   0.1013  -0.1740   0.0987   0.0186   0.0408
 -0.0448   0.0746  -0.2173   0.1408   0.0163   0.0677
 -0.0654   0.1012  -0.1998   0.1238   0.0255   0.0341
 -0.0806   0.0746  -0.2165   0.1320   0.0169   0.0254
 -0.0717   0.1051  -0.1988   0.0946   0.0286   0.0571
 -0.0639   0.0842  -0.2258   0.1391   0.0111   0.0230
 -0.0476   0.0881  -0.2131   0.1221   0.0109   0.0350
 -0.0247   0.0685  -0.1940   0.0850   0.0290   0.0478
 -0.0364   0.0673  -0.1699   0.1134   0.0046   0.0587
 -0.0280   0.0747  -0.1746   0.0939   0.0241   0.0422
 -0.0006   0.0803  -0.1873   0.0926   0.0382   0.0755
 -0.0148   0.0804  -0.1939   0.1044   0.0310   0.0383
 -0.0266   0.0768  -0.1822   0.0546   0.0435   0.0663
  0.0067   0.0848  -0.2020   0.1085   0.0311   0.0301
 -0.0678   0.0659  -0.1940   0.1121   0.0285   0.0327
 -0.0700   0.0607  -0.2084   0.0987   0.0212   0.0687
 -0.0429   0.0879  -0.1939   0.1053   0.0216   0.0256
 -0.0138   0.0444  -0.1863   0.1250   0.0228   0.0400
 -0.0587  -0.0958  -0.2802   0.3652   0.0106  -0.0320
 -0.0931  -0.1137  -0.3227   0.3602   0.0217  -0.0111
 -0.1160  -0.0963  -0.3030   0.2233   0.0026   0.0684
 -0.1335  -0.0223  -0.3104   0.0747  -0.0017   0.0913
 -0.0922  -0.0564  -0.2661   0.1249  -0.0023   0.0301
 -0.0841  -0.0253  -0.2895   0.1505  -0.0026   0.0511
 -0.1525  -0.0177  -0.3340   0.1914  -0.0407   0.0380
 -0.1484  -0.0166  -0.3863   0.2155  -0.0240   0.0382
 -0.1233  -0.0156  -0.3860   0.1828  -0.0032   0.0633
 -0.0676  -0.0020  -0.2914   0.1319  -0.0209  -0.0243
 -0.1071  -0.0209  -0.3047   0.1830  -0.0239   0.0769
 -0.1432  -0.0282  -0.3232   0.1491  -0.0502   0.0221
 -0.1408  -0.0324  -0.3629   0.2074  -0.0686   0.0350
 -0.1634  -0.0218  -0.3161   0.1521  -0.0543   0.0457
 -0.1582  -0.0867  -0.3192   0.2282  -0.0696   0.0352
 -0.1367  -0.0619  -0.3448   0.2971  -0.0725   0.0217
 -0.1517  -0.0347  -0.3236   0.1590  -0.0541   0.0741
 -0.1299  -0.0367  -0.2714   0.0684  -0.0381   0.0335
 -0.1668  -0.0204  -0.3253   0.1068  -0.0466   0.0557
 -0.1320  -0.0298  -0.2848   0.0829  -0.0390   0.0512
 -0.1220  -0.0020  -0.2937   0.1052  -0.0358   0.0423
 -0.1453  -0.0525  -0.3038   0.1211  -0.0501   0.0559
 -0.1520  -0.0496  -0.3001   0.1546  -0.0481   0.0489
 -0.1658  -0.0948  -0.3044   0.2341  -0.0538   0.0111
 -0.1608  -0.0262  -0.2752   0.1229  -0.0470   0.1025
 -0.1453  -0.0353  -0.2898   0.1347  -0.0620   0.0114
 -0.1340  -0.0375  -0.2728   0.1277  -0.0528   0.0637
 -0.1368  -0.0453  -0.2713   0.1361  -0.0492   0.0521
 -0.1254  -0.0493  -0.2620   0.1311  -0.0464   0.0283
 -0.1293  -0.0448  -0.2614   0.1096  -0.0454   0.0783
 -0.1322  -0.0460  -0.2651   0.0701  -0.0377   0.0315
 -0.1221  -0.0555  -0.2706   0.0895  -0.0541   0.0260
 -0.1513  -0.0633  -0.2704   0.1056  -0.0663   0.0601
 -0.1167  -0.0480  -0.2449   0.1011  -0.0509  -0.0152
 -0.1077  -0.0329  -0.2238   0.0484  -0.0236   0.0706
 -0.1170  -0.0570  -0.2319   0.0738  -0.0223   0.0200
 -0.1393  -0.0645  -0.2213   0.1062  -0.0495   0.0441
 -0.1429  -0.0510  -0.2252   0.0947  -0.0410   0.0848
 -0.1340  -0.0779  -0.2190   0.1010  -0.0494  -0.0141
 -0.1131  -0.0592  -0.2223   0.0961  -0.0318   0.0474
 -0.1123  -0.0681  -0.1805   0.0560  -0.0335   0.0516
 -0.1128  -0.0371  -0.1918   0.0734  -0.0218   0.1149
 -0.1196  -0.0719  -0.1996   0.0731  -0.0408  -0.0218
 -0.1180  -0.0587  -0.2026   0.0496  -0.0257   0.0397
 -0.1177  -0.0524  -0.2012   0.0566  -0.0272   0.0908
 -0.1100  -0.0907  -0.1921   0.0624  -0.0398  -0.0419
 -0.1427  -0.0838  -0.1956   0.0783  -0.0505   0.0603
 -0.1628  -0.0993  -0.2075   0.0821  -0.0718   0.0296
 -0.1446  -0.0862  -0.2018   0.0533  -0.0473   0.0509
 -0.1545  -0.0941  -0.2225   0.0504  -0.0503   0.0222
 -0.1616  -0.0960  -0.2079   0.0662  -0.0706   0.0053
 -0.1667  -0.0755  -0.2230   0.0457  -0.0559   0.0719
 -0.1806  -0.1118  -0.2102   0.0645  -0.0665   0.0654
 -0.1501  -0.0663  -0.1867   0.0547  -0.0618   0.0147
 -0.1571  -0.0966  -0.1812   0.0561  -0.0547   0.0535
 -0.1556  -0.0762  -0.1926   0.0526  -0.0621   0.0417
 -0.1646  -0.1099  -0.1659   0.0968  -0.0773   0.0837
 -0.1817  -0.1081  -0.2146   0.0960  -0.0843   0.0519
 -0.1463  -0.0563  -0.1508   0.0460  -0.0555   0.0788
 -0.1240  -0.0555  -0.1463   0.0147  -0.0435   0.0602
 -0.1164  -0.0427  -0.1662   0.0681  -0.0611   0.0614
 -0.0822  -0.0708  -0.1069   0.1070  -0.0573   0.0332
 -0.1007  -0.0188  -0.1362   0.0156  -0.0404   0.0662
 -0.0948  -0.0430  -0.1020   0.0616  -0.0398   0.0566
 -0.0751  -0.0172  -0.0985   0.1353  -0.0130  -0.0195
 -0.0895  -0.0531  -0.1325   0.1736  -0.0388   0.0086
 -0.0995  -0.0230  -0.1033   0.0978  -0.0388  -0.0007
 -0.1310  -0.0370  -0.0665   0.1123  -0.0594  -0.0339
 -0.1172  -0.0540  -0.0635   0.1185  -0.0505   0.0397
 -0.1175  -0.0601  -0.0845   0.1104  -0.0533  -0.0069
 -0.1306  -0.1146  -0.0677   0.1614  -0.0555   0.0119
 -0.1075  -0.1015  -0.1061   0.1835  -0.0486   0.0052
 -0.0751  -0.0798  -0.1190   0.1508  -0.0351   0.0282
 -0.0809  -0.0850  -0.0655   0.1505  -0.0393   0.0603
 -0.1217  -0.0722  -0.0734   0.0332  -0.0599   0.0408
 -0.0901  -0.0978  -0.0419   0.0623  -0.0316   0.0207
 -0.0589  -0.0900  -0.0339   0.0700  -0.0300   0.0107
 -0.0748  -0.0781  -0.0238   0.0080  -0.0351   0.0671
 -0.0734  -0.0632  -0.0379   0.0352  -0.0281   0.0223
 -0.0903  -0.0887  -0.0394   0.0547  -0.0445   0.0450
 -0.0910  -0.0704  -0.0618   0.0641  -0.0469   0.0343
 -0.1012  -0.0801  -0.0486   0.0695  -0.0566   0.0424
 -0.0838  -0.0727  -0.0445   0.0619  -0.0490   0.0401
 -0.0766  -0.0685  -0.0239   0.0680  -0.0411   0.0035
 -0.0745  -0.0559  -0.0454   0.0683  -0.0478   0.0656
 -0.0904  -0.0937  -0.0384   0.0488  -0.0375  -0.0361
 -0.0946  -0.0598  -0.0486  -0.0081  -0.0123   0.0290
 -0.0841  -0.0323  -0.0628   0.0283  -0.0333   0.1107
 -0.0721  -0.0412  -0.0514   0.0450  -0.0335   0.0153
 -0.0766  -0.0377  -0.0479   0.0466  -0.0383   0.0550
 -0.0666  -0.0476  -0.0587   0.0667  -0.0417  -0.0021
 -0.0591  -0.0360  -0.0441   0.0536  -0.0396   0.0536
 -0.0535  -0.0530  -0.0426   0.0398  -0.0424  -0.0374
 -0.0568  -0.0358  -0.0365   0.0156  -0.0345   0.0460
 -0.0489  -0.0340  -0.0471   0.0342  -0.0357   0.0298
 -0.0436  -0.0399  -0.0392   0.0433  -0.0261   0.0176
 -0.0425  -0.0344  -0.0450   0.0395  -0.0375  -0.0294
 -0.0291  -0.0186  -0.0322   0.0347  -0.0204   0.0703
 -0.0600  -0.0450  -0.0645   0.0258  -0.0183   0.0004
 -0.0617  -0.0203  -0.0539   0.0178  -0.0240  -0.0035
 -0.0644  -0.0283  -0.0530   0.0116  -0.0340   0.0105
 -0.0539  -0.0259  -0.0494   0.0174  -0.0375  -0.0284
 -0.0549  -0.0301  -0.0496   0.0332  -0.0406   0.0206
 -0.0466  -0.0275  -0.0487   0.0368  -0.0447  -0.0044
 -0.0400  -0.0178  -0.0331   0.0290  -0.0366   0.0140
 -0.0612  -0.0247  -0.0399   0.0241  -0.0429   0.0515
 -0.0668  -0.0229  -0.0446  -0.0092  -0.0335  -0.0116
 -0.0667  -0.0182  -0.0264  -0.0257  -0.0285   0.0270
 -0.0582  -0.0139  -0.0374  -0.0065  -0.0350   0.0154
 -0.0714  -0.0176  -0.0516   0.0235  -0.0499  -0.0049
 -0.0609  -0.0373  -0.0483   0.0570  -0.0511   0.0266
 -0.0620  -0.0160  -0.0416   0.0148  -0.0467  -0.0278
 -0.0688  -0.0276  -0.0431   0.0245  -0.0319   0.0507
 -0.0828   0.0242  -0.0059  -0.0265  -0.0513  -0.0053
  0.0008  -0.0102   0.0321  -0.0116  -0.0268  -0.0123
 -0.0054  -0.0234   0.0226  -0.0223  -0.0297  -0.0137
 -0.0321  -0.0091   0.0217  -0.0133  -0.0364   0.0011
 -0.0179  -0.0182   0.0061  -0.0210  -0.0388   0.0249
 -0.0054  -0.0146   0.0175  -0.0114  -0.0343  -0.0158
 -0.0230  -0.0143   0.0094  -0.0348  -0.0359   0.0405
  0.0003  -0.0173   0.0083  -0.0265  -0.0283  -0.0206
 -0.0202  -0.0418   0.0132  -0.0066  -0.0387   0.0006
 -0.0202  -0.0164   0.0073  -0.0293  -0.0499  -0.0525
 -0.0066  -0.0069   0.0036  -0.0125  -0.0509   0.0013
 -0.0194  -0.0112   0.0000  -0.0199  -0.0543  -0.0041
 -0.0289  -0.0030   0.0076  -0.0237  -0.0542  -0.0030
 -0.0387  -0.0242  -0.0006  -0.0233  -0.0577   0.0190
 -0.0322  -0.0167   0.0030  -0.0067  -0.0579   0.0095
 -0.0295  -0.0171  -0.0094   0.0016  -0.0650  -0.0026
 -0.0269  -0.0165   0.0068   0.0062  -0.0632   0.0198
 -0.0104  -0.0077   0.0179  -0.0067  -0.0688  -0.0347
 -0.0164  -0.0039   0.0170  -0.0094  -0.0628   0.0053
 -0.0144  -0.0105   0.0291  -0.0179  -0.0589  -0.0426
 -0.0155  -0.0122   0.0425   0.0066  -0.0622  -0.0210
 -0.0148  -0.0179   0.0428  -0.0218  -0.0550  -0.0331
 -0.0146  -0.0198   0.0335   0.0007  -0.0602  -0.0231
 -0.0190  -0.0352   0.0463  -0.0137  -0.0537   0.0121
 -0.0046  -0.0244   0.0527   0.0075  -0.0594  -0.0163
  0.0071  -0.0158   0.0781  -0.0137  -0.0418   0.0068
 -0.0000  -0.0351   0.0804   0.0004  -0.0297  -0.0129
  0.0105  -0.0339   0.0820  -0.0024  -0.0465  -0.0249
  0.0134  -0.0328   0.0907  -0.0063  -0.0355   0.0175
  0.0218  -0.0272   0.0907  -0.0338  -0.0314  -0.0137
  0.0197  -0.0197   0.1124  -0.0087  -0.0310  -0.0263
  0.0185  -0.0443   0.1108  -0.0316  -0.0383  -0.0359
  0.0252  -0.0285   0.0967  -0.0001  -0.0056  -0.0012
  0.0117  -0.0341   0.0795  -0.0281   0.0027  -0.0233
  0.0273  -0.0263   0.1208  -0.0728  -0.0084   0.0029
 -0.0139  -0.0791   0.0601   0.0018  -0.0309   0.0094
 -0.0559  -0.0887   0.0233  -0.0725  -0.0294  -0.0251
 -0.0229  -0.0456   0.1163  -0.0683  -0.0143   0.0129
 -0.0207  -0.0595   0.1038  -0.0535  -0.0406  -0.0242
 -0.0025  -0.0455   0.1154  -0.0460  -0.0356  -0.0012
 -0.0020  -0.0626   0.1197  -0.0618  -0.0501  -0.0176
 -0.0034  -0.0494   0.1147  -0.0384  -0.0471  -0.0244
  0.0029  -0.0568   0.1143  -0.0533  -0.0425   0.0121
  0.0250  -0.0188   0.1383  -0.0606  -0.0259  -0.0121
  0.0280  -0.0411   0.1397  -0.0818  -0.0191  -0.0029
  0.0334  -0.0308   0.1462  -0.0754  -0.0144  -0.0275
  0.0313  -0.0435   0.1526  -0.0757  -0.0109  -0.0190
  0.0179  -0.0486   0.1385  -0.0689  -0.0318  -0.0167
  0.0313  -0.0314   0.1605  -0.0825  -0.0183  -0.0418
  0.0568   0.0385   0.1595  -0.1387   0.0131   0.0078
  0.0414   0.0387   0.1384  -0.1418   0.0100  -0.0381
  0.0466   0.0351   0.1395  -0.1184   0.0065  -0.0374
  0.0529   0.0273   0.1487  -0.1155   0.0067  -0.0118
  0.0649   0.0519   0.1607  -0.1568   0.0230  -0.0430
  0.0838   0.0670   0.1610  -0.1430   0.0143  -0.0342
  0.1174   0.1633   0.1848  -0.1845   0.0331  -0.0091
  0.0969   0.1516   0.1447  -0.1811   0.0190  -0.0787
  0.0807   0.1577   0.1265  -0.1615   0.0140  -0.0337
  0.0868   0.1806   0.1259  -0.1809   0.0033  -0.0492
  0.0858   0.1090   0.1707  -0.1872   0.0147  -0.0441
  0.1417   0.0925   0.2212  -0.1659   0.0258  -0.0331
  0.1405   0.0815   0.2530  -0.1530   0.0207  -0.0769
  0.1657   0.0817   0.2745  -0.1616   0.0328  -0.0129
  0.1740   0.0870   0.2793  -0.1662   0.0382  -0.0655
  0.1970   0.0873   0.3014  -0.1805   0.0572  -0.0429
  0.1846   0.0934   0.2957  -0.1681   0.0547  -0.0346
  0.2523   0.1166   0.3357  -0.1925   0.0901  -0.0585
  0.2692   0.1022   0.3481  -0.1901   0.0926  -0.0493
  0.2645   0.1026   0.3444  -0.1863   0.0785  -0.0810
  0.2753   0.0957   0.3706  -0.1816   0.0792  -0.0740
  0.2670   0.0991   0.3719  -0.1943   0.0871  -0.0541
  0.2773   0.1178   0.3783  -0.2025   0.0983  -0.0757
  0.2840   0.0989   0.3890  -0.1952   0.0935  -0.0741
  0.2843   0.1100   0.3807  -0.1860   0.0901  -0.0889
  0.2866   0.1035   0.3884  -0.1923   0.0892  -0.0520
  0.2847   0.0964   0.3911  -0.1851   0.0966  -0.0960
  0.2782   0.0997   0.3819  -0.1866   0.0878  -0.0866
  0.2869   0.0866   0.3929  -0.1819   0.0916  -0.1219
  0.2835   0.1103   0.3919  -0.2044   0.1084  -0.0738
  0.3093   0.1235   0.4102  -0.2121   0.1186  -0.0712
  0.3016   0.1324   0.4100  -0.2200   0.1432  -0.0876
  0.3256   0.1214   0.4261  -0.1912   0.1273  -0.0719
  0.3241   0.1319   0.4168  -0.1917   0.1184  -0.0686
  0.3204   0.1198   0.4221  -0.1925   0.1206  -0.0909
  0.3406   0.1072   0.4325  -0.1922   0.1166  -0.0829
  0.3217   0.1209   0.4210  -0.1962   0.1199  -0.0906
  0.3283   0.1079   0.4418  -0.2096   0.1353  -0.0733
  0.3303   0.0956   0.4326  -0.1974   0.1267  -0.1369
  0.3290   0.1570   0.4364  -0.2511   0.1405  -0.0968
  0.3395   0.1270   0.4587  -0.2410   0.1443  -0.1052
  0.3393   0.1512   0.4622  -0.2513   0.1649  -0.1140
  0.3537   0.1298   0.5880  -0.2005   0.2357  -0.0990
  0.3570   0.1416   0.6499  -0.1979   0.2514  -0.1200
  0.3767   0.1292   0.6074  -0.2076   0.2469  -0.0971
  0.3977   0.1626   0.6347  -0.3042   0.2791  -0.0798
  0.4185   0.1450   0.6227  -0.2513   0.2713  -0.1107
  0.3965   0.1465   0.6061  -0.2433   0.2557  -0.1029
  0.4146   0.1582   0.6011  -0.2617   0.2486  -0.0891
  0.3857   0.1323   0.6045  -0.1996   0.2516  -0.1272
  0.4004   0.1533   0.6044  -0.2599   0.2643  -0.1091
  0.4091   0.1128   0.6119  -0.2198   0.2403  -0.1483
  0.4019   0.1437   0.5906  -0.2737   0.2431  -0.1117
  0.3889   0.1547   0.5800  -0.2770   0.2254  -0.1314
  0.4065   0.1596   0.5910  -0.3099   0.2513  -0.1001
