 -0.0522  -0.0616  -0.0620   0.2470   0.0972   0.0647
 -0.0155  -0.1016   0.0159   0.2665   0.1079   0.0381
 -0.0313  -0.0765  -0.0012   0.2396   0.0812   0.0363
 -0.0481  -0.0408  -0.0048   0.2648   0.0837   0.0133
 -0.0152  -0.0499   0.0191   0.2744   0.0842   0.0133
 -0.0253  -0.0607   0.0215   0.2316   0.0959   0.0502
 -0.0264  -0.0716   0.0023   0.2381   0.1253  -0.0155
  0.0364   0.0475   0.0309   0.0806   0.1614   0.0448
  0.0100   0.0802   0.0263   0.1716   0.1310  -0.0222
 -0.0016   0.0913   0.0327   0.2247   0.1268  -0.0030
 -0.0024   0.0932   0.0384   0.1894   0.1213  -0.0065
 -0.0182   0.0925   0.0184   0.1332   0.0970  -0.0193
 -0.0089   0.0894   0.0361   0.1133   0.0995   0.0029
  0.0006   0.0891   0.0619   0.1483   0.1113  -0.0023
 -0.0190   0.1413   0.0472   0.2411   0.1367  -0.0232
 -0.0053   0.1403   0.0448   0.2519   0.1228  -0.0437
 -0.0119   0.1326   0.0337   0.2108   0.1109  -0.0453
 -0.0085   0.1313   0.0203   0.1953   0.1082   0.0070
 -0.0467   0.1911   0.0498   0.2058   0.1324  -0.0470
 -0.0596   0.1617   0.0407   0.1653   0.0788   0.0067
 -0.0420   0.1544  -0.0012   0.1768   0.0759  -0.0285
 -0.0320   0.1575   0.0100   0.2060   0.0903   0.0117
 -0.0165   0.1709   0.0209   0.2370   0.0811  -0.0056
 -0.0209   0.1157   0.0132   0.1489   0.0672  -0.0272
 -0.0043   0.1000   0.0344   0.1196   0.0723   0.0405
 -0.0217   0.0851   0.0382   0.1356   0.0715  -0.0028
 -0.0349   0.1274   0.0441   0.0796   0.0720  -0.0154
 -0.0181   0.1438   0.0439   0.0316   0.0597  -0.0366
  0.0100   0.1348   0.0482  -0.0127   0.0539   0.0745
  0.0282   0.1052  -0.0210  -0.0036   0.0380  -0.0807
  0.0235   0.0900  -0.0261   0.0142   0.0331   0.0083
 -0.0098   0.0845  -0.0632   0.0620   0.0475  -0.0393
 -0.0367   0.0882  -0.0785   0.2231   0.0300  -0.1963
 -0.0157   0.0951  -0.0559  -0.0245   0.0169   0.2418
  0.0106   0.0660  -0.0198  -0.0181   0.0220  -0.0456
  0.0116   0.0554  -0.0082  -0.0933   0.0152  -0.0449
 -0.0004   0.0603  -0.0141  -0.0490   0.0138   0.0181
  0.0095   0.0625  -0.0165  -0.0490   0.0044  -0.0251
  0.0200  -0.0087  -0.0289  -0.0835  -0.0079   0.0141
  0.0069  -0.0415  -0.1281  -0.0453  -0.0397  -0.1079
 -0.0069  -0.0089  -0.0876  -0.0340  -0.0160   0.0170
 -0.0011   0.0162  -0.0773  -0.0160  -0.0239  -0.0029
 -0.0130   0.0282  -0.0892  -0.0105  -0.0197  -0.0000
 -0.0204   0.0024  -0.1003  -0.0207  -0.0134  -0.0167
 -0.0243  -0.0202  -0.1050  -0.0461  -0.0336  -0.0284
 -0.0333  -0.0166  -0.0957  -0.0386  -0.0364  -0.0185
 -0.0146  -0.0429  -0.0558  -0.1212  -0.0474  -0.0183
 -0.0022  -0.0358  -0.0436  -0.1154  -0.0411  -0.0734
 -0.0118  -0.0200  -0.0653  -0.0775  -0.0409   0.0602
 -0.0047  -0.0749  -0.0643  -0.1802  -0.0466  -0.1324
 -0.0069  -0.0796  -0.0650  -0.1756  -0.0613   0.0116
 -0.0114  -0.0414  -0.0551  -0.1251  -0.0665   0.0554
 -0.0115  -0.0821  -0.0643  -0.1496  -0.0613  -0.0236
 -0.0003  -0.1358  -0.0467  -0.1229  -0.0659  -0.0193
 -0.0039  -0.0621  -0.0378  -0.1363  -0.0631  -0.0129
  0.0088  -0.0679  -0.0522  -0.1246  -0.0655  -0.0121
  0.0043  -0.1000  -0.0557  -0.1923  -0.0560  -0.0220
 -0.0296  -0.1553  -0.0114  -0.2344  -0.0579   0.0373
  0.0162  -0.2054  -0.0161  -0.3291  -0.1065   0.0373
 -0.0015  -0.1807   0.0095  -0.2391  -0.0575   0.0217
  0.0069  -0.2279  -0.0067  -0.3069  -0.0921   0.0115
  0.0295  -0.2327   0.0114  -0.4769  -0.1104   0.0062
  0.0504  -0.1667   0.0530  -0.3572  -0.1079   0.0260
  0.0407  -0.1138   0.0417  -0.1714  -0.1157   0.0323
  0.0126  -0.0444   0.0095  -0.0156  -0.0967  -0.0189
  0.0189  -0.0718   0.0200  -0.0129  -0.1131   0.0203
  0.0232  -0.0064   0.0542   0.0931  -0.1198   0.0015
  0.0095  -0.0009   0.0555   0.0677  -0.1058  -0.0225
  0.0099  -0.0410   0.0632  -0.0041  -0.1084   0.0482
  0.0313  -0.0816   0.0824  -0.1053  -0.1157   0.0973
  0.0425  -0.0833   0.0893  -0.2100  -0.1277   0.0139
  0.0637  -0.1557   0.0084  -0.1786  -0.1983  -0.0054
  0.0418  -0.0181  -0.0233  -0.1430  -0.1605   0.0143
  0.0642  -0.0848   0.1246  -0.2987  -0.1564   0.0810
  0.0858  -0.1455   0.1667  -0.3828  -0.1382   0.0797
  0.0579  -0.0546   0.1083  -0.1319  -0.1227   0.0004
  0.0613  -0.0166   0.1004  -0.0439  -0.0856  -0.0689
