  0.2133   0.1558  -0.1923  -0.4444  -0.0395   0.0887
  0.2233   0.4763  -0.1184  -0.4883   0.0357  -0.1191
  0.2230   0.3206  -0.0578  -0.3860   0.0103  -0.0340
  0.2341   0.2489  -0.0977   0.1688   0.0626  -0.2574
  0.2547   0.0964  -0.0215   0.7436   0.0654  -0.3577
  0.2448  -0.0246  -0.0049   0.1695   0.0603  -0.0881
  0.2147  -0.0915  -0.0440   0.1453  -0.0596  -0.0135
  0.1911  -0.0533  -0.0297  -0.0461   0.0022   0.0515
  0.2072  -0.0343  -0.0227   0.0149  -0.0327   0.0051
  0.1682  -0.0764  -0.0510  -0.0129   0.0568   0.0578
  0.1723  -0.0581  -0.0380   0.0492   0.0274   0.0165
  0.1473  -0.1454  -0.0703   0.0013   0.0443   0.0843
  0.1262  -0.2020  -0.1168  -0.0299   0.0200   0.1403
  0.1603  -0.2543  -0.0881  -0.0221   0.0314   0.1583
  0.1391  -0.1996  -0.1110  -0.0629   0.0260   0.1491
  0.1230  -0.2065  -0.1322  -0.0731  -0.0149   0.1511
  0.1270  -0.2095  -0.1153   0.0014  -0.0079   0.1196
  0.1394  -0.1549  -0.1152  -0.0252  -0.0236   0.0913
  0.1198  -0.2047  -0.1159  -0.0235  -0.0058   0.1211
  0.1387  -0.2591  -0.1165  -0.0085   0.0050   0.1427
  0.1160  -0.2658  -0.1235  -0.0099   0.0025   0.1396
  0.1147  -0.2542  -0.1310  -0.0434  -0.0152   0.1476
  0.1132  -0.3375  -0.1687  -0.0008  -0.0461   0.1594
  0.0914  -0.2770  -0.1859  -0.0045  -0.0516   0.1363
  0.1034  -0.2599  -0.1483   0.0055  -0.0560   0.1141
  0.1051  -0.2986  -0.1839   0.0077  -0.0592   0.1321
  0.0961  -0.2602  -0.1598  -0.0329  -0.0590   0.1344
  0.0921  -0.3025  -0.1724  -0.0603  -0.0636   0.1609
  0.0905  -0.2598  -0.1653  -0.0276  -0.0253   0.1314
  0.1646  -0.2895  -0.1937  -0.0845  -0.0095   0.1743
  0.1101  -0.2531  -0.1405  -0.0594  -0.0365   0.1438
  0.0709  -0.2899  -0.1036  -0.0416  -0.0906   0.1739
 -0.0020  -0.2964  -0.0768  -0.0309  -0.1005   0.1858
  0.0869  -0.3708  -0.1206  -0.0277  -0.0528   0.2112
  0.0579  -0.3119  -0.1468  -0.0334  -0.0274   0.1635
  0.0939  -0.3463  -0.1260  -0.0662  -0.0976   0.2041
  0.1168  -0.3471  -0.1340  -0.2005  -0.2410   0.2485
  0.1000  -0.2525  -0.1412  -0.1908  -0.0563   0.2119
  0.0605  -0.1792  -0.1228  -0.1126  -0.0288   0.1353
  0.0986  -0.3089  -0.1605  -0.1581  -0.0561   0.2301
  0.0584  -0.3924  -0.1122  -0.2942  -0.1932   0.3304
  0.0783  -0.3103  -0.1869  -0.1657  -0.0413   0.2034
 -0.0003  -0.3068  -0.1173  -0.0788  -0.0420   0.1928
  0.1455  -0.3712  -0.3144  -0.1054  -0.0012   0.2221
  0.2029  -0.4966  -0.5279  -0.1414  -0.0419   0.2827
 -0.0691  -0.5087  -0.2236  -0.0551  -0.1618   0.3100
  0.0206  -0.4625  -0.2858  -0.0871  -0.1543   0.2699
 -0.0653  -0.5297  -0.2484  -0.0519  -0.1945   0.3370
 -0.1354  -0.9093  -0.2517   0.1108  -0.2449   0.5834
 -0.1001  -0.6267  -0.2462  -0.0427  -0.1977   0.3896
 -0.0569  -0.5375  -0.2530  -0.0862  -0.1854   0.3672
 -0.0653  -0.5778  -0.2531  -0.0945  -0.1753   0.3712
 -0.2215  -0.9785  -0.2233   0.0185  -0.2788   0.7802
 -0.3945  -1.3358   0.0462  -0.1705  -0.2651   1.1942
 -0.2245  -0.7280  -0.0355  -0.1047  -0.2474   0.6454
 -0.1450  -0.5949  -0.0749  -0.1720  -0.2162   0.5520
 -0.1613  -0.6404  -0.0864  -0.2995  -0.2112   0.6450
 -0.1280  -0.5336  -0.0696  -0.3583  -0.1205   0.5976
 -0.1275  -0.5634  -0.0963  -0.2929  -0.1157   0.5843
 -0.0788  -0.8021  -0.2306  -0.2543  -0.1571   0.6860
 -0.2010  -0.7953  -0.1359   0.0374  -0.3216   0.5557
  0.0352  -0.9007  -0.2233  -0.0060  -0.1248   0.6783
  0.4789   1.0082  -0.3489  -0.3795   0.0839  -0.0228
  0.1882   0.9942  -0.0816  -0.3536  -0.1641  -0.3219
  0.0048  -0.3308  -0.0910   0.2243  -0.1914   0.1484
  0.0479  -0.6104  -0.2658   0.4149  -0.1918   0.2075
  0.0932   0.2924  -0.1355  -0.1286  -0.1829  -0.0595
  0.2449   2.1404   0.0786  -0.8310  -0.0664  -0.8892
  0.1129   0.7854  -0.0470   0.2177  -0.2075  -0.5477
  0.1017   0.5315  -0.0085   0.4252  -0.2339  -0.5154
 -0.0048   0.0835  -0.0696   0.3486  -0.2654  -0.3096
  0.0652   0.2753  -0.0494   0.3929  -0.2358  -0.3893
 -0.1259   0.0109  -0.3271   0.2643  -0.3119  -0.2029
  0.2163   0.5910  -0.4870   0.1130  -0.1766  -0.5986
  0.4140   1.0666  -0.2926  -0.2415  -0.1066  -0.5599
  0.6679   0.6616  -0.6822  -0.7757   0.1670  -0.0083
  0.7410   0.6348  -0.3184  -0.8892   0.2799   0.0562
  0.2720   0.5677  -0.0009  -0.8907   0.1372   0.0437
  0.3167   0.6100  -0.0927  -0.7954   0.2218  -0.0327
  0.2516   0.5747  -0.0283  -0.8143   0.1556  -0.0022
  0.2326   0.3619  -0.0553  -0.4176   0.0646  -0.1112
  0.1464   0.2356  -0.0438  -0.3347  -0.0783  -0.0428
  0.1136   0.2003  -0.0198  -0.4485   0.0473   0.0512
  0.0815   0.1703  -0.0596  -0.5389  -0.0418   0.0828
  0.0838   0.1601  -0.1106  -0.5639   0.0302   0.1144
  0.0997   0.1651  -0.0738  -0.5378   0.0191   0.0942
  0.1081   0.2734  -0.0498  -0.5659  -0.0122   0.0211
  0.1255   0.4695  -0.0496  -0.6508   0.1173  -0.0518
  0.1464   0.3728  -0.0831  -0.7229   0.0269   0.0332
  0.1248   0.2816  -0.1239  -0.6900   0.0560   0.0650
  0.1206   0.2271  -0.1313  -0.6346   0.1199   0.0626
  0.1057   0.1851  -0.1060  -0.6800   0.0593   0.0994
  0.1083   0.1415  -0.1085  -0.5316   0.1109   0.0739
  0.0776   0.0542  -0.0824  -0.6427  -0.0368   0.1751
  0.0769  -0.0052  -0.1006  -0.5482   0.0500   0.1824
  0.0591   0.0224  -0.1004  -0.5366   0.0418   0.1565
  0.0881   0.0444  -0.1493  -0.5286   0.0982   0.1510
  0.0716   0.0284  -0.1104  -0.5580   0.0352   0.1699
  0.1027  -0.0325  -0.1444  -0.5819   0.0368   0.1849
  0.0758  -0.0892  -0.1229  -0.5440   0.0699   0.1936
  0.0597  -0.2281  -0.1516  -0.4683   0.0409   0.2636
 -0.0150  -0.3642  -0.1553  -0.4178   0.0175   0.3403
  0.0213  -0.3956  -0.1624  -0.3749   0.0369   0.3548
  0.0154  -0.4395  -0.1573  -0.3443   0.0281   0.3345
  0.0042  -0.4628  -0.1344  -0.2325   0.0238   0.3394
 -0.0435  -0.5214  -0.0026  -0.1693  -0.0018   0.3905
 -0.2197  -0.2368   0.1290  -0.0159  -0.2924   0.3114
  0.6348   1.0228  -0.4447   0.9768  -0.2753  -0.6146
  0.4413   0.7831  -0.1788  -0.1404  -0.0684  -0.4460
  0.2283   0.5344  -0.1197  -0.1533  -0.0247  -0.2990
  0.1930   0.2173  -0.1482  -0.1005  -0.0525  -0.0889
  0.1574   0.1193  -0.1374  -0.0107  -0.0065  -0.0997
  0.2040   0.2404  -0.0625   0.0536  -0.0512  -0.2082
  0.2054   0.3839  -0.1021  -0.2013   0.0943  -0.1718
  0.2898   0.2687   0.0330   0.0807   0.1779  -0.2347
  0.2154   0.2111  -0.0643  -0.2246  -0.0072  -0.1044
  0.1349   0.1449  -0.0905  -0.3226   0.0050  -0.0198
  0.0855   0.0987  -0.0514  -0.2410  -0.0630   0.0074
  0.2202   0.4469  -0.0417  -0.2275  -0.0409  -0.2557
  0.2139   0.6952  -0.0428  -0.4190   0.0834  -0.3258
  0.2086   0.3126  -0.1177  -0.1495  -0.0382  -0.2143
  0.1484   0.0227  -0.1297  -0.0692  -0.0345  -0.0847
  0.1657  -0.0749  -0.1484  -0.0044  -0.0581  -0.0572
  0.0922  -0.0322  -0.1110  -0.0763  -0.0409  -0.0356
  0.1978  -0.0327  -0.1097   0.0888  -0.0568  -0.1310
  0.1492  -0.1012  -0.1002   0.2438  -0.0899  -0.1689
  0.1357   0.0016  -0.2183   0.0402   0.0316  -0.1073
  0.0308  -0.2030  -0.1125   0.0232  -0.0719   0.0101
  0.2121   1.1410  -0.1393  -0.7597  -0.0607  -0.4515
  0.3153   2.6907  -0.1133  -1.7619   0.1485  -0.8612
  0.3185   2.0132  -0.0511  -1.1840   0.0402  -0.7728
  0.0015   1.8190   0.0459  -1.3886  -0.2133  -0.3839
  0.5069   2.3287  -0.6028  -0.7635  -0.0863  -0.8772
  0.5759   2.4251  -0.3698  -1.1112  -0.0924  -1.0595
  0.3344   2.2095  -0.2514  -1.2742   0.0848  -0.9430
  0.3266   2.1342  -0.1628  -1.2840   0.1372  -0.8359
  0.3183   1.7959  -0.3093  -1.3942   0.1642  -0.6044
  0.1559   1.2852  -0.0093  -0.3594  -0.1151  -0.7647
  0.2157   1.2241  -0.1986  -0.3993   0.1450  -0.7387
  0.1233   1.1460  -0.0418  -0.3179  -0.2047  -0.7364
  0.2979   0.9833  -0.6843   0.1567   0.7838  -0.8219
 -0.8981   0.7786  -0.5730   0.0550   0.5048  -0.3194
 -2.4579  -0.4728   1.8179   0.4365  -1.0201   0.6759
 -1.2683  -1.5991   0.3716   0.9375  -0.5378   0.6744
 -1.1531  -1.7569   0.3382   0.8941  -0.6855   0.7720
 -1.5617  -1.4882   0.9210   1.0972  -0.3835   0.6822
 -0.5502   0.0875   1.0249   0.8028   0.2257  -0.1794
 -0.4473   0.1749   0.8725   0.8776   0.2950  -0.2677
 -1.3725  -0.8551   1.2646   1.1425   0.0081   0.3572
 -1.3571  -0.7215   2.0247   1.4645   0.3133   0.3466
 -0.9201  -1.6978   1.1187   1.4167   0.0673   0.6087
 -1.0032  -1.7135   1.3298   1.3289   0.0967   0.6597
 -0.9273  -1.1696   1.1120   0.6151  -0.0494   0.7092
  0.0239   0.6599   0.6150   0.9401   0.2581  -0.2435
 -0.0956   0.4102   0.6150   0.5888   0.0292  -0.3473
 -0.1550   0.2715   0.6110   0.1846   0.4069  -0.1279
  0.0291   0.1624   1.2857   1.1584   1.6980  -0.1502
 -0.5860   0.1792   0.5810   0.8862   2.5853   0.0953
 -2.8817   0.1798   2.0404   0.5075  -0.6850   0.5964
 -0.4533  -1.0919   0.5624   1.5524   0.0162   0.1510
 -0.7435  -1.3116   0.5941   1.4272   0.0829   0.2707
 -0.5773  -0.6919   0.4532   0.5081   0.2739   0.3003
 -0.6570  -0.6560   0.5094   0.3313   0.4528   0.3894
 -0.6409  -0.7753   0.6166   1.4264   0.2058  -0.1014
 -0.5625   0.2033   0.7296   1.4604   0.1466  -0.7064
 -0.5367   0.1647   0.7369   1.5411   0.2130  -0.7099
 -0.6601  -0.6091   1.0116   2.3396   0.1527  -0.4734
 -0.6025   0.0748   0.8909   1.6804  -0.0164  -0.6283
 -0.3855   1.0735   0.7748   0.8999   0.2213  -1.1372
 -0.5366  -0.0910   0.8130   1.4821   0.1986  -0.6310
 -0.6003  -0.3679   0.7674   1.2957   0.1569  -0.4649
 -0.6525  -0.6396   0.7525   1.4869   0.1774  -0.3142
 -0.5374  -0.2684   0.8152   1.2573   0.2173  -0.5218
 -0.2980   0.6194   0.8627   1.2287   0.3813  -0.9769
 -0.3922   0.2451   0.8734   1.1527   0.1520  -0.7802
 -0.4113   0.4032   0.9270   1.2855   0.2430  -0.8799
