 -0.2394  -0.8989  -0.1969   0.9304  -0.2088   1.2037
 -0.3408  -1.1596  -0.2324   0.9576  -0.2432   1.4059
 -0.3200  -1.0748  -0.2441   0.9229  -0.2650   1.3533
 -0.3304  -1.1041  -0.2240   0.9533  -0.2628   1.3641
 -0.3128  -1.0774  -0.2366   0.9627  -0.2600   1.3213
 -0.3289  -1.0703  -0.2662   0.9334  -0.2814   1.3595
 -0.3462  -1.0446  -0.2690   0.9118  -0.3045   1.3087
 -0.3507  -1.0395  -0.2527   0.9221  -0.3054   1.3237
 -0.3582  -1.0285  -0.2518   0.9205  -0.2965   1.2971
 -0.3643  -1.0056  -0.2505   0.8927  -0.2994   1.2689
 -0.3525  -0.9852  -0.2438   0.8433  -0.3099   1.2770
 -0.3634  -0.9580  -0.2525   0.8454  -0.3054   1.2441
 -0.3585  -0.9275  -0.2445   0.8442  -0.2996   1.2154
 -0.3591  -0.9843  -0.2477   0.8773  -0.2925   1.2243
 -0.3472  -0.9243  -0.2457   0.8200  -0.2992   1.1595
 -0.3486  -0.8648  -0.2506   0.8177  -0.2878   1.1898
 -0.3240  -0.8813  -0.2456   0.8286  -0.2716   1.1477
 -0.2864  -0.8794  -0.2413   0.8367  -0.2599   1.1199
 -0.2763  -0.8767  -0.2323   0.8308  -0.2610   1.1391
 -0.2785  -0.8881  -0.2469   0.8371  -0.2610   1.0950
 -0.2752  -0.8494  -0.2390   0.7794  -0.2668   1.0686
 -0.2614  -0.8093  -0.2121   0.7556  -0.2347   1.0405
 -0.2242  -0.8130  -0.1790   0.8103  -0.2006   1.0361
 -0.2184  -0.7630  -0.2047   0.7987  -0.2021   1.0517
 -0.1941  -0.7188  -0.1818   0.7780  -0.1877   0.9822
 -0.1980  -0.6952  -0.2128   0.7772  -0.2128   0.9830
 -0.2100  -0.6722  -0.2143   0.7657  -0.2215   0.9699
 -0.1845  -0.6828  -0.1962   0.7492  -0.2058   0.9453
 -0.1901  -0.6738  -0.1981   0.8104  -0.2009   0.9622
 -0.1844  -0.6540  -0.1943   0.7655  -0.1951   0.9470
 -0.1768  -0.6558  -0.1874   0.7568  -0.1853   0.9120
 -0.1598  -0.6315  -0.1687   0.7503  -0.1725   0.9267
 -0.1580  -0.6275  -0.1805   0.7408  -0.1702   0.8885
 -0.1520  -0.6105  -0.1662   0.7291  -0.1626   0.8943
 -0.1432  -0.6149  -0.1510   0.7277  -0.1558   0.8635
 -0.1438  -0.5773  -0.1446   0.7176  -0.1444   0.8510
 -0.1408  -0.5708  -0.1336   0.6983  -0.1325   0.8579
 -0.1302  -0.5676  -0.1277   0.6561  -0.1171   0.8086
 -0.1382  -0.5296  -0.1164   0.6341  -0.1118   0.8246
 -0.1237  -0.5353  -0.1247   0.6682  -0.1062   0.7554
 -0.1456  -0.5312  -0.1502   0.6578  -0.1333   0.8079
 -0.1294  -0.5407  -0.1316   0.6904  -0.1110   0.7956
 -0.1324  -0.5339  -0.1432   0.6594  -0.1171   0.7719
 -0.1380  -0.4997  -0.1532   0.6273  -0.1368   0.7459
 -0.1444  -0.4804  -0.1512   0.6007  -0.1436   0.7262
 -0.1385  -0.4683  -0.1514   0.5904  -0.1385   0.7300
 -0.1391  -0.4502  -0.1293   0.5935  -0.1205   0.7544
 -0.1347  -0.4380  -0.1139   0.5891  -0.1183   0.7012
 -0.1288  -0.4307  -0.1095   0.5727  -0.1156   0.7213
 -0.1205  -0.4461  -0.1046   0.6093  -0.0985   0.6798
 -0.1226  -0.4162  -0.1093   0.5774  -0.0891   0.6802
 -0.1226  -0.4036  -0.1043   0.5306  -0.0804   0.6470
 -0.1176  -0.4019  -0.1024   0.5336  -0.0711   0.6350
 -0.1094  -0.3925  -0.0916   0.5301  -0.0635   0.6258
 -0.1075  -0.3711  -0.0876   0.4967  -0.0552   0.6203
 -0.0998  -0.3756  -0.0808   0.5279  -0.0428   0.5943
 -0.0901  -0.3589  -0.0913   0.5586  -0.0422   0.6376
 -0.0741  -0.3214  -0.0843   0.5215  -0.0313   0.5791
 -0.0863  -0.2972  -0.0966   0.4585  -0.0412   0.5534
 -0.0811  -0.2916  -0.0754   0.4898  -0.0180   0.5361
 -0.0740  -0.2575  -0.0652   0.4735  -0.0016   0.5116
 -0.0825  -0.2915  -0.0707   0.4858   0.0130   0.5317
 -0.0824  -0.2789  -0.0772   0.4734  -0.0017   0.5202
 -0.0878  -0.2695  -0.0920   0.4503  -0.0293   0.5098
 -0.0786  -0.2541  -0.0747   0.4261  -0.0251   0.5103
 -0.0575  -0.2269  -0.0572   0.4470  -0.0182   0.4669
 -0.0246  -0.2780  -0.0559   0.4242  -0.0088   0.5577
 -0.0190  -0.3178  -0.0649   0.4385  -0.0037   0.5353
 -0.0197  -0.2692  -0.0682   0.3881  -0.0040   0.4267
 -0.0238  -0.2328  -0.0652   0.3589  -0.0107   0.3983
 -0.0344  -0.2091  -0.0753   0.3362  -0.0272   0.3573
 -0.0234  -0.1925  -0.0607   0.3330  -0.0181   0.3754
 -0.0154  -0.1822  -0.0550   0.3363  -0.0144   0.3459
 -0.0049  -0.1724  -0.0539   0.3427  -0.0257   0.3706
 -0.0059  -0.1628  -0.0564   0.3375  -0.0292   0.3166
  0.0051  -0.1402  -0.0533   0.3002  -0.0255   0.3185
  0.0049  -0.1528  -0.0577   0.2793  -0.0354   0.2969
  0.0085  -0.1304  -0.0632   0.2778  -0.0653   0.3170
 -0.0004  -0.1439  -0.0588   0.3262  -0.0904   0.3225
 -0.0028  -0.1350  -0.0705   0.3257  -0.1025   0.3319
 -0.0060  -0.1467  -0.0712   0.3495  -0.1354   0.3207
 -0.0122  -0.1157  -0.0797   0.3477  -0.1488   0.3165
 -0.0062  -0.0946  -0.0772   0.3386  -0.1481   0.2937
  0.0006  -0.0883  -0.0761   0.2917  -0.1374   0.3259
  0.0052  -0.0973  -0.0688   0.2837  -0.1356   0.2669
  0.0133  -0.0824  -0.0641   0.2746  -0.1403   0.2933
  0.0148  -0.0888  -0.0672   0.2945  -0.1391   0.2460
  0.0141  -0.0719  -0.0592   0.2661  -0.1350   0.2626
  0.0219  -0.0728  -0.0480   0.2663  -0.1085   0.2640
  0.0202  -0.0698  -0.0453   0.2297  -0.1154   0.2363
  0.0269  -0.0649  -0.0500   0.2450  -0.1064   0.2566
  0.0427  -0.0792  -0.0349   0.2429  -0.1008   0.2464
  0.0350  -0.0754  -0.0582   0.2626  -0.1178   0.2399
  0.0160  -0.1009  -0.0385   0.2548  -0.1003   0.2474
  0.0222  -0.0953  -0.0323   0.2319  -0.0990   0.2189
  0.0228  -0.0740  -0.0245   0.2167  -0.0955   0.2075
  0.0305  -0.0904  -0.0262   0.2178  -0.0886   0.1986
  0.0267  -0.0854  -0.0304   0.2417  -0.0924   0.2072
  0.0265  -0.0992  -0.0385   0.2915  -0.0986   0.1875
  0.0308  -0.0886  -0.0400   0.2702  -0.0863   0.1837
  0.0254  -0.0965  -0.0336   0.2718  -0.0782   0.1921
  0.0307  -0.0944  -0.0266   0.2685  -0.0698   0.1665
  0.0296  -0.0782  -0.0145   0.2352  -0.0678   0.1553
  0.0467  -0.0505  -0.0033   0.2101  -0.0488   0.1237
  0.0599  -0.0663  -0.0041   0.2367  -0.0366   0.1291
  0.0579  -0.0471  -0.0248   0.1562  -0.0361   0.1041
  0.0551  -0.0258  -0.0193   0.1310  -0.0329   0.0540
  0.0514  -0.0017  -0.0198   0.1490  -0.0524   0.0415
  0.0568   0.0088  -0.0012   0.2067  -0.0390   0.0473
  0.0677   0.0178   0.0179   0.1686  -0.0214   0.0349
  0.0805   0.0127  -0.0033   0.1607  -0.0121   0.0119
  0.0773   0.0456  -0.0009   0.1060   0.0032   0.0209
  0.0777   0.0258  -0.0049   0.1656  -0.0018  -0.0162
  0.0871   0.0350  -0.0001   0.1507   0.0089  -0.0034
  0.0981   0.0346   0.0047   0.1793   0.0092  -0.0057
  0.0871   0.0860   0.0206   0.1532   0.0233  -0.0276
  0.0929   0.1098   0.0223   0.1661   0.0203  -0.0588
  0.0934   0.0806   0.0203   0.1586   0.0283  -0.0319
  0.0997   0.0944   0.0137   0.1232   0.0434  -0.0276
  0.0971   0.0960   0.0189   0.1106   0.0595  -0.0612
  0.0972   0.1176   0.0096   0.1096   0.0526  -0.0552
  0.0957   0.0830   0.0136   0.1583   0.0616  -0.0889
  0.0886   0.1241   0.0096   0.0793   0.0641  -0.0464
  0.0940   0.1099   0.0194   0.1096   0.0621  -0.1153
  0.0962   0.1292   0.0169   0.0753   0.0630  -0.0973
  0.0960   0.0910   0.0185   0.0952   0.0641  -0.1226
  0.0955   0.1246   0.0225   0.0488   0.0749  -0.1391
  0.1013   0.1158   0.0221   0.0753   0.0719  -0.1266
  0.0984   0.1669   0.0312   0.0678   0.0561  -0.1436
  0.1024   0.1761   0.0370   0.0617   0.0584  -0.1478
  0.1133   0.1584   0.0341   0.0527   0.0667  -0.1498
  0.1176   0.1629   0.0502   0.0139   0.0826  -0.1856
  0.1266   0.1611   0.0481   0.0198   0.1083  -0.1749
  0.1218   0.1574   0.0411   0.0248   0.1097  -0.1633
  0.1192   0.1493   0.0295   0.0284   0.0854  -0.2203
  0.1125   0.1542   0.0161  -0.0186   0.0741  -0.1991
  0.1143   0.1676   0.0370  -0.0414   0.0806  -0.2381
  0.1186   0.1668   0.0169  -0.0517   0.0634  -0.2528
  0.1122   0.1789   0.0068  -0.1290   0.0584  -0.2541
  0.1050   0.1800   0.0185  -0.0965   0.0482  -0.3143
  0.1115   0.2031   0.0211  -0.1091   0.0510  -0.2737
  0.1088   0.1916   0.0079  -0.0878   0.0460  -0.3308
  0.1148   0.2165   0.0340  -0.1257   0.0636  -0.3150
  0.1088   0.2047   0.0412  -0.1427   0.0705  -0.3467
  0.1133   0.2020   0.0385  -0.1682   0.0653  -0.3277
  0.1170   0.2264   0.0423  -0.1940   0.0639  -0.3639
  0.1195   0.2306   0.0422  -0.1566   0.0644  -0.3644
  0.1223   0.2263   0.0448  -0.1163   0.0627  -0.3579
  0.1265   0.2285   0.0420  -0.1061   0.0669  -0.3584
  0.1194   0.2225   0.0449  -0.1365   0.0723  -0.3491
  0.1184   0.2326   0.0464  -0.1769   0.0754  -0.3936
  0.1222   0.2359   0.0495  -0.2003   0.0725  -0.3901
  0.1241   0.2405   0.0567  -0.2112   0.0816  -0.4212
  0.1219   0.2420   0.0606  -0.2329   0.0856  -0.4121
  0.1230   0.2388   0.0665  -0.2245   0.1017  -0.4468
  0.1290   0.2510   0.0660  -0.2387   0.1021  -0.4172
  0.1288   0.2405   0.0688  -0.2260   0.1089  -0.4333
  0.1287   0.2418   0.0708  -0.2301   0.1099  -0.4440
  0.1265   0.2607   0.0727  -0.2664   0.1177  -0.4421
  0.1276   0.2584   0.0763  -0.2530   0.1228  -0.4696
  0.1316   0.2616   0.0761  -0.2617   0.1180  -0.4936
  0.1211   0.2862   0.0750  -0.3168   0.1281  -0.4788
  0.1162   0.2585   0.0744  -0.2873   0.1279  -0.5063
  0.1183   0.2773   0.0774  -0.3258   0.1333  -0.5226
  0.1191   0.2643   0.0832  -0.3185   0.1538  -0.4916
  0.1276   0.2781   0.0647  -0.3417   0.1324  -0.5326
  0.1214   0.2786   0.0672  -0.3609   0.1232  -0.5363
  0.1197   0.2688   0.0706  -0.3586   0.1285  -0.5296
  0.1171   0.2851   0.0680  -0.3759   0.1388  -0.5514
  0.1168   0.2832   0.0801  -0.3887   0.1453  -0.5676
  0.1132   0.2795   0.0782  -0.3892   0.1399  -0.5589
  0.1066   0.2641   0.0912  -0.3967   0.1386  -0.5825
  0.1078   0.3124   0.0879  -0.4206   0.1349  -0.5594
  0.0733   0.3803   0.1147  -0.6252   0.1411  -0.5440
  0.0704   0.3255   0.1191  -0.5637   0.1258  -0.6497
  0.0707   0.3555   0.1178  -0.5813   0.1352  -0.5867
  0.0729   0.3493   0.1220  -0.5862   0.1292  -0.6176
  0.0423   0.4374   0.1066  -0.7075   0.1246  -0.5776
  0.0360   0.4045   0.1037  -0.6853   0.1011  -0.6599
  0.0328   0.4193   0.0978  -0.6890   0.1069  -0.6294
  0.0292   0.3876   0.1182  -0.6926   0.0979  -0.6404
  0.0394   0.4090   0.1246  -0.6899   0.0988  -0.6634
  0.0233   0.4009   0.1345  -0.7069   0.0903  -0.6458
  0.0229   0.4138   0.1249  -0.6974   0.1005  -0.6732
  0.0221   0.4131   0.1189  -0.7031   0.0977  -0.6636
  0.0236   0.4200   0.1222  -0.7277   0.0957  -0.6518
  0.0185   0.4068   0.1280  -0.7302   0.0981  -0.6557
  0.0180   0.4304   0.1293  -0.7356   0.0968  -0.6737
  0.0141   0.4296   0.1318  -0.7278   0.0907  -0.6917
  0.0134   0.4376   0.1305  -0.7323   0.0860  -0.7100
  0.0116   0.4411   0.1382  -0.7270   0.0950  -0.7152
  0.0034   0.4572   0.1454  -0.7596   0.0930  -0.7365
 -0.0013   0.4641   0.1603  -0.7843   0.1051  -0.6925
 -0.0014   0.4730   0.1588  -0.7870   0.1153  -0.7655
  0.0049   0.4681   0.1605  -0.7805   0.1157  -0.7367
  0.0058   0.5033   0.1695  -0.8148   0.1021  -0.7158
  0.0063   0.4679   0.1740  -0.8121   0.1200  -0.7626
  0.0008   0.4785   0.1751  -0.8234   0.1209  -0.7450
  0.0047   0.4741   0.1676  -0.8203   0.1237  -0.7927
  0.0061   0.4980   0.1776  -0.8436   0.1156  -0.7929
  0.0108   0.4839   0.1731  -0.8048   0.1183  -0.7925
  0.0116   0.5058   0.1705  -0.8310   0.1134  -0.8092
  0.0181   0.5135   0.1752  -0.8125   0.1258  -0.8290
  0.0235   0.5164   0.1809  -0.8145   0.1219  -0.8075
  0.0325   0.5119   0.1856  -0.7906   0.1252  -0.8003
  0.0350   0.5295   0.1915  -0.8429   0.1292  -0.8512
  0.0319   0.5330   0.1914  -0.8594   0.1329  -0.8124
  0.0449   0.5399   0.1942  -0.8797   0.1401  -0.8765
  0.0454   0.5509   0.2001  -0.8899   0.1401  -0.8641
  0.0506   0.5435   0.1921  -0.8729   0.1422  -0.8579
  0.0460   0.5512   0.1990  -0.8733   0.1433  -0.8481
  0.0554   0.5513   0.1939  -0.8715   0.1452  -0.8754
  0.0517   0.5465   0.2020  -0.8676   0.1459  -0.8841
  0.0483   0.5298   0.1961  -0.8881   0.1442  -0.8575
  0.0528   0.5406   0.1899  -0.9000   0.1545  -0.9192
  0.0579   0.5591   0.2023  -0.8989   0.1703  -0.9219
  0.0595   0.5661   0.2028  -0.8848   0.1705  -0.9085
  0.0603   0.5480   0.2050  -0.8905   0.1758  -0.9173
  0.0504   0.5709   0.2043  -0.9468   0.1789  -0.9001
  0.0530   0.5638   0.2085  -0.9320   0.1753  -0.9288
  0.0563   0.5785   0.2133  -0.9742   0.1848  -0.9310
  0.0545   0.5817   0.2121  -0.9802   0.1767  -0.9611
  0.0556   0.6184   0.2207  -1.0033   0.1822  -0.9688
  0.0619   0.6096   0.2170  -0.9607   0.1670  -0.9853
  0.0562   0.6342   0.2200  -0.9966   0.1659  -0.9823
  0.0567   0.6351   0.2218  -1.0145   0.1643  -1.0162
  0.0520   0.6520   0.2283  -1.0587   0.1652  -1.0024
  0.0470   0.6458   0.2219  -1.0556   0.1664  -1.0239
  0.0532   0.6566   0.2284  -1.0557   0.1687  -1.0357
  0.0557   0.6646   0.2290  -1.0471   0.1642  -1.0234
  0.0516   0.6600   0.2288  -1.0610   0.1599  -1.0688
  0.0468   0.6766   0.2344  -1.0805   0.1603  -1.0254
  0.0471   0.6564   0.2406  -1.0616   0.1659  -1.0656
  0.0485   0.6662   0.2364  -1.0917   0.1657  -1.0369
  0.0498   0.6412   0.2368  -1.0726   0.1744  -1.0764
  0.0420   0.6728   0.2421  -1.1316   0.1689  -1.0661
