 -0.0044   0.7414   0.1265  -0.6253   0.0346  -0.2098
  0.1209   1.1143   0.0809  -0.9791   0.0550  -0.2511
  0.1262   0.8640  -0.0923  -0.9004   0.0134  -0.0810
  0.1070   1.2699   0.0717  -1.1490   0.0476  -0.2661
  0.0253   1.0088   0.1412  -0.9863   0.0905  -0.2814
 -0.0123   0.7576   0.0085  -0.8389   0.0211  -0.2462
 -0.0175   0.5851   0.0490  -0.6647   0.0296  -0.1583
 -0.0349   0.4124   0.0589  -0.6377   0.0406  -0.1091
  0.0651   0.3596   0.0248  -0.6695   0.0568  -0.0862
  0.0706   0.3588   0.0499  -0.5860   0.0556  -0.0505
  0.0248   0.3207   0.0353  -0.4757   0.0365  -0.0196
  0.0062   0.3296   0.0414  -0.4537   0.0474  -0.0521
 -0.0053   0.3768  -0.0164  -0.4714   0.0139  -0.0780
 -0.0471   0.4376  -0.0080  -0.4048   0.0234  -0.0329
 -0.0746   0.3378   0.0533  -0.3006   0.0596  -0.0233
 -0.0454   0.3080   0.0309  -0.2987   0.0432  -0.0595
 -0.0675   0.3211   0.0276  -0.2855   0.0428  -0.0296
 -0.0607   0.2867  -0.0002  -0.3312   0.0297  -0.0370
 -0.0703   0.2995  -0.0035  -0.3628   0.0252  -0.0843
 -0.0442   0.3056   0.0165  -0.3125   0.0560  -0.0885
 -0.0300   0.3142   0.0252  -0.2810   0.0747  -0.0370
 -0.0252   0.2092   0.1176  -0.2150   0.0853  -0.0486
 -0.0189   0.1697   0.1392  -0.1778   0.0994  -0.0357
 -0.0375   0.2524   0.0560  -0.1951   0.0595  -0.0341
 -0.0234   0.2833  -0.0123  -0.2146   0.0522  -0.0928
 -0.0366   0.3124  -0.0120  -0.1987   0.0402  -0.0541
 -0.0369   0.3065  -0.0239  -0.1903   0.0275  -0.0699
 -0.0347   0.3153  -0.0191  -0.1894   0.0347  -0.1028
 -0.0462   0.2633   0.0017  -0.1740   0.0379  -0.0419
 -0.0430   0.2618   0.0107  -0.1558   0.0387  -0.0378
 -0.0372   0.2762   0.0113  -0.1573   0.0337  -0.0658
 -0.0446   0.2738   0.0020  -0.1282   0.0364  -0.0487
 -0.0447   0.2380   0.0300  -0.1254   0.0353  -0.0087
 -0.0652   0.2320   0.0216  -0.0090   0.0416   0.0089
 -0.0718   0.1643   0.0159  -0.1040   0.0295  -0.0827
 -0.0661   0.1519   0.0373  -0.2631   0.0224  -0.1029
 -0.0296   0.1617   0.0486  -0.1834   0.0261  -0.0724
 -0.0914   0.1141   0.0752  -0.1408   0.0307  -0.0149
 -0.1383   0.0542   0.1187  -0.0735   0.0321  -0.0160
 -0.0832   0.1372   0.0939  -0.1464   0.0328  -0.0838
 -0.0617   0.0796   0.0735  -0.0647   0.0261  -0.0257
  0.0143   0.2796  -0.0026  -0.3563   0.0717  -0.0401
  0.0292   0.1815  -0.0049  -0.3873   0.0572   0.0180
 -0.0019   0.0229   0.0497  -0.0695   0.0155   0.0657
  0.0219   0.1612   0.0090  -0.1874   0.0197  -0.0501
 -0.0066   0.1880   0.0958  -0.2274   0.0209  -0.0712
  0.0099   0.1963   0.1156  -0.2124   0.0512  -0.0231
  0.0125   0.2001   0.0790  -0.2072   0.0312  -0.0347
 -0.0214   0.2010   0.0969  -0.2049   0.0243  -0.0390
 -0.0057   0.1398   0.0662  -0.1391  -0.0024   0.0214
 -0.0198   0.1768   0.0683  -0.1356   0.0060   0.0121
 -0.0220   0.1290   0.0638  -0.1590  -0.0053  -0.0613
 -0.0246   0.1293   0.0696  -0.1678   0.0013  -0.0668
 -0.0153   0.1305   0.0625  -0.1143   0.0135  -0.0173
 -0.0154   0.1181   0.0696  -0.1148   0.0160  -0.0255
 -0.0075   0.1368   0.0628  -0.1044   0.0111  -0.0005
  0.0114   0.1054   0.0616  -0.1161   0.0111  -0.0222
  0.0037   0.1225   0.0690  -0.0986   0.0238  -0.0529
 -0.0085   0.0727   0.0530  -0.1308   0.0065  -0.0395
 -0.0145   0.0190   0.0587  -0.1150   0.0067   0.0256
 -0.0065   0.0389   0.0583  -0.0816   0.0089   0.0014
  0.0027   0.0630   0.0628  -0.0929   0.0082  -0.0358
  0.0076   0.0680   0.0700  -0.1008   0.0109  -0.0187
 -0.0021   0.0423   0.0671  -0.0898   0.0161   0.0014
  0.0064   0.0135   0.0660  -0.0302   0.0121   0.0426
 -0.0101   0.0275   0.0580  -0.0605   0.0130  -0.0148
 -0.0042   0.0457   0.0531  -0.0595   0.0204  -0.0419
 -0.0098   0.0456   0.0491  -0.0562   0.0161  -0.0181
 -0.0034   0.0239   0.0554  -0.0558   0.0208  -0.0063
 -0.0070   0.0425   0.0490  -0.0428   0.0200  -0.0455
  0.0025  -0.0216   0.0365  -0.0636   0.0138  -0.0002
 -0.0047  -0.0379   0.0262  -0.0729   0.0038   0.0154
 -0.0077  -0.0544   0.0425  -0.0302   0.0068   0.0020
 -0.0297  -0.0480   0.0295  -0.0095   0.0151  -0.0174
 -0.0271  -0.0614   0.0372   0.0195   0.0094   0.0369
 -0.0215  -0.0530   0.0348  -0.0119   0.0082   0.0193
 -0.0056  -0.0514   0.0392   0.0061   0.0113   0.0124
  0.0068  -0.0411   0.0283  -0.0361   0.0225   0.0299
  0.0334  -0.0783   0.0137  -0.0340   0.0051   0.0593
  0.0065  -0.0109   0.0268  -0.0932   0.0328  -0.0280
 -0.0145   0.0950   0.0838  -0.1320   0.0501  -0.0388
 -0.0016   0.0289   0.0624  -0.0407   0.0204  -0.0169
 -0.0123   0.0177   0.0449  -0.0222   0.0285  -0.0434
 -0.0162   0.0092   0.0305  -0.0317   0.0068  -0.0029
 -0.0073   0.0096   0.0495  -0.0442   0.0213  -0.0352
 -0.0052  -0.0104   0.0331   0.0048   0.0054  -0.0084
 -0.0142  -0.1017   0.0135   0.0198   0.0077   0.0621
 -0.0561  -0.0349   0.0052   0.0984  -0.0388   0.0173
 -0.0505  -0.0082   0.0249   0.0964  -0.0239  -0.0534
 -0.0079  -0.0531  -0.0097   0.0319   0.0027   0.0018
 -0.0380  -0.0279   0.0574   0.0455  -0.0076  -0.0043
 -0.0352  -0.0258   0.0478   0.0319  -0.0002  -0.0054
 -0.0253  -0.0394   0.0300   0.0232  -0.0059   0.0155
 -0.0195  -0.0067   0.0446   0.0353  -0.0009  -0.0243
 -0.0201  -0.0188   0.0513   0.0552   0.0013  -0.0074
 -0.0280  -0.0262   0.0393   0.0640   0.0017   0.0020
 -0.0388  -0.0621   0.0382   0.1376  -0.0057   0.0368
 -0.0402  -0.0473   0.0257   0.1215  -0.0081   0.0040
 -0.0248  -0.0440   0.0332   0.1025   0.0010  -0.0068
 -0.0155  -0.0463   0.0389   0.0986  -0.0001   0.0291
 -0.0243  -0.0547   0.0364   0.1055  -0.0028   0.0210
 -0.0235  -0.0394   0.0315   0.1080  -0.0038  -0.0075
 -0.0220  -0.0706   0.0352   0.0842  -0.0129   0.0249
 -0.0183  -0.0475   0.0330   0.0842  -0.0152  -0.0181
 -0.0239  -0.0685   0.0358   0.1000  -0.0118   0.0245
 -0.0243  -0.0849   0.0305   0.0937  -0.0100   0.0233
 -0.0237  -0.0840   0.0511   0.1076  -0.0075   0.0199
 -0.0217  -0.1021   0.0261   0.0858  -0.0042   0.0574
 -0.0375  -0.1239   0.0821   0.0625  -0.0040  -0.0045
  0.0045  -0.1019   0.0402   0.0625   0.0149   0.0042
  0.0064  -0.1062   0.0293   0.0709   0.0092   0.0436
 -0.0147  -0.0899   0.0434   0.0871  -0.0009   0.0017
 -0.0044  -0.0999   0.0459   0.0863   0.0067   0.0277
 -0.0067  -0.1235   0.0385   0.0555  -0.0029   0.0239
  0.0122  -0.1083   0.0602   0.0501   0.0074  -0.0077
 -0.0152  -0.0996   0.0385   0.1022  -0.0056   0.0012
  0.0347  -0.1415   0.0613   0.1129   0.0140   0.0498
  0.0510  -0.1130   0.0585   0.0995   0.0283   0.0017
  0.0225  -0.1081   0.0536   0.1353   0.0236   0.0061
  0.0205  -0.0887   0.0436   0.1272   0.0211   0.0174
  0.0181  -0.1227   0.0480   0.1188   0.0148   0.0377
  0.0245  -0.1070   0.0418   0.1008   0.0147   0.0242
  0.0102  -0.1937   0.0816   0.1298   0.0069   0.0811
 -0.0179  -0.0352   0.0733   0.0446   0.0043  -0.0144
 -0.0262  -0.0303   0.0699   0.0231  -0.0042   0.0317
  0.0319  -0.1277  -0.1443   0.0953  -0.0534   0.0579
 -0.0408  -0.1368  -0.1927   0.0976  -0.1103   0.0522
 -0.0299  -0.1890  -0.1312   0.0550  -0.0496   0.0980
  0.0303  -0.1781   0.0603  -0.0747   0.0346   0.0368
  0.0296  -0.2289   0.0404   0.0366   0.0169   0.1177
  0.0123  -0.2633  -0.0432   0.1667   0.0011   0.1495
  0.0314  -0.1726  -0.0128   0.0969   0.0043   0.0105
  0.0280  -0.1633  -0.0737   0.0397   0.0050   0.0258
  0.0313  -0.1795  -0.0815   0.0443  -0.0064   0.0511
 -0.1056  -0.2684  -0.1255   0.1540  -0.0892   0.0558
 -0.1271  -0.3916  -0.1419   0.1360  -0.1078   0.1186
 -0.0516  -0.3231  -0.1787   0.1482  -0.0733   0.0704
 -0.0601  -0.3554  -0.1568   0.1634  -0.0789   0.0539
 -0.0700  -0.3224  -0.1336   0.2412  -0.0530   0.1063
 -0.0996  -0.3275  -0.1499   0.3637  -0.1118   0.0932
 -0.0977  -0.2079  -0.1146   0.4325  -0.1330   0.0027
 -0.0153  -0.1646  -0.0490   0.3397  -0.0640  -0.0557
 -0.0601  -0.1766  -0.2359   0.3086  -0.1146  -0.0738
 -0.0579  -0.1483  -0.1464   0.2974  -0.0797  -0.0267
 -0.0067  -0.1866  -0.1355   0.3062  -0.0627   0.0272
 -0.0224  -0.1804  -0.1342   0.2903  -0.0685   0.0079
 -0.0158  -0.1687  -0.1356   0.3031  -0.0789   0.0087
 -0.0231  -0.2090  -0.1224   0.3106  -0.0720   0.0331
 -0.0222  -0.2179  -0.1316   0.3612  -0.0783   0.0506
 -0.0101  -0.2502  -0.0936   0.2962  -0.0571   0.0587
  0.0007  -0.3019  -0.0811   0.3358  -0.0509   0.1284
 -0.0029  -0.2632  -0.0908   0.3544  -0.0504   0.1147
  0.0026  -0.2529  -0.0900   0.3372  -0.0569   0.0546
  0.0256  -0.2519  -0.0732   0.3230  -0.0262   0.0601
  0.0290  -0.2976  -0.0202   0.3394  -0.0057   0.1024
  0.0076  -0.2790  -0.0538   0.3418  -0.0334   0.0928
  0.0222  -0.2999  -0.0624   0.3427  -0.0303   0.0697
  0.0096  -0.2841  -0.0657   0.3481  -0.0430   0.0905
  0.0162  -0.3355  -0.0795   0.4005  -0.0622   0.1067
 -0.0038  -0.2925  -0.0739   0.3784  -0.0646   0.0633
  0.0236  -0.2931  -0.0606   0.4163  -0.0525   0.0539
  0.0149  -0.2359  -0.0711   0.3425  -0.0592   0.0641
 -0.0040  -0.2351  -0.0795   0.3261  -0.0571   0.0603
  0.0087  -0.2423  -0.0659   0.2647  -0.0506   0.0337
  0.0084  -0.2676  -0.0316   0.3168  -0.0448   0.0490
  0.0510  -0.0738  -0.1103   0.0105  -0.0524  -0.0188
  0.0899  -0.1119  -0.1177  -0.1769  -0.0309  -0.0162
  0.0722  -0.2249  -0.1018   0.1144  -0.0164   0.0695
  0.0751  -0.2095  -0.0749   0.1615  -0.0143   0.0295
  0.0659  -0.1891  -0.0194   0.1808   0.0134   0.0195
  0.0643  -0.1545  -0.0629   0.1770  -0.0196   0.0565
  0.0658  -0.1126  -0.0513   0.1738  -0.0231   0.0319
  0.0633  -0.1534  -0.0484   0.1989  -0.0230  -0.0026
  0.0846  -0.1081  -0.0555   0.1459  -0.0099   0.0396
  0.0981  -0.1782  -0.0381   0.1717  -0.0244   0.0396
  0.1023   0.0132  -0.0595   0.0123   0.0162  -0.0008
  0.1174   0.0794  -0.0499  -0.1325   0.0497   0.0114
  0.1042  -0.1202  -0.0699   0.0897   0.0090   0.0704
  0.0828  -0.1162  -0.0569   0.1474  -0.0036   0.0634
  0.0804  -0.1450  -0.0526   0.2233  -0.0005   0.0120
  0.0979  -0.1512  -0.0516   0.1960   0.0097   0.0274
  0.1001  -0.1799  -0.0404   0.2305   0.0044   0.0565
  0.0792  -0.1789  -0.0558   0.2437   0.0124   0.0224
  0.0665  -0.1054  -0.0227   0.2182   0.0039   0.0571
  0.0841  -0.1373  -0.0443   0.1996  -0.0081   0.0451
  0.1008  -0.2046  -0.0465   0.2764  -0.0041   0.0577
  0.0791  -0.2010  -0.0893   0.2879  -0.0260   0.0830
  0.0603  -0.1926  -0.1118   0.3100  -0.0254   0.0252
  0.0568  -0.2232  -0.0791   0.2165  -0.0166  -0.0155
  0.0636  -0.1179  -0.0712   0.2508  -0.0104   0.0001
  0.0629  -0.1022  -0.0520   0.2795  -0.0183   0.0021
  0.0687  -0.2008  -0.0384   0.2723  -0.0213   0.0069
  0.0689  -0.1387  -0.0536   0.2630  -0.0220   0.0227
  0.0724  -0.1586  -0.0420   0.2779  -0.0096   0.0032
  0.0707  -0.1416  -0.0481   0.2892  -0.0094   0.0054
  0.0724  -0.1473  -0.0280   0.2747  -0.0100   0.0167
