 -0.2046   2.7510  -0.7937  -0.6105  -0.2188  -0.4236
 -0.1677   3.9846  -0.9139  -0.8256  -0.2108  -0.6539
 -0.1708   3.8098  -0.8992  -0.8274  -0.2057  -0.6671
 -0.1549   3.9567  -0.9066  -0.7942  -0.2126  -0.6591
 -0.1707   3.8015  -0.9000  -0.7901  -0.2072  -0.6559
 -0.1906   3.8797  -0.9202  -0.7562  -0.2220  -0.6716
 -0.1666   3.8489  -0.8847  -0.6978  -0.2222  -0.6468
 -0.1538   3.8310  -0.8766  -0.7270  -0.2149  -0.6871
 -0.1373   3.8312  -0.8564  -0.6673  -0.2147  -0.6241
 -0.1083   3.8183  -0.8481  -0.7656  -0.1906  -0.6845
 -0.0853   3.7769  -0.8567  -0.6875  -0.1855  -0.6339
 -0.1007   3.7971  -0.8417  -0.7096  -0.1879  -0.6818
 -0.1051   3.8342  -0.8342  -0.6799  -0.1920  -0.6610
 -0.1083   3.8540  -0.8395  -0.7118  -0.1888  -0.6779
 -0.1095   3.8314  -0.8441  -0.6830  -0.1925  -0.6696
 -0.1099   3.8563  -0.8483  -0.6911  -0.1857  -0.6704
 -0.0875   3.8331  -0.8379  -0.6651  -0.1896  -0.6838
 -0.0941   3.8275  -0.8275  -0.6781  -0.1819  -0.6489
 -0.0639   3.8556  -0.8382  -0.6850  -0.1745  -0.7332
 -0.1634   3.3909  -0.7946  -0.6086  -0.1960  -0.4718
 -0.4846  -0.2068  -0.6049  -0.1023  -0.3518   0.0678
 -0.4856  -0.4867  -0.5785  -0.0290  -0.2965   0.2163
 -0.3009   0.2688  -0.4744  -0.3062  -0.1651   0.0686
 -0.2741  -0.0583  -0.4486  -0.2809  -0.1405   0.0881
 -0.2613   0.1974  -0.4521  -0.2825  -0.1388   0.0336
 -0.2727   0.2464  -0.4819  -0.3212  -0.1690   0.0376
 -0.2222   0.4464  -0.4568  -0.3347  -0.1467   0.0159
 -0.2423   0.2891  -0.4590  -0.2790  -0.1623   0.0094
 -0.2301   0.4049  -0.4509  -0.2474  -0.1594   0.0180
 -0.2215   0.3609  -0.4447  -0.2408  -0.1642   0.0057
 -0.2131   0.4662  -0.4328  -0.2153  -0.1508  -0.0068
 -0.2193   0.4602  -0.4432  -0.1876  -0.1693  -0.0016
 -0.2040   0.5956  -0.4708  -0.1370  -0.1790  -0.0148
 -0.1782   0.6614  -0.4737  -0.1722  -0.1852  -0.0455
 -0.1802   0.7177  -0.4524  -0.1380  -0.1906  -0.0418
 -0.1628   0.7173  -0.4359  -0.1803  -0.1910  -0.0723
 -0.1511   0.7908  -0.4163  -0.1701  -0.1933  -0.0519
 -0.1434   0.7608  -0.4003  -0.1993  -0.1842  -0.0803
 -0.1325   0.8174  -0.4085  -0.1859  -0.1812  -0.0490
 -0.1458   0.7731  -0.4049  -0.1861  -0.1736  -0.0983
 -0.1579   0.8076  -0.4086  -0.1599  -0.1696  -0.0499
 -0.1489   0.7762  -0.4280  -0.1890  -0.1704  -0.1028
 -0.1518   0.8119  -0.4137  -0.1670  -0.1705  -0.0491
 -0.1647   0.7452  -0.4161  -0.1690  -0.1798  -0.1048
 -0.1548   0.7930  -0.4010  -0.1666  -0.1582  -0.0784
 -0.1657   0.7492  -0.4044  -0.1526  -0.1567  -0.1009
 -0.1519   0.7959  -0.3872  -0.1750  -0.1410  -0.0822
 -0.1431   0.7699  -0.4058  -0.1752  -0.1435  -0.0955
 -0.1414   0.7900  -0.3837  -0.2009  -0.1329  -0.0948
 -0.1354   0.7349  -0.4647  -0.1972  -0.1449  -0.0474
 -0.1098   0.9318  -0.4236  -0.4242  -0.0972  -0.1279
 -0.1890   0.5294  -0.3654  -0.4213  -0.1096   0.0287
 -0.2744  -0.6457  -0.3309  -0.1561  -0.1422   0.2121
 -0.1952  -1.1887  -0.2253  -0.0736  -0.0625   0.3119
 -0.1738  -0.9884  -0.2219  -0.1528  -0.0554   0.2828
 -0.1594  -0.8937  -0.1427  -0.1310  -0.0510   0.1893
 -0.1555  -0.8124  -0.1656  -0.0745  -0.0444   0.2588
 -0.1442  -0.7639  -0.1558  -0.1033  -0.0347   0.1721
 -0.1483  -0.6951  -0.1766  -0.0639  -0.0416   0.2318
 -0.1307  -0.6736  -0.1722  -0.1218  -0.0397   0.1749
 -0.1358  -0.6031  -0.1861  -0.1115  -0.0459   0.2165
 -0.1085  -0.5571  -0.1635  -0.1449  -0.0238   0.1523
 -0.1073  -0.5286  -0.1601  -0.1196  -0.0269   0.1557
 -0.1028  -0.5120  -0.1438  -0.0983  -0.0359   0.1452
 -0.1034  -0.4858  -0.1444  -0.0512  -0.0422   0.1424
 -0.1116  -0.4428  -0.1443  -0.0427  -0.0565   0.1347
 -0.0992  -0.4025  -0.1412  -0.0101  -0.0551   0.1363
 -0.0930  -0.3719  -0.1396  -0.0270  -0.0530   0.1007
 -0.1018  -0.3628  -0.1373   0.0142  -0.0586   0.1029
 -0.0953  -0.3549  -0.1261   0.0029  -0.0549   0.0867
 -0.0797  -0.2991  -0.0980   0.0701  -0.0520   0.0935
 -0.0529  -0.2530  -0.0805   0.0361  -0.0482   0.0597
 -0.0595  -0.2469  -0.0755   0.0779  -0.0518   0.0524
 -0.0598  -0.2580  -0.0603   0.0508  -0.0448   0.0630
 -0.0791  -0.2874  -0.0508   0.0915  -0.0410   0.0393
 -0.0654  -0.2917  -0.0371   0.1081  -0.0545   0.0530
 -0.0697  -0.3065  -0.0502   0.1327  -0.0819   0.0212
 -0.0589  -0.2892  -0.0256   0.1677  -0.0592   0.0621
 -0.0487  -0.2904  -0.0303   0.1204  -0.0670   0.0197
 -0.0360  -0.3211   0.0117   0.2106  -0.0489   0.0511
 -0.0319  -0.3075  -0.0011   0.1427  -0.0528   0.0058
 -0.0215  -0.3143   0.0298   0.2495  -0.0327   0.0504
 -0.0242  -0.3130   0.0245   0.1329  -0.0349   0.0065
 -0.0178  -0.3197   0.0196   0.2014  -0.0512   0.0717
 -0.0152  -0.2334  -0.0057   0.0962  -0.0332   0.0222
 -0.0360  -0.2075   0.0072   0.1466  -0.0255   0.0249
 -0.0154  -0.2218   0.0193   0.1034  -0.0206  -0.0075
 -0.0177  -0.2162   0.0279   0.1564  -0.0171   0.0211
 -0.0044  -0.1965   0.0387   0.0977  -0.0182  -0.0032
 -0.0059  -0.2005   0.0471   0.1770  -0.0197   0.0038
 -0.0002  -0.1963   0.0339   0.0913  -0.0367   0.0112
 -0.0094  -0.2288   0.0408   0.1581  -0.0321   0.0204
  0.0258  -0.2352   0.0620   0.1146  -0.0403   0.0228
  0.0121  -0.2750   0.0652   0.1610  -0.0466   0.0233
  0.0400  -0.2412   0.0900   0.1188  -0.0473   0.0246
  0.0374  -0.2642   0.0946   0.1225  -0.0392  -0.0089
  0.0101  -0.2629   0.1011   0.2151  -0.0384   0.0401
 -0.0055  -0.2681   0.0557   0.1011  -0.0575  -0.0181
  0.0029  -0.1909   0.0382   0.1475  -0.0361   0.0569
  0.0101  -0.2152   0.0514  -0.0339   0.0007  -0.0270
  0.0082  -0.3016   0.0848   0.0047   0.0240   0.0170
  0.0182  -0.2518   0.0832  -0.0065   0.0375  -0.0122
  0.0137  -0.2467   0.0781   0.0563   0.0311   0.0109
  0.0296  -0.2552   0.0714   0.0547   0.0218   0.0463
  0.0357  -0.2609   0.0825   0.0699   0.0197   0.0266
  0.0322  -0.2682   0.0857   0.1071   0.0189   0.0614
  0.0317  -0.2557   0.0840   0.0783   0.0212   0.0189
  0.0293  -0.2736   0.0877   0.1395   0.0174   0.0581
  0.0286  -0.2551   0.0962   0.1116   0.0295   0.0181
  0.0346  -0.2643   0.1024   0.1868   0.0243   0.0391
  0.0293  -0.2512   0.1010   0.0971   0.0426   0.0030
  0.0296  -0.2836   0.1071   0.2021   0.0246   0.0404
  0.0403  -0.2664   0.1189   0.1134   0.0421   0.0091
  0.0420  -0.2774   0.1222   0.1709   0.0326   0.0230
  0.0490  -0.2775   0.1320   0.1587   0.0363   0.0302
  0.0459  -0.2939   0.1214   0.1813   0.0471  -0.0028
  0.0604  -0.2884   0.1291   0.2360   0.0474   0.0404
  0.0542  -0.2665   0.1000   0.1641   0.0428  -0.0052
  0.0582  -0.2452   0.0956   0.1269   0.0446   0.0191
  0.0538  -0.2370   0.1077   0.1049   0.0546  -0.0180
  0.0573  -0.2551   0.1306   0.1308   0.0434  -0.0214
  0.0443  -0.2649   0.1234   0.0189   0.0402  -0.0188
  0.0681  -0.2777   0.1470   0.1371   0.0490   0.0278
  0.0510  -0.2716   0.1287   0.0991   0.0533   0.0209
  0.0793  -0.2854   0.1577   0.1442   0.0359   0.0172
  0.0733  -0.2769   0.1528   0.0972   0.0373   0.0173
  0.0821  -0.2920   0.1835   0.2006   0.0450   0.0250
  0.0797  -0.2811   0.1670   0.1144   0.0524  -0.0050
  0.0918  -0.2860   0.1786   0.2306   0.0339   0.0213
  0.0824  -0.2846   0.1650   0.0711   0.0413  -0.0093
  0.0813  -0.3068   0.1854   0.2591   0.0374   0.0288
  0.0853  -0.3012   0.1783   0.1237   0.0592  -0.0062
  0.0759  -0.3262   0.1827   0.2295   0.0432   0.0306
  0.0588  -0.3049   0.1608   0.1104   0.0600   0.0041
  0.0764  -0.3135   0.1740   0.1831   0.0650   0.0247
  0.0797  -0.2765   0.1672   0.1154   0.0635  -0.0022
  0.0736  -0.2671   0.1722   0.1587   0.0641  -0.0184
  0.0779  -0.2737   0.1791   0.0664   0.0612  -0.0202
  0.0741  -0.2656   0.1772   0.1055   0.0620  -0.0365
  0.0814  -0.2864   0.1829   0.1116   0.0759   0.0061
  0.0739  -0.3163   0.1888   0.1504   0.0589   0.0169
  0.0741  -0.3161   0.1944   0.1403   0.0661   0.0360
  0.0697  -0.3052   0.1831   0.1314   0.0826   0.0049
  0.0670  -0.3211   0.2074   0.2041   0.0773   0.0189
  0.0570  -0.3408   0.1748   0.0702   0.0901  -0.0040
  0.0699  -0.3443   0.2192   0.2410   0.0903   0.0215
  0.0758  -0.4047   0.1678   0.0167   0.1728  -0.0120
  0.0951  -0.4293   0.2025   0.2253   0.1272   0.0352
  0.0934  -0.3979   0.2383   0.1060   0.1032   0.0060
  0.1049  -0.4464   0.2354   0.2189   0.0970   0.0135
  0.1095  -0.4109   0.2637   0.2790   0.1249   0.0120
  0.0942  -0.3800   0.2227   0.1710   0.1292  -0.0246
  0.1176  -0.3146   0.2089   0.2060   0.1166   0.0104
  0.1144  -0.3264   0.1972   0.0760   0.1162  -0.0317
  0.1186  -0.3706   0.2429   0.1530   0.1013  -0.0119
  0.1528  -0.3612   0.2449  -0.0411   0.1145  -0.0078
  0.1350  -0.3432   0.2558   0.1385   0.1258   0.0092
  0.1195  -0.3301   0.2425   0.0390   0.1428  -0.0042
  0.1369  -0.3597   0.2721   0.1555   0.1297  -0.0019
  0.1497  -0.3639   0.2665   0.1084   0.1337   0.0150
  0.1418  -0.3941   0.2779   0.1078   0.1264   0.0149
  0.1334  -0.3794   0.2906   0.1474   0.1291   0.0251
  0.1172  -0.3835   0.2907   0.1723   0.1259  -0.0055
  0.1654  -0.3814   0.3330   0.2536   0.1409   0.0088
  0.1709  -0.4009   0.3250   0.2234   0.1421  -0.0210
  0.1391  -0.4037   0.3242   0.2680   0.1456   0.0103
  0.1558  -0.4038   0.3069   0.1350   0.1638  -0.0139
  0.1143  -0.3828   0.2517   0.1620   0.1196   0.0211
  0.0484  -0.0696   0.1605  -0.2175   0.0819  -0.0113
  0.0899   0.0929   0.1637  -0.1467   0.0975   0.0075
  0.0948  -0.0078   0.1738  -0.1771   0.1063  -0.0524
  0.1430  -0.1251   0.2872   0.0267   0.1161  -0.0432
  0.1514  -0.2010   0.2858  -0.0271   0.1321  -0.0454
  0.1504  -0.2439   0.3113   0.1209   0.1356  -0.0013
  0.1539  -0.2694   0.3323   0.1295   0.1488  -0.0005
  0.1534  -0.2813   0.3299   0.1196   0.1598  -0.0069
  0.1699  -0.3099   0.3579   0.2268   0.1609   0.0121
  0.1574  -0.2965   0.3206   0.0570   0.1693  -0.0321
  0.1646  -0.3166   0.3511   0.2646   0.1544   0.0125
  0.1639  -0.3066   0.3552   0.1510   0.1626  -0.0161
  0.1657  -0.3210   0.3536   0.2138   0.1612  -0.0109
  0.1815  -0.3231   0.3672   0.2171   0.1687  -0.0046
  0.1737  -0.3254   0.3601   0.1679   0.1702  -0.0275
  0.1852  -0.3267   0.3655   0.2119   0.1722  -0.0146
  0.1741  -0.3670   0.3692   0.2437   0.1516  -0.0038
  0.1543  -0.3335   0.3613   0.1753   0.1065  -0.0014
  0.1362  -0.3023   0.3462   0.1181   0.1348  -0.0586
  0.1415  -0.3762   0.3511   0.1516   0.1741   0.0077
  0.1385  -0.4750   0.2934  -0.1984   0.2076   0.0196
  0.1710  -0.4093   0.3868   0.1311   0.2145   0.0216
  0.1411  -0.4021   0.3539   0.0274   0.2056  -0.0044
  0.1570  -0.3830   0.3945   0.1951   0.2084  -0.0005
  0.1473  -0.4037   0.3702   0.0279   0.2098  -0.0174
  0.1588  -0.3906   0.3931   0.1466   0.2015   0.0088
  0.1637  -0.4197   0.3967   0.0736   0.1927   0.0023
  0.1778  -0.3873   0.4204   0.0975   0.1867   0.0073
