  0.1256   0.3932  -0.2135  -0.0932   0.0423   0.0686
  0.1116   0.2970  -0.2015  -0.5469   0.1203   0.3287
  0.1347   0.2996  -0.1941  -0.4004   0.0902   0.2500
  0.1428   0.3013  -0.1866  -0.4508   0.1026   0.2825
  0.1648   0.2590  -0.1984  -0.3797   0.0950   0.2280
  0.1642   0.2899  -0.1953  -0.4083   0.0953   0.2617
  0.1599   0.2697  -0.1882  -0.3622   0.1125   0.2226
  0.1567   0.2786  -0.1856  -0.3786   0.1081   0.2402
  0.1558   0.2642  -0.1937  -0.3273   0.1070   0.2112
  0.1558   0.2684  -0.1949  -0.3560   0.1025   0.2092
  0.1498   0.2581  -0.1971  -0.2880   0.1154   0.1984
  0.1396   0.3016  -0.2202  -0.3115   0.0948   0.1953
  0.0888   0.3484  -0.2802  -0.1152   0.0528   0.0926
  0.0428   0.2936  -0.2881  -0.0988   0.0319   0.0855
  0.0297   0.2523  -0.3061  -0.1133   0.0297   0.0958
  0.0404   0.3000  -0.2892  -0.1257   0.0593   0.1248
  0.0368   0.2690  -0.2778  -0.1570   0.0275   0.1166
  0.0504   0.3085  -0.2709  -0.1275   0.0523   0.1290
  0.0340   0.3137  -0.2719  -0.1017   0.0816   0.0859
  0.1255   0.5016  -0.1841   0.0805  -0.0475  -0.0565
  0.1001   0.4465  -0.1430   0.0679   0.0481  -0.0760
  0.1029   0.4473  -0.1643   0.0176  -0.0320  -0.0416
  0.1230   0.5019  -0.1002  -0.0084  -0.0452  -0.0317
  0.1084   0.4285  -0.1367  -0.0017   0.0021  -0.0274
  0.2064   0.5121  -0.1276   0.0083  -0.0821  -0.0576
  0.1570   0.5296  -0.0404   0.1040  -0.0043  -0.0893
  0.1544   0.5951  -0.0317   0.2007   0.0096  -0.1514
  0.1144   0.5057  -0.0198   0.1587   0.0593  -0.1450
  0.1566   0.4608  -0.0095   0.1838  -0.0085  -0.1742
  0.2085   0.5662  -0.0204   0.3218  -0.0651  -0.2784
  0.1563   0.4956  -0.0045   0.3446   0.0200  -0.2567
  0.2088   0.4783   0.0093   0.3304  -0.0422  -0.2615
  0.1831   0.5002   0.0124   0.3186  -0.0463  -0.2458
  0.0803   0.4319   0.0107   0.2079   0.0341  -0.1765
  0.2273   0.4503  -0.0306   0.2743  -0.1289  -0.2326
  0.1697   0.4950  -0.0071   0.2859  -0.0632  -0.2345
  0.1011   0.4273  -0.0072   0.2472   0.0169  -0.1718
  0.1990   0.5320  -0.0543   0.3131  -0.1028  -0.2666
  0.2095   0.4746  -0.1235   0.3524  -0.1220  -0.2611
  0.1242   0.5451  -0.0548   0.3054  -0.0877  -0.3515
  0.0923   0.4794  -0.0690   0.3467  -0.1100  -0.3694
  0.1072   0.1428  -0.1592   0.3910  -0.1050  -0.2524
  0.0922   0.1131  -0.1196   0.3634  -0.0696  -0.2505
  0.1828   0.2567  -0.1075   0.4917  -0.1551  -0.3156
  0.0988   0.1795   0.0080   0.3546  -0.1124  -0.2378
  0.0616   0.0654   0.0076   0.3279   0.0199  -0.1867
  0.0925   0.0892   0.0115   0.3492   0.0058  -0.1796
  0.0840   0.0539   0.0134   0.3225   0.0357  -0.2048
  0.0607   0.1715   0.0738   0.3202  -0.0001  -0.3366
  0.0664   0.0220   0.0321   0.3757   0.0109  -0.2253
  0.1460   0.1508  -0.0450  -0.0236   0.0194   0.0287
  0.0862  -0.0907  -0.0022   0.0613  -0.0232  -0.0012
  0.0612  -0.2315   0.0886   0.0882   0.0371   0.0079
  0.0469  -0.1396   0.0369   0.1719   0.0311  -0.0587
  0.0835  -0.0565   0.0267   0.0594  -0.0403  -0.0078
  0.0371  -0.1684  -0.0189  -0.0036  -0.0048   0.0256
  0.1148  -0.0212  -0.0265   0.2709  -0.0963  -0.1533
 -0.0102  -0.1586   0.0127  -0.0979  -0.0439   0.0876
  0.1428  -0.0251  -0.0043   0.2196  -0.1119  -0.1486
  0.0963  -0.0401   0.0097   0.3630  -0.0884  -0.1978
 -0.0253  -0.1871  -0.0211   0.1140  -0.0200  -0.0596
  0.1114  -0.0418   0.0081   0.3028  -0.0674  -0.1742
  0.0494  -0.0588   0.0214   0.3397  -0.0097  -0.1875
  0.1015  -0.0776   0.0292   0.3044   0.0046  -0.1858
  0.1098  -0.1012   0.0265   0.3375   0.0068  -0.1980
  0.0772  -0.1025   0.0101   0.3210  -0.0063  -0.2009
  0.0850  -0.1149   0.0146   0.3411   0.0069  -0.2099
  0.1269  -0.1243   0.0434   0.3405   0.0415  -0.1926
  0.1038  -0.1342   0.0038   0.3886  -0.0150  -0.2248
  0.0865  -0.1302   0.0128   0.2405  -0.0679  -0.1528
  0.0252  -0.2097   0.0418   0.0537  -0.0049  -0.0139
  0.0561  -0.2011   0.0184   0.1362  -0.0014  -0.0558
  0.0583  -0.2115   0.0329   0.1234   0.0098  -0.0587
  0.0587  -0.1875   0.0303   0.1662   0.0063  -0.0679
  0.0528  -0.2068   0.0398   0.1827   0.0191  -0.0852
  0.0539  -0.1964   0.0309   0.1929   0.0132  -0.0876
  0.0495  -0.1994   0.0370   0.2428   0.0167  -0.0979
  0.0463  -0.1854   0.0213   0.2499  -0.0420  -0.0900
  0.0592  -0.0770  -0.0359   0.2936  -0.0725  -0.1602
  0.0335  -0.1011  -0.0561   0.2960  -0.0111  -0.1352
  0.0201  -0.1569  -0.0556   0.2390  -0.0736  -0.1107
  0.0486  -0.1360  -0.0422   0.2286  -0.0854  -0.1186
 -0.0045  -0.1941  -0.0026   0.0154  -0.0118   0.0148
  0.0124  -0.1381  -0.0284   0.1281  -0.0202  -0.0357
  0.0248  -0.0852  -0.0441   0.3032  -0.0719  -0.1580
  0.0214  -0.0934  -0.0297   0.3511  -0.0914  -0.1812
 -0.0067  -0.1044  -0.0413   0.3714  -0.0289  -0.1985
 -0.0190  -0.0839  -0.0484   0.3494  -0.0387  -0.1818
 -0.0442  -0.0503  -0.0620   0.3227  -0.0286  -0.1810
 -0.0324  -0.0651  -0.0702   0.3367  -0.0404  -0.1987
 -0.0522  -0.0702  -0.0754   0.3382  -0.0433  -0.1997
 -0.0542  -0.0811  -0.0780   0.3457  -0.0460  -0.1951
 -0.0685  -0.0780  -0.0726   0.3407  -0.0284  -0.1742
 -0.0407  -0.0913  -0.0782   0.3360  -0.0728  -0.1811
  0.0042  -0.0943  -0.0791   0.3220  -0.1077  -0.1879
 -0.0137  -0.0838  -0.0846   0.3570  -0.0939  -0.1966
 -0.0392  -0.1163  -0.0818   0.3001  -0.0980  -0.1537
 -0.0354  -0.1042  -0.0858   0.2964  -0.0849  -0.1427
 -0.0432  -0.1145  -0.0790   0.2856  -0.0864  -0.1517
 -0.0400  -0.1095  -0.0894   0.3108  -0.0862  -0.1462
 -0.0452  -0.0988  -0.0839   0.3293  -0.0760  -0.1615
 -0.0574  -0.1097  -0.0819   0.3347  -0.0837  -0.1735
 -0.0055  -0.0957  -0.1009   0.2764  -0.1300  -0.1523
  0.0030  -0.1025  -0.1047   0.3228  -0.0971  -0.1682
 -0.0044  -0.0958  -0.1028   0.3250  -0.1001  -0.1606
  0.0046  -0.0870  -0.1074   0.3281  -0.0975  -0.1691
 -0.0079  -0.0820  -0.1023   0.3129  -0.0999  -0.1574
  0.0000  -0.0800  -0.1097   0.3533  -0.0919  -0.1718
 -0.0157  -0.0970  -0.1180   0.3538  -0.0970  -0.1776
 -0.0101  -0.0729  -0.1267   0.3760  -0.1009  -0.1744
 -0.0558  -0.0817  -0.1073   0.3219  -0.0754  -0.1525
 -0.0929  -0.0623  -0.0492   0.3430  -0.1005  -0.1636
 -0.0691  -0.0348  -0.0821   0.3356  -0.1059  -0.1492
 -0.0728  -0.0287  -0.0786   0.3246  -0.0840  -0.1380
 -0.0826  -0.0263  -0.0802   0.3045  -0.0981  -0.1347
 -0.0735  -0.0128  -0.0774   0.2675  -0.0839  -0.1086
 -0.0713   0.0124  -0.0909   0.2949  -0.0879  -0.1350
 -0.0672   0.0244  -0.0979   0.3171  -0.0911  -0.1361
 -0.0737   0.0339  -0.1062   0.3541  -0.0940  -0.1697
 -0.0956  -0.0088  -0.0830   0.2793  -0.0882  -0.1177
 -0.0861  -0.0244  -0.1134   0.2392  -0.1009  -0.1111
 -0.0574   0.0486  -0.1174   0.3094  -0.1015  -0.1564
 -0.0738   0.0533  -0.0806   0.1992  -0.1095  -0.1011
 -0.0548   0.0701  -0.1305   0.2095  -0.1058  -0.1075
 -0.1546  -0.0052  -0.0773   0.1140  -0.0754  -0.0311
 -0.1237  -0.0106  -0.0940   0.1692  -0.0677  -0.0840
 -0.0293   0.0472  -0.0713   0.2724  -0.1258  -0.1553
 -0.0614   0.0469  -0.0819   0.2585  -0.0759  -0.1242
 -0.0487   0.0449  -0.0838   0.3125  -0.1071  -0.1600
 -0.0447   0.0616  -0.0936   0.2847  -0.0976  -0.1401
 -0.0750   0.0226  -0.0628   0.3324  -0.1029  -0.1790
 -0.0650   0.0048  -0.0201   0.1984  -0.0761  -0.0968
 -0.0351   0.1209  -0.0575   0.2381  -0.1673  -0.1365
 -0.0688   0.0725  -0.1294  -0.0773   0.0493   0.0632
 -0.1104   0.0161  -0.1422  -0.1707  -0.0320   0.1099
 -0.1642  -0.1689  -0.0653  -0.8277   0.1880   0.5429
 -0.1537  -0.3317   0.0893  -1.3454   0.3042   0.7738
 -0.1358  -0.2675   0.0219  -0.8687   0.2547   0.5449
 -0.1197  -0.2639   0.0496  -0.9629   0.2637   0.5864
 -0.1286  -0.2222   0.0409  -0.7376   0.2338   0.4865
 -0.1266  -0.2746   0.0713  -0.8138   0.2121   0.5084
 -0.1204  -0.2117   0.0547  -0.6881   0.2268   0.4558
 -0.1597  -0.2955   0.1271  -0.5281   0.0660   0.3400
 -0.0997  -0.0705   0.0999  -0.4080   0.0763   0.2311
 -0.0251  -0.0812   0.1831  -0.3780   0.2205   0.2370
 -0.1301  -0.0797   0.1330  -0.3490   0.2136   0.2592
 -0.1088  -0.1150   0.1742  -0.5878   0.2501   0.3555
 -0.0459  -0.0901   0.1841  -0.6393   0.2403   0.2777
 -0.0483  -0.3992   0.2695  -1.0606   0.1803   0.5664
 -0.1435  -0.5491   0.2739  -1.3337   0.2630   0.7046
 -0.0915  -0.3115   0.2978  -0.8453   0.2189   0.4604
 -0.1103  -0.4053   0.3255  -0.5672   0.0921   0.3551
 -0.1134  -0.3014   0.2161  -0.4025   0.0113   0.2646
 -0.1773  -0.2804   0.2068  -0.0355   0.0446   0.0402
 -0.1807  -0.3191   0.3659  -0.1093   0.1926   0.1109
 -0.1787  -0.6855   0.5185  -0.8901   0.1447   0.5508
 -0.2192  -0.5114   0.3930  -1.0694   0.2915   0.5395
 -0.1820  -0.4289   0.6165  -1.1648   0.1845   0.6267
 -0.1713  -0.9370   0.6267  -1.4532   0.2346   0.6786
 -0.2450  -0.7556   0.5181  -1.1190   0.2342   0.5472
 -0.1608  -0.4687   0.4858  -0.5981   0.0898   0.3286
 -0.1702  -0.4560   0.4455  -0.6904   0.0601   0.3405
 -0.1368  -0.1986   0.3406  -0.6912   0.0113   0.3210
 -0.1666  -0.2428   0.3190  -0.5114   0.0140   0.2303
 -0.2136  -0.4154   0.4505  -0.4565   0.0480   0.2526
 -0.2271  -0.3601   0.4228  -0.4137   0.0318   0.2088
 -0.2184  -0.3656   0.4419  -0.5368   0.0728   0.3010
 -0.2143  -0.3605   0.4264  -0.5136   0.0427   0.2727
 -0.2182  -0.3675   0.3935  -0.4246   0.0472   0.2387
 -0.2293  -0.3909   0.3747  -0.3566   0.0078   0.1746
 -0.1354  -0.3052   0.4113  -0.3029  -0.0430   0.1167
 -0.1779  -0.3039   0.4063  -0.3245  -0.0348   0.1394
 -0.1989  -0.2896   0.3534  -0.1565  -0.0049   0.0785
 -0.2041  -0.3413   0.3224  -0.2045  -0.0241   0.0855
 -0.2337  -0.3312   0.3425  -0.3705   0.0901   0.1848
 -0.2884  -0.3382   0.3709  -0.6748   0.0925   0.3515
