 -0.0346   0.4480  -0.1719  -0.2605  -0.0568  -0.0476
 -0.0044   0.4194  -0.2008  -0.0839   0.0058  -0.0313
 -0.0170   0.4421  -0.1805  -0.1013  -0.0214  -0.0208
  0.0064   0.4007  -0.1996  -0.0498  -0.0285  -0.0999
 -0.0132   0.4180  -0.1858  -0.0113  -0.0535   0.0030
 -0.0198   0.3903  -0.1723   0.0099  -0.0585  -0.0485
 -0.0249   0.3847  -0.1407  -0.0603  -0.0599  -0.0695
 -0.0377   0.3695  -0.1409  -0.0383  -0.0506   0.0266
 -0.0301   0.3943  -0.1274  -0.0583  -0.0485  -0.0148
 -0.0240   0.4023  -0.1509  -0.1306  -0.0587  -0.1140
 -0.0355   0.5775  -0.1032  -0.5897  -0.0560   0.0250
 -0.0669   0.5008  -0.0572  -0.6322  -0.1016  -0.0823
 -0.0842   0.2614  -0.0742  -0.1663  -0.1166  -0.1532
 -0.0980   0.3502  -0.0246  -0.3488  -0.1222  -0.0182
 -0.0783   0.2781  -0.0272  -0.2605  -0.0879  -0.0390
 -0.0666   0.2542  -0.0101  -0.2907  -0.0788  -0.0505
 -0.0636   0.2144  -0.0123  -0.2102  -0.0921  -0.1118
 -0.0593   0.2714  -0.0132  -0.2594  -0.0848  -0.0355
 -0.0652   0.2115  -0.0105  -0.1717  -0.0913  -0.0784
 -0.0553   0.1368  -0.0041  -0.1584  -0.0921  -0.0790
 -0.0386   0.0730  -0.0247  -0.1006  -0.0930  -0.0785
 -0.0463   0.1334  -0.0176  -0.2043  -0.0669   0.0403
 -0.0586   0.1307   0.0152  -0.1886  -0.0827  -0.0616
 -0.0632   0.1803   0.0208  -0.1961  -0.0947  -0.0753
 -0.0759   0.1318   0.0277  -0.1372  -0.1056  -0.0056
 -0.0629   0.1800   0.0179  -0.1649  -0.1071  -0.0128
 -0.0543   0.1061   0.0280  -0.1069  -0.1008  -0.0321
 -0.0498   0.1504   0.0166  -0.1618  -0.0990  -0.0456
 -0.0575   0.0912   0.0172  -0.1157  -0.0945   0.0371
 -0.0507   0.1898   0.0277  -0.2156  -0.0904  -0.0315
 -0.0523   0.2375   0.0381  -0.2451  -0.0841  -0.0727
 -0.0525   0.2101   0.0403  -0.2259  -0.0935   0.0095
 -0.0592   0.1537   0.0525  -0.2011  -0.0940  -0.0337
 -0.0488   0.1148   0.0472  -0.2104  -0.1140  -0.0568
 -0.0545   0.0546   0.0305  -0.1544  -0.0816   0.0018
 -0.0602   0.0392   0.0620  -0.2391  -0.0787  -0.0176
 -0.0597   0.0997   0.0849  -0.2443  -0.0877  -0.1291
 -0.0495   0.1130   0.0448  -0.2642  -0.0723   0.0317
 -0.0559   0.0330   0.0730  -0.1454  -0.0833  -0.0332
 -0.0447   0.0045   0.0419  -0.2502  -0.0795   0.0057
 -0.0763   0.0165   0.0672  -0.1571  -0.0878  -0.0326
 -0.0343   0.0644   0.0386  -0.3188  -0.0844  -0.0981
 -0.1134   0.1826   0.0911   0.0006   0.0138   0.0738
  0.2304   0.0840  -0.0968   0.2463   0.2783   0.1993
  0.1438  -0.1354  -0.1080   0.3181   0.0749  -0.0187
  0.0950   0.5920  -0.1761  -0.7089   0.0513   0.1284
  0.1031   0.6345  -0.0702  -0.9752   0.0167  -0.1971
  0.1065   0.3881   0.0016  -0.2439   0.0271  -0.1704
  0.1433  -0.1583  -0.0802   0.1111   0.1198   0.0175
  0.1672  -0.6464  -0.0402   0.5200   0.2168   0.1366
  0.1149  -0.4140  -0.0448   0.0505   0.1655   0.0950
  0.0883  -0.5257  -0.0163   0.4000   0.1267  -0.0616
  0.0787  -0.4359  -0.0885   0.3141   0.0703   0.0615
  0.0750  -0.4809  -0.0920   0.3892   0.0687   0.0491
  0.0771  -0.4929  -0.0827   0.3297   0.0432  -0.0118
  0.0633  -0.4896  -0.0649   0.3871   0.0580   0.0748
  0.0736  -0.5222  -0.0532   0.3634   0.0471   0.0258
  0.0811  -0.6219  -0.0308   0.4085   0.0492   0.0060
  0.0550  -0.6123  -0.0397   0.3414   0.0282   0.0270
  0.0397  -0.5481  -0.0168   0.3554   0.0311   0.0230
  0.0460  -0.5752  -0.0101   0.3086   0.0191  -0.0349
  0.0379  -0.5623  -0.0131   0.3621   0.0363   0.0158
  0.0345  -0.5964  -0.0076   0.2930   0.0415   0.0593
  0.0220  -0.5495   0.0574   0.2539   0.0368  -0.0203
  0.0132  -0.4717   0.0266   0.1323   0.0241  -0.0369
  0.0184  -0.5165   0.0342   0.2505   0.0458   0.0620
  0.0277  -0.5199   0.0373   0.2014   0.0124  -0.0869
  0.0129  -0.5020   0.0300   0.2711   0.0421   0.0895
  0.1037  -0.1980   0.0685   0.0741   0.0519   0.0258
  0.0860   0.6859   0.1981   0.2513   0.3731   0.8503
  0.0803   0.7062   0.3154   0.3363   0.4759   0.5424
  0.0167  -0.0896   0.1740   0.3268   0.2313  -0.1457
  0.0301  -0.3076   0.2195   0.3839   0.1240   0.0461
  0.0146  -0.2469   0.2181   0.3984   0.0687   0.0026
  0.0183  -0.2672   0.2525   0.4352   0.0864   0.0908
  0.0028  -0.2586   0.2164   0.4267   0.1062   0.0537
  0.0062  -0.2049   0.2015   0.3823   0.1363   0.0822
 -0.0287  -0.1987   0.2056   0.4174   0.0869  -0.0309
