  0.1796  -0.2897  -0.0500   0.0439   0.0538   0.0525
  0.1764  -0.3115  -0.0233  -0.0134   0.0690   0.0117
  0.1654  -0.2948  -0.0520  -0.0037   0.0398  -0.0118
  0.1608  -0.2907  -0.0465   0.0134   0.0385   0.0078
  0.1691  -0.2615  -0.0335  -0.0572   0.0592   0.0801
  0.1752  -0.2790  -0.0379  -0.0241   0.0628  -0.0021
  0.1825  -0.3011  -0.0631   0.0151   0.0466   0.0243
  0.1880  -0.2692  -0.0689  -0.0485   0.0555   0.0363
  0.1720  -0.3284  -0.0515   0.0059   0.0315  -0.0136
  0.1685  -0.3348  -0.0262   0.0109   0.0460   0.0072
  0.1582  -0.3030  -0.0225  -0.0594   0.0437   0.0385
  0.1398  -0.3181  -0.0085  -0.0117   0.0314   0.0022
  0.1309  -0.3253  -0.0010  -0.0125   0.0303  -0.0328
  0.1468  -0.3004   0.0266  -0.0590   0.0512   0.0357
  0.1622  -0.3306   0.0181  -0.0189   0.0481   0.0057
  0.1468  -0.3551   0.0007   0.0630   0.0379  -0.0562
  0.1502  -0.3013   0.0058  -0.0323   0.0336   0.0738
  0.1477  -0.3057   0.0124   0.0005   0.0399  -0.0264
  0.1429  -0.3252   0.0014   0.0187   0.0128  -0.0125
  0.0223  -0.1865   0.0220   0.0623  -0.0187  -0.1101
 -0.0569  -0.0861   0.0167   0.1096  -0.0387   0.0043
  0.0334  -0.0810  -0.0221   0.1535  -0.0022   0.1929
  0.0345  -0.0831  -0.0252   0.2757   0.0203   0.0322
  0.0443   0.0039  -0.0808   0.1227   0.0175   0.1194
  0.0123   0.0286  -0.0851   0.1383  -0.0014  -0.0794
  0.0527   0.0026  -0.0968   0.1690   0.0080   0.0750
  0.0369   0.0230  -0.1199   0.1590  -0.0028   0.0352
  0.0228  -0.0055  -0.1243   0.1398  -0.0072   0.0083
  0.0517   0.0094  -0.1182   0.1217  -0.0001   0.0715
  0.0158  -0.0108  -0.0866   0.1353   0.0192   0.0117
 -0.0130  -0.0254  -0.0883   0.1676   0.0087   0.0130
 -0.0022  -0.0203  -0.0829   0.1120   0.0051   0.0982
  0.0189  -0.0040  -0.1018   0.1629  -0.0102  -0.0594
 -0.0006   0.0309  -0.0787   0.0868  -0.0225   0.0853
 -0.0188   0.0549  -0.0502   0.0693  -0.0153   0.0038
 -0.0331   0.0716  -0.0121   0.0331  -0.0072   0.0380
 -0.0383   0.0960   0.0233   0.0512  -0.0024  -0.0238
 -0.0423   0.1038   0.0147   0.0097  -0.0133   0.0107
 -0.0548   0.0875   0.0199   0.0446  -0.0203  -0.0284
 -0.0522   0.1154   0.0418  -0.0049  -0.0098   0.0595
 -0.0544   0.1136   0.0491   0.0239  -0.0091  -0.0152
 -0.0657   0.1471   0.0165   0.0310  -0.0307   0.0002
 -0.0523   0.1621   0.0183   0.0092  -0.0164   0.0336
 -0.0526   0.1644  -0.0062   0.0141  -0.0239  -0.0055
 -0.0534   0.1652  -0.0206   0.0187  -0.0365  -0.0252
 -0.0398   0.1846  -0.0315  -0.0120  -0.0334   0.0616
 -0.0418   0.1649  -0.0198  -0.0292  -0.0228  -0.0098
 -0.0604   0.1566  -0.0070  -0.0010  -0.0395  -0.0419
 -0.0522   0.1753  -0.0040  -0.0591  -0.0229   0.0482
 -0.0480   0.1689  -0.0263  -0.0413  -0.0285  -0.0272
 -0.0446   0.1694  -0.0199  -0.0326  -0.0234   0.0046
 -0.0534   0.1799  -0.0083  -0.0649  -0.0368   0.0029
 -0.0569   0.1740  -0.0185  -0.0252  -0.0337  -0.0530
 -0.0618   0.1679  -0.0047  -0.0287  -0.0307   0.0156
 -0.0586   0.1557   0.0238  -0.0621  -0.0193   0.0344
 -0.0657   0.1342   0.0415  -0.0344  -0.0173  -0.0950
 -0.0477   0.1624   0.0506  -0.0824   0.0023   0.0271
 -0.0628   0.0821   0.0402  -0.0459  -0.0116  -0.0109
 -0.0855   0.0433   0.0640  -0.0203  -0.0151  -0.0546
 -0.1131   0.1124   0.0782  -0.0966  -0.0244  -0.0131
 -0.1264   0.1574   0.0577  -0.0671  -0.0291  -0.0472
 -0.1086   0.1219   0.0571  -0.0261  -0.0180  -0.0871
 -0.1043   0.1485   0.0740  -0.0970  -0.0208   0.0172
 -0.1177   0.1181   0.0880  -0.0654  -0.0257  -0.0879
 -0.1163   0.1378   0.0777  -0.0733  -0.0254  -0.0503
 -0.0994   0.1550   0.0809  -0.1167  -0.0178   0.0232
 -0.1159   0.1587   0.0826  -0.0959  -0.0173  -0.0358
 -0.1031   0.1222   0.0733  -0.0575  -0.0124  -0.0595
 -0.1040   0.1536   0.0793  -0.0886  -0.0060   0.0046
 -0.0974   0.1326   0.0665  -0.0792  -0.0058  -0.0143
 -0.0940   0.1226   0.0549  -0.0480   0.0041  -0.0769
 -0.0929   0.1552   0.0557  -0.0885  -0.0046   0.0201
 -0.0923   0.1594   0.0511  -0.1189  -0.0074  -0.0275
 -0.1002   0.1365   0.0603  -0.1074  -0.0084  -0.0695
 -0.0994   0.1338   0.0564  -0.0907  -0.0020  -0.0327
 -0.0870   0.1529   0.0498  -0.1349  -0.0070   0.0121
 -0.1031   0.1319   0.0629  -0.1080  -0.0152  -0.0277
 -0.0970   0.0955   0.0649  -0.0746  -0.0067  -0.0684
