  0.0081  -0.1322  -0.0030   0.2922  -0.0001   0.1217
  0.0089  -0.1245  -0.0092   0.3047   0.0060   0.1442
  0.0011  -0.1066   0.0044   0.3093  -0.0023   0.1864
  0.0013  -0.1167   0.0017   0.2987   0.0033   0.1522
  0.0023  -0.1086   0.0049   0.2979  -0.0003   0.1503
  0.0110  -0.1142   0.0041   0.3018  -0.0037   0.1257
  0.0026  -0.0972  -0.0005   0.3296  -0.0035   0.1349
  0.0014  -0.1044  -0.0065   0.3152  -0.0021   0.1800
  0.0052  -0.1029  -0.0031   0.3166  -0.0061   0.1460
 -0.0011  -0.1269   0.0035   0.2826  -0.0066   0.1413
 -0.0025  -0.1513   0.0109   0.2904  -0.0046   0.1443
 -0.0014  -0.0631  -0.0019   0.2722  -0.0095   0.1648
 -0.0011  -0.0646  -0.0016   0.2505  -0.0066   0.1572
 -0.0068  -0.0390  -0.0066   0.2344  -0.0056   0.1338
 -0.0094  -0.0585  -0.0014   0.2458  -0.0051   0.1337
  0.0051  -0.0625   0.0057   0.2433  -0.0001   0.1170
  0.0152  -0.0823   0.0100   0.2505  -0.0038   0.0956
  0.0141  -0.1046   0.0091   0.2753  -0.0044   0.1098
  0.0048  -0.0980  -0.0044   0.2622  -0.0062   0.1452
 -0.0050  -0.0971  -0.0017   0.2353  -0.0029   0.1267
 -0.0088  -0.0910  -0.0000   0.2422  -0.0018   0.1167
 -0.0026  -0.1136  -0.0050   0.2440   0.0019   0.0961
 -0.0060  -0.0767  -0.0030   0.2486   0.0008   0.1323
 -0.0072  -0.0917   0.0074   0.2336  -0.0025   0.1183
 -0.0049  -0.1063   0.0050   0.2312  -0.0026   0.0652
  0.0033  -0.0970   0.0004   0.2578   0.0050   0.1042
 -0.0003  -0.0700  -0.0032   0.2300  -0.0011   0.1432
 -0.0020  -0.1086  -0.0008   0.2389  -0.0063   0.1300
 -0.0050  -0.1289  -0.0029   0.2325  -0.0041   0.1077
  0.0000  -0.1372   0.0023   0.2435  -0.0049   0.1135
  0.0002  -0.1141  -0.0029   0.2258  -0.0029   0.1225
 -0.0044  -0.0860   0.0037   0.2302  -0.0018   0.1559
 -0.0039  -0.0933   0.0089   0.2039  -0.0024   0.1610
 -0.0008  -0.1161   0.0100   0.2267  -0.0016   0.0934
  0.0009  -0.1150   0.0063   0.2306  -0.0006   0.1049
 -0.0004  -0.1121   0.0041   0.2378  -0.0020   0.1217
 -0.0011  -0.0965  -0.0027   0.2235   0.0012   0.1333
 -0.0038  -0.0979   0.0010   0.2198   0.0052   0.1057
 -0.0056  -0.0861   0.0015   0.2004  -0.0000   0.1166
 -0.0025  -0.0728   0.0064   0.1972   0.0036   0.0997
 -0.0021  -0.0690   0.0020   0.1872   0.0055   0.0887
 -0.0032  -0.0737   0.0006   0.1835   0.0000   0.1007
  0.0020  -0.1098   0.0013   0.1735  -0.0007   0.0786
  0.0029  -0.1024  -0.0045   0.1699  -0.0021   0.0967
 -0.0017  -0.0658   0.0021   0.1814  -0.0055   0.1345
  0.0021  -0.0867  -0.0005   0.1900   0.0007   0.1008
  0.0014  -0.0826   0.0020   0.1661   0.0003   0.0649
  0.0065  -0.0877   0.0009   0.1705  -0.0025   0.0726
  0.0030  -0.0909   0.0004   0.1758   0.0032   0.0902
 -0.0009  -0.1020  -0.0059   0.1876  -0.0020   0.1165
 -0.0076  -0.0943  -0.0014   0.1592  -0.0005   0.1165
 -0.0163  -0.0629   0.0069   0.1631   0.0027   0.0981
 -0.0186  -0.0466   0.0079   0.1248  -0.0147   0.0591
 -0.0155  -0.0424   0.0062   0.1248  -0.0234   0.0486
 -0.0100  -0.0344   0.0062   0.1590  -0.0206   0.0741
 -0.0005  -0.0285   0.0053   0.1473  -0.0127   0.0784
  0.0005  -0.0466   0.0025   0.1661  -0.0111   0.0293
  0.0016  -0.0330   0.0012   0.1552  -0.0059   0.0204
 -0.0029  -0.0019   0.0042   0.1616  -0.0089   0.0924
  0.0049  -0.0281   0.0019   0.1485  -0.0042   0.0343
  0.0070  -0.0278   0.0072   0.1298  -0.0068   0.0118
  0.0022  -0.0194   0.0003   0.1602  -0.0109   0.0635
 -0.0018  -0.0301   0.0022   0.1234  -0.0143   0.0589
  0.0038  -0.0518   0.0027   0.1215  -0.0034   0.0495
  0.0018  -0.0447  -0.0011   0.1355  -0.0053   0.0356
  0.0001  -0.0363   0.0009   0.1312  -0.0106   0.0284
  0.0024  -0.0216  -0.0014   0.1309  -0.0096   0.0662
 -0.0006  -0.0225   0.0003   0.1043  -0.0061   0.0492
  0.0000  -0.0128   0.0001   0.1039  -0.0048   0.0378
  0.0012  -0.0260   0.0059   0.1097  -0.0029   0.0423
 -0.0035  -0.0460   0.0067   0.1206  -0.0110   0.0272
 -0.0011  -0.0475  -0.0031   0.1248  -0.0082   0.0433
 -0.0044  -0.0129  -0.0080   0.1114  -0.0109   0.0777
 -0.0054  -0.0172   0.0007   0.1086  -0.0039   0.0654
 -0.0086  -0.0287   0.0026   0.1124  -0.0072   0.0298
 -0.0037  -0.0330  -0.0049   0.1356  -0.0133   0.0404
  0.0038  -0.0214  -0.0017   0.1266  -0.0082   0.0543
  0.0039  -0.0035  -0.0000   0.1003  -0.0063   0.0468
  0.0013   0.0084  -0.0026   0.0760  -0.0048   0.0575
  0.0015  -0.0061  -0.0007   0.0861  -0.0085   0.0355
  0.0065  -0.0149   0.0023   0.0808  -0.0082   0.0141
  0.0036  -0.0115   0.0018   0.0657  -0.0009   0.0143
  0.0077  -0.0016   0.0035   0.0651  -0.0058   0.0287
  0.0097  -0.0075   0.0065   0.0754  -0.0079   0.0483
  0.0080  -0.0198   0.0082   0.0676  -0.0028   0.0356
 -0.0045  -0.0175   0.0085   0.0720  -0.0034   0.0435
  0.0061  -0.0268   0.0126   0.0711  -0.0074   0.0310
  0.0032  -0.0228   0.0069   0.0663  -0.0028   0.0269
  0.0106  -0.0282   0.0113   0.0711  -0.0152   0.0133
  0.0144  -0.0253   0.0096   0.0654  -0.0069   0.0175
  0.0089   0.0131   0.0104  -0.0144  -0.0090   0.0407
  0.0054   0.0022   0.0014  -0.0319  -0.0079   0.0226
  0.0111  -0.0332  -0.0018   0.0191   0.0066  -0.0305
  0.0120   0.0369  -0.0021   0.0147   0.0044   0.0283
  0.0086   0.0081  -0.0002   0.0228   0.0092   0.0074
  0.0141   0.0277   0.0014   0.0108   0.0077  -0.0357
  0.0098   0.0136  -0.0024   0.0261   0.0027  -0.0125
  0.0175   0.0192  -0.0039   0.0212   0.0021  -0.0205
  0.0146   0.0327  -0.0016   0.0257   0.0089   0.0157
  0.0135   0.0412  -0.0032   0.0135   0.0142   0.0065
  0.0148   0.0060  -0.0020   0.0256   0.0073  -0.0163
  0.0213   0.0096  -0.0009   0.0151  -0.0022  -0.0512
  0.0117   0.0248  -0.0004   0.0250  -0.0007  -0.0140
  0.0107   0.0197  -0.0004   0.0121   0.0082   0.0116
  0.0031   0.0046   0.0043  -0.0118   0.0059  -0.0240
  0.0145  -0.0039  -0.0025  -0.0219   0.0030  -0.0260
  0.0120  -0.0002   0.0011  -0.0117   0.0046  -0.0046
  0.0077   0.0225   0.0023  -0.0106   0.0017  -0.0019
  0.0141   0.0001   0.0001  -0.0129   0.0036  -0.0334
  0.0163  -0.0007   0.0008  -0.0198   0.0054  -0.0552
  0.0179   0.0063  -0.0013  -0.0096  -0.0021  -0.0352
  0.0110   0.0173  -0.0041   0.0113  -0.0001  -0.0196
  0.0116   0.0149   0.0011   0.0009   0.0051  -0.0042
  0.0161  -0.0316  -0.0096   0.0104   0.0069  -0.0538
  0.0113  -0.0251  -0.0111   0.0637   0.0054  -0.0284
  0.0141  -0.0195  -0.0149   0.0188   0.0005   0.0083
  0.0111  -0.0418  -0.0037   0.0133  -0.0010  -0.0121
  0.0123   0.0038  -0.0064  -0.0142   0.0009  -0.0620
  0.0067   0.0257  -0.0006  -0.0121   0.0052  -0.0312
  0.0100   0.0069  -0.0027  -0.0168   0.0036  -0.0332
  0.0059   0.0293  -0.0044  -0.0408   0.0056  -0.0357
  0.0082  -0.0144  -0.0038  -0.0103   0.0013  -0.0376
  0.0166   0.0256   0.0078  -0.0479   0.0008  -0.0390
  0.0193   0.0465   0.0050  -0.0723  -0.0041  -0.0403
  0.0096   0.0086  -0.0123  -0.0038   0.0011  -0.0236
  0.0107   0.0310  -0.0054  -0.0205  -0.0047  -0.0296
  0.0152   0.0088  -0.0024  -0.0190  -0.0043  -0.0435
  0.0153  -0.0066  -0.0037  -0.0187  -0.0068  -0.0676
  0.0134   0.0085  -0.0134  -0.0076  -0.0071  -0.0526
  0.0120   0.0142  -0.0091  -0.0074  -0.0043  -0.0204
  0.0104   0.0032  -0.0097  -0.0216   0.0012  -0.0364
  0.0129  -0.0045  -0.0085  -0.0407   0.0018  -0.0616
  0.0132   0.0113  -0.0085  -0.0117   0.0004  -0.0517
  0.0086   0.0010  -0.0112  -0.0222   0.0015  -0.0298
  0.0047   0.0087  -0.0097  -0.0257   0.0078  -0.0329
  0.0118   0.0027  -0.0084  -0.0388   0.0057  -0.0481
  0.0152  -0.0073  -0.0037  -0.0277  -0.0000  -0.0624
  0.0111   0.0098  -0.0093  -0.0416   0.0064  -0.0421
  0.0097   0.0212  -0.0019  -0.0462   0.0060  -0.0061
  0.0084  -0.0063  -0.0026  -0.0387   0.0037  -0.0469
  0.0128  -0.0249  -0.0050  -0.0173  -0.0001  -0.0733
  0.0124   0.0089  -0.0077  -0.0478   0.0021  -0.0502
  0.0027   0.0266  -0.0017  -0.0487   0.0061  -0.0294
  0.0023   0.0118  -0.0013  -0.0580   0.0035  -0.0651
  0.0155  -0.0061  -0.0046  -0.0604   0.0039  -0.0986
  0.0083  -0.0080  -0.0052  -0.0597   0.0015  -0.0786
  0.0037   0.0066  -0.0071  -0.0490   0.0039  -0.0349
  0.0080  -0.0341  -0.0070  -0.0431  -0.0022  -0.0392
  0.0059  -0.0228  -0.0129  -0.0433   0.0010  -0.0534
  0.0072  -0.0343  -0.0044  -0.0417   0.0001  -0.0505
  0.0105  -0.0092  -0.0099  -0.0368   0.0015  -0.0463
  0.0034   0.0183  -0.0085  -0.0471   0.0040  -0.0277
  0.0090  -0.0048  -0.0086  -0.0470   0.0035  -0.0728
  0.0067  -0.0207  -0.0084  -0.0561   0.0014  -0.0888
  0.0106  -0.0269  -0.0094  -0.0239  -0.0003  -0.0780
  0.0005  -0.0326  -0.0062  -0.0415  -0.0028  -0.0035
  0.0015  -0.0443   0.0025  -0.0738   0.0053  -0.0371
  0.0090  -0.0503  -0.0016  -0.0546   0.0000  -0.0332
  0.0163  -0.0648  -0.0051  -0.0561  -0.0037  -0.0475
  0.0107  -0.0600  -0.0114  -0.0469  -0.0022  -0.0318
  0.0078  -0.0425  -0.0092  -0.0348   0.0029  -0.0221
  0.0062  -0.0156  -0.0024  -0.0589   0.0061  -0.0043
  0.0046  -0.0358  -0.0022  -0.0570   0.0027  -0.0463
  0.0097  -0.0413  -0.0018  -0.0320   0.0015  -0.0499
  0.0114  -0.0121  -0.0121  -0.0367   0.0041  -0.0200
  0.0102   0.0013  -0.0117  -0.0481   0.0105  -0.0177
  0.0106  -0.0114  -0.0106  -0.0667   0.0086  -0.0418
  0.0172  -0.0500  -0.0015  -0.0692   0.0063  -0.0495
  0.0170  -0.0582  -0.0077  -0.0759   0.0003  -0.0594
  0.0083  -0.0373  -0.0077  -0.0899   0.0067  -0.0171
  0.0088  -0.0282  -0.0052  -0.0951   0.0083  -0.0190
  0.0043  -0.0276  -0.0042  -0.1050   0.0096  -0.0277
  0.0118  -0.0349  -0.0001  -0.1014   0.0104  -0.0408
  0.0148  -0.0436  -0.0017  -0.0826   0.0048  -0.0398
  0.0136  -0.0344  -0.0073  -0.0704   0.0104  -0.0576
  0.0141  -0.0218  -0.0051  -0.0742   0.0128  -0.0539
  0.0149  -0.0204  -0.0061  -0.0796   0.0120  -0.0326
  0.0125  -0.0289  -0.0061  -0.0892   0.0119  -0.0450
  0.0130  -0.0333  -0.0059  -0.0885   0.0107  -0.0811
  0.0159  -0.0354  -0.0119  -0.0897   0.0088  -0.0509
  0.0185  -0.0465  -0.0085  -0.0813   0.0065  -0.0579
  0.0106  -0.0325  -0.0051  -0.1228   0.0047  -0.0203
  0.0083  -0.0527  -0.0046  -0.1150   0.0058  -0.0514
  0.0099  -0.0414  -0.0058  -0.0937   0.0031  -0.0722
  0.0051   0.0023  -0.0089  -0.1091   0.0075  -0.0225
  0.0019  -0.0107   0.0009  -0.1105   0.0064  -0.0235
  0.0058  -0.0358  -0.0071  -0.1013   0.0137  -0.0481
 -0.0018  -0.0432  -0.0067  -0.0687   0.0133  -0.0260
  0.0073  -0.0183  -0.0105  -0.1174   0.0112  -0.0189
  0.0040  -0.0220  -0.0041  -0.1191   0.0107  -0.0388
  0.0068  -0.0288  -0.0140  -0.1301   0.0107  -0.0855
 -0.0092  -0.0046  -0.0187  -0.1497   0.0177  -0.0393
 -0.0052  -0.0563  -0.0366  -0.1984   0.0160  -0.0712
 -0.0049  -0.0342  -0.0417  -0.1972   0.0085  -0.0670
 -0.0012  -0.0145  -0.0369  -0.1617   0.0218  -0.0385
 -0.0258   0.0059  -0.0520  -0.2374   0.0130  -0.0747
 -0.0394  -0.0116  -0.0651  -0.2831   0.0073  -0.0870
 -0.0225  -0.0537  -0.0667  -0.2048   0.0014  -0.0745
 -0.0305  -0.0468  -0.0589  -0.2031   0.0070  -0.0477
 -0.0220  -0.0448  -0.0511  -0.1910   0.0005  -0.0461
 -0.0186  -0.0265  -0.0423  -0.1939   0.0007  -0.0596
 -0.0091  -0.0374  -0.0141  -0.1748   0.0010  -0.0559
  0.0027   0.0837   0.0011  -0.2396  -0.0121  -0.0943
 -0.0139   0.1910  -0.0151  -0.3001  -0.0037  -0.0950
 -0.0299   0.1795  -0.0011  -0.2773  -0.0039  -0.0616
 -0.0129   0.1638   0.0180  -0.2587  -0.0050  -0.0855
 -0.0265   0.1516   0.0386  -0.2475  -0.0075  -0.1108
 -0.0431   0.1445   0.0413  -0.2926   0.0019  -0.1192
 -0.0329   0.1771   0.0497  -0.2807  -0.0019  -0.0802
 -0.0338   0.1811   0.0380  -0.2509  -0.0083  -0.0963
 -0.0337   0.1934   0.0415  -0.2694  -0.0067  -0.0770
 -0.0349   0.1982   0.0365  -0.2741  -0.0086  -0.0967
 -0.0432   0.1916   0.0367  -0.2842  -0.0091  -0.0876
 -0.0249   0.1778   0.0281  -0.2967  -0.0022  -0.0762
 -0.0164   0.1895   0.0132  -0.3050  -0.0145  -0.0863
 -0.0275   0.2424   0.0173  -0.3118  -0.0035  -0.0777
 -0.0222   0.2638   0.0212  -0.3320   0.0014  -0.1147
 -0.0315   0.2490   0.0227  -0.2970  -0.0106  -0.1487
 -0.0309   0.2772   0.0210  -0.3030  -0.0014  -0.0791
 -0.0341   0.2503   0.0300  -0.3105   0.0010  -0.1193
 -0.0209   0.2613   0.0241  -0.3236   0.0074  -0.1534
 -0.0266   0.2853   0.0232  -0.3137   0.0091  -0.1213
 -0.0266   0.2612   0.0274  -0.3188   0.0076  -0.0983
 -0.0334   0.2309   0.0279  -0.3201   0.0032  -0.1521
 -0.0264   0.2771   0.0241  -0.3281   0.0092  -0.0886
 -0.0252   0.2456   0.0246  -0.3285   0.0164  -0.1071
 -0.0269   0.2247   0.0201  -0.3496   0.0008  -0.1856
 -0.0297   0.2399   0.0187  -0.3292  -0.0018  -0.1271
 -0.0231   0.2213   0.0167  -0.3346   0.0016  -0.1028
 -0.0210   0.2200   0.0115  -0.3398   0.0034  -0.1185
 -0.0283   0.2291   0.0194  -0.3469   0.0036  -0.1249
 -0.0270   0.2122   0.0154  -0.3396   0.0002  -0.1514
 -0.0269   0.2182   0.0166  -0.3199  -0.0037  -0.1389
 -0.0228   0.2394   0.0123  -0.3310  -0.0035  -0.1020
 -0.0164   0.2068   0.0167  -0.3214  -0.0063  -0.1186
 -0.0146   0.2207   0.0224  -0.3319  -0.0014  -0.1322
