 -0.2224  -0.2719   0.0900   0.2564  -0.1300   0.1663
 -0.3253  -0.3116   0.0316   0.2223  -0.2468   0.1871
 -0.2880  -0.3061   0.0370   0.2935  -0.2127   0.2402
 -0.3021  -0.3084   0.0290   0.2856  -0.2247   0.2057
 -0.2882  -0.3078   0.0415   0.3028  -0.2028   0.2506
 -0.2561  -0.3411   0.0542   0.3148  -0.1883   0.2432
 -0.2110  -0.3259   0.0784   0.3712  -0.1625   0.2163
 -0.2141  -0.3426   0.0602   0.3780  -0.1801   0.2141
 -0.1720  -0.3035   0.0617   0.3679  -0.1422   0.2029
 -0.1092  -0.2638   0.0578   0.3808  -0.0981   0.2050
 -0.1712  -0.2961   0.0663   0.4317  -0.1009   0.2135
 -0.1410  -0.2424   0.0619   0.3910  -0.0720   0.1608
 -0.1275  -0.2501   0.0651   0.4359  -0.0808   0.1649
 -0.1482  -0.2686   0.0401   0.3548  -0.1145   0.2310
 -0.1756  -0.3326   0.0556   0.3624  -0.0856   0.2358
 -0.1903  -0.3020   0.0644   0.3844  -0.0696   0.1879
 -0.1743  -0.2699   0.0796   0.3428  -0.0510   0.2147
 -0.1693  -0.2548   0.0713   0.3412  -0.0511   0.1599
 -0.1311  -0.2567   0.0747   0.2906  -0.0483   0.2481
 -0.1344  -0.2484   0.0632   0.3151  -0.0739   0.2171
 -0.1084  -0.2387   0.0638   0.3082  -0.0901   0.1367
 -0.1123  -0.2762   0.0566   0.3213  -0.0942   0.1896
 -0.1111  -0.2386   0.0712   0.3375  -0.0743   0.1926
 -0.1166  -0.2179   0.0713   0.2451  -0.0662   0.1946
 -0.1080  -0.2095   0.0757   0.2807  -0.0570   0.1232
 -0.1086  -0.2240   0.0789   0.2327  -0.0396   0.1973
 -0.1349  -0.2381   0.0781   0.2288  -0.0547   0.1772
 -0.1169  -0.2198   0.0777   0.2585  -0.0583   0.1358
 -0.1097  -0.2202   0.0761   0.2154  -0.0539   0.1641
 -0.1117  -0.2210   0.0721   0.2503  -0.0594   0.1391
 -0.1064  -0.2082   0.0747   0.1934  -0.0512   0.2000
 -0.1086  -0.2063   0.0672   0.1941  -0.0580   0.1415
 -0.0986  -0.1977   0.0653   0.1772  -0.0656   0.1633
 -0.0872  -0.2142   0.0775   0.2117  -0.0614   0.1216
 -0.0920  -0.2002   0.0770   0.1683  -0.0336   0.1567
 -0.1083  -0.2494   0.0797   0.2122  -0.0481   0.1086
 -0.1182  -0.2693   0.0740   0.1999  -0.0637   0.1722
 -0.1382  -0.2567   0.0617   0.2043  -0.0697   0.1723
 -0.1508  -0.2071   0.0613   0.1719  -0.0634   0.1594
 -0.1421  -0.2283   0.0609   0.1790  -0.0658   0.1547
 -0.1500  -0.2292   0.0497   0.1795  -0.0972   0.1190
 -0.1463  -0.2376   0.0565   0.1768  -0.1137   0.2006
 -0.1284  -0.2858   0.0745   0.2002  -0.0950   0.1388
 -0.1029  -0.2062   0.0764   0.1281  -0.0582   0.1174
 -0.0958  -0.1626   0.0558   0.1031  -0.0391   0.1222
 -0.1126  -0.1829   0.0389   0.1126  -0.0510   0.1590
 -0.1109  -0.1893   0.0440   0.1266  -0.0489   0.0923
 -0.0740  -0.1497   0.0466   0.0778  -0.0380   0.1815
 -0.0719  -0.1572   0.0462   0.0966  -0.0345   0.1025
 -0.0487  -0.1524   0.0436   0.1123  -0.0455   0.0820
 -0.0375  -0.1317   0.0425   0.0490  -0.0239   0.1716
 -0.0395  -0.0884   0.0478  -0.0084  -0.0046   0.0743
 -0.0151  -0.0724   0.0229  -0.0082   0.0053   0.0797
 -0.0216  -0.0815   0.0324   0.0084   0.0135   0.1057
 -0.0157  -0.0700   0.0483  -0.0016   0.0300   0.0785
 -0.0207  -0.0792   0.0349  -0.0011   0.0244   0.0616
 -0.0182  -0.1006   0.0445   0.0138   0.0299   0.0826
 -0.0117  -0.0643   0.0487  -0.0024   0.0347   0.1261
 -0.0167  -0.0628   0.0526   0.0195   0.0461   0.0456
 -0.0150  -0.0514   0.0477   0.0166   0.0410   0.0841
 -0.0132  -0.0557   0.0642   0.0419   0.0501   0.0992
 -0.0119  -0.0364   0.0623   0.0287   0.0483   0.0531
 -0.0013  -0.0333   0.0695   0.0190   0.0640   0.0579
 -0.0062  -0.0291   0.0741   0.0389   0.0679   0.0545
 -0.0141  -0.0211   0.0591   0.0279   0.0646   0.0639
  0.0053  -0.0292   0.0693  -0.0299   0.0636   0.0781
  0.0045  -0.0298   0.0735   0.0138   0.0576   0.0535
 -0.0007  -0.0185   0.0747  -0.0101   0.0749   0.0496
  0.0000  -0.0335   0.0643   0.0226   0.0656   0.0663
  0.0297  -0.0335   0.0565   0.0087   0.0530   0.0728
  0.0201  -0.0248   0.0581   0.0104   0.0520   0.0349
  0.0199  -0.0152   0.0496   0.0109   0.0597   0.0316
 -0.0033  -0.0122   0.0508   0.0252   0.0696   0.0397
 -0.0069  -0.0100   0.0508   0.0496   0.0666   0.0603
 -0.0058  -0.0132   0.0469   0.0555   0.0524   0.0471
  0.0187  -0.0212   0.0488   0.0438   0.0530   0.0935
  0.0206  -0.0086   0.0495  -0.0432   0.0611   0.0320
  0.0181  -0.0156   0.0385   0.0037   0.0603   0.0516
  0.0209  -0.0140   0.0490   0.0085   0.0690   0.0452
  0.0201  -0.0192   0.0477   0.0081   0.0629   0.0284
  0.0183  -0.0109   0.0432  -0.0093   0.0593   0.0159
  0.0110  -0.0039   0.0501   0.0082   0.0713   0.0240
  0.0189  -0.0117   0.0544  -0.0478   0.0699   0.0100
  0.0222  -0.0149   0.0557  -0.0327   0.0712   0.0547
  0.0292  -0.0142   0.0629  -0.0477   0.0702   0.0644
  0.0275  -0.0046   0.0627  -0.0259   0.0837   0.0295
  0.0307   0.0047   0.0604   0.0102   0.0964   0.0249
  0.0412   0.0115   0.0647  -0.0843   0.1096   0.0785
  0.0347  -0.0037   0.0617  -0.0515   0.1011  -0.0050
  0.0375   0.0073   0.0717  -0.0796   0.1038   0.0120
  0.0377   0.0054   0.0657  -0.0920   0.1046   0.1133
  0.0380  -0.0045   0.0672  -0.0242   0.0825  -0.0276
  0.0365  -0.0047   0.0687  -0.0468   0.0966   0.0240
  0.0401  -0.0003   0.0713  -0.0831   0.1054   0.0671
  0.0443  -0.0015   0.0692  -0.1122   0.1032   0.0691
  0.0373  -0.0006   0.0680  -0.0935   0.0995  -0.0062
  0.0298   0.0214   0.0806  -0.1260   0.1151   0.0240
  0.0329   0.0173   0.0633  -0.1311   0.0968   0.0531
  0.0329   0.0177   0.0708  -0.0842   0.1109   0.0083
  0.0454   0.0121   0.0686  -0.1178   0.1093  -0.0003
  0.0443   0.0174   0.0605  -0.1261   0.1168   0.0096
  0.0388   0.0321   0.0658  -0.1502   0.1135  -0.0078
  0.0422   0.0247   0.0598  -0.1752   0.1212   0.0188
  0.0348   0.0158   0.0652  -0.1299   0.1307   0.0251
  0.0410   0.0259   0.0685  -0.1822   0.1326   0.0343
  0.0475   0.0217   0.0590  -0.1636   0.1377  -0.0125
  0.0435   0.0260   0.0591  -0.1540   0.1324  -0.0160
  0.0407   0.0223   0.0753  -0.1278   0.1407   0.0368
  0.0404   0.0238   0.0713  -0.1105   0.1384   0.0076
  0.0384   0.0238   0.0745  -0.1456   0.1457   0.0019
  0.0397   0.0281   0.0727  -0.1460   0.1443   0.0268
  0.0528   0.0276   0.0747  -0.1318   0.1464   0.0289
  0.0549   0.0152   0.0788  -0.1174   0.1399   0.0131
  0.0543   0.0298   0.0730  -0.1328   0.1349   0.0035
  0.0552   0.0374   0.0660  -0.1565   0.1354  -0.0129
  0.0597   0.0435   0.0746  -0.1716   0.1410   0.0273
  0.0627   0.0421   0.0694  -0.1473   0.1308   0.0187
  0.0655   0.0584   0.0631  -0.1540   0.1312  -0.0094
  0.0664   0.0479   0.0651  -0.1318   0.1179  -0.0120
  0.0690   0.0453   0.0571  -0.1312   0.1196   0.0321
  0.0839   0.0482   0.0586  -0.1370   0.1041  -0.0149
  0.0829   0.0576   0.0490  -0.1161   0.1136  -0.0183
  0.0712   0.0392   0.0468  -0.0637   0.0891   0.0134
  0.0433   0.0158   0.0255   0.0181   0.0047  -0.0425
  0.0431   0.0278   0.0299  -0.0368   0.0060  -0.0639
  0.0494   0.0305   0.0241  -0.0401   0.0114  -0.0404
  0.0482   0.0359   0.0387  -0.0693   0.0198  -0.0584
  0.0503   0.0330   0.0300  -0.0525   0.0151  -0.0238
  0.0573   0.0316   0.0390  -0.0933   0.0222  -0.0140
  0.0525   0.0414   0.0380  -0.0851   0.0312  -0.0711
  0.0577   0.0504   0.0414  -0.0686   0.0382  -0.0710
  0.0598   0.0448   0.0331  -0.1222   0.0276   0.0048
  0.0668   0.0373   0.0400  -0.0633   0.0414  -0.0266
  0.0708   0.0529   0.0401  -0.0682   0.0324  -0.0702
  0.0452   0.0759   0.0299  -0.0362   0.0335  -0.0519
  0.0555   0.0591   0.0264  -0.0905   0.0373  -0.0771
  0.0624   0.0596   0.0332  -0.0579   0.0300  -0.0444
  0.0876   0.0618   0.0208  -0.1662   0.0461  -0.0335
  0.1039   0.0682   0.0085  -0.1464   0.0570  -0.0431
  0.0785   0.0621  -0.0000  -0.0421   0.0202  -0.0743
  0.0659   0.0647   0.0052  -0.0662   0.0179  -0.0502
  0.0593   0.0491  -0.0025  -0.0360   0.0041  -0.0951
  0.0552   0.0458  -0.0014  -0.0728   0.0128  -0.0636
  0.0586   0.0373   0.0068  -0.0361   0.0022  -0.0532
  0.0619   0.0590   0.0145  -0.0446   0.0181  -0.0378
  0.0485   0.0630   0.0209  -0.0466   0.0236  -0.0742
  0.0512   0.0799   0.0100  -0.0149   0.0378  -0.0645
  0.0569   0.0708   0.0064  -0.0127   0.0173  -0.0958
  0.0597   0.0705   0.0121  -0.0504   0.0238  -0.0370
  0.0416   0.0548   0.0158  -0.0350   0.0215  -0.0578
  0.0486   0.0546   0.0154  -0.0799   0.0268  -0.0787
  0.0386   0.0486   0.0166  -0.0600   0.0255  -0.0764
  0.0290   0.0668   0.0090  -0.0670   0.0175  -0.0771
  0.0175   0.0720  -0.0091  -0.0242  -0.0111  -0.0584
  0.0127   0.0701  -0.0159  -0.0371  -0.0108  -0.0699
  0.0075   0.0761  -0.0253  -0.0502   0.0002  -0.0598
  0.0271   0.0854  -0.0145  -0.0841  -0.0063  -0.0264
  0.0268   0.0814  -0.0264  -0.0688  -0.0091  -0.0501
 -0.0007   0.0801  -0.0193  -0.0266  -0.0016  -0.0885
  0.0178   0.0795  -0.0240  -0.0597  -0.0125  -0.0698
  0.0243   0.0696  -0.0190  -0.0616  -0.0100  -0.0541
  0.0181   0.0910  -0.0163  -0.0295  -0.0094  -0.0402
  0.0145   0.0859  -0.0194  -0.0577  -0.0093  -0.0490
  0.0266   0.0970  -0.0310  -0.0487  -0.0167  -0.0912
  0.0357   0.1005  -0.0340  -0.0613  -0.0163  -0.0588
  0.0319   0.0824  -0.0339  -0.0150  -0.0183  -0.0646
  0.0539   0.0900  -0.0434  -0.0832  -0.0213  -0.0965
  0.0568   0.0941  -0.0527  -0.0660  -0.0344  -0.1069
  0.0579   0.1057  -0.0520  -0.0897  -0.0311  -0.0761
  0.0361   0.0840  -0.0616  -0.0663  -0.0327  -0.0887
  0.0416   0.1000  -0.0544  -0.0779  -0.0301  -0.0961
  0.0402   0.0997  -0.0599  -0.0455  -0.0416  -0.1228
  0.0174   0.1194  -0.0587  -0.0210  -0.0197  -0.1188
  0.0233   0.1057  -0.0615  -0.0380  -0.0256  -0.1029
  0.0333   0.1009  -0.0615  -0.0621  -0.0363  -0.1061
  0.0328   0.0906  -0.0586  -0.0833  -0.0357  -0.1103
  0.0181   0.1157  -0.0640   0.0249  -0.0292  -0.0889
  0.0157   0.1148  -0.0634  -0.0274  -0.0297  -0.1299
  0.0118   0.1166  -0.0753   0.0061  -0.0274  -0.1402
  0.0094   0.1154  -0.0749  -0.0538  -0.0257  -0.0944
  0.0065   0.1129  -0.0646  -0.0140  -0.0222  -0.0417
  0.0056   0.1366  -0.0779  -0.0174  -0.0393  -0.0844
  0.0135   0.1305  -0.0872   0.0126  -0.0444  -0.1068
  0.0369   0.1413  -0.0727  -0.0558  -0.0396  -0.0922
  0.0171   0.1260  -0.0829  -0.0058  -0.0502  -0.0893
  0.0062   0.1193  -0.0726  -0.0643  -0.0395  -0.1136
  0.0232   0.1211  -0.0777  -0.0713  -0.0429  -0.1135
  0.0143   0.1217  -0.0767  -0.0183  -0.0358  -0.1455
  0.0352   0.1240  -0.0859  -0.0475  -0.0545  -0.0813
  0.0716   0.1110  -0.0859  -0.0335  -0.0744  -0.1057
  0.0636   0.1028  -0.1030  -0.0824  -0.0642  -0.1276
  0.0448   0.1301  -0.1061  -0.0668  -0.0609  -0.1429
  0.0619   0.1204  -0.1008  -0.0554  -0.0571  -0.1387
  0.0434   0.1142  -0.1066  -0.1128  -0.0589  -0.1025
  0.0339   0.1167  -0.1099  -0.0621  -0.0685  -0.1113
  0.0226   0.1304  -0.1066  -0.1114  -0.0649  -0.1398
  0.0308   0.1319  -0.0893  -0.0872  -0.0503  -0.1687
  0.0002   0.1579  -0.1011  -0.0838  -0.0458  -0.1615
  0.0277   0.1595  -0.0867  -0.0438  -0.0357  -0.1543
 -0.0404   0.1830  -0.1357  -0.0730  -0.0588  -0.1378
 -0.0695   0.1642  -0.1813  -0.0284  -0.0972  -0.1259
  0.0136   0.1463  -0.1440   0.0199  -0.0562  -0.1441
 -0.0101   0.1449  -0.1524  -0.0908  -0.0861  -0.1295
  0.0078   0.1448  -0.1506  -0.1194  -0.0723  -0.1184
 -0.0196   0.1409  -0.1514  -0.1029  -0.0750  -0.1516
 -0.0086   0.1545  -0.1545  -0.0988  -0.0681  -0.1268
 -0.0340   0.1608  -0.1616  -0.0519  -0.0685  -0.1528
 -0.0082   0.1587  -0.1598  -0.0449  -0.0890  -0.1254
  0.0136   0.1319  -0.1577  -0.0418  -0.0806  -0.1435
  0.0496   0.1564  -0.1417  -0.0259  -0.0353  -0.1443
  0.0407   0.1570  -0.1598  -0.0940  -0.0640  -0.1425
  0.0659   0.1648  -0.1452  -0.1335  -0.0332  -0.1443
  0.0620   0.1614  -0.1441  -0.0674  -0.0418  -0.1666
  0.0716   0.1876  -0.1442  -0.1077  -0.0330  -0.1608
  0.1030   0.1897  -0.1348  -0.1346  -0.0273  -0.1365
  0.0846   0.1772  -0.1315  -0.1369  -0.0261  -0.1086
  0.0779   0.1574  -0.1342  -0.1425  -0.0280  -0.1226
  0.0991   0.1837  -0.1347  -0.0839  -0.0239  -0.1682
  0.1165   0.1650  -0.1344  -0.1324  -0.0331  -0.0983
  0.1013   0.1665  -0.1388  -0.0595  -0.0271  -0.1194
  0.0939   0.1688  -0.1446  -0.1467  -0.0271  -0.1758
  0.1026   0.1666  -0.1411  -0.1316  -0.0197  -0.1241
  0.0965   0.1492  -0.1389  -0.1326  -0.0157  -0.1243
  0.0893   0.1459  -0.1431  -0.1601  -0.0042  -0.1310
  0.0962   0.1596  -0.1512  -0.1375  -0.0172  -0.1548
  0.0947   0.1503  -0.1438  -0.1584  -0.0147  -0.1500
  0.0995   0.1612  -0.1495  -0.2296  -0.0053  -0.1235
  0.1050   0.1699  -0.1395  -0.1217  -0.0040  -0.1461
  0.0788   0.2008  -0.1326  -0.1428   0.0090  -0.1714
  0.0694   0.1797  -0.1290  -0.1938   0.0111  -0.1601
  0.0843   0.1796  -0.1365  -0.1341  -0.0084  -0.1257
  0.1023   0.1630  -0.1341  -0.1120  -0.0110  -0.1528
  0.0970   0.1601  -0.1313  -0.2038   0.0032  -0.1666
  0.1087   0.1703  -0.1183  -0.2435   0.0246  -0.1383
  0.1001   0.1884  -0.1313  -0.1244   0.0023  -0.1408
  0.1319   0.1574  -0.1354  -0.1325   0.0040  -0.1242
