 -0.2173  -0.0789   0.0174  -0.0970  -0.0073   0.0553
 -0.2342  -0.0773   0.0127  -0.5732  -0.0882   0.1606
 -0.2107  -0.1003   0.0069  -0.4922  -0.0454   0.0631
 -0.1937  -0.0319   0.0411  -0.4863  -0.0286   0.1004
 -0.1781  -0.0522   0.0231  -0.4897  -0.0451   0.1032
 -0.2110  -0.0638   0.0238  -0.4580  -0.0329   0.0659
 -0.1758  -0.0273   0.0126  -0.5279  -0.0366   0.1021
 -0.2006  -0.0646  -0.0021  -0.5101  -0.0154   0.0519
 -0.1835  -0.0293   0.0121  -0.5283  -0.0487   0.1155
 -0.2007  -0.0856  -0.0039  -0.5130  -0.0416   0.0355
 -0.1708  -0.0157   0.0356  -0.5276  -0.0396   0.1024
 -0.1984  -0.0220   0.0057  -0.5644  -0.0408   0.0434
 -0.1874   0.0668   0.0270  -0.5543  -0.0209   0.0293
 -0.1803   0.0626   0.0349  -0.6059  -0.0088   0.0180
 -0.1868   0.0327   0.0562  -0.5155   0.0633  -0.0133
 -0.1433   0.0623   0.0942  -0.5748   0.0707   0.0277
 -0.1502  -0.0255   0.0720  -0.5170   0.0897  -0.0157
 -0.1356   0.0308   0.0781  -0.5333   0.0548   0.0655
 -0.1587   0.0130   0.0406  -0.5787   0.0218   0.0273
 -0.1785   0.0052   0.0285  -0.5525   0.0007   0.0058
 -0.1590   0.0524   0.0493  -0.6125  -0.0004   0.0527
 -0.1650   0.0080   0.0430  -0.5638   0.0106  -0.0205
 -0.1634   0.0470   0.0491  -0.5766   0.0106   0.0282
 -0.1574   0.0172   0.0502  -0.5740   0.0158   0.0204
 -0.1573   0.0329   0.0578  -0.5386   0.0216   0.0201
 -0.1557   0.0044   0.0522  -0.5952   0.0089   0.0367
 -0.1864  -0.0004   0.0465  -0.5150   0.0301  -0.0425
 -0.1429   0.0678   0.0592  -0.6004   0.0077   0.0772
 -0.1655   0.0255   0.0447  -0.5751   0.0241  -0.0300
 -0.1315   0.0530   0.0664  -0.5934   0.0153   0.0511
 -0.1457  -0.0190   0.0390  -0.5426   0.0248  -0.0597
 -0.1507   0.0194   0.0528  -0.5657   0.0167  -0.0077
 -0.1433  -0.0120   0.0609  -0.5606   0.0171  -0.0148
 -0.1527   0.0146   0.0568  -0.5468  -0.0054   0.0332
 -0.1695  -0.0132   0.0379  -0.5538   0.0137  -0.0506
 -0.1302   0.0369   0.0707  -0.6364   0.0115   0.0598
 -0.1204  -0.0054   0.0586  -0.7644   0.0049   0.0504
 -0.1123   0.1179   0.0870  -1.0452   0.0028   0.0157
 -0.1438   0.0703   0.0331  -0.8909   0.0212  -0.0401
 -0.1637   0.0997   0.0332  -0.8915   0.0366   0.0102
 -0.1777   0.1038  -0.0068  -0.8304   0.0090   0.0051
 -0.1521   0.0573   0.0845  -0.7976   0.0155  -0.0029
 -0.1121  -0.0147   0.1440  -0.6962   0.0093  -0.0345
 -0.1415  -0.0038   0.1337  -0.6000   0.0125  -0.0049
 -0.1214  -0.0039   0.1269  -0.5686  -0.0006   0.0384
 -0.1406  -0.0957   0.0770  -0.2545   0.0159   0.0234
 -0.1455   0.0243   0.0569  -0.3809   0.0001  -0.0029
 -0.1466   0.0917  -0.0806   0.4046  -0.0118  -0.1431
 -0.1308   0.0928  -0.1509   0.6376   0.0155   0.0044
 -0.0755   0.1268  -0.0949   0.2577   0.0027   0.1198
 -0.0605   0.0767  -0.0856   0.5438   0.0224  -0.0246
 -0.0836   0.1134  -0.0750   0.2747   0.0092   0.0876
 -0.0694   0.1466  -0.0965  -0.1556  -0.0162   0.0992
 -0.0574   0.0747  -0.0620  -0.0632  -0.0195   0.0035
 -0.0556   0.0305  -0.0250   0.2046  -0.0049  -0.0076
 -0.0850   0.0489  -0.0162   0.2316  -0.0019   0.0059
 -0.0351   0.0317  -0.0156   0.2528  -0.0291   0.0710
 -0.1136  -0.0312  -0.0660   0.3908  -0.0026  -0.0463
 -0.0143   0.0347   0.0514   0.4277   0.0023   0.0359
 -0.1154  -0.0499  -0.0599   0.1591   0.0391  -0.0200
 -0.0794  -0.0234  -0.0452  -0.2092  -0.0669   0.0865
 -0.1167  -0.1310  -0.1049   0.1500  -0.0092  -0.0673
 -0.0668  -0.2016  -0.1801   0.7681  -0.0403   0.0103
 -0.0299  -0.2418  -0.1483   0.8457  -0.0020   0.0807
 -0.1275  -0.0884  -0.1151   0.7427  -0.0177   0.1031
 -0.0977  -0.0236  -0.2215   0.6919   0.0049   0.0919
 -0.1025  -0.0667  -0.2510   1.0205   0.0248   0.0152
  0.0038  -0.0528  -0.0201   0.9984   0.0013   0.0830
 -0.0013  -0.0414   0.0117   1.1023   0.0215   0.0290
  0.0296   0.0503   0.0446   1.1228   0.0405   0.1041
  0.0098   0.0935  -0.0054   1.0490   0.0626   0.0507
  0.0056   0.0887   0.0064   1.1004   0.0553   0.0597
  0.0156   0.0726  -0.0140   1.0548   0.0466   0.0935
 -0.0000   0.1251  -0.0088   1.0270   0.0292   0.0852
 -0.0089   0.1927  -0.0428   0.9835   0.0332   0.0370
 -0.0309   0.1449  -0.0141   1.0952   0.0329   0.0356
  0.0022   0.1507  -0.0130   1.0586   0.0186   0.0742
 -0.0249   0.0923  -0.0120   1.1206   0.0325   0.0143
  0.0136   0.1656   0.0089   1.0922   0.0331   0.1006
  0.0122   0.0882   0.0109   1.0746   0.0507   0.0379
  0.0243   0.1382   0.0227   1.1075   0.0546   0.0879
  0.0491   0.0889   0.0375   1.0775   0.0461   0.0498
  0.0507   0.0672   0.0479   1.1162   0.0516   0.0443
  0.0604   0.0956   0.0597   1.0897   0.0531   0.1039
  0.0485   0.0614   0.0531   1.1196   0.0575   0.0345
  0.0566   0.0987   0.0623   1.1335   0.0559   0.1182
  0.0624   0.0445   0.0579   1.1163   0.0538   0.0836
  0.0533   0.0219   0.0846   1.1791   0.0579   0.0657
  0.0722  -0.0193   0.0810   1.1226   0.0539   0.1011
  0.0461  -0.0603   0.0835   1.1898   0.0600   0.0508
  0.0639   0.0130   0.0898   1.1505   0.0546   0.1057
  0.0560  -0.0627   0.0833   1.1891   0.0552   0.0464
  0.0633  -0.0496   0.0969   1.2217   0.0637   0.1021
  0.0723  -0.1088   0.0917   1.1981   0.0471   0.0959
  0.0456  -0.1553   0.1021   1.2790   0.0535   0.0601
  0.0697  -0.0941   0.1072   1.2028   0.0549   0.1211
  0.0543  -0.1799   0.0949   1.2660   0.0590   0.0873
  0.0609  -0.1277   0.1065   1.2854   0.0650   0.1236
  0.0755  -0.1468   0.0989   1.2480   0.0502   0.1020
  0.0687  -0.1268   0.1108   1.2983   0.0517   0.1171
  0.0763  -0.1267   0.1001   1.2374   0.0467   0.1155
  0.0516  -0.1430   0.1133   1.3121   0.0522   0.0657
  0.0688  -0.0916   0.1036   1.2288   0.0451   0.1275
  0.0456  -0.1514   0.1011   1.3135   0.0518   0.0584
  0.0631  -0.1026   0.1097   1.3163   0.0537   0.1221
  0.0760  -0.1251   0.1092   1.2809   0.0508   0.0960
  0.0410  -0.1394   0.0855   1.3057   0.0487   0.0909
  0.0493  -0.0893   0.0732   1.2862   0.0417   0.1019
  0.0627  -0.0876   0.0616   1.2393   0.0284   0.0762
  0.0295  -0.0718   0.0721   1.3012   0.0413   0.0748
  0.0591  -0.0419   0.0661   1.1996   0.0349   0.1167
  0.0562  -0.1122   0.0819   1.3113   0.0421   0.0409
  0.0723  -0.0741   0.0974   1.2676   0.0346   0.1235
  0.0438  -0.1697   0.0978   1.3266   0.0476   0.0493
  0.0479  -0.1345   0.1088   1.3300   0.0497   0.0979
  0.0641  -0.1280   0.0952   1.2544   0.0396   0.0740
  0.0505  -0.1425   0.0895   1.2937   0.0484   0.0523
  0.0760  -0.0876   0.0940   1.2605   0.0441   0.1017
  0.0667  -0.1068   0.0768   1.2448   0.0436   0.0703
  0.0560  -0.1035   0.0815   1.3105   0.0456   0.0770
  0.0628  -0.0931   0.0742   1.2277   0.0400   0.0953
  0.0439  -0.1398   0.0799   1.2957   0.0483   0.0402
  0.0492  -0.1435   0.0850   1.2723   0.0508   0.0950
  0.0714  -0.1422   0.1040   1.2473   0.0393   0.0826
  0.0481  -0.1852   0.0936   1.2369   0.0444   0.0821
  0.0740  -0.1473   0.1187   1.1531   0.0297   0.1193
  0.0797  -0.1311   0.1053   0.8929   0.0295   0.1019
  0.0268  -0.1335   0.1077   0.9220   0.0481   0.0151
  0.0700  -0.0599   0.0877   1.0227   0.0350   0.0845
  0.0141  -0.1134   0.0945   1.4775   0.0610  -0.0238
  0.0494  -0.0330   0.0549   0.8189   0.0488   0.1681
  0.0164  -0.0380  -0.0297  -0.3108   0.0397   0.0715
  0.0110   0.0682   0.0263  -0.3101  -0.0036  -0.0044
  0.0043   0.1086   0.0085  -0.5377  -0.0163  -0.1030
 -0.0269   0.2133   0.0094  -0.5423  -0.0054  -0.1332
 -0.0461   0.2408  -0.0085  -0.6483  -0.0175  -0.0838
 -0.0073   0.2843   0.0082  -0.5814  -0.0257  -0.1159
  0.0180   0.3094   0.0074  -0.6995  -0.0333  -0.0923
 -0.0089   0.1892   0.0055  -0.5537  -0.0238  -0.1620
  0.0255   0.2429   0.0333  -0.6636  -0.0276  -0.0669
  0.0135   0.1887   0.0369  -0.6047  -0.0104  -0.1477
  0.0516   0.2372   0.0774  -0.6681  -0.0206  -0.0817
  0.0491   0.2092   0.0594  -0.6804  -0.0108  -0.1550
  0.0332   0.2162   0.0584  -0.6456  -0.0100  -0.1312
  0.0209   0.2762   0.0340  -0.7009  -0.0134  -0.1002
 -0.0062   0.2146   0.0280  -0.6369  -0.0074  -0.1211
  0.0157   0.2784   0.0322  -0.7077  -0.0131  -0.1081
  0.0094   0.2051   0.0299  -0.5432  -0.0152  -0.1259
 -0.0138   0.2056   0.0127  -0.4086   0.0168  -0.1839
  0.0298   0.2758   0.0081  -0.4325   0.0134  -0.0669
 -0.0100   0.2250   0.0131  -0.5017   0.0086  -0.0733
  0.0048   0.2361   0.0137  -0.4682   0.0028  -0.1117
  0.0537   0.2688   0.0396  -0.5358  -0.0211  -0.0399
  0.0445   0.2385   0.0184  -0.5266  -0.0053  -0.1022
  0.0335   0.2041   0.0396  -0.4690  -0.0033  -0.0881
  0.0665   0.2074   0.0499  -0.5362  -0.0071  -0.0725
  0.0719   0.1604   0.0262  -0.5083  -0.0004  -0.0987
  0.0558   0.1049   0.0207  -0.4958   0.0056  -0.0853
  0.0594   0.1173   0.0467  -0.4770   0.0014  -0.0890
  0.0769   0.0944   0.0142  -0.5356  -0.0048  -0.0726
  0.0369   0.0940  -0.0382  -0.5430   0.0103  -0.1204
  0.0422   0.1372  -0.0233  -0.5049   0.0128  -0.0482
  0.0497   0.1694  -0.0305  -0.5617  -0.0014  -0.1124
  0.0180   0.1115  -0.0475  -0.4896   0.0086  -0.1269
  0.0298   0.1592  -0.0252  -0.5197  -0.0066  -0.0746
  0.0338   0.1026  -0.0474  -0.5304  -0.0105  -0.1079
  0.0216   0.1010  -0.0322  -0.4796  -0.0087  -0.1179
  0.0538   0.1259  -0.0235  -0.5783  -0.0230  -0.0775
  0.0231   0.0791  -0.0405  -0.5189  -0.0064  -0.1203
  0.0439   0.1082  -0.0210  -0.5055  -0.0108  -0.0731
  0.0561   0.0707  -0.0264  -0.5355  -0.0251  -0.0995
  0.0376   0.0588  -0.0191  -0.4579  -0.0223  -0.1138
  0.0661   0.0977  -0.0066  -0.5420  -0.0223  -0.0572
  0.0300   0.0674  -0.0038  -0.5076  -0.0141  -0.1269
  0.0252   0.0649   0.0117  -0.4763  -0.0107  -0.0989
  0.0454   0.0746   0.0013  -0.5276  -0.0135  -0.0749
  0.0243   0.0278   0.0022  -0.4883  -0.0121  -0.0957
  0.0527   0.0092  -0.0084  -0.4801  -0.0179  -0.0795
  0.0934   0.0283  -0.0222  -0.5175  -0.0360  -0.0219
  0.0714  -0.0273  -0.0409  -0.5129  -0.0243  -0.0780
  0.0559  -0.0248  -0.0432  -0.4475  -0.0118  -0.0398
  0.0857   0.0347  -0.0551  -0.5400  -0.0262  -0.0169
  0.0678   0.0017  -0.0575  -0.5090  -0.0170  -0.0741
  0.0802   0.0239  -0.0351  -0.5081  -0.0247  -0.0224
  0.1029   0.0331  -0.0339  -0.5573  -0.0324  -0.0260
  0.0704  -0.0022  -0.0461  -0.5042  -0.0164  -0.0655
  0.1003   0.0477  -0.0346  -0.5476  -0.0368  -0.0381
  0.0872  -0.0041  -0.0451  -0.5287  -0.0287  -0.0736
  0.0778  -0.0156  -0.0344  -0.4980  -0.0220  -0.0287
  0.0859  -0.0125  -0.0335  -0.5433  -0.0283  -0.0376
  0.0560  -0.0405  -0.0360  -0.4603  -0.0173  -0.0726
  0.0915  -0.0148  -0.0307  -0.5477  -0.0333  -0.0217
  0.0722  -0.0778  -0.0472  -0.5003  -0.0226  -0.0684
  0.0904  -0.0481  -0.0281  -0.5099  -0.0301  -0.0191
  0.1083  -0.0473  -0.0268  -0.5371  -0.0327  -0.0654
  0.0921  -0.0572  -0.0241  -0.4498  -0.0274  -0.0459
  0.1316  -0.0306  -0.0162  -0.5500  -0.0470  -0.0116
  0.1068  -0.0810  -0.0242  -0.4697  -0.0371  -0.0568
  0.1118  -0.0405  -0.0186  -0.5232  -0.0433  -0.0044
  0.1086  -0.0835  -0.0231  -0.4796  -0.0401  -0.0651
  0.1152  -0.0439  -0.0121  -0.4991  -0.0414  -0.0295
  0.1017  -0.0724  -0.0184  -0.4670  -0.0373  -0.0727
  0.1108  -0.0515  -0.0037  -0.4473  -0.0363  -0.0276
  0.1247  -0.0647  -0.0091  -0.4951  -0.0413  -0.0358
  0.1022  -0.0773  -0.0189  -0.4132  -0.0245  -0.0732
  0.1145  -0.0506  -0.0207  -0.5064  -0.0430  -0.0133
  0.0929  -0.0978  -0.0180  -0.4351  -0.0328  -0.0849
  0.1061  -0.0522  -0.0159  -0.4811  -0.0458  -0.0263
  0.0994  -0.1086  -0.0327  -0.4770  -0.0326  -0.0776
  0.0873  -0.1030  -0.0314  -0.4261  -0.0265  -0.0829
  0.0978  -0.1009  -0.0209  -0.4413  -0.0321  -0.0452
  0.0920  -0.0675  -0.0160  -0.4937  -0.0265  -0.0504
  0.0694  -0.1161  -0.0256  -0.3939  -0.0075  -0.0939
  0.0827  -0.0702  -0.0308  -0.4465  -0.0203  -0.0324
  0.0641  -0.0933  -0.0330  -0.4330  -0.0114  -0.0728
  0.0814  -0.0872  -0.0340  -0.4112  -0.0206  -0.0431
  0.0947  -0.0669  -0.0182  -0.4998  -0.0380  -0.0335
  0.0866  -0.0886  -0.0354  -0.4206  -0.0333  -0.0687
  0.1015  -0.0534  -0.0176  -0.4548  -0.0372  -0.0264
  0.0955  -0.0857  -0.0364  -0.4452  -0.0334  -0.0474
  0.0857  -0.1026  -0.0328  -0.3715  -0.0194  -0.0694
  0.0908  -0.0700  -0.0339  -0.4122  -0.0382  -0.0352
  0.1003  -0.0749  -0.0309  -0.4452  -0.0569  -0.1016
  0.0622  -0.1133  -0.0941  -0.3986  -0.0647  -0.0793
  0.0593  -0.1299  -0.1260  -0.3981  -0.0872  -0.0606
  0.0717  -0.1167  -0.1284  -0.4360  -0.1014  -0.0477
  0.0449  -0.1566  -0.1550  -0.2769  -0.0913  -0.0833
  0.0429  -0.0715  -0.1756  -0.3961  -0.1033   0.0230
  0.0208  -0.1185  -0.1633  -0.4585  -0.0998  -0.0477
  0.0280  -0.1005  -0.1623  -0.3511  -0.0993  -0.0440
  0.0542  -0.1170  -0.1604  -0.4228  -0.1148  -0.0181
  0.0401  -0.1649  -0.1555  -0.3211  -0.1006  -0.0626
  0.0429  -0.1027  -0.1559  -0.3653  -0.0980  -0.0212
  0.0543  -0.1296  -0.1734  -0.4008  -0.1077  -0.0396
  0.0377  -0.1160  -0.1616  -0.3521  -0.0825  -0.0432
  0.0515  -0.0962  -0.1812  -0.3820  -0.0901  -0.0033
