  0.3662  -0.4206  -0.0808  -0.0430   0.1481  -0.2695
  0.4394  -0.6726  -0.1819   0.1639   0.2492  -0.1523
  0.4438  -0.5137  -0.1329   0.0847   0.2679  -0.2221
  0.5034  -0.4409  -0.0727   0.1257   0.2803  -0.2569
  0.4643  -0.3775   0.0200  -0.0688   0.1867  -0.3102
  0.3857  -0.4151   0.0340   0.0246   0.1791  -0.2883
  0.3840  -0.3668   0.0365   0.0274   0.1534  -0.2618
  0.3643  -0.3921   0.0069  -0.0125   0.1601  -0.2727
  0.3227  -0.4119  -0.0000  -0.0672   0.1200  -0.2690
  0.2657  -0.3591  -0.0030   0.0133   0.0871  -0.2248
  0.2744  -0.3336  -0.0051  -0.0767   0.0666  -0.2028
  0.2461  -0.2518  -0.0593  -0.1440   0.0703  -0.1526
  0.2854  -0.1941  -0.0126  -0.2120   0.0401  -0.2367
  0.2469  -0.1578   0.0038  -0.2306   0.0387  -0.2581
  0.2319  -0.0346  -0.0036  -0.2163   0.0359  -0.2721
  0.2339  -0.0085  -0.0117  -0.2286   0.0546  -0.3236
  0.2189  -0.0171   0.0182  -0.1948   0.0418  -0.3110
  0.2213  -0.0433   0.0454  -0.1608   0.0350  -0.2768
  0.2244  -0.0276   0.0556  -0.1588   0.0207  -0.2918
  0.2262  -0.0427   0.0526  -0.1329   0.0347  -0.3034
  0.2095  -0.0110   0.0423  -0.1721   0.0168  -0.2616
  0.1923  -0.0167   0.0552  -0.1742   0.0004  -0.1793
  0.2050   0.0007   0.0698  -0.1595   0.0062  -0.2336
  0.1768  -0.0085   0.0569  -0.1438   0.0049  -0.1739
  0.1710  -0.0322   0.0561  -0.1442   0.0050  -0.1621
  0.1608  -0.0931   0.0686  -0.0585   0.0078  -0.2032
  0.1877  -0.0695   0.0747  -0.1447   0.0162  -0.2063
  0.1668  -0.0599   0.0519  -0.1993   0.0134  -0.1844
  0.1568  -0.0891   0.0528  -0.1155   0.0046  -0.1873
  0.1528  -0.0779   0.0520  -0.0933   0.0086  -0.1849
  0.1418  -0.0692   0.0587  -0.0950  -0.0046  -0.1699
  0.1272  -0.0675   0.0421  -0.0627  -0.0137  -0.1021
  0.1207  -0.0625   0.0498  -0.0610  -0.0197  -0.1296
  0.1287  -0.0723   0.0540  -0.0463  -0.0106  -0.1392
  0.1269  -0.0693   0.0502  -0.0590  -0.0069  -0.1479
  0.1281  -0.0789   0.0594  -0.0253  -0.0085  -0.1424
  0.1265  -0.0932   0.0662  -0.0276  -0.0109  -0.1533
  0.1432  -0.1416   0.0745  -0.0067   0.0012  -0.1495
  0.1468  -0.1976   0.0853   0.0013  -0.0020  -0.1429
  0.1374  -0.1794   0.0825   0.0142   0.0045  -0.1864
  0.1364  -0.1497   0.1001  -0.0058  -0.0013  -0.1846
  0.1509  -0.1648   0.0955   0.0073   0.0071  -0.1704
  0.1614  -0.1488   0.0896  -0.0644   0.0023  -0.1843
  0.1060  -0.1116   0.0817  -0.0888  -0.0144  -0.1397
  0.1159  -0.1129   0.1201  -0.0260  -0.0170  -0.1339
  0.0969  -0.0389   0.0720  -0.1322  -0.0078  -0.1795
  0.1077  -0.0552   0.1235  -0.0863   0.0018  -0.2507
  0.0910  -0.0793   0.0809  -0.0692  -0.0038  -0.2334
  0.1230  -0.0255   0.0589  -0.1099   0.0027  -0.2250
  0.1683  -0.1387   0.0113  -0.1485   0.0499  -0.2273
  0.1544  -0.3664   0.0584   0.0167  -0.0340  -0.0760
  0.0874  -0.2593  -0.0358  -0.0551  -0.0622  -0.0789
  0.0171  -0.0608  -0.1192  -0.1390   0.0017  -0.1218
  0.0434  -0.1713  -0.0713  -0.0087  -0.0070  -0.0950
 -0.0482   0.1649  -0.0761  -0.1112  -0.0034  -0.1079
 -0.1031   0.3841  -0.0819  -0.2160  -0.0141  -0.0709
 -0.1007   0.2352  -0.0656  -0.1295  -0.0068  -0.0827
 -0.0830   0.2004  -0.0243  -0.1686   0.0007  -0.0756
 -0.0620   0.1427  -0.0703  -0.1171   0.0005  -0.0692
 -0.0613   0.1048  -0.0595   0.0175   0.0118  -0.0760
 -0.0518   0.0142  -0.0523   0.0657   0.0268  -0.0047
 -0.0536   0.0244  -0.0666   0.0433   0.0369   0.0491
 -0.0422   0.0610  -0.0903   0.0091   0.0362   0.0055
 -0.0488   0.1304  -0.0852   0.0118   0.0348  -0.0215
 -0.0641   0.1530  -0.0808  -0.0251   0.0276  -0.0191
 -0.0630   0.1203  -0.0691   0.0048   0.0292  -0.0350
 -0.0710   0.1280  -0.0743  -0.0190  -0.0141   0.0050
 -0.1031   0.1039  -0.0843  -0.0486  -0.0447   0.0611
 -0.1407   0.0892  -0.0536  -0.0231  -0.0699   0.0713
 -0.1618   0.1062  -0.0376  -0.0475  -0.0770   0.0918
 -0.1575   0.0731  -0.0391  -0.0001  -0.0494   0.1090
 -0.1687   0.0701  -0.0342   0.0218  -0.0576   0.1357
 -0.1771   0.1333  -0.0471   0.0047  -0.0650   0.0913
 -0.1787   0.1272  -0.0656   0.0402  -0.0721   0.1090
 -0.1617   0.0993  -0.0746   0.0502  -0.0507   0.1099
 -0.1677   0.0758  -0.0554   0.0258  -0.0494   0.1297
 -0.1727   0.0900  -0.0293   0.0468  -0.0351   0.1070
 -0.1730   0.1255  -0.0301  -0.0168  -0.0446   0.0893
 -0.1832   0.1211  -0.0356   0.0177  -0.0436   0.0679
 -0.2061   0.1063  -0.0159   0.0290  -0.0654   0.0864
 -0.1876   0.1138  -0.0278   0.0301  -0.0461   0.1148
 -0.2052   0.0892  -0.0383   0.0129  -0.0625   0.1214
 -0.1732   0.1479  -0.0017   0.0248  -0.0404   0.1120
 -0.1381   0.2337   0.0279   0.0325  -0.0180   0.0680
 -0.1550   0.1436   0.0078   0.1415  -0.0198   0.0874
 -0.1707   0.0997   0.0132   0.1496  -0.0241   0.1376
 -0.1652   0.0831  -0.0175   0.1562  -0.0108   0.2000
 -0.1418   0.0290  -0.0213   0.1716  -0.0022   0.1464
 -0.1370   0.0008  -0.0250   0.1972   0.0063   0.0893
 -0.1398   0.0950  -0.0098   0.1209  -0.0034   0.0884
 -0.1739   0.1931  -0.0071   0.1074  -0.0154   0.1033
 -0.1615   0.1661  -0.0207   0.0624  -0.0142   0.1509
 -0.1844   0.1976  -0.0331   0.0342  -0.0394   0.2380
 -0.1971   0.2076  -0.0272   0.0772  -0.0469   0.1598
 -0.2098   0.1847  -0.0339   0.1208  -0.0491   0.2139
 -0.2023   0.1469  -0.0457   0.1203  -0.0447   0.2235
 -0.2159   0.1293  -0.0531   0.1484  -0.0431   0.2740
 -0.1913   0.1251  -0.0475   0.1145  -0.0329   0.2232
 -0.1797   0.1294  -0.0423   0.1188  -0.0287   0.1484
 -0.1824   0.1420  -0.0469   0.0971  -0.0328   0.1988
 -0.2046   0.1462  -0.0454   0.0805  -0.0444   0.2641
 -0.1813   0.1542  -0.0530   0.0758  -0.0341   0.1916
 -0.1646   0.1024  -0.0538   0.1268  -0.0186   0.1219
 -0.1554   0.1587  -0.0338   0.0647  -0.0185   0.1739
 -0.2012   0.2297  -0.0173   0.0506  -0.0457   0.2910
 -0.1949   0.1812  -0.0312   0.0617  -0.0466   0.2544
 -0.2080   0.2062  -0.0354   0.0321  -0.0490   0.2529
 -0.1982   0.1510  -0.0309   0.0753  -0.0467   0.2492
 -0.1982   0.1497  -0.0393   0.0529  -0.0326   0.3024
 -0.1967   0.1611  -0.0466   0.0252  -0.0371   0.2651
 -0.1974   0.1526  -0.0675   0.0507  -0.0247   0.2778
 -0.1845   0.1694  -0.0594   0.0603  -0.0300   0.2431
 -0.1912   0.1749  -0.0785   0.1252  -0.0303   0.2869
 -0.1582   0.1553  -0.0645   0.0600  -0.0137   0.1929
 -0.2086   0.1958  -0.0684  -0.0150  -0.0805   0.1792
 -0.2932  -0.0042   0.0385  -0.0486  -0.1689   0.1746
 -0.2959  -0.3207   0.1232   0.4063  -0.0473   0.1507
 -0.3041  -0.3745   0.1331   0.7359  -0.0287   0.4524
 -0.3296  -0.1952   0.1863   0.4737   0.0032   0.4442
 -0.0587  -0.1189   0.1120   0.2242  -0.0790   0.4466
  0.0694  -0.1501   0.1227   0.2882  -0.0711   0.4563
 -0.0665  -0.2044   0.1918   0.1434  -0.1571   0.3548
 -0.0051   0.3635   0.0497  -0.0124   0.0242   0.6304
 -0.0408   1.4766   0.1626  -0.4260   0.1278   0.4975
