  0.0118  -0.1431  -0.0431   0.0906  -0.0054  -0.0252
  0.0229  -0.1319  -0.0403   0.0640  -0.0027  -0.0602
  0.0269  -0.1265  -0.0444   0.0870  -0.0078   0.0567
  0.0238  -0.1446  -0.0401   0.1101  -0.0046  -0.0358
  0.0280  -0.1340  -0.0461   0.0933  -0.0030  -0.0523
  0.0156  -0.0986  -0.0281   0.0751  -0.0175   0.0851
  0.0023  -0.0818  -0.0174   0.0712  -0.0164  -0.0224
 -0.0065  -0.0392  -0.0172   0.0396  -0.0098   0.0575
 -0.0047  -0.0471  -0.0212   0.0451  -0.0134   0.0367
  0.0040  -0.0509  -0.0213   0.0635  -0.0148  -0.0218
  0.0016  -0.0455  -0.0190   0.0622  -0.0137   0.0431
 -0.0075  -0.0396  -0.0248   0.0451  -0.0022  -0.0004
 -0.0023  -0.0259  -0.0254   0.0247  -0.0095   0.0663
  0.0008  -0.0423  -0.0154   0.0401  -0.0133  -0.0028
 -0.0124  -0.0470  -0.0129   0.0624   0.0001  -0.0086
 -0.0047  -0.0363  -0.0269   0.0408   0.0027   0.0438
 -0.0029  -0.0181  -0.0168   0.0391   0.0030   0.0392
 -0.0046  -0.0418  -0.0171   0.0457  -0.0036  -0.0117
 -0.0100  -0.0308  -0.0139   0.0315   0.0063   0.0007
 -0.0057  -0.0267  -0.0195   0.0197  -0.0062   0.0455
 -0.0041  -0.0422  -0.0214   0.0337  -0.0054   0.0553
 -0.0042  -0.0584  -0.0158   0.0329  -0.0019   0.0149
 -0.0046  -0.0607  -0.0174   0.0252  -0.0127  -0.0287
 -0.0029  -0.0543  -0.0050   0.0192  -0.0062   0.0212
 -0.0065  -0.0486  -0.0122   0.0081  -0.0026   0.0183
 -0.0073  -0.0401  -0.0181   0.0072   0.0055   0.0191
 -0.0032  -0.0282  -0.0180   0.0125   0.0054   0.0463
  0.0025  -0.0409  -0.0124   0.0315   0.0016   0.0492
 -0.0072  -0.0473  -0.0156   0.0298   0.0076  -0.0271
  0.0090  -0.0089  -0.0087   0.0261  -0.0021   0.0910
  0.0040  -0.0459  -0.0093   0.0416  -0.0025  -0.0191
  0.0049  -0.0354  -0.0118   0.0352   0.0026   0.0463
  0.0071  -0.0688  -0.0098   0.0378   0.0043   0.0101
 -0.0007  -0.0672   0.0089   0.0469   0.0057  -0.0622
  0.0041  -0.0442   0.0029   0.0240   0.0010   0.0718
 -0.0044  -0.0395  -0.0004   0.0147   0.0031   0.0262
  0.0052  -0.0419  -0.0028   0.0139   0.0027   0.0204
  0.0005  -0.0531  -0.0000   0.0347   0.0002  -0.0079
  0.0018  -0.0324  -0.0080   0.0166  -0.0008   0.0709
  0.0046  -0.0516   0.0012   0.0342   0.0009  -0.0357
 -0.0061  -0.0473   0.0001   0.0331   0.0105   0.0056
  0.0007  -0.0397  -0.0003   0.0070  -0.0007   0.0631
  0.0047  -0.0465  -0.0058   0.0170   0.0020  -0.0202
 -0.0011  -0.0376  -0.0075   0.0069   0.0062   0.0049
  0.0020  -0.0302  -0.0013   0.0082   0.0038   0.0454
  0.0055  -0.0359   0.0024   0.0104  -0.0003  -0.0054
  0.0006  -0.0371  -0.0004   0.0007  -0.0054   0.0298
 -0.0063  -0.0411   0.0013  -0.0053  -0.0012  -0.0146
  0.0001  -0.0279   0.0059   0.0111  -0.0030   0.0121
 -0.0023  -0.0314   0.0034   0.0243  -0.0032   0.0055
 -0.0003  -0.0263   0.0075  -0.0086   0.0009   0.0422
 -0.0022  -0.0269  -0.0004  -0.0090  -0.0031  -0.0127
  0.0058  -0.0200   0.0059   0.0018  -0.0044   0.0256
  0.0030  -0.0404   0.0013   0.0069  -0.0014   0.0129
 -0.0008  -0.0404  -0.0050   0.0034   0.0030  -0.0426
  0.0049  -0.0206  -0.0004  -0.0063   0.0024   0.0303
 -0.0009  -0.0028   0.0086  -0.0277   0.0023  -0.0105
 -0.0073   0.0264   0.0054  -0.0323   0.0007  -0.0011
 -0.0099   0.0317   0.0077  -0.0355   0.0038  -0.0512
 -0.0130   0.0443   0.0027  -0.0420   0.0099  -0.0211
 -0.0152   0.0475   0.0124  -0.0185   0.0120  -0.0495
 -0.0233   0.0871   0.0083  -0.0558   0.0103   0.0384
 -0.0247   0.0708   0.0052  -0.0564   0.0124  -0.0422
 -0.0147   0.1098   0.0160  -0.0441   0.0145  -0.0730
 -0.0144   0.1534   0.0242  -0.0772   0.0167  -0.0278
 -0.0074   0.1794   0.0385  -0.0806   0.0096  -0.0289
 -0.0078   0.1710   0.0395  -0.0920   0.0070  -0.0432
 -0.0052   0.1430   0.0462  -0.0859   0.0058  -0.0924
 -0.0098   0.1687   0.0429  -0.0977   0.0076  -0.0287
 -0.0002   0.1697   0.0465  -0.0930   0.0069  -0.0205
  0.0012   0.1877   0.0443  -0.1152  -0.0010   0.0044
 -0.0004   0.1542   0.0465  -0.1083  -0.0026  -0.0130
  0.0019   0.2166   0.0484  -0.1148   0.0061  -0.1601
  0.0093   0.2013   0.0507  -0.1021   0.0067  -0.0334
  0.0197   0.1572   0.0438  -0.1222  -0.0005   0.0228
  0.0135   0.1782   0.0440  -0.1292  -0.0011  -0.0931
  0.0187   0.1693   0.0520  -0.1214   0.0035  -0.0083
  0.0130   0.1674   0.0480  -0.1272  -0.0034  -0.0571
