  0.3589   1.4690   0.3077  -0.0049  -0.0395  -0.0948
  0.3595   1.3721   0.3917   0.0013  -0.0432  -0.0740
  0.3578   1.4615   0.3715   0.0228  -0.0385  -0.0840
  0.3842   1.4509   0.4128   0.0061  -0.0523  -0.0757
  0.4178   1.3421   0.3574  -0.0492  -0.0592  -0.0520
  0.3540   1.3869   0.4260  -0.0218  -0.0530  -0.0544
  0.3645   1.3193   0.4122  -0.0215  -0.0425  -0.0587
  0.3544   1.3114   0.4045  -0.0011  -0.0376  -0.0749
  0.3465   1.2583   0.3993  -0.0039  -0.0485  -0.0743
  0.3366   1.2128   0.3867  -0.0121  -0.0348  -0.0625
  0.3363   1.2360   0.3667  -0.0324  -0.0368  -0.0687
  0.3361   1.2576   0.3634  -0.0356  -0.0357  -0.0643
  0.3470   1.2528   0.3645  -0.0135  -0.0473  -0.0668
  0.3278   1.2319   0.3617   0.0012  -0.0404  -0.0903
  0.3266   1.2453   0.3469   0.0094  -0.0522  -0.0961
  0.3154   1.2269   0.3373  -0.0100  -0.0407  -0.0868
  0.3210   1.2741   0.3294  -0.0309  -0.0502  -0.0765
  0.3094   1.8464   0.2396   0.0053  -0.0247  -0.1184
  0.3528   1.7740   0.2154  -0.0174  -0.0891  -0.1086
  0.3864   1.7224   0.2103  -0.0454  -0.0886  -0.0959
  0.3648   1.5607   0.1545  -0.0173  -0.0859  -0.1180
  0.3690   1.5642   0.1916   0.0062  -0.1035  -0.1271
  0.3185   1.6293   0.2227   0.0326  -0.0812  -0.1526
  0.3416   1.6341   0.1977   0.0065  -0.0704  -0.1361
  0.2923   1.6265   0.2150   0.0282  -0.0782  -0.1287
  0.3185   1.6812   0.1895   0.0289  -0.0748  -0.1228
  0.2782   1.6647   0.1950   0.0477  -0.0767  -0.1464
  0.3382   1.7215   0.1773   0.0130  -0.0479  -0.1146
  0.3956   1.8574   0.1827  -0.1249  -0.0317  -0.0628
  0.2933   1.7250   0.1487   0.0168  -0.0834  -0.1353
  0.2986   1.7442   0.1704   0.0005  -0.0762  -0.1376
  0.2856   1.7393   0.1371   0.0433  -0.0594  -0.1639
  0.2731   1.7855   0.1365   0.0242  -0.0536  -0.1505
  0.2730   1.7392   0.1226   0.0619  -0.0477  -0.1788
  0.2541   1.7251   0.1255   0.0338  -0.0506  -0.1584
  0.2506   1.6800   0.0761   0.2529  -0.0183  -0.2810
  0.2295   1.5285   0.0919   0.2943  -0.0140  -0.3026
  0.3402   1.5171   0.1107   0.1494  -0.0271  -0.2212
  0.3474   1.2694   0.0677   0.1280   0.1030  -0.1550
  0.2408   1.3686   0.0496   0.1847  -0.0573  -0.2115
  0.2868   1.1892   0.0383   0.2325  -0.1027  -0.2471
  0.2388   1.2524   0.1096   0.1868  -0.0705  -0.2199
  0.2586   1.3283   0.0666   0.1996  -0.0247  -0.2311
  0.2258   1.3337   0.0882   0.1961  -0.0494  -0.2331
  0.2491   1.3644   0.0889   0.2204  -0.0443  -0.2431
  0.2203   1.2453   0.0714   0.1771  -0.0350  -0.2200
  0.2335   1.2591   0.0563   0.1780  -0.0393  -0.2214
  0.2160   1.2417   0.0552   0.1466  -0.0318  -0.2233
  0.2175   1.2182   0.0534   0.1710  -0.0229  -0.2196
  0.2154   1.2213   0.0530   0.1363  -0.0304  -0.2198
  0.1966   1.1468   0.0337   0.1634  -0.0239  -0.2183
  0.2047   1.1943   0.0396   0.1784  -0.0261  -0.2184
  0.2042   1.2816   0.0349   0.1772  -0.0198  -0.2350
  0.2034   1.2893   0.0349   0.1494  -0.0303  -0.2236
  0.2078   1.3192   0.0378   0.1969  -0.0286  -0.2305
  0.2170   1.2765   0.0375   0.1767  -0.0331  -0.2135
  0.2018   1.3409   0.0248   0.2012  -0.0206  -0.2345
  0.1595   1.0344   0.0099   0.1300  -0.0101  -0.1857
  0.0902   0.7769  -0.0493   0.0940  -0.0117  -0.1158
  0.1931  -0.0969   0.1572  -0.0259   0.0375   0.0470
  0.3113  -0.4471   0.2555  -0.0901   0.0229   0.0785
  0.0709  -0.2042   0.0336  -0.0890   0.0136   0.0790
  0.0829  -0.3312   0.0369  -0.0727   0.0185   0.0722
  0.0471  -0.3371   0.0383  -0.1058   0.0189   0.1032
  0.0503  -0.3881   0.0291  -0.0531   0.0162   0.0778
  0.0098  -0.3629  -0.0224  -0.0744   0.0289   0.0963
  0.0020  -0.3997  -0.0281  -0.0412   0.0296   0.0714
 -0.0212  -0.3766  -0.0541   0.0188   0.0235   0.0436
 -0.0200  -0.3961  -0.0599  -0.0126   0.0199   0.0591
 -0.0247  -0.3946  -0.0445  -0.0105   0.0090   0.0585
 -0.0294  -0.4322  -0.0571  -0.0188   0.0170   0.0567
 -0.0338  -0.4059  -0.0519  -0.0847   0.0142   0.0915
 -0.0405  -0.4290  -0.0584  -0.0600   0.0137   0.0754
 -0.0173  -0.4031  -0.0242  -0.0489   0.0169   0.0763
  0.0004  -0.3988   0.0100  -0.0382   0.0277   0.0677
 -0.0277  -0.4110  -0.0305  -0.0314   0.0272   0.0650
 -0.0260  -0.4272  -0.0355  -0.0314   0.0257   0.0628
 -0.0504  -0.4186  -0.0496  -0.0597   0.0270   0.0811
 -0.0419  -0.4318  -0.0474  -0.0538   0.0275   0.0810
 -0.0330  -0.4210  -0.0248  -0.0833   0.0166   0.1014
 -0.0267  -0.4254  -0.0036  -0.1142  -0.0062   0.1194
 -0.0362  -0.4213  -0.0062  -0.1183   0.0031   0.1223
 -0.0392  -0.4243  -0.0264  -0.1050   0.0113   0.1066
 -0.0478  -0.4417  -0.0363  -0.0796   0.0070   0.0886
 -0.0429  -0.4513  -0.0311  -0.0702   0.0220   0.0902
 -0.0558  -0.4493  -0.0434  -0.0546   0.0388   0.0896
 -0.0603  -0.4590  -0.0424  -0.0701   0.0431   0.0920
 -0.0543  -0.4581  -0.0486  -0.0633   0.0327   0.0864
 -0.0488  -0.4796  -0.0534  -0.0634   0.0232   0.0813
 -0.0566  -0.4778  -0.0476  -0.0721   0.0198   0.0825
 -0.0560  -0.4689  -0.0496  -0.0593   0.0161   0.0824
 -0.0574  -0.4646  -0.0593  -0.0690   0.0270   0.0776
 -0.0714  -0.4638  -0.0630  -0.1120   0.0340   0.1238
 -0.0721  -0.4520  -0.0651  -0.1502   0.0389   0.1464
 -0.0735  -0.4875  -0.0636  -0.0794   0.0353   0.0912
 -0.0863  -0.5455  -0.0605   0.0062   0.0189   0.0361
 -0.0914  -0.5636  -0.0601   0.0061   0.0220   0.0387
 -0.0923  -0.5651  -0.0631   0.0131   0.0166   0.0455
 -0.0926  -0.5699  -0.0598  -0.0055   0.0192   0.0500
 -0.0988  -0.5873  -0.0601  -0.0038   0.0147   0.0418
 -0.1066  -0.5805  -0.0600   0.0113   0.0124   0.0397
 -0.1074  -0.5828  -0.0683   0.0184   0.0117   0.0415
 -0.1013  -0.5903  -0.0609  -0.0204   0.0101   0.0450
 -0.1028  -0.5995  -0.0570  -0.0081   0.0114   0.0378
 -0.1064  -0.5962  -0.0655   0.0036   0.0088   0.0403
 -0.1158  -0.6056  -0.0745   0.0085   0.0166   0.0391
 -0.1154  -0.6121  -0.0748   0.0009   0.0161   0.0361
 -0.1204  -0.6086  -0.0750   0.0018   0.0217   0.0384
 -0.1219  -0.6192  -0.0752   0.0130   0.0126   0.0312
 -0.1296  -0.6154  -0.0750   0.0085   0.0229   0.0320
 -0.1309  -0.6101  -0.0819   0.0028   0.0229   0.0399
 -0.1357  -0.6003  -0.0709   0.0032   0.0232   0.0415
 -0.1365  -0.6144  -0.0811  -0.0113   0.0150   0.0506
 -0.1403  -0.5897  -0.0871  -0.0060   0.0246   0.0494
 -0.1360  -0.6130  -0.0819   0.0135   0.0175   0.0541
 -0.1444  -0.6107  -0.0856   0.0021   0.0293   0.0457
 -0.1444  -0.6195  -0.0946   0.0311   0.0294   0.0292
 -0.1578  -0.6032  -0.1035   0.0263   0.0372   0.0429
 -0.1521  -0.6124  -0.0911   0.0173   0.0105   0.0413
 -0.1496  -0.6248  -0.0924   0.0196   0.0079   0.0408
 -0.1467  -0.6264  -0.0901   0.0252   0.0126   0.0387
 -0.1531  -0.6269  -0.0897   0.0194   0.0193   0.0419
 -0.1560  -0.6194  -0.0945   0.0137   0.0135   0.0393
 -0.1581  -0.6201  -0.1030   0.0055   0.0278   0.0393
 -0.1633  -0.6304  -0.0952   0.0052   0.0324   0.0403
 -0.1545  -0.6178  -0.1112   0.0023   0.0294   0.0480
 -0.1502  -0.6241  -0.1007  -0.0194   0.0282   0.0508
 -0.1524  -0.6435  -0.0954   0.0022   0.0019   0.0573
 -0.1499  -0.6348  -0.0932  -0.0245   0.0019   0.0687
 -0.1537  -0.6267  -0.0922  -0.0331   0.0129   0.0739
 -0.1549  -0.6163  -0.0983  -0.0232   0.0215   0.0695
 -0.1611  -0.6352  -0.1010   0.0022   0.0178   0.0602
 -0.1595  -0.6259  -0.1002  -0.0137   0.0199   0.0729
 -0.1567  -0.6244  -0.0992  -0.0222   0.0311   0.0597
 -0.1766  -0.6463  -0.1148  -0.0087   0.0427   0.0586
 -0.1758  -0.6558  -0.1191  -0.0020   0.0331   0.0362
 -0.1699  -0.6579  -0.1143   0.0107   0.0284   0.0349
 -0.1737  -0.6514  -0.1196  -0.0111   0.0298   0.0428
 -0.1653  -0.6586  -0.1187   0.0283   0.0112   0.0199
 -0.1738  -0.6487  -0.1204   0.0256   0.0355   0.0205
 -0.1784  -0.6666  -0.1009   0.0187   0.0094   0.0437
 -0.1671  -0.6777  -0.1073  -0.0636   0.0059   0.0921
 -0.1802  -0.6609  -0.1111  -0.0354   0.0161   0.0645
 -0.1786  -0.6596  -0.1089  -0.0299   0.0333   0.0548
 -0.1921  -0.6671  -0.1171   0.0030   0.0231   0.0468
 -0.1906  -0.6460  -0.1076   0.0029   0.0202   0.0567
 -0.1767  -0.6742  -0.0971  -0.0312   0.0054   0.0555
 -0.1877  -0.6688  -0.1172  -0.0150   0.0326   0.0381
 -0.1941  -0.6806  -0.1289  -0.0256   0.0431   0.0427
 -0.1903  -0.6770  -0.1196  -0.0175   0.0326   0.0506
 -0.2023  -0.6813  -0.1247   0.0055   0.0156   0.0388
 -0.1908  -0.6625  -0.1157  -0.0032   0.0231   0.0375
 -0.1966  -0.6789  -0.1235  -0.0165   0.0301   0.0445
 -0.1915  -0.6780  -0.1263  -0.0230   0.0241   0.0415
 -0.2034  -0.6784  -0.1323  -0.0099   0.0383   0.0435
 -0.1943  -0.6838  -0.1194  -0.0181   0.0242   0.0486
 -0.1908  -0.6880  -0.1289  -0.0178   0.0249   0.0438
 -0.1907  -0.6901  -0.1189  -0.0001   0.0205   0.0361
 -0.2061  -0.7160  -0.1196   0.0293   0.0316   0.0240
 -0.2062  -0.7154  -0.1232   0.0334   0.0193   0.0168
 -0.1881  -0.5844  -0.1215   0.0651   0.0081  -0.0114
 -0.1792  -0.6467  -0.0824   0.0262   0.0033   0.0154
 -0.1898  -0.6613  -0.0930   0.0093   0.0134   0.0222
 -0.2024  -0.7215  -0.1024   0.0666   0.0136   0.0044
 -0.1868  -0.7412  -0.0792   0.0840  -0.0117   0.0030
 -0.2113  -0.7169  -0.1027   0.0504   0.0109   0.0124
 -0.2123  -0.7086  -0.0966   0.0362   0.0128   0.0226
 -0.2198  -0.7063  -0.1119   0.0624   0.0098   0.0010
 -0.2254  -0.7275  -0.1093   0.0211   0.0094   0.0125
 -0.2189  -0.7198  -0.1108   0.0472   0.0105   0.0143
 -0.2297  -0.7440  -0.1242   0.0385   0.0002   0.0035
 -0.2310  -0.7316  -0.1188   0.0494   0.0076   0.0134
 -0.2381  -0.7531  -0.1289  -0.0182   0.0186   0.0341
 -0.2261  -0.7302  -0.1276   0.0196   0.0198   0.0164
 -0.2303  -0.7863  -0.1134   0.0753  -0.0108   0.0080
 -0.2132  -0.6986  -0.0942   0.0677  -0.0351   0.0008
