 -0.1795   0.1555  -0.1271  -0.0395   0.0369  -0.1701
 -0.1697   0.2149  -0.1324  -0.0700   0.0183  -0.1510
 -0.1695   0.1706  -0.1286  -0.0015   0.0190  -0.2217
 -0.1752   0.2118  -0.1380  -0.0339   0.0139  -0.1208
 -0.1718   0.1778  -0.1337  -0.0056   0.0082  -0.1406
 -0.1823   0.1818  -0.1415   0.0322   0.0120  -0.1752
 -0.1752   0.1782  -0.1328   0.0289   0.0084  -0.1150
 -0.1820   0.1743  -0.1346   0.0615   0.0143  -0.1332
 -0.1734   0.1760  -0.1267   0.0636   0.0138  -0.1599
 -0.1890   0.1839  -0.1276   0.0320   0.0104  -0.1291
 -0.1780   0.1939  -0.1257   0.0167   0.0117  -0.1575
 -0.1892   0.1426  -0.1296   0.0818   0.0038  -0.1973
 -0.1740   0.1958  -0.1221   0.0205   0.0089  -0.1196
 -0.1856   0.1590  -0.1245   0.0018  -0.0134  -0.1445
 -0.1707   0.1748  -0.1115  -0.0620   0.0087  -0.1791
 -0.1975   0.1477  -0.1258  -0.0372   0.0257  -0.2096
 -0.1709   0.1692  -0.1153  -0.0582   0.0238  -0.1649
 -0.1649   0.1269  -0.1212  -0.0150  -0.0085  -0.1776
  0.1500   0.3970  -0.0057  -0.3970   0.0822  -0.1692
  0.4649   0.5131   0.0780  -0.5796   0.1926  -0.1951
  0.1739   0.3538   0.0302  -0.2873   0.1019  -0.2119
  0.1343   0.2554   0.0286  -0.1845   0.0879  -0.2737
  0.0704   0.2509   0.0127  -0.2883   0.0661  -0.1834
  0.0610   0.2231   0.0300  -0.2954   0.0800  -0.1687
  0.0433   0.2661   0.0153  -0.2801   0.0413  -0.1747
  0.0439   0.2068   0.0300  -0.2541   0.0574  -0.1401
  0.0492   0.3349   0.0240  -0.3805   0.0420  -0.1685
 -0.0590  -1.5291  -0.0748   0.6585   0.1133  -0.0364
 -0.1408  -2.7042  -0.1831   1.7348   0.0948   0.4652
  0.0384  -1.0443  -0.2247   0.1445   0.0524   0.1152
 -0.0525  -1.1178  -0.2256   0.2486   0.0560   0.1793
  0.0057  -0.8354  -0.1978  -0.0252   0.0748   0.0335
 -0.0343  -0.7482  -0.1248   0.3036   0.0539   0.0048
 -0.0712  -0.1912  -0.0688   0.4099  -0.0153  -0.0159
 -0.0549   0.1291  -0.0493   0.4858  -0.0213  -0.0760
 -0.0657   0.2648  -0.0279   0.2559  -0.0832  -0.0165
 -0.0650   0.1616   0.0243   0.2326  -0.0750  -0.0935
 -0.0642   0.0868   0.0319   0.0534  -0.0921  -0.0678
 -0.0928   0.0406   0.0471   0.1404  -0.0554  -0.0933
 -0.1218  -0.0044   0.0468  -0.0414  -0.0502  -0.0510
 -0.1467  -0.0096   0.0693  -0.1200  -0.0298  -0.0655
 -0.1409  -0.0563   0.0558  -0.0906  -0.0497  -0.0528
 -0.1409  -0.0551   0.0625  -0.0016  -0.0239  -0.0929
 -0.1440  -0.0846   0.0733  -0.1691  -0.0149  -0.0352
 -0.1625  -0.1923   0.0978  -0.2995  -0.0364  -0.0625
 -0.1506  -0.1365   0.1135  -0.3512  -0.0508  -0.1357
 -0.1662  -0.1390   0.0792  -0.1692  -0.0250  -0.1000
 -0.1587  -0.1527   0.0686  -0.1056  -0.0415  -0.0779
 -0.1792  -0.1334   0.0619  -0.1025  -0.0125  -0.0603
 -0.1657  -0.1651   0.0756  -0.0638  -0.0140  -0.0835
 -0.1640  -0.1572   0.0549  -0.0527   0.0113  -0.0978
 -0.1637  -0.1612   0.0689  -0.0966  -0.0126  -0.0501
 -0.1592  -0.1115   0.0705  -0.1239   0.0077  -0.0784
 -0.1602  -0.1583   0.0709  -0.1182  -0.0198  -0.1032
 -0.1611  -0.1412   0.0574  -0.0718   0.0146  -0.0973
 -0.1586  -0.1547   0.0559  -0.0662  -0.0380  -0.0763
 -0.1660  -0.8904   0.0267   0.4690   0.0949   0.0823
  0.4603  -7.0753  -0.2722   4.3195   0.1020   1.6115
  0.7643   0.1619   0.1559   1.8084   0.3409   0.8652
  0.5478   0.7919   0.0431   0.1821   0.1699   0.6678
  0.3621   0.3298   0.1420   0.4698  -0.0235   0.4470
  0.3334   0.5782   0.0240   0.6787   0.0091   0.2685
  0.3069   0.3649   0.1011   0.6862  -0.0599   0.3114
  0.3587   0.3163   0.1100   0.6041  -0.0407   0.3645
  0.3294  -0.1619   0.0770   0.2209  -0.0736   0.2868
  0.2973  -0.7300   0.0602  -0.1128  -0.0455   0.3213
  0.2555   0.2402   0.0884  -0.1509  -0.0862   0.1705
  0.2118   1.1145   0.0406  -0.3322  -0.1311   0.3009
  0.2322   0.6900   0.0427  -0.1849  -0.1050   0.2810
  0.2178   0.5964   0.0273  -0.2672  -0.1068   0.2350
  0.2336   0.3360   0.0463  -0.3343  -0.0963   0.2743
  0.2207   0.3146   0.0673  -0.4377  -0.0720   0.2076
  0.2252   0.1940   0.0619  -0.2053  -0.0835   0.2420
  0.1848  -0.0081   0.0336  -0.4101  -0.0919   0.2211
  0.3141  -0.1850   0.0761  -0.5430   0.0175   0.1966
  0.3878  -0.1426   0.2486  -0.5080   0.0199   0.1834
  0.3483  -0.3475   0.2763  -0.2727  -0.0286   0.0801
  0.3500  -0.4205   0.2434  -0.1956   0.0180   0.2563
