 -0.0519  -1.1306  -0.2086   0.2023  -0.0748   0.3221
 -0.0550  -1.2204  -0.1768   0.2210  -0.0865   0.3293
 -0.0291  -1.1312  -0.2201   0.2118  -0.0615   0.3243
 -0.0146  -1.1676  -0.2363   0.2635  -0.0605   0.3154
 -0.0261  -1.1552  -0.2413   0.2340  -0.0607   0.3062
 -0.0121  -1.2148  -0.2312   0.2369  -0.0580   0.3563
 -0.0443  -1.1097  -0.2046   0.1412  -0.0525   0.2470
 -0.0598  -0.9408  -0.1989   0.0261  -0.0501   0.4040
 -0.0206  -1.0362  -0.1763   0.0699  -0.0433   0.4362
 -0.0219  -1.0119  -0.1866   0.0720  -0.0340   0.2847
 -0.0118  -1.0821  -0.1826   0.1717  -0.0321   0.2823
 -0.0129  -1.0875  -0.1400   0.2165  -0.0432   0.3013
  0.0031  -1.0423  -0.1077   0.2219  -0.0314   0.4081
  0.0066  -0.9747  -0.1362   0.1869  -0.0344   0.2710
  0.0145  -0.9715  -0.1384   0.1621  -0.0289   0.3106
  0.0001  -0.9518  -0.1572   0.1392  -0.0362   0.3060
 -0.0030  -0.9651  -0.1554   0.1264  -0.0286   0.2947
  0.0006  -1.0145  -0.1644   0.1233  -0.0329   0.3688
  0.0110  -1.1406  -0.1465   0.1638  -0.0200   0.3052
  0.0030  -1.1219  -0.1583   0.1379  -0.0146   0.2363
  0.0085  -1.1894  -0.1619   0.1761  -0.0148   0.2746
 -0.0034  -1.0053  -0.1784   0.1208  -0.0320   0.2777
 -0.0019  -1.1020  -0.1867   0.1243  -0.0344   0.3141
  0.0068  -1.0109  -0.1890   0.1137  -0.0297   0.2876
 -0.0228  -0.9721  -0.1697   0.1111  -0.0229   0.1967
 -0.0388  -0.0335  -0.2333   0.0658  -0.0014   0.2098
 -0.0398   0.4560  -0.1405   0.0646   0.0057   0.2821
 -0.0319   0.5141   0.0216  -0.1210   0.0193   0.2133
 -0.0134   0.3857  -0.0121  -0.0631   0.0130   0.0524
 -0.0133   0.3442   0.0167  -0.0383   0.0120  -0.0102
 -0.0127   0.2976  -0.0112   0.0100   0.0128   0.0283
  0.0044   0.2978  -0.0044  -0.0307   0.0135   0.0112
  0.0059   0.2356  -0.0010  -0.0222   0.0144   0.0534
 -0.0010   0.2494   0.0286  -0.0698   0.0126   0.0261
 -0.0039   0.0805   0.0657  -0.0035   0.0215   0.1167
  0.0095  -0.1338   0.0868   0.0350   0.0373   0.0440
  0.0159  -0.1517   0.0744   0.0415   0.0397  -0.0704
 -0.0767   0.8511   0.0618  -0.2046   0.0008  -0.2710
 -0.1525   1.5434  -0.0669  -0.2191  -0.0505  -0.4635
 -0.1557   1.4476  -0.0930  -0.2744  -0.0386  -0.3636
 -0.0737   0.9453   0.0066  -0.1701  -0.0116  -0.3680
 -0.0932   0.9114  -0.0079  -0.1112  -0.0188  -0.2824
 -0.0767   0.6425   0.0396  -0.0195  -0.0360  -0.2834
 -0.0304   0.5159   0.0095  -0.0652  -0.0156  -0.3253
 -0.0378   0.6222   0.0077  -0.1187  -0.0230  -0.2463
 -0.0629   0.4321   0.0723  -0.0555  -0.0374  -0.2043
  0.0288   0.3177   0.0527  -0.0278   0.0116  -0.1561
 -0.0376   0.1981   0.0843  -0.0137  -0.0068  -0.2564
  0.0459   0.4550   0.0011  -0.0548   0.0271  -0.1324
 -0.0574   0.5011   0.0567  -0.0754  -0.0293  -0.2487
 -0.0298   0.4901   0.0478  -0.0785  -0.0089  -0.1817
  0.0419   0.5071   0.0184  -0.0624   0.0147  -0.2023
 -0.0096   0.5265  -0.0134  -0.1350  -0.0156  -0.1734
  0.0153   1.0349  -0.1501  -0.1049   0.0031  -0.3977
 -0.0801   1.2703  -0.1582  -0.0407  -0.0402  -0.1703
 -0.0590   1.1440  -0.1169   0.1586  -0.0377   0.1411
  0.0415   0.3472   0.0994  -0.1241   0.0319  -0.1582
  0.0624   0.4837   0.1045  -0.0588   0.0514  -0.0221
  0.0552   0.4017   0.1503  -0.0306   0.0428  -0.2401
  0.0680   0.4465   0.1496   0.0110   0.0512  -0.1339
  0.0216   0.4410   0.1911  -0.0242   0.0240  -0.1204
  0.0273   0.4872   0.1817  -0.0490   0.0209  -0.1142
  0.0830   0.4743   0.1548  -0.1060   0.0506  -0.2110
  0.1279   0.4586   0.1335  -0.1105   0.0826  -0.1649
  0.0862   0.4545   0.1353  -0.1215   0.0540  -0.1924
  0.0423   0.4797   0.1491  -0.1172   0.0285  -0.1711
  0.0370   0.4278   0.1709  -0.1184   0.0316  -0.2085
  0.0361   0.4731   0.1561  -0.1369   0.0270  -0.1092
  0.0555   0.4760   0.1880  -0.1668   0.0480  -0.1977
  0.0335   0.4637   0.2106  -0.1338   0.0459  -0.1730
  0.0297   0.4896   0.2044  -0.1415   0.0449  -0.1965
  0.0551   0.3932   0.2111  -0.0884   0.0548  -0.0955
  0.0783   0.2801   0.2161  -0.1144   0.0613  -0.1437
  0.0948   0.2133   0.2143  -0.0466   0.0697  -0.1769
  0.0968   0.2252   0.2057  -0.0632   0.0744  -0.1883
  0.0808   0.2357   0.2022  -0.0212   0.0587  -0.1093
  0.0992   0.2299   0.2154  -0.1431   0.0716  -0.1439
  0.0502   0.2080   0.2113   0.0503   0.0331  -0.2821
