 -0.0018  -0.5009   0.1657  -0.0400  -0.1258  -0.3282
  0.0076  -0.6229   0.1736  -0.0435  -0.0875  -0.2494
  0.0280  -0.6023   0.1584  -0.0159  -0.0871  -0.2591
  0.0283  -0.5919   0.1615   0.0245  -0.0796  -0.2556
  0.0240  -0.5465   0.1652  -0.0089  -0.0663  -0.2689
  0.0430  -0.5259   0.1649  -0.0447  -0.0625  -0.2559
  0.0483  -0.5164   0.1701  -0.0110  -0.0606  -0.2516
  0.0475  -0.5473   0.1594   0.0214  -0.0582  -0.2469
  0.0501  -0.5056   0.1668  -0.0091  -0.0557  -0.2575
  0.0673  -0.4339   0.1439  -0.0687  -0.0561  -0.2340
  0.0723  -0.4063   0.1658  -0.0450  -0.0695  -0.2182
  0.0760  -0.4195   0.1647  -0.0011  -0.0686  -0.2257
  0.0420  -0.4365   0.1669   0.0059  -0.0769  -0.2342
  0.0334  -0.4297   0.1683  -0.0161  -0.0872  -0.2401
  0.0584  -0.4259   0.1646  -0.0655  -0.0668  -0.2355
  0.0666  -0.4270   0.1468  -0.0728  -0.0618  -0.2256
  0.0705  -0.4380   0.1590  -0.0460  -0.0554  -0.2139
  0.0765  -0.4503   0.1538  -0.0488  -0.0623  -0.2158
  0.0685  -0.4118   0.1437  -0.0403  -0.0654  -0.2200
  0.0438  -0.4465   0.1439  -0.0308  -0.0765  -0.2210
  0.0912  -0.3841   0.1773   0.0547  -0.0835  -0.2228
  0.1137  -0.3375   0.1654   0.0603  -0.0674  -0.2168
  0.0924  -0.3763   0.1506   0.0161  -0.0674  -0.2132
  0.0932  -0.3591   0.1456   0.0037  -0.0589  -0.2259
  0.0787  -0.4125   0.1521   0.0405  -0.0643  -0.2041
  0.0571  -0.4146   0.1484   0.0828  -0.0601  -0.1909
  0.0575  -0.4088   0.1512   0.0689  -0.0643  -0.1998
  0.0585  -0.3885   0.1433   0.0285  -0.0557  -0.1838
  0.0659  -0.3735   0.1441   0.0095  -0.0575  -0.1842
  0.0678  -0.3579   0.1463   0.0001  -0.0537  -0.1830
  0.0718  -0.4050   0.1512   0.0439  -0.0624  -0.1654
  0.0710  -0.3502   0.1265   0.0115  -0.0662  -0.1500
  0.0626  -0.3252   0.1190   0.0348  -0.0793  -0.1440
  0.0566  -0.3213   0.1255   0.0400  -0.0670  -0.1541
  0.0631  -0.2832   0.1231   0.0613  -0.0749  -0.1402
  0.0708  -0.2969   0.1326   0.1231  -0.0946  -0.1449
  0.0959  -0.3048   0.1440   0.1271  -0.1030  -0.1238
  0.0743  -0.3328   0.1523   0.0836  -0.1025  -0.1191
  0.0435  -0.3237   0.1622   0.1311  -0.1417  -0.1271
 -0.0601  -0.3128   0.2104   0.0232  -0.1772  -0.1173
  0.0031  -0.2285   0.2192   0.0925  -0.1600  -0.1043
  0.0191  -0.2810   0.1588   0.0995  -0.1564  -0.1129
 -0.0340  -0.3068   0.2058  -0.0934  -0.1909  -0.1000
 -0.0657   0.0434  -0.0000  -0.2842  -0.2148  -0.0713
 -0.0762  -0.0176  -0.0242  -0.2154  -0.2005  -0.1098
 -0.0941   0.1531   0.0061  -0.2560  -0.1618  -0.1418
 -0.0603   0.2652  -0.0641  -0.3446  -0.1327  -0.1324
 -0.0812   0.1426  -0.0526  -0.2173  -0.1560  -0.1817
 -0.0849   0.1251  -0.1006  -0.2311  -0.1297  -0.1994
 -0.0105   0.1536  -0.0301  -0.0194  -0.1326  -0.1828
 -0.0554   0.0517   0.0063  -0.2310  -0.1206  -0.2090
 -0.0225  -0.0299  -0.0346  -0.3559  -0.0806  -0.2163
 -0.0604   0.0819  -0.0104  -0.2640  -0.1126  -0.2183
 -0.0578  -0.0281   0.0942  -0.1658  -0.1109  -0.2367
 -0.0462   0.0362   0.0356  -0.0611  -0.0859  -0.2519
 -0.0529   0.0887   0.0324  -0.0899  -0.0938  -0.2442
 -0.1260   0.0246   0.0868  -0.0438  -0.1530  -0.2159
 -0.0951  -0.0198   0.0622   0.0440  -0.1102  -0.2124
 -0.0811   0.1496   0.0348  -0.0154  -0.1183  -0.2322
 -0.1130   0.1227   0.0677   0.0929  -0.1540  -0.2277
 -0.1164   0.1201   0.0304   0.0318  -0.1040  -0.2247
 -0.1347   0.0167   0.0447   0.0269  -0.1222  -0.2308
 -0.1526  -0.0274   0.0316   0.1240  -0.1485  -0.1906
 -0.1041  -0.0123   0.0148   0.0520  -0.0912  -0.2012
 -0.1072   0.0704   0.0070   0.0132  -0.0716  -0.2060
 -0.0965   0.0975   0.0202   0.0718  -0.0735  -0.1977
 -0.1058   0.0867  -0.0111   0.0081  -0.0786  -0.1843
 -0.0658   0.0755  -0.0159   0.0667  -0.0764  -0.1881
 -0.0695   0.1219   0.0298   0.0637  -0.0796  -0.2122
 -0.0881   0.1800   0.0253  -0.0570  -0.0715  -0.2195
 -0.0918   0.1826  -0.0137   0.0736  -0.0549  -0.1584
 -0.1639   0.1587   0.0179   0.1577  -0.1159  -0.1840
 -0.1253   0.1584  -0.0810   0.0375  -0.0607  -0.2030
 -0.0814   0.2095  -0.0852  -0.0688  -0.0168  -0.2034
 -0.0540   0.1748  -0.0721  -0.0188  -0.0130  -0.1877
 -0.0470   0.1164  -0.0827   0.1095  -0.0186  -0.1607
 -0.0737   0.1177  -0.0598   0.0663  -0.0431  -0.1427
 -0.0915   0.1132  -0.0542  -0.0510  -0.0323  -0.1707
 -0.0708   0.1096  -0.1143  -0.0109  -0.0046  -0.1680
 -0.0858   0.0812  -0.1034   0.0079  -0.0046  -0.1509
 -0.0804   0.0885  -0.0865  -0.0270   0.0053  -0.1446
 -0.0659   0.0823  -0.0617  -0.0413   0.0109  -0.1117
 -0.0632   0.0398  -0.0448  -0.0639   0.0057  -0.1028
 -0.0590   0.0719  -0.0948  -0.0663   0.0163  -0.0902
 -0.0594   0.0886  -0.0869  -0.0160   0.0140  -0.0919
 -0.0564   0.1052  -0.0938  -0.0494   0.0490  -0.1011
 -0.0706   0.0997  -0.1013  -0.0729   0.0503  -0.1111
 -0.0673   0.0787  -0.0980  -0.0193   0.0150  -0.0732
 -0.0584   0.0852  -0.0975   0.0603   0.0032  -0.0596
 -0.0307   0.0821  -0.1058   0.0439   0.0217  -0.0438
 -0.0434   0.0654  -0.1112   0.0293   0.0311  -0.0361
 -0.0419   0.0741  -0.1042   0.0105   0.0303  -0.0210
 -0.0213   0.0622  -0.0974  -0.0074   0.0379  -0.0061
 -0.0139   0.0514  -0.0800   0.0317   0.0362   0.0149
 -0.0040   0.0334  -0.0847   0.0197   0.0537   0.0139
 -0.0259   0.0323  -0.1019   0.0297   0.0481   0.0120
 -0.0121   0.0617  -0.0893  -0.0024   0.0525   0.0356
 -0.0128   0.0595  -0.0918   0.0112   0.0499   0.0395
  0.0167   0.0522  -0.0759   0.0578   0.0560   0.0537
  0.0177   0.0519  -0.0907   0.0392   0.0629   0.0791
  0.0258   0.0413  -0.0656   0.0395   0.0668   0.0556
  0.0325   0.0860  -0.0662   0.0652   0.0661   0.0670
 -0.0097   0.1038  -0.0843  -0.0064   0.0558   0.0801
  0.0097   0.1773  -0.0550  -0.0253   0.0768   0.0883
  0.0154   0.1630  -0.0599   0.0468   0.0726   0.1219
  0.0116   0.1631  -0.0588  -0.0352   0.0808   0.1182
  0.0150   0.1343  -0.0674   0.0452   0.0773   0.1307
  0.0210   0.0903  -0.0759   0.0692   0.0716   0.1440
  0.0124   0.1074  -0.0895   0.0147   0.0890   0.1445
  0.0105   0.1228  -0.0838  -0.0442   0.1032   0.1415
  0.0079   0.0792  -0.0854  -0.0019   0.0884   0.1585
  0.0092   0.0720  -0.0875   0.0093   0.0830   0.1871
  0.0088   0.0504  -0.1000   0.0445   0.0871   0.1813
  0.0151   0.0838  -0.0964   0.0493   0.0809   0.1734
  0.0165   0.1073  -0.0737   0.0277   0.0754   0.1862
  0.0183   0.0800  -0.0760   0.0387   0.0742   0.2087
  0.0267   0.0879  -0.0935   0.0589   0.0976   0.2257
  0.0174   0.0864  -0.0994   0.0311   0.1187   0.2309
  0.0298   0.1109  -0.1000   0.0387   0.1182   0.2309
  0.0268   0.1160  -0.0647   0.0301   0.0909   0.2528
  0.0325   0.1288  -0.0605   0.0487   0.0850   0.2618
  0.0392   0.1323  -0.0749   0.0918   0.0810   0.2924
  0.0423   0.1459  -0.0665   0.1161   0.0794   0.2979
  0.0403   0.2576  -0.0581   0.0303   0.1076   0.2870
  0.0515   0.2807  -0.0521   0.0677   0.1064   0.3072
  0.0523   0.2671  -0.0557   0.1286   0.0942   0.3117
  0.0487   0.2738  -0.0613   0.1112   0.1099   0.3247
  0.0408   0.2988  -0.0834   0.0797   0.1230   0.3327
  0.0486   0.3417  -0.0604   0.0743   0.1336   0.3201
  0.0695   0.4057  -0.0554   0.0364   0.1603   0.3229
  0.0755   0.3867  -0.0697   0.0438   0.1387   0.3542
  0.0646   0.3742  -0.0821   0.0584   0.1399   0.3625
  0.0693   0.3855  -0.0690   0.0828   0.1487   0.3584
  0.0742   0.4077  -0.0636   0.0534   0.1507   0.3690
  0.0726   0.4312  -0.0590   0.0292   0.1595   0.3844
  0.0772   0.4442  -0.0691  -0.0312   0.1797   0.4061
  0.0645   0.3863  -0.0828  -0.0095   0.1778   0.4062
  0.0449   0.3811  -0.0948   0.0047   0.1828   0.4196
  0.0390   0.3821  -0.0936  -0.0471   0.1817   0.4221
  0.0522   0.3994  -0.0889  -0.0294   0.1756   0.4406
  0.0669   0.4066  -0.0860  -0.0162   0.1777   0.4538
  0.0644   0.3520  -0.0927   0.0262   0.1753   0.4803
  0.0506   0.3568  -0.1005  -0.0005   0.1858   0.4778
  0.0421   0.3476  -0.1002   0.0165   0.1890   0.4785
  0.0283   0.3222  -0.0947  -0.0093   0.1698   0.4894
  0.0203   0.3156  -0.1024  -0.0510   0.1613   0.5091
  0.0096   0.3149  -0.1067  -0.0495   0.1633   0.5267
  0.0147   0.2885  -0.1067   0.0014   0.1534   0.5472
  0.0157   0.2369  -0.1086   0.0057   0.1626   0.5569
  0.0041   0.2282  -0.1111   0.0024   0.1574   0.5702
 -0.0017   0.2082  -0.1114   0.0100   0.1598   0.5563
 -0.0210   0.2430  -0.0968  -0.0356   0.1547   0.6105
