  0.1869  -0.3784  -0.1731  -0.5603  -0.2792  -0.3363
  0.1271  -0.5376  -0.3455  -0.3009  -0.2798  -0.3048
  0.1291  -0.6307  -0.5271  -0.2652  -0.2883  -0.2753
  0.0366  -0.6297  -0.5483  -0.3002  -0.2995  -0.2763
  0.0539  -0.6646  -0.3994  -0.2523  -0.2866  -0.2642
  0.1415  -0.3712   0.0393  -0.1387  -0.3640  -0.2232
  0.2689  -0.0673   0.2007  -0.3043  -0.3212  -0.2497
  0.3398  -0.0603   0.0584  -0.3398  -0.2592  -0.2615
  0.2638  -0.1240   0.0744  -0.2729  -0.2824  -0.2549
  0.2701  -0.1378   0.0319  -0.2549  -0.2714  -0.2314
  0.2294  -0.2416   0.0264  -0.2655  -0.2587  -0.2380
  0.2345  -0.2611  -0.0221  -0.2714  -0.2469  -0.2290
  0.2382  -0.2919   0.0132  -0.2011  -0.2654  -0.2002
  0.2304  -0.3235  -0.0080  -0.2099  -0.2681  -0.1963
  0.2128  -0.3100  -0.0091  -0.2096  -0.2535  -0.1900
  0.2172  -0.2943  -0.0275  -0.2240  -0.2519  -0.1908
  0.1985  -0.2485  -0.0185  -0.3691  -0.2526  -0.2284
  0.2010  -0.2542  -0.0355  -0.3504  -0.2510  -0.2259
  0.1866  -0.3448  -0.0395  -0.2868  -0.2368  -0.2284
  0.1812  -0.3913  -0.0408  -0.2975  -0.2024  -0.2305
  0.1565  -0.2421  -0.0505  -0.4057  -0.2108  -0.2335
  0.2124  -0.0739  -0.0899  -0.3882  -0.2129  -0.2148
  0.2435  -0.0528  -0.0758  -0.3171  -0.2111  -0.2090
  0.1755  -0.0883  -0.0647  -0.4840  -0.1900  -0.2490
  0.1819  -0.0129  -0.0264  -0.4885  -0.2043  -0.2588
  0.1969   0.0267  -0.0400  -0.4761  -0.2025  -0.2409
  0.2042   0.0117  -0.0488  -0.4571  -0.1972  -0.2207
  0.1887  -0.0236  -0.0519  -0.4640  -0.2033  -0.2191
  0.1990  -0.0501  -0.0412  -0.3598  -0.1967  -0.1682
  0.1975  -0.1138  -0.0715  -0.3025  -0.1479  -0.1512
  0.1937  -0.0470  -0.0803  -0.3979  -0.1573  -0.1881
  0.1792  -0.0669  -0.0442  -0.3965  -0.1614  -0.1894
  0.2040  -0.0714  -0.0776  -0.4473  -0.1503  -0.1996
  0.1541  -0.1135  -0.0513  -0.3839  -0.1792  -0.1581
  0.2071  -0.0947  -0.0677  -0.3948  -0.1598  -0.1530
  0.1990  -0.1158  -0.0882  -0.3297  -0.1524  -0.1353
  0.1413  -0.1862  -0.0463  -0.3387  -0.1612  -0.1293
  0.1755  -0.2627  -0.0675  -0.3370  -0.1561  -0.1463
  0.1486  -0.2358  -0.0991  -0.3177  -0.1414  -0.1047
  0.1344  -0.2782  -0.0743  -0.3010  -0.1556  -0.1066
  0.1173  -0.3203  -0.0570  -0.3069  -0.1651  -0.1156
  0.1071  -0.3117  -0.0809  -0.2750  -0.1517  -0.1070
  0.0986  -0.2512  -0.0324  -0.2880  -0.1579  -0.0680
  0.1302  -0.3415  -0.0062  -0.2925  -0.1510  -0.0980
  0.0837  -0.3545  -0.0529  -0.2532  -0.1071  -0.0355
  0.0720  -0.5406  -0.0862  -0.1721  -0.0871  -0.0072
 -0.0091  -0.4752   0.0096  -0.5937  -0.1437  -0.2281
 -0.0117  -0.4781  -0.0122  -0.7698  -0.1117  -0.2326
  0.0259  -0.4034   0.0401  -0.5186  -0.0935  -0.1587
  0.0176  -0.3423   0.0840  -0.5607  -0.0779  -0.1696
  0.0109  -0.5858   0.0961  -0.4521  -0.0827  -0.1386
  0.0080  -0.4826   0.0646  -0.5325  -0.0752  -0.1610
 -0.0002  -0.3914   0.0934  -0.6021  -0.0687  -0.1809
  0.0189  -0.4156   0.0798  -0.5040  -0.0518  -0.1412
  0.0172  -0.4162   0.0805  -0.4960  -0.0678  -0.1578
  0.0405  -0.4466   0.0340  -0.4987  -0.0610  -0.1274
  0.0043  -0.4167   0.0630  -0.5313  -0.0680  -0.1428
  0.0077  -0.4069   0.0601  -0.5024  -0.0708  -0.0786
  0.0241  -0.2702   0.0573  -0.5804  -0.0719  -0.1177
  0.0260  -0.4037   0.0426  -0.5345  -0.0609  -0.1065
  0.0161  -0.4121   0.0705  -0.5163  -0.0532  -0.1188
  0.0437  -0.3854   0.0561  -0.5418  -0.0486  -0.0818
  0.0194  -0.3292   0.0857  -0.5574  -0.0468  -0.1595
  0.0747  -0.2509   0.0319  -0.6730  -0.0269  -0.1677
  0.0483   0.7878   0.3968  -1.7716  -0.0091  -0.3161
 -0.1464   1.2507   0.7280  -2.3429  -0.0182  -0.4591
 -0.1762   1.0705   0.6819  -2.2387  -0.0238  -0.4465
 -0.0469   1.2167   0.6452  -1.8817   0.0453  -0.4693
 -0.0250   1.0006   0.5358  -1.5521   0.0647  -0.5771
 -0.0316   0.9889   0.3721  -1.0309   0.1024  -0.3509
 -0.0763   0.4119   0.2789  -0.8340   0.1110  -0.1860
 -0.0969   0.4131   0.3499  -0.9374   0.0871  -0.2553
 -0.0335   0.2517   0.2744  -0.7959   0.0864  -0.2643
  0.0954   0.2768   0.2309  -0.8469   0.1039  -0.3300
 -0.0260  -0.0144   0.0712  -0.3381   0.1683  -0.1321
  0.0403   0.2223  -0.0044  -0.3057   0.1614  -0.0010
 -0.0492   0.0559   0.0325  -0.5232   0.1214   0.0652
  0.0593   0.7701   0.0552  -0.6077   0.1098   0.1248
  0.0506   2.3893   0.1776  -1.0438   0.0996  -0.0053
 -0.1910   1.1141   0.3140  -0.3751   0.1706   0.0264
 -0.1784   0.5593   0.3763  -0.0187   0.1726  -0.0455
 -0.0409   1.2703   0.1847   1.0986   0.1928   0.2360
  0.0892   1.3761  -0.1255   2.0411   0.1862   0.5988
  0.0677   1.1861  -0.2321   1.7315   0.2011   0.4828
 -0.0726   0.6845  -0.1191   1.9659   0.1691   0.5719
 -0.0789  -0.0263  -0.1532   2.4051   0.1966   0.6110
 -0.0577   0.7614  -0.0884   1.6096   0.2144   0.4506
 -0.2188   0.2252   0.1117   0.5682   0.1651   0.2491
 -0.1986  -0.2498  -0.0600   0.7890   0.1763   0.2574
 -0.2795   0.0776  -0.0098   0.5520   0.1667   0.1813
 -0.2450   0.0779  -0.0649   0.5913   0.1732   0.2093
 -0.2739   0.0868  -0.0395   0.4488   0.1821   0.1557
 -0.2477  -0.0468  -0.0689   0.5779   0.1859   0.1738
 -0.2527   0.1385  -0.0534   0.4179   0.1849   0.1227
 -0.2163   0.2090  -0.0984   0.5090   0.1815   0.1788
 -0.3143   0.3870   0.0321   0.3518   0.1704   0.1540
 -0.3419   0.2733   0.0434   0.3751   0.1883   0.1759
 -0.3235   0.2716   0.0205   0.3847   0.1863   0.2170
 -0.3033   0.3770   0.0423   0.3755   0.1793   0.1921
 -0.3119   0.3213   0.0248   0.2599   0.1950   0.1512
 -0.2953   0.3796  -0.0613   0.4965   0.2071   0.2410
 -0.3054   0.3702  -0.0332   0.3445   0.2094   0.2402
 -0.2721   0.2268  -0.0802   0.4576   0.2116   0.2404
 -0.3128   0.2034  -0.0247   0.2021   0.1966   0.1789
 -0.2763   0.1789  -0.1589   0.5715   0.2072   0.3027
 -0.2879   0.5747  -0.0899   0.5438   0.2262   0.4350
 -0.1553   0.4567  -0.1436   1.1332   0.1705   0.3312
 -0.2249   0.2880   0.0538   1.6348   0.2175   0.2695
 -0.2864   0.4866   0.1086   0.5004   0.2215   0.1637
 -0.1892   0.0915   0.1270   1.5163   0.2500   0.5155
 -0.1371   0.2940  -0.1224   1.8382   0.4935   0.6497
 -0.1889   1.1623  -0.2065   0.9347   0.5045   0.3489
 -0.2658   1.5440  -0.0413   0.4174   0.3862   0.3667
 -0.1924   0.7010  -0.0959   0.9398   0.3729   0.3271
 -0.1701   0.8289  -0.1157   0.5587   0.3518   0.2382
 -0.1502   0.7391  -0.2620   2.2789   0.3558   0.8294
 -0.0749  -0.1221  -0.2194   3.5034   0.3634   1.1373
 -0.1381  -0.1685  -0.2111   2.6142   0.3075   0.8117
 -0.1188  -0.1634  -0.1748   2.7862   0.3133   0.8991
 -0.1727  -0.1457  -0.2395   2.4787   0.3262   0.8194
 -0.2227   0.1930  -0.0162   2.5002   0.2962   0.8348
 -0.2822   0.0165  -0.0951   1.9978   0.2987   0.6768
 -0.3057  -0.1140  -0.1765   1.3644   0.3530   0.5606
 -0.2830  -0.3224  -0.2429   1.3125   0.3267   0.5246
