  0.3072   0.2859  -0.2580  -1.1475  -0.1127   0.5290
  0.3775   0.2176  -0.3805  -1.5807  -0.0750   0.6667
  0.3356   0.1401  -0.3207  -1.3700  -0.0724   0.6333
  0.3280   0.0854  -0.3307  -1.4222  -0.0779   0.6560
  0.3539   0.1292  -0.2631  -1.3846  -0.0902   0.6256
  0.3648   0.1517  -0.2764  -1.3969  -0.0859   0.6329
  0.3641   0.1630  -0.2375  -1.3127  -0.0373   0.6347
  0.3417   0.3677  -0.2537  -1.3913  -0.0195   0.5991
  0.2606   0.3882  -0.1901  -1.2718  -0.0588   0.5376
  0.3051   0.2643  -0.2168  -1.2812  -0.1014   0.5783
  0.2844   0.1882  -0.2226  -1.2334  -0.0801   0.5826
  0.2798   0.1302  -0.1968  -1.2164  -0.0911   0.5915
  0.2746   0.1381  -0.2143  -1.2923  -0.1170   0.6082
  0.2517   0.2262  -0.1539  -1.1429  -0.0881   0.5689
  0.2953   0.3438  -0.1155  -0.9854  -0.1292   0.4992
  0.3117   0.3268  -0.1387  -1.0548  -0.1501   0.5097
  0.2472   0.3587  -0.1194  -0.9105  -0.0768   0.4675
  0.2160   0.0628  -0.1555  -0.8154  -0.0087   0.4631
  0.2220   0.1002  -0.1193  -0.7121   0.0051   0.3987
  0.2289   0.2608  -0.1338  -0.5529  -0.0633   0.3236
  0.1885   0.2955  -0.1424  -0.5293  -0.0662   0.3029
  0.1361   0.2827  -0.1443  -0.3988  -0.0551   0.2487
  0.1372   0.2800  -0.1627  -0.4542  -0.0972   0.2639
  0.1161   0.2790  -0.1332  -0.3521  -0.0882   0.2266
  0.1493   0.2636  -0.1373  -0.2927  -0.1131   0.2110
  0.1778   0.3099  -0.1599  -0.3026  -0.1106   0.2098
  0.1338   0.2596  -0.1022  -0.2527  -0.1021   0.1777
  0.1224   0.2317  -0.0745  -0.3160  -0.1200   0.2002
  0.1134   0.2212  -0.0632  -0.2753  -0.1029   0.1820
  0.1553   0.2307  -0.0672  -0.3434  -0.1310   0.1994
  0.1369   0.2460  -0.0592  -0.3350  -0.1191   0.1974
  0.1176   0.2401  -0.0528  -0.2173  -0.0993   0.1570
  0.1057   0.2337  -0.0553  -0.2263  -0.1192   0.1624
  0.0976   0.2267  -0.0527  -0.2092  -0.1168   0.1605
  0.1237   0.1991  -0.0646  -0.2813  -0.1251   0.1804
  0.1147   0.2254  -0.0452  -0.2121  -0.0969   0.1645
  0.1150   0.2125  -0.0432  -0.2033  -0.1138   0.1567
  0.1327   0.2212  -0.0411  -0.2165  -0.1148   0.1699
  0.1143   0.2223  -0.0330  -0.1669  -0.0938   0.1358
  0.1527   0.2327  -0.0325  -0.2080  -0.0957   0.1526
  0.1338   0.2704  -0.0150  -0.2357  -0.0867   0.1574
  0.1120   0.2339  -0.0102  -0.2287  -0.1054   0.1516
  0.1664   0.2218  -0.0202  -0.2994  -0.1373   0.1767
  0.1620   0.2788  -0.0145  -0.1889  -0.1116   0.1299
  0.1542   0.2968  -0.0018  -0.0981  -0.1068   0.0836
  0.1433   0.2969  -0.0028  -0.0939  -0.1097   0.0770
  0.1320   0.2685   0.0055  -0.1102  -0.0954   0.0746
  0.1459   0.2260  -0.0054  -0.1468  -0.1016   0.0919
  0.1507   0.2286  -0.0500  -0.2162  -0.0657   0.1168
  0.1465   0.2762  -0.0254  -0.1296  -0.0296   0.0755
  0.1354   0.2447  -0.0282  -0.1322  -0.0564   0.0883
  0.1232   0.2721  -0.0509  -0.0890  -0.0694   0.0683
  0.0970   0.2693  -0.0363  -0.0369  -0.0759   0.0449
  0.1040   0.2228  -0.0234  -0.0705  -0.0873   0.0597
  0.0919   0.2289  -0.0053  -0.0666  -0.0803   0.0574
  0.1045   0.1943   0.0016  -0.0798  -0.0791   0.0530
  0.0887   0.2230   0.0117  -0.1059  -0.0726   0.0685
  0.0600   0.3116  -0.0298  -0.2902  -0.1000   0.0917
  0.0506   0.1465  -0.0051  -0.1389  -0.1011   0.0608
  0.0584   0.1774  -0.0545  -0.1875  -0.0782   0.0677
  0.0212   0.1429  -0.0766  -0.1436  -0.1471   0.0487
  0.0559   0.1277  -0.0419  -0.1820  -0.1466   0.0859
  0.0178   0.1410  -0.0459  -0.1415  -0.1135   0.0676
  0.0010   0.0711  -0.0551  -0.2703  -0.1471   0.1137
 -0.0025   0.0946  -0.0590  -0.1767  -0.1039   0.0913
  0.0081   0.0704  -0.0420  -0.1849  -0.1116   0.0956
  0.0123   0.0951  -0.0673  -0.1561  -0.1078   0.0860
  0.0143   0.0891  -0.0783  -0.1580  -0.0981   0.0609
 -0.0136   0.0825  -0.0642  -0.1187  -0.1044   0.0368
  0.0168   0.0711  -0.0277  -0.1463  -0.0753   0.0545
  0.0021   0.0820  -0.0324  -0.0973  -0.0489   0.0391
 -0.0004   0.0543  -0.0367  -0.1030  -0.0739   0.0388
 -0.0082   0.0887  -0.0365  -0.0855  -0.0566   0.0315
 -0.0169   0.0936  -0.0319  -0.0371  -0.0651   0.0050
  0.0026   0.0809  -0.0186  -0.0655  -0.0673   0.0217
 -0.0459   0.0602  -0.0128  -0.0223  -0.0513   0.0021
 -0.0380   0.0698  -0.0121  -0.0575  -0.0578   0.0035
 -0.0513   0.0641  -0.0134   0.0015  -0.0549  -0.0182
 -0.0440   0.0465  -0.0206  -0.0467  -0.0738  -0.0053
 -0.0470   0.0186  -0.0397  -0.0481  -0.0501   0.0039
 -0.0229   0.0137  -0.0537  -0.0744  -0.0467   0.0246
 -0.0426   0.0435  -0.0477   0.0127  -0.0599  -0.0018
 -0.0201   0.0141  -0.0391  -0.0115  -0.0799   0.0102
 -0.0496   0.0500  -0.0333   0.0549  -0.0544  -0.0176
 -0.0406   0.0200  -0.0297  -0.0046  -0.0670   0.0018
 -0.0377   0.0229  -0.0136   0.0454  -0.0423  -0.0138
 -0.0339  -0.0053  -0.0059   0.0863  -0.0377  -0.0313
 -0.0438   0.0159  -0.0093   0.0896  -0.0414  -0.0334
 -0.0278  -0.0110  -0.0076   0.0471  -0.0384  -0.0140
 -0.0279  -0.0089   0.0071   0.0636  -0.0133  -0.0237
 -0.0297  -0.0331   0.0238   0.0740  -0.0177  -0.0263
 -0.0263  -0.0161   0.0344   0.0698  -0.0177  -0.0420
 -0.0225  -0.0361   0.0320   0.0658  -0.0145  -0.0399
 -0.0360  -0.0055   0.0247   0.1073  -0.0154  -0.0552
 -0.0379   0.0027   0.0250   0.1849   0.0015  -0.0750
 -0.0275  -0.0604   0.0371   0.0957  -0.0137  -0.0476
 -0.0271  -0.0546   0.0325   0.1123  -0.0022  -0.0548
 -0.0439  -0.0541   0.0328   0.1479   0.0080  -0.0693
 -0.0745  -0.0695   0.0327   0.1505  -0.0071  -0.0783
 -0.0603  -0.0613   0.0482   0.1673   0.0169  -0.0824
 -0.0634  -0.0620   0.0485   0.1483  -0.0024  -0.0795
 -0.0559  -0.0414   0.0446   0.1117   0.0290  -0.0641
 -0.0522  -0.1200   0.0617   0.1194   0.0681  -0.0649
 -0.0465  -0.1115   0.0733   0.1831   0.0743  -0.0830
 -0.0532  -0.1153   0.0723   0.2070   0.0656  -0.0930
 -0.0586  -0.1102   0.0786   0.2711   0.0868  -0.1156
 -0.0490  -0.1330   0.0686   0.2331   0.0681  -0.1025
 -0.0363  -0.1297   0.0555   0.1987   0.0572  -0.0891
 -0.0477  -0.0882   0.0628   0.3162   0.0780  -0.1386
 -0.0483  -0.1131   0.0660   0.3148   0.0865  -0.1367
 -0.0549  -0.0978   0.0635   0.3225   0.0774  -0.1379
 -0.0734  -0.1102   0.0690   0.3117   0.0633  -0.1397
 -0.0742  -0.1078   0.0680   0.3161   0.0634  -0.1449
 -0.0749  -0.1189   0.0605   0.3290   0.0686  -0.1450
 -0.0839  -0.1200   0.0692   0.3467   0.0627  -0.1560
 -0.0820  -0.1472   0.0695   0.3302   0.0653  -0.1531
 -0.0770  -0.1375   0.0681   0.3459   0.0763  -0.1702
 -0.0835  -0.1491   0.0792   0.3528   0.0655  -0.1755
 -0.0694  -0.1517   0.0848   0.3073   0.0738  -0.1668
 -0.0820  -0.1245   0.0936   0.3549   0.0445  -0.1735
 -0.0640  -0.1428   0.1000   0.3471   0.0529  -0.1900
 -0.0774  -0.1341   0.0962   0.3616   0.0689  -0.1855
 -0.0753  -0.1425   0.1009   0.3753   0.0743  -0.1936
 -0.0734  -0.1598   0.0984   0.3462   0.0678  -0.1803
 -0.0814  -0.1418   0.0849   0.3858   0.0815  -0.1956
 -0.0811  -0.1549   0.0804   0.3658   0.0765  -0.1789
 -0.0732  -0.1587   0.0858   0.3740   0.0724  -0.1730
 -0.0885  -0.1477   0.0823   0.3753   0.0833  -0.1829
 -0.0905  -0.1707   0.0845   0.3946   0.0770  -0.1798
 -0.0872  -0.1670   0.0850   0.3967   0.0782  -0.1958
 -0.0918  -0.1527   0.0890   0.4328   0.0880  -0.1936
 -0.0762  -0.1917   0.1006   0.4024   0.0947  -0.1942
 -0.0898  -0.1518   0.0969   0.4480   0.1001  -0.2136
 -0.0861  -0.1645   0.0942   0.4338   0.0958  -0.2032
 -0.0853  -0.1736   0.0935   0.4114   0.0820  -0.2025
 -0.0960  -0.1654   0.0982   0.4313   0.1005  -0.2145
 -0.0945  -0.1759   0.0909   0.3985   0.0958  -0.2090
 -0.0952  -0.1627   0.0974   0.4314   0.1103  -0.2130
 -0.0932  -0.1783   0.0894   0.4272   0.1065  -0.2224
 -0.1062  -0.1652   0.0887   0.4435   0.1153  -0.2236
 -0.1037  -0.1863   0.0913   0.4289   0.1107  -0.2209
 -0.0949  -0.2345   0.0766   0.3614   0.0862  -0.1928
 -0.1145  -0.1655   0.0815   0.4490   0.1039  -0.2334
 -0.1191  -0.1997   0.0776   0.4441   0.1108  -0.2330
 -0.1232  -0.2126   0.0683   0.4302   0.1250  -0.2312
 -0.1044  -0.2473   0.0543   0.3679   0.1118  -0.2078
 -0.1329  -0.1815   0.0538   0.4316   0.1305  -0.2341
 -0.1428  -0.2388   0.0412   0.4183   0.1359  -0.2252
 -0.1365  -0.2043   0.0522   0.4059   0.1400  -0.2267
 -0.1498  -0.2155   0.0470   0.4441   0.1487  -0.2377
 -0.1502  -0.1701   0.0166   0.4430   0.1560  -0.2506
 -0.1747  -0.1866   0.0214   0.4618   0.1457  -0.2662
 -0.1638  -0.2605   0.0411   0.4496   0.1296  -0.2621
 -0.1515  -0.2656   0.0446   0.4824   0.1323  -0.2615
 -0.1677  -0.2483   0.0406   0.4932   0.1340  -0.2618
 -0.1675  -0.2624   0.0478   0.5013   0.1397  -0.2623
 -0.1872  -0.2644   0.0577   0.4936   0.1103  -0.2535
 -0.1895  -0.2530   0.0790   0.5059   0.1113  -0.2708
 -0.1800  -0.2691   0.0611   0.4610   0.0869  -0.2505
 -0.1935  -0.2374   0.0640   0.4958   0.0796  -0.2801
 -0.1804  -0.2735   0.0565   0.4546   0.0738  -0.2556
 -0.1962  -0.2452   0.0732   0.4425   0.0742  -0.2519
 -0.1924  -0.2648   0.0688   0.4444   0.0861  -0.2594
 -0.1968  -0.2516   0.0738   0.4531   0.0894  -0.2661
 -0.1889  -0.2854   0.0889   0.4537   0.1078  -0.2677
 -0.1981  -0.2826   0.0923   0.4724   0.1137  -0.2733
 -0.2006  -0.2912   0.0955   0.4861   0.1081  -0.2775
 -0.2007  -0.3089   0.0852   0.4903   0.1120  -0.2669
 -0.1771  -0.2882   0.0970   0.4908   0.1483  -0.2689
 -0.1814  -0.2948   0.1016   0.4759   0.1275  -0.2654
 -0.1814  -0.3046   0.1116   0.4895   0.1524  -0.2781
 -0.1898  -0.2920   0.1084   0.4738   0.1574  -0.2647
 -0.1845  -0.3133   0.1128   0.4457   0.1734  -0.2480
 -0.1728  -0.3195   0.1153   0.5043   0.1647  -0.2737
 -0.1811  -0.3106   0.1312   0.5406   0.1794  -0.2885
 -0.1787  -0.3184   0.1232   0.5179   0.2038  -0.2836
