  0.1193   0.1532  -0.0488  -0.3357   0.0826  -0.2739
  0.1440   0.1767  -0.0650  -0.3460   0.0936  -0.2862
  0.1277   0.1869  -0.0646  -0.3999   0.0940  -0.2820
  0.1540   0.1589  -0.0594  -0.3554   0.0935  -0.2543
  0.1417   0.1424  -0.0312  -0.3383   0.0807  -0.2207
  0.0975   0.1437  -0.0071  -0.3174   0.0642  -0.2303
  0.0829   0.1220  -0.0163  -0.2739   0.0552  -0.2380
  0.1017   0.0321  -0.0218  -0.2256   0.0675  -0.2003
  0.0894  -0.0360  -0.0082  -0.2111   0.0567  -0.1786
  0.0849   0.0179  -0.0190  -0.2243   0.0581  -0.1913
  0.0794   0.0627  -0.0556  -0.2583   0.0687  -0.2074
  0.0656   0.0642  -0.0609  -0.2653   0.0689  -0.1941
  0.0706   0.0176  -0.0523  -0.2234   0.0671  -0.1773
  0.0681   0.0345  -0.0318  -0.1998   0.0664  -0.1736
  0.0806   0.0508  -0.0416  -0.2283   0.0563  -0.1666
  0.1099   0.0385  -0.0539  -0.2502   0.0606  -0.1815
  0.0820   0.0015  -0.0693  -0.2565   0.0626  -0.1969
  0.0753   0.0229  -0.0703  -0.2681   0.0662  -0.1755
  0.0969  -0.0299  -0.0671  -0.2721   0.0683  -0.1626
  0.1092   0.0474  -0.0740  -0.2639   0.0674  -0.1721
  0.0837   0.0922  -0.0685  -0.2141   0.0706  -0.1880
  0.0741   0.0547  -0.0672  -0.0758   0.0480  -0.1827
  0.1017   0.0651  -0.0829  -0.1034   0.0393  -0.1630
  0.0943   0.0687  -0.0817  -0.1646   0.0400  -0.1714
  0.0722   0.0761  -0.0695  -0.1357   0.0371  -0.1824
  0.0676   0.0889  -0.0509  -0.1963   0.0391  -0.1963
  0.0614   0.0627  -0.0175  -0.1975   0.0423  -0.1808
  0.0537   0.0552  -0.0039  -0.1501   0.0395  -0.1664
  0.0490   0.0702  -0.0150  -0.1651   0.0390  -0.1692
  0.0502   0.0731  -0.0145  -0.1685   0.0436  -0.1648
  0.0494   0.0675  -0.0018  -0.1654   0.0416  -0.1558
  0.0434   0.0770   0.0127  -0.1795   0.0507  -0.1601
  0.0500   0.0796   0.0158  -0.1871   0.0456  -0.1700
  0.0376   0.0610   0.0023  -0.1823   0.0374  -0.1777
  0.0282   0.0456  -0.0051  -0.2142   0.0460  -0.1632
  0.0319   0.0486   0.0123  -0.1910   0.0499  -0.1592
  0.0388   0.0378   0.0161  -0.1822   0.0504  -0.1545
  0.0439   0.0296   0.0107  -0.1361   0.0532  -0.1501
  0.0495   0.0332   0.0034  -0.1317   0.0545  -0.1646
  0.0441   0.0113   0.0118  -0.1374   0.0515  -0.1621
  0.0449  -0.0019   0.0035  -0.1529   0.0489  -0.1487
  0.0412  -0.0135   0.0253  -0.1048   0.0443  -0.1312
  0.0496   0.0151   0.0188  -0.0971   0.0460  -0.1293
  0.0452   0.0184   0.0309  -0.0739   0.0337  -0.1163
  0.0325   0.0701  -0.0299  -0.1280   0.0288  -0.0964
  0.0124   0.1393  -0.0534  -0.2851   0.0362  -0.1214
 -0.0054   0.1021  -0.0111  -0.2659   0.0432  -0.1376
  0.0317   0.0434  -0.0309  -0.1820   0.0271  -0.1223
  0.0372   0.0190  -0.0204  -0.1816   0.0277  -0.1214
  0.0300   0.0151  -0.0171  -0.1451   0.0326  -0.1090
  0.0344  -0.0270   0.0068  -0.0422   0.0288  -0.0945
  0.0376  -0.0023   0.0081  -0.0024   0.0261  -0.0942
  0.0269   0.0081   0.0192  -0.0382   0.0237  -0.1044
  0.0147   0.0254   0.0115   0.0071   0.0144  -0.0913
  0.0069   0.0348  -0.0125   0.0199   0.0102  -0.0927
 -0.0259   0.0565  -0.0067  -0.0447   0.0193  -0.0891
 -0.0072   0.0594   0.0118  -0.0441   0.0243  -0.0711
 -0.0029   0.0659   0.0152  -0.0692   0.0280  -0.0860
  0.0026   0.0688   0.0199  -0.0181   0.0193  -0.0968
  0.0208   0.0796  -0.0025  -0.0263   0.0153  -0.1108
  0.0124   0.0736  -0.0074  -0.0915   0.0164  -0.1098
 -0.0058   0.0728   0.0116  -0.1373   0.0132  -0.1078
  0.0053   0.0669   0.0097  -0.1294   0.0158  -0.0955
  0.0039   0.0328   0.0084  -0.1142   0.0197  -0.0776
 -0.0103   0.0268   0.0174  -0.1446   0.0228  -0.0784
  0.0019   0.0759  -0.0166  -0.2126   0.0183  -0.0982
  0.0050   0.0432   0.0027  -0.1409   0.0214  -0.0803
 -0.0031   0.0754   0.0250  -0.1182   0.0166  -0.0809
  0.0032   0.0850   0.0347  -0.1250   0.0161  -0.0908
 -0.0060   0.0459   0.0259  -0.0893   0.0095  -0.0611
 -0.0031   0.0589   0.0107  -0.0887  -0.0028  -0.0543
 -0.0063   0.0661   0.0058  -0.0528  -0.0063  -0.0616
 -0.0202   0.0568   0.0190  -0.0791  -0.0007  -0.0570
 -0.0047   0.0429   0.0035  -0.1013   0.0011  -0.0531
 -0.0122   0.0362  -0.0100  -0.1075  -0.0061  -0.0501
 -0.0282   0.0503  -0.0225  -0.1177  -0.0100  -0.0525
 -0.0388   0.1088  -0.0119  -0.1954   0.0023  -0.0722
 -0.0376   0.1364   0.0120  -0.1719   0.0028  -0.0844
 -0.0239   0.1550   0.0002  -0.1667  -0.0011  -0.0789
 -0.0218   0.1300  -0.0133  -0.1348  -0.0036  -0.0547
 -0.0348   0.1566   0.0022  -0.1278  -0.0109  -0.0460
 -0.0272   0.1654  -0.0082  -0.1780  -0.0097  -0.0406
 -0.0201   0.1443   0.0021  -0.1528  -0.0017  -0.0351
 -0.0143   0.1247   0.0042  -0.0792  -0.0091  -0.0121
 -0.0022   0.0858  -0.0094  -0.0558  -0.0128   0.0144
 -0.0054   0.0904  -0.0167  -0.0649  -0.0158   0.0208
 -0.0068   0.0803  -0.0154  -0.0718  -0.0141   0.0085
 -0.0096   0.0860  -0.0076  -0.0503  -0.0134   0.0128
 -0.0140   0.1156   0.0065  -0.1085  -0.0114  -0.0082
 -0.0331   0.0839   0.0125  -0.0887  -0.0030   0.0018
 -0.0300   0.0682   0.0051  -0.0154  -0.0013   0.0076
 -0.0362   0.1030   0.0018  -0.0880  -0.0078  -0.0052
 -0.0374   0.1248   0.0264  -0.0823  -0.0040  -0.0126
 -0.0388   0.1652   0.0294  -0.1040  -0.0067  -0.0235
 -0.0424   0.1877   0.0335  -0.0979  -0.0099  -0.0079
 -0.0465   0.1615   0.0267  -0.1091  -0.0106   0.0165
 -0.0450   0.1175   0.0255  -0.0667  -0.0141   0.0353
 -0.0266   0.0910   0.0043  -0.0754  -0.0153   0.0299
 -0.0347   0.1491   0.0226  -0.1265  -0.0193   0.0303
 -0.0337   0.1394  -0.0014  -0.0734  -0.0161   0.0279
 -0.0322   0.0702  -0.0013  -0.0193  -0.0178   0.0442
 -0.0337   0.0629   0.0282  -0.0108  -0.0195   0.0400
 -0.0414   0.1571   0.0245  -0.1218  -0.0219   0.0210
 -0.0572   0.0732   0.0415   0.0171  -0.0174   0.0526
 -0.0714   0.1304   0.0456   0.0702  -0.0195   0.0580
 -0.0541   0.1089   0.0099   0.1007  -0.0286   0.0671
 -0.0605   0.1211   0.0219   0.0751  -0.0271   0.0724
 -0.0603   0.1324   0.0320   0.0110  -0.0218   0.0636
 -0.0218   0.0625   0.0108   0.1099  -0.0304   0.0810
 -0.0120  -0.0060  -0.0080   0.1456  -0.0354   0.0905
 -0.0345  -0.0176   0.0072   0.1544  -0.0332   0.1187
 -0.0520   0.0285   0.0312   0.2391  -0.0376   0.1263
 -0.0545   0.0359   0.0320   0.2814  -0.0343   0.1274
 -0.0385   0.0312   0.0121   0.2843  -0.0360   0.1285
 -0.0371   0.0150   0.0095   0.3320  -0.0389   0.1518
 -0.0416   0.0057  -0.0011   0.2993  -0.0485   0.1386
 -0.0260  -0.0665  -0.0460   0.3126  -0.0472   0.1412
 -0.0199  -0.1009  -0.0266   0.3465  -0.0520   0.1372
 -0.0201  -0.1717  -0.0159   0.3805  -0.0492   0.1758
 -0.0346  -0.1641   0.0289   0.3708  -0.0449   0.1789
 -0.0156  -0.3799  -0.0295   0.4702  -0.0636   0.2482
 -0.0022  -0.5748  -0.0656   0.5645  -0.0756   0.3299
 -0.0153  -0.6757  -0.0622   0.6118  -0.0780   0.3701
 -0.0482  -0.4902  -0.0230   0.4562  -0.0747   0.3443
 -0.0797  -0.2516   0.0521   0.3118  -0.0583   0.2771
 -0.0732  -0.2764   0.0533   0.3184  -0.0584   0.2511
 -0.0734  -0.2513   0.0586   0.3445  -0.0587   0.2649
 -0.0660  -0.2745   0.0451   0.3683  -0.0602   0.2875
 -0.0781  -0.2542   0.0673   0.4116  -0.0575   0.2964
 -0.0708  -0.2468   0.0574   0.4097  -0.0563   0.2940
 -0.0673  -0.2629   0.0730   0.4392  -0.0601   0.3005
 -0.0728  -0.2341   0.0638   0.3693  -0.0646   0.2873
 -0.0751  -0.2238   0.0730   0.3660  -0.0592   0.2814
 -0.0767  -0.2209   0.0651   0.3422  -0.0602   0.2678
 -0.0928  -0.2070   0.0815   0.3426  -0.0592   0.2553
 -0.0664  -0.2324   0.0363   0.3381  -0.0740   0.2754
 -0.0530  -0.2425   0.0015   0.3411  -0.0787   0.2916
 -0.0546  -0.2840   0.0115   0.3990  -0.0775   0.3116
 -0.0766  -0.2670   0.0271   0.3646  -0.0687   0.3226
 -0.0825  -0.1738   0.0369   0.2989  -0.0676   0.3073
 -0.0852  -0.1150   0.0195   0.2752  -0.0690   0.2757
 -0.0860  -0.1672   0.0252   0.3259  -0.0687   0.2927
 -0.0805  -0.1501   0.0120   0.3338  -0.0707   0.2743
 -0.0731  -0.2780  -0.0097   0.3752  -0.0720   0.3175
 -0.0594  -0.3208  -0.0141   0.4106  -0.0805   0.3230
 -0.0572  -0.3274  -0.0189   0.4022  -0.0881   0.3217
 -0.0622  -0.3336  -0.0144   0.3660  -0.0846   0.3498
 -0.0939  -0.1825   0.0256   0.2528  -0.0711   0.3088
 -0.0869  -0.2012   0.0240   0.2804  -0.0745   0.2902
 -0.0724  -0.3080   0.0061   0.3890  -0.0896   0.3544
 -0.0599  -0.3854  -0.0086   0.4511  -0.0872   0.3733
 -0.0878  -0.2207   0.0453   0.3137  -0.0758   0.3363
