  0.0190  -0.0814  -0.0698   0.0838   0.0151  -0.0075
  0.0157  -0.0287  -0.0532   0.0911   0.0092   0.0879
  0.0094   0.0251  -0.0530   0.0683   0.0119   0.0641
  0.0125   0.0538  -0.0526   0.0613   0.0078   0.0225
  0.0163  -0.0114  -0.0526   0.0940   0.0077   0.0017
  0.0068  -0.0441  -0.0544   0.0792   0.0036   0.0054
  0.0039   0.0033  -0.0460   0.0588   0.0030   0.0561
  0.0148  -0.0298  -0.0559   0.0815   0.0126  -0.1115
 -0.0070  -0.0115  -0.0683  -0.0655   0.0134   0.1038
  0.0017  -0.0117  -0.0824  -0.0256   0.0246  -0.0549
  0.0069  -0.0047  -0.0801  -0.1861   0.0465   0.1039
  0.0018  -0.0834  -0.0822   0.0227   0.0140  -0.0919
  0.0191  -0.0829  -0.0808   0.0690   0.0115  -0.0029
 -0.0285   0.1525  -0.0789   0.1921   0.0178  -0.1250
 -0.0386   0.1118   0.0380  -0.2464   0.0378   0.2511
  0.0156   0.3349   0.0317  -0.1422   0.0513  -0.0675
  0.0138   0.2861   0.0217  -0.0523   0.0376  -0.1310
  0.0226   0.2709   0.0386   0.1264   0.0154   0.0516
  0.0234   0.2426   0.0400   0.1328   0.0173  -0.0851
  0.0172   0.2432   0.0475   0.1495   0.0055   0.0827
  0.0285   0.2591   0.0247   0.1431   0.0108  -0.1214
  0.0324   0.1867   0.0300   0.1314   0.0061  -0.1180
  0.0382   0.1976   0.0491   0.2345   0.0045   0.1013
  0.0326   0.1167   0.0253   0.1886   0.0070  -0.1554
  0.0185   0.1086   0.0325   0.1986   0.0039   0.1361
  0.0164   0.0992   0.0248   0.2563   0.0006  -0.0061
  0.0135   0.0867   0.0269   0.2564   0.0018   0.0001
  0.0175   0.1114   0.0137   0.2140  -0.0043   0.0016
  0.0163   0.0684  -0.0295   0.2227  -0.0252   0.0068
  0.0124   0.0542  -0.0475   0.2194  -0.0381  -0.0810
  0.0086   0.0317  -0.0115   0.0820   0.0032   0.0712
  0.0075   0.0044  -0.0017   0.1004   0.0102  -0.0472
  0.0043  -0.0168   0.0065   0.0902  -0.0126   0.0611
  0.0146  -0.0090   0.0338   0.1074  -0.0219  -0.0329
  0.0212   0.0118   0.0425   0.1047  -0.0232   0.0295
  0.0223   0.0125   0.0434   0.1190  -0.0148  -0.0020
  0.0216   0.0160   0.0467   0.1298  -0.0136  -0.0055
  0.0234   0.0186   0.0426   0.1250  -0.0147   0.0029
  0.0270  -0.0039   0.0386   0.1364  -0.0133  -0.0793
  0.0100   0.0036   0.0330   0.0020   0.0268   0.0787
 -0.0142  -0.1744  -0.0645   0.5178   0.0077  -0.1168
  0.0047  -0.0229  -0.0203   0.0652   0.0210   0.0310
 -0.0012  -0.0575  -0.0025  -0.0065   0.0016   0.0691
  0.0067  -0.0246   0.0049  -0.0079   0.0103  -0.0106
  0.0121  -0.0219   0.0018  -0.0098   0.0278   0.0495
  0.0213  -0.0391  -0.0104   0.0920   0.0206  -0.1263
 -0.0207  -0.1039   0.0085   0.1497  -0.0137  -0.0775
 -0.0792  -0.0108  -0.0250  -0.2503  -0.0119   0.3589
 -0.0512  -0.0686  -0.0030  -0.1251  -0.0157   0.0173
 -0.0492  -0.0586  -0.0219  -0.0956  -0.0319   0.0389
 -0.0621  -0.0677  -0.0067  -0.0972  -0.0417   0.0353
 -0.0263  -0.1675  -0.0205  -0.0463  -0.0010  -0.0733
 -0.0436  -0.0536  -0.0097  -0.2668   0.0220   0.0937
 -0.0323  -0.0915  -0.0086  -0.2048   0.0112  -0.0373
 -0.0233  -0.0747  -0.0054  -0.2044   0.0054   0.0027
 -0.0226  -0.0924  -0.0163  -0.2191   0.0038  -0.0248
 -0.0221  -0.0477  -0.0146  -0.2030  -0.0034  -0.0105
 -0.0201  -0.0207  -0.0037  -0.1890  -0.0007   0.0085
 -0.0134  -0.0061  -0.0095  -0.1676  -0.0000  -0.0386
 -0.0179  -0.0035   0.0006  -0.1555  -0.0082  -0.0138
 -0.0019  -0.0156   0.0044  -0.1694   0.0020   0.0145
 -0.0244  -0.0706   0.0044  -0.1826  -0.0071  -0.0268
 -0.0275  -0.0697  -0.0199  -0.2171  -0.0112   0.0338
 -0.0142  -0.0810  -0.0082  -0.1520  -0.0317  -0.1008
 -0.0129  -0.0706   0.0070  -0.1642  -0.0250  -0.0403
 -0.0190  -0.1257   0.0242  -0.2071  -0.0195   0.0564
 -0.0183  -0.0884   0.0150  -0.1543  -0.0175   0.0485
 -0.0038  -0.0694   0.0242  -0.1195  -0.0272   0.0306
  0.0070  -0.1205   0.0445  -0.0650  -0.0201  -0.0730
  0.0067  -0.0991   0.0456  -0.0658  -0.0163   0.0018
  0.0055  -0.1169   0.0459  -0.0799  -0.0173   0.0174
 -0.0088  -0.1214   0.0398  -0.0655  -0.0322  -0.0333
 -0.0063  -0.1044   0.0503  -0.0955  -0.0179   0.0445
 -0.0003  -0.1155   0.0476  -0.0656  -0.0198  -0.0564
 -0.0044  -0.0600   0.0570  -0.1193  -0.0099   0.0517
  0.0200  -0.0663   0.0596  -0.1699   0.0143  -0.1044
  0.0207  -0.0588   0.0623  -0.1024  -0.0052  -0.0279
