  0.1369   0.2614  -0.1251  -0.6166   0.0894  -0.0534
  0.1466   0.1385  -0.0844  -0.4673   0.1311  -0.0814
  0.1565   0.1882  -0.0841  -0.4630   0.1139  -0.0162
  0.1408   0.1487  -0.1229  -0.3890   0.0672  -0.0351
  0.1233   0.3092  -0.1560  -0.3885  -0.0225   0.0102
  0.1271   0.3545  -0.1058  -0.4972   0.0218   0.0100
  0.1435   0.2911  -0.1114  -0.4727   0.0224  -0.0584
  0.1546   0.2562  -0.0933  -0.4175   0.0289  -0.0224
  0.1463   0.2468  -0.1093  -0.4327   0.0277  -0.0603
  0.1539   0.2144  -0.1002  -0.4017   0.0392  -0.0227
  0.1437   0.2272  -0.1064  -0.4138   0.0260  -0.0461
  0.1425   0.1887  -0.1038  -0.3925   0.0223  -0.0149
  0.1387   0.1999  -0.1134  -0.4076   0.0123  -0.0573
  0.1334   0.1775  -0.0870  -0.3895   0.0320  -0.0254
  0.1349   0.1941  -0.1174  -0.4025   0.0173  -0.0808
  0.1369   0.2010  -0.1295  -0.3950   0.0153  -0.0186
  0.1388   0.1771  -0.1213  -0.3831   0.0317  -0.0571
  0.1462   0.1917  -0.1016  -0.3969   0.0474  -0.0489
  0.1412   0.1738  -0.1114  -0.3750   0.0401  -0.0342
  0.1442   0.2011  -0.1037  -0.4167   0.0536  -0.0378
  0.1350   0.1776  -0.1272  -0.3786   0.0431  -0.0455
  0.1381   0.2003  -0.0852  -0.4344   0.0756  -0.0406
  0.1140   0.1569  -0.1335  -0.3239   0.0100  -0.0157
  0.0865   0.2053  -0.1561  -0.5005  -0.0129  -0.0842
  0.1072   0.2468  -0.0684  -0.5371   0.0816  -0.0667
  0.0918   0.1883  -0.1128  -0.3981   0.0576  -0.0153
  0.1030   0.1230  -0.1114  -0.2712   0.0820  -0.0279
  0.0864   0.1470  -0.1307  -0.3325   0.0645  -0.0365
  0.0990   0.2054  -0.1208  -0.5177   0.0846  -0.0624
  0.1001   0.2302  -0.1016  -0.4614   0.0899  -0.0136
  0.0993   0.2288  -0.1227  -0.5121   0.0954  -0.0515
  0.1121   0.2424  -0.1166  -0.4857   0.0744  -0.0478
  0.0942   0.1977  -0.1521  -0.5068   0.0681  -0.0748
  0.0892   0.1915  -0.1301  -0.4901   0.0755  -0.0632
  0.1045   0.1706  -0.1225  -0.4249   0.0968  -0.0370
  0.1063   0.1911  -0.1176  -0.4554   0.1103  -0.0696
  0.1121   0.1609  -0.1212  -0.4058   0.0921  -0.0462
  0.1032   0.1812  -0.1023  -0.4599   0.1012  -0.0672
  0.1011   0.1285  -0.1511  -0.3365   0.0626  -0.0325
  0.0820   0.1076  -0.1902  -0.1020  -0.0050   0.0387
  0.0244   0.3205  -0.1713  -0.6392   0.0106  -0.0325
  0.0062   0.3001  -0.1974  -0.6608   0.0060  -0.0285
  0.0168   0.2902  -0.1745  -0.6295   0.0232  -0.0219
  0.0096   0.2880  -0.1704  -0.6206   0.0230  -0.0442
  0.0224   0.2805  -0.1551  -0.5958   0.0316  -0.0400
  0.0258   0.2612  -0.1506  -0.5570   0.0140  -0.0539
  0.0338   0.2434  -0.1450  -0.5066  -0.0009  -0.0367
  0.0325   0.2470  -0.1230  -0.5302   0.0256  -0.0489
  0.0306   0.2348  -0.1009  -0.5413   0.0568  -0.0341
  0.0221   0.2361  -0.1136  -0.5693   0.0457  -0.0896
  0.0234   0.2248  -0.1038  -0.5542   0.0617  -0.0658
  0.0191   0.2263  -0.1029  -0.5477   0.0576  -0.0931
  0.0286   0.2257  -0.0803  -0.5408   0.0627  -0.0674
  0.0250   0.2170  -0.1035  -0.5640   0.0591  -0.1121
  0.0214   0.2291  -0.0700  -0.5691   0.0635  -0.0646
  0.0278   0.2054  -0.0993  -0.5438   0.0676  -0.0631
  0.0224   0.2279  -0.0790  -0.5825   0.0860  -0.0618
  0.0253   0.1957  -0.0927  -0.5292   0.0678  -0.0468
  0.0280   0.2267  -0.0743  -0.5606   0.0634  -0.0590
  0.0233   0.1917  -0.0856  -0.5176   0.0684  -0.0510
  0.0150   0.2472  -0.0614  -0.5763   0.0701  -0.0993
  0.0171   0.1861  -0.0815  -0.5157   0.0501  -0.0490
  0.0066   0.2002  -0.0684  -0.5439   0.0750  -0.0861
  0.0041   0.1305  -0.0633  -0.4647   0.0775  -0.0473
  0.0072   0.1825  -0.0578  -0.5583   0.0812  -0.0954
  0.0104   0.1509  -0.0733  -0.4451   0.0728  -0.0554
  0.0524   0.2690  -0.1090  -0.2581   0.0276  -0.0028
  0.0735   0.3430  -0.1457  -0.2670   0.0189   0.0321
  0.0754   0.2929  -0.1500  -0.2303   0.0109   0.0306
  0.0898   0.3447  -0.1586  -0.1880   0.0136   0.0541
  0.0795   0.3642  -0.1285  -0.2087   0.0043   0.0627
  0.1038   0.3462  -0.1369  -0.2177   0.0253   0.0546
  0.0992   0.3588  -0.1250  -0.2487   0.0175   0.0418
  0.0932   0.3654  -0.1357  -0.3583   0.0198   0.0067
  0.0870   0.3210  -0.1181  -0.3244   0.0247   0.0081
  0.1012   0.2616  -0.1191  -0.3348   0.0566   0.0240
  0.1131   0.2665  -0.0736  -0.3181   0.0244   0.0157
  0.1190   0.3378  -0.0440  -0.2522  -0.0887   0.0225
  0.0840   0.2811  -0.0751  -0.0894  -0.0913   0.0484
  0.0826   0.1298  -0.0907  -0.0859   0.0179   0.0084
  0.1277   0.1908  -0.0683  -0.1404   0.0701   0.0344
  0.1041   0.1944  -0.0294  -0.1919   0.0678   0.0139
  0.0989   0.1519  -0.0449  -0.1280   0.0835  -0.0037
  0.0892   0.1597  -0.0013  -0.1407   0.0776  -0.0139
  0.0989   0.1228  -0.0348  -0.0764   0.0748   0.0150
  0.1086   0.0825  -0.0381  -0.0660   0.0678   0.0591
  0.1030   0.1413  -0.0494  -0.0779   0.0405   0.0539
 -0.0076   0.2173  -0.1013  -0.2486  -0.1231  -0.0354
 -0.0194   0.1578  -0.0822  -0.2440  -0.1266   0.0105
  0.0102   0.1606  -0.0616  -0.2266  -0.0570  -0.0528
  0.0164   0.1421  -0.0502  -0.1929  -0.0321  -0.0248
  0.0116   0.1282  -0.0538  -0.1867  -0.0405  -0.0381
  0.0236   0.1373  -0.0428  -0.1680  -0.0352   0.0072
  0.0204   0.1173  -0.0410  -0.1963  -0.0367  -0.0320
  0.0287   0.1377  -0.0553  -0.2242  -0.0291  -0.0307
  0.0330   0.1086  -0.0535  -0.1967  -0.0234  -0.0242
  0.0356   0.1347  -0.0465  -0.2179  -0.0068  -0.0414
  0.0402   0.1063  -0.0425  -0.1704   0.0222  -0.0169
  0.0192   0.1408  -0.0738  -0.1798  -0.0176  -0.0109
 -0.0519   0.0462   0.0515  -0.2819   0.0681  -0.0601
 -0.0687  -0.0019   0.1880  -0.3122   0.1904  -0.0938
 -0.0645   0.0216   0.1426  -0.2762   0.1352  -0.0554
 -0.0660   0.0060   0.1464  -0.2971   0.1594  -0.1005
 -0.0743   0.0173   0.1483  -0.2865   0.1358  -0.0528
 -0.0706   0.0112   0.1517  -0.2769   0.1636  -0.0942
 -0.0630   0.0373   0.1480  -0.2831   0.1415  -0.0589
 -0.0388   0.0352   0.1360  -0.2728   0.1417  -0.0840
 -0.0433   0.0695   0.1010  -0.3012   0.0975  -0.0889
 -0.0337   0.0178   0.0991  -0.2776   0.1227  -0.0783
 -0.0481   0.0634   0.1064  -0.2954   0.0919  -0.1157
 -0.0194   0.0352   0.0774  -0.2441   0.1203  -0.0726
 -0.0337   0.0652   0.0717  -0.2990   0.0860  -0.1012
 -0.0327   0.0532   0.0872  -0.3502   0.1234  -0.0855
 -0.0470   0.0493   0.0749  -0.3132   0.0789  -0.1065
 -0.0171   0.0521   0.1023  -0.3316   0.1399  -0.0701
 -0.0483   0.0203   0.0969  -0.2873   0.0649  -0.0876
 -0.0099   0.0381   0.1163  -0.3215   0.1800  -0.0879
 -0.1716  -0.0384   0.1308  -0.0979  -0.2981  -0.0266
 -0.2329  -0.2067   0.0411   0.2901  -0.7224   0.0574
 -0.0446  -0.1391   0.1025   0.3010  -0.5134   0.0959
 -0.1796  -0.0952   0.0444   0.2504  -0.6801   0.1382
 -0.0836  -0.1141   0.0106   0.3941  -0.4272   0.1945
 -0.0536  -0.0756   0.0701   0.3596  -0.2550   0.1898
 -0.0615  -0.1345   0.0588   0.3981  -0.1914   0.1317
 -0.0747  -0.1375   0.0764   0.4022  -0.1729   0.0825
 -0.0736  -0.1987   0.0890   0.4687  -0.1415   0.1124
 -0.0875  -0.1906   0.1059   0.4641  -0.1217   0.0492
 -0.0813  -0.2062   0.1325   0.4729  -0.1108   0.0781
 -0.0927  -0.2362   0.1223   0.4851  -0.1050   0.0469
 -0.0933  -0.2366   0.1727   0.4809  -0.0707   0.0591
 -0.1021  -0.2725   0.1554   0.5092  -0.0747   0.0516
 -0.0944  -0.2474   0.1755   0.4852  -0.0415   0.0297
 -0.0964  -0.2801   0.1664   0.5536  -0.0753   0.0696
 -0.0853  -0.2592   0.1663   0.5177  -0.0557   0.0262
 -0.0949  -0.2746   0.1771   0.5407  -0.0753   0.0565
 -0.0857  -0.2661   0.1563   0.5275  -0.0563   0.0294
 -0.0871  -0.2611   0.1898   0.5308  -0.0640   0.0566
 -0.0828  -0.2726   0.1708   0.5451  -0.0536   0.0262
 -0.0885  -0.2587   0.2014   0.5271  -0.0605   0.0520
 -0.0880  -0.3033   0.1735   0.5784  -0.0495   0.0365
 -0.0945  -0.2596   0.1952   0.5234  -0.0512   0.0395
 -0.0871  -0.3073   0.1745   0.5988  -0.0621   0.0556
 -0.0889  -0.2625   0.1921   0.5298  -0.0681   0.0247
 -0.0860  -0.2900   0.1908   0.5847  -0.0686   0.0562
 -0.0928  -0.2726   0.1862   0.5389  -0.0749   0.0286
 -0.0914  -0.3266   0.1906   0.6537  -0.0757   0.0760
 -0.0939  -0.3371   0.1882   0.7247  -0.0914   0.0737
 -0.0939  -0.3458   0.1734   0.7087  -0.0803   0.0732
 -0.1033  -0.2939   0.1864   0.5766  -0.0806   0.0494
 -0.1040  -0.2850   0.1682   0.5288  -0.0833   0.0427
 -0.1222  -0.2823   0.1349   0.5163  -0.1002   0.0463
 -0.1221  -0.2736   0.1483   0.5088  -0.0939   0.0452
 -0.1290  -0.2783   0.1508   0.5115  -0.0948   0.0236
 -0.1316  -0.3045   0.1559   0.5372  -0.0874   0.0643
 -0.1302  -0.3004   0.1587   0.5196  -0.0820   0.0265
 -0.1363  -0.3006   0.1885   0.5247  -0.0697   0.0542
 -0.1391  -0.2973   0.1596   0.5224  -0.0787   0.0263
 -0.1325  -0.2772   0.1716   0.4953  -0.0663   0.0354
 -0.1319  -0.3059   0.1497   0.5306  -0.0919   0.0363
 -0.1360  -0.2918   0.1578   0.5284  -0.0853   0.0582
 -0.1274  -0.2795   0.1552   0.4486  -0.1016   0.0383
 -0.1245  -0.2041   0.1516   0.3581  -0.1149   0.0316
 -0.1317  -0.2385   0.1442   0.4698  -0.1323   0.0591
 -0.1198  -0.1872   0.1558   0.3787  -0.1065   0.0052
 -0.1217  -0.2195   0.1805   0.4360  -0.1022   0.0485
 -0.1137  -0.2378   0.1562   0.4439  -0.0815   0.0165
 -0.1215  -0.1906   0.1735   0.3689  -0.0787   0.0262
 -0.0968  -0.2882   0.1010   0.5751  -0.0610   0.0773
 -0.0882  -0.2941   0.0677   0.8247   0.0143   0.1309
 -0.0422  -0.2384   0.0148   0.7297   0.0749   0.1239
 -0.0300  -0.3385  -0.0167   0.6915   0.0894   0.0912
 -0.0613  -0.3671   0.0594   0.6061   0.0694   0.0780
 -0.0607  -0.4268   0.0556   0.6734   0.0637   0.0385
 -0.0758  -0.3879   0.0742   0.6291   0.0477   0.0427
 -0.0787  -0.4474   0.0357   0.7184  -0.0103   0.0440
 -0.0795  -0.4023   0.0725   0.6557   0.0022   0.0335
 -0.0774  -0.4578   0.0659   0.7265   0.0107   0.0450
 -0.0643  -0.3812   0.0787   0.6333   0.0078  -0.0030
 -0.0718  -0.4279   0.0478   0.6864  -0.0031   0.0121
 -0.0689  -0.3971   0.0712   0.6312   0.0223  -0.0271
 -0.0718  -0.4530   0.0652   0.6816   0.0121   0.0073
 -0.0735  -0.4349   0.0672   0.6516   0.0286  -0.0241
 -0.0761  -0.4533   0.0840   0.6947   0.0256   0.0176
 -0.0773  -0.4506   0.0800   0.6737   0.0294  -0.0027
 -0.0872  -0.4679   0.0949   0.6916   0.0196   0.0121
 -0.0844  -0.4658   0.0905   0.6833   0.0399  -0.0022
 -0.0932  -0.4587   0.1205   0.6619   0.0482  -0.0038
 -0.0424  -0.4630   0.0427   0.4795   0.1315  -0.0556
  0.0274  -0.5736  -0.0171   0.8032   0.1783   0.0806
  0.0867  -0.4197  -0.0013   1.1289  -0.0185   0.3264
  0.0521  -0.0526   0.0070   0.6035  -0.0206   0.2751
  0.0190  -0.1449  -0.0232   0.6085   0.0436   0.2297
 -0.0482  -0.2470  -0.0310   0.6086   0.0090   0.1589
 -0.1142  -0.3483  -0.0460   0.6850  -0.0289   0.1555
 -0.1086  -0.3927  -0.0088   0.6867   0.0114   0.1457
 -0.0852  -0.4440   0.0195   0.7717   0.0892   0.1559
