 -0.0253   0.0932   0.0006   0.1483   0.0083   0.3948
 -0.0145   0.0709   0.0154   0.2004   0.0132   0.2643
  0.0035   0.0503   0.0159   0.2730   0.0373   0.3591
  0.0087   0.0223   0.0179   0.2273   0.0637   0.3648
  0.0031   0.0012   0.0119   0.3037   0.0321   0.2618
  0.0013   0.0169   0.0008   0.2363   0.0482   0.3919
  0.0116   0.0135   0.0057   0.3010   0.0376   0.2412
  0.0202   0.0268   0.0013   0.2692   0.0527   0.3780
  0.0199  -0.0031  -0.0131   0.2904   0.0471   0.2765
  0.0106   0.0094  -0.0023   0.2931   0.0499   0.3893
  0.0140   0.0099   0.0040   0.2627   0.0523   0.3030
  0.0251   0.0122  -0.0021   0.3149   0.0427   0.3204
  0.0212   0.0057  -0.0107   0.2867   0.0474   0.3606
  0.0269   0.0206  -0.0009   0.2606   0.0545   0.2905
  0.0309   0.0200  -0.0086   0.3140   0.0405   0.2951
  0.0335   0.0248  -0.0096   0.2762   0.0508   0.3568
  0.0327   0.0164  -0.0044   0.2839   0.0523   0.2566
  0.0416   0.0217  -0.0071   0.3011   0.0465   0.3128
  0.0311   0.0247   0.0005   0.2404   0.0604   0.3403
  0.0440   0.0242  -0.0010   0.2948   0.0328   0.2049
  0.0372   0.0387  -0.0029   0.2867   0.0355   0.3353
  0.0471   0.0417   0.0014   0.2825   0.0444   0.2453
  0.0390   0.0344  -0.0089   0.3274   0.0170   0.2495
  0.0356   0.0489  -0.0008   0.2880   0.0413   0.3254
  0.0237   0.0365  -0.0112   0.2787   0.0356   0.2190
  0.0305   0.0531  -0.0070   0.2956   0.0489   0.2963
  0.0402   0.0555   0.0031   0.2646   0.0697   0.2763
  0.0389   0.0446  -0.0086   0.3216   0.0463   0.2375
  0.0372   0.0429   0.0003   0.2497   0.0674   0.2888
  0.0367   0.0285  -0.0163   0.3544   0.0406   0.2010
  0.0292   0.0570  -0.0252   0.2450   0.0436   0.3050
  0.0295   0.0584  -0.0412   0.3366   0.0221   0.1649
  0.0360   0.0808  -0.0337   0.2841   0.0300   0.3256
  0.0397   0.0783  -0.0322   0.3048   0.0272   0.1866
  0.0377   0.0861  -0.0310   0.2807   0.0132   0.2716
  0.0558   0.1366  -0.0474   0.2214   0.0388   0.2841
  0.0505   0.1264  -0.0327   0.3127   0.0153   0.2043
  0.0592   0.2017  -0.0427   0.2475   0.0415   0.2778
  0.0607   0.1565  -0.0228   0.2194   0.0617   0.2685
  0.0555   0.1331  -0.0265   0.3151   0.0305   0.0886
  0.0427   0.1255   0.0044   0.1567   0.0536   0.3327
  0.0503   0.1383   0.0009   0.2548   0.0455   0.1593
  0.0531   0.1437  -0.0172   0.2009   0.0630   0.2423
  0.0605   0.1451  -0.0166   0.2780   0.0415   0.1316
  0.0468   0.1373  -0.0107   0.2194   0.0548   0.2659
  0.0601   0.0874  -0.0112   0.3408   0.0529   0.1107
  0.0682   0.0536  -0.0175   0.2845   0.0646   0.2909
  0.0642   0.0304  -0.0195   0.3839   0.0481   0.0818
  0.0485   0.0269  -0.0357   0.3115   0.0463   0.2632
  0.0559   0.0116  -0.0169   0.3683   0.0446   0.1109
  0.0569  -0.0347  -0.0482   0.3958   0.0574   0.2189
  0.0665  -0.0047  -0.0348   0.3575   0.0620   0.1660
  0.0663   0.0084  -0.0433   0.3923   0.0415   0.1955
  0.0650   0.0318  -0.0287   0.2990   0.0645   0.2333
  0.0654   0.0288  -0.0204   0.3641   0.0531   0.1348
  0.0589   0.0383  -0.0208   0.2732   0.0753   0.2572
  0.0526   0.0276  -0.0132   0.3007   0.0673   0.0979
  0.0554   0.0241  -0.0156   0.2721   0.0789   0.2437
  0.0588   0.0246  -0.0111   0.3147   0.0778   0.1106
  0.0634   0.0397  -0.0185   0.2756   0.0818   0.2244
  0.0224   0.0380  -0.0036   0.1289   0.0353   0.1107
 -0.0024   0.0322  -0.0141   0.1203  -0.0046   0.1198
  0.0461   0.0730  -0.0226   0.1791   0.0277   0.1345
  0.0645   0.0665  -0.0203   0.2465   0.0261   0.1089
  0.0634   0.0817  -0.0229   0.2027   0.0416   0.1745
  0.0616   0.0823  -0.0223   0.2206   0.0446   0.0781
  0.0616   0.0813  -0.0187   0.2292   0.0552   0.1593
  0.0650   0.0860  -0.0041   0.1942   0.0747   0.1253
  0.0691   0.0913  -0.0102   0.2425   0.0563   0.1046
  0.0717   0.1040   0.0011   0.1822   0.0734   0.1781
  0.0674   0.0759   0.0054   0.2630   0.0565   0.0375
  0.0631   0.0847   0.0114   0.1686   0.0891   0.2007
  0.0570   0.0818   0.0069   0.2323   0.0634   0.0501
  0.0560   0.0625  -0.0162   0.2048   0.0536   0.1969
  0.0573  -0.0095  -0.0238   0.2901   0.0387   0.0183
  0.0444  -0.0133  -0.0228   0.2385   0.0480   0.1761
  0.0176  -0.1298  -0.1029   0.3388  -0.0412   0.0285
  0.0153  -0.1211  -0.0878   0.2876  -0.0118   0.1892
  0.0390  -0.0812  -0.0404   0.2889   0.0016   0.0333
  0.0371  -0.0876  -0.0517   0.2740   0.0052   0.1559
  0.0377  -0.1131  -0.0424   0.2875  -0.0032   0.0190
  0.0385  -0.1007  -0.0388   0.2563   0.0046   0.1535
  0.0398  -0.1208  -0.0256   0.2912   0.0208   0.0248
  0.0395  -0.1243  -0.0471   0.3202   0.0020   0.0868
  0.0444  -0.1262  -0.0381   0.2839   0.0048   0.0837
  0.0411  -0.1215  -0.0478   0.3153  -0.0165   0.1234
  0.0447  -0.1367  -0.0291   0.2833   0.0130   0.0924
  0.0208  -0.1223  -0.0379   0.2640  -0.0205   0.0753
  0.0318  -0.1064  -0.0166   0.1922   0.0222   0.1412
  0.0298  -0.1165  -0.0383   0.2908  -0.0079   0.0307
 -0.0215  -0.0967  -0.0782   0.1894  -0.0229   0.1452
 -0.0081  -0.1158  -0.0713   0.2440  -0.0187   0.0161
  0.0087  -0.1122  -0.0590   0.2432  -0.0087   0.1337
 -0.0050  -0.0958  -0.0229   0.1894   0.0023   0.0386
 -0.0027  -0.0948  -0.0650   0.2945  -0.0137   0.0291
  0.0170  -0.0699  -0.0544   0.1756  -0.0208   0.1221
  0.0266  -0.0917  -0.0721   0.2752  -0.0596   0.0330
  0.0269  -0.0841  -0.0592   0.2027  -0.0093   0.1250
  0.0295  -0.0942  -0.0414   0.2422   0.0068   0.0176
  0.0285  -0.1057  -0.0523   0.2074   0.0178   0.1240
  0.0257  -0.0964  -0.0551   0.2506  -0.0073  -0.0169
  0.0305  -0.0960  -0.0480   0.2278  -0.0016   0.1136
  0.0311  -0.1001  -0.0370   0.2192   0.0270   0.0226
  0.0247  -0.1008  -0.0453   0.2506   0.0233   0.0398
  0.0346  -0.0953  -0.0430   0.2113   0.0192   0.0720
  0.0322  -0.1045  -0.0545   0.2444   0.0054  -0.0153
  0.0224  -0.0874  -0.0532   0.1837   0.0235   0.0896
  0.0435   0.0735  -0.0680   0.1831  -0.0098  -0.0427
  0.0546   0.1432  -0.0947   0.0874  -0.0052   0.0865
  0.0446   0.0852  -0.0842   0.1594  -0.0106  -0.0194
  0.0360   0.0488  -0.0696   0.1228   0.0149   0.0549
  0.0424   0.0478  -0.0448   0.2231   0.0091  -0.0547
  0.0465   0.0303  -0.0602   0.1660   0.0131   0.0882
  0.0435   0.0221  -0.0520   0.1930   0.0044  -0.0640
  0.0432   0.0291  -0.0429   0.1219   0.0196   0.0750
  0.0463   0.0238  -0.0367   0.1902   0.0077  -0.0995
  0.0277   0.0222  -0.0465   0.1421   0.0066   0.0420
  0.0341  -0.0244  -0.0445   0.2055  -0.0079  -0.0910
  0.0286  -0.0119  -0.0474   0.1498  -0.0224   0.0422
  0.0369  -0.0227  -0.0331   0.1771   0.0057  -0.0695
  0.0423  -0.0161  -0.0418   0.1597  -0.0053   0.0498
  0.0385  -0.0262  -0.0192   0.1534  -0.0002  -0.0637
  0.0222  -0.0928  -0.0471   0.1543   0.0002   0.0258
  0.0164  -0.1532  -0.0535   0.2182  -0.0121  -0.0775
  0.0119  -0.0867  -0.0436   0.1707  -0.0254   0.0525
  0.0222  -0.0915  -0.0400   0.1929  -0.0226  -0.0780
  0.0343  -0.0835  -0.0489   0.1976  -0.0227   0.0129
  0.0377  -0.0804  -0.0263   0.1679  -0.0075  -0.0108
  0.0313  -0.0800  -0.0483   0.2238  -0.0361  -0.0298
  0.0319  -0.0496  -0.0372   0.1153  -0.0115   0.0433
  0.0336  -0.0814  -0.0313   0.2141  -0.0308  -0.0711
  0.0332  -0.0632  -0.0225   0.1220   0.0043   0.0388
  0.0223  -0.0757  -0.0211   0.1882  -0.0123  -0.0596
  0.0358  -0.0735  -0.0125   0.1281   0.0143   0.0461
  0.0133  -0.0727  -0.0155   0.1265  -0.0095  -0.0935
 -0.0050  -0.0732  -0.0122   0.0444   0.0008   0.0148
 -0.0014  -0.0560  -0.0009   0.0814  -0.0026  -0.1043
  0.0061  -0.0496   0.0049   0.0646  -0.0013   0.0116
  0.0210  -0.0706  -0.0017   0.1265   0.0054  -0.1109
  0.0114  -0.0551  -0.0184   0.0959  -0.0291  -0.0073
 -0.0450  -0.0416   0.0012  -0.0638  -0.0896  -0.0807
 -0.0313  -0.0906   0.0185   0.0569  -0.0483  -0.0981
 -0.0319  -0.0864   0.0309  -0.0221  -0.0216  -0.0617
 -0.0322  -0.0872   0.0238   0.0778  -0.0413  -0.1076
 -0.0356  -0.0736   0.0245   0.0093  -0.0223  -0.0271
 -0.0121  -0.1050   0.0232   0.1205  -0.0267  -0.1209
 -0.0059  -0.0853   0.0129   0.0514  -0.0206  -0.0119
 -0.0038  -0.0897   0.0061   0.0887  -0.0337  -0.1521
 -0.0013  -0.0705   0.0169   0.0500  -0.0235  -0.0079
  0.0147  -0.0914   0.0263   0.1122  -0.0221  -0.1614
  0.0013  -0.0792   0.0317   0.0205   0.0046   0.0029
  0.0080  -0.0888   0.0462   0.1011  -0.0045  -0.1671
  0.0138  -0.0684   0.0295   0.0355  -0.0063  -0.0247
  0.0012  -0.0847   0.0461   0.0715  -0.0118  -0.1611
  0.0081  -0.0822   0.0394   0.0299  -0.0038  -0.0446
  0.0066  -0.0799   0.0385   0.0583  -0.0037  -0.1571
 -0.0002  -0.0580   0.0360   0.0063  -0.0114  -0.0295
 -0.0047  -0.0565   0.0363   0.0024  -0.0246  -0.1582
  0.0010  -0.0551   0.0259   0.0155  -0.0300  -0.0889
  0.0104  -0.0612   0.0454  -0.0159  -0.0094  -0.1377
  0.0087  -0.0608   0.0386   0.0351  -0.0224  -0.1337
  0.0156  -0.0442   0.0477  -0.0390  -0.0023  -0.0931
  0.0094  -0.0601   0.0455   0.0456  -0.0126  -0.1425
  0.0054  -0.0395   0.0183  -0.0303  -0.0092  -0.0723
  0.0063  -0.0428   0.0227   0.0219  -0.0387  -0.1788
 -0.0027  -0.0108   0.0210  -0.1612  -0.0282  -0.0506
  0.0066  -0.0274   0.0360  -0.0693  -0.0329  -0.1910
 -0.0019  -0.0001   0.0315  -0.1902  -0.0238  -0.0561
 -0.0146   0.0105   0.0129  -0.1331  -0.0516  -0.2284
 -0.0253  -0.0213  -0.0053  -0.2014  -0.0412  -0.0672
 -0.0243  -0.0175   0.0076  -0.1387  -0.0271  -0.2144
 -0.0172  -0.0062   0.0178  -0.1723  -0.0171  -0.0817
 -0.0235  -0.0011   0.0049  -0.1772  -0.0446  -0.1987
 -0.0263  -0.0119   0.0064  -0.1733  -0.0449  -0.1160
 -0.0232   0.0052   0.0255  -0.2165  -0.0189  -0.1044
 -0.0034  -0.0246   0.0347  -0.1436  -0.0063  -0.2165
 -0.0144  -0.0086   0.0253  -0.2097   0.0133  -0.0801
 -0.0125  -0.0156   0.0377  -0.1771  -0.0056  -0.2028
 -0.0167  -0.0011   0.0273  -0.2198   0.0039  -0.0860
 -0.0210  -0.0137   0.0455  -0.2007  -0.0025  -0.2055
 -0.0212  -0.0149   0.0325  -0.2317   0.0025  -0.1237
 -0.0139  -0.0334   0.0429  -0.2134   0.0069  -0.2255
 -0.0242  -0.0158   0.0391  -0.2407  -0.0051  -0.1263
 -0.0285  -0.0063   0.0502  -0.2778   0.0054  -0.2084
 -0.0269  -0.0112   0.0441  -0.2342   0.0141  -0.1404
 -0.0229  -0.0101   0.0533  -0.2911   0.0382  -0.1586
 -0.0235  -0.0186   0.0554  -0.2643   0.0259  -0.1697
 -0.0302  -0.0071   0.0492  -0.3404   0.0334  -0.1275
 -0.0245  -0.0224   0.0487  -0.2929   0.0175  -0.2334
 -0.0321   0.0054   0.0466  -0.3452   0.0275  -0.1060
 -0.0329  -0.0175   0.0593  -0.2913   0.0218  -0.2346
 -0.0257  -0.0089   0.0569  -0.3198   0.0424  -0.1080
 -0.0283  -0.0337   0.0426  -0.2834   0.0294  -0.2431
 -0.0565  -0.0348   0.0467  -0.3433   0.0165  -0.1269
 -0.0569  -0.0365   0.0398  -0.3081   0.0212  -0.2660
 -0.0586  -0.0222   0.0261  -0.3498   0.0208  -0.1067
 -0.0555  -0.0435   0.0453  -0.3029   0.0217  -0.2245
 -0.0586  -0.0146   0.0337  -0.3426   0.0194  -0.1233
 -0.0526  -0.0461   0.0441  -0.3237   0.0197  -0.2245
 -0.0759  -0.0422   0.0166  -0.3367   0.0021  -0.1197
 -0.0920  -0.0409   0.0240  -0.3383  -0.0102  -0.2257
 -0.0649  -0.0513   0.0197  -0.2922  -0.0047  -0.1759
 -0.0632  -0.0334   0.0459  -0.3430   0.0321  -0.2111
 -0.0721  -0.0408   0.0707  -0.2955   0.0306  -0.2162
 -0.0708  -0.0100   0.0449  -0.3748   0.0119  -0.1689
 -0.0673  -0.0171   0.0365  -0.2728  -0.0229  -0.2151
 -0.0571  -0.0159   0.0480  -0.3661   0.0096  -0.1732
 -0.0627  -0.0270   0.0385  -0.3048  -0.0037  -0.1930
 -0.0643  -0.0085   0.0516  -0.3811   0.0085  -0.1546
 -0.0644  -0.0125   0.0399  -0.3122  -0.0181  -0.2272
 -0.0515  -0.0113   0.0622  -0.3753   0.0076  -0.1516
 -0.0628  -0.0112   0.0459  -0.3428  -0.0068  -0.1912
 -0.0568  -0.0136   0.0820  -0.3916   0.0098  -0.2078
 -0.0550  -0.0126   0.0592  -0.3334   0.0036  -0.1854
 -0.0421  -0.0134   0.0780  -0.3318   0.0180  -0.2371
 -0.0475   0.0019   0.0560  -0.3436   0.0225  -0.1487
 -0.0537   0.0480   0.0690  -0.6966   0.0196  -0.2133
 -0.0571   0.0144   0.0282  -0.6550  -0.0323  -0.1742
 -0.0663   0.0632   0.0216  -0.6649  -0.0667  -0.2427
 -0.0643   0.0519   0.0242  -0.6082  -0.0577  -0.2113
 -0.0720   0.0633   0.0260  -0.6854  -0.0417  -0.1560
 -0.0701   0.0591   0.0168  -0.5614  -0.0872  -0.2845
 -0.0775   0.0801   0.0076  -0.6871  -0.0688  -0.1264
 -0.0761   0.0464   0.0101  -0.5078  -0.1011  -0.2908
 -0.0762   0.0567   0.0158  -0.6010  -0.0627  -0.1615
 -0.0785   0.0506   0.0203  -0.4825  -0.0871  -0.2725
 -0.0837   0.0777   0.0219  -0.6131  -0.0707  -0.1895
 -0.1040   0.1531   0.0256  -0.5576  -0.0946  -0.2146
 -0.0810   0.1182   0.0408  -0.6580  -0.0634  -0.1876
 -0.0816   0.1122   0.0208  -0.5677  -0.0990  -0.2403
 -0.0878   0.1309  -0.0000  -0.6599  -0.0885  -0.1758
 -0.0959   0.1082   0.0173  -0.5618  -0.0978  -0.2938
 -0.0866   0.1026   0.0204  -0.6389  -0.0821  -0.1858
 -0.0866   0.0793   0.0074  -0.4955  -0.1084  -0.2925
 -0.0836   0.1010   0.0350  -0.6116  -0.0760  -0.1988
 -0.0987   0.0908   0.0184  -0.5331  -0.1023  -0.2624
 -0.1153   0.0992   0.0428  -0.6400  -0.0958  -0.2610
 -0.1211   0.1000   0.0089  -0.5968  -0.1251  -0.2794
 -0.0920   0.0829   0.0354  -0.6293  -0.1093  -0.2290
 -0.0928   0.0845   0.0298  -0.5590  -0.1074  -0.2401
 -0.0865   0.1105   0.0263  -0.6513  -0.0819  -0.2414
 -0.0860   0.1082   0.0160  -0.5327  -0.1132  -0.2650
 -0.0771   0.1195   0.0237  -0.6178  -0.0910  -0.2197
 -0.0844   0.1090   0.0267  -0.5444  -0.0926  -0.2293
 -0.0829   0.1074   0.0200  -0.5426  -0.0813  -0.2892
 -0.0822   0.1033   0.0178  -0.5203  -0.1024  -0.2466
 -0.0798   0.1113   0.0158  -0.5395  -0.0919  -0.2906
 -0.0953   0.1098   0.0137  -0.5915  -0.0956  -0.1434
 -0.0919   0.0819   0.0046  -0.5116  -0.1195  -0.3485
 -0.0967   0.0978  -0.0041  -0.5656  -0.1180  -0.1895
 -0.1052   0.1036   0.0045  -0.5520  -0.1452  -0.3366
