 -0.0099  -0.0813   0.0569   0.5299  -0.1003  -0.0686
  0.0048  -0.1795   0.0535   0.6210  -0.1656  -0.0486
 -0.0590  -0.0932   0.0201   0.5974  -0.1826  -0.0385
 -0.0295  -0.0907   0.0799   0.5539  -0.1688  -0.1097
 -0.0374  -0.0633   0.0592   0.5455  -0.1352  -0.0235
 -0.0494  -0.0868   0.0617   0.5404  -0.1466  -0.0586
 -0.0350  -0.0906   0.0274   0.6038  -0.1380  -0.0376
 -0.0722  -0.1173   0.0554   0.6070  -0.1154  -0.0634
 -0.0470  -0.1029   0.0449   0.5714  -0.1178  -0.0509
 -0.0300  -0.1507   0.0624   0.6179  -0.1402  -0.1069
 -0.0034  -0.0990   0.0575   0.6149  -0.1522   0.0127
 -0.0163  -0.2205   0.0698   0.5738  -0.1431   0.0415
 -0.0354  -0.2759   0.0242   0.6031  -0.1467   0.0271
 -0.0314  -0.1264   0.0363   0.4661  -0.1291  -0.0693
 -0.0041  -0.2265   0.0684   0.6126  -0.1167   0.0208
 -0.0248  -0.1634   0.0382   0.5989  -0.1077  -0.1043
 -0.0466  -0.1890   0.0602   0.5892  -0.1556   0.0245
 -0.0514  -0.2043   0.1164   0.5962  -0.1315   0.0150
 -0.0256  -0.1464   0.0706   0.4759  -0.0978  -0.0098
 -0.0233  -0.1811   0.1046   0.5187  -0.0871   0.0316
  0.0026  -0.1633   0.0779   0.4521  -0.0750  -0.0255
 -0.0022  -0.1509   0.1031   0.4843  -0.1047  -0.0967
 -0.0233  -0.0970   0.0795   0.4015  -0.1090  -0.0129
 -0.0007  -0.0690   0.0839   0.3819  -0.0673   0.0048
  0.0047  -0.0970   0.0732   0.3907  -0.0603  -0.0199
  0.0219  -0.0882   0.0719   0.4054  -0.0399   0.0115
  0.0145  -0.1169   0.0648   0.3881  -0.0414  -0.0395
  0.0167  -0.0455   0.0608   0.4006  -0.0472  -0.0012
  0.0066  -0.0736   0.0592   0.3958  -0.0540  -0.0629
  0.0119  -0.0921   0.0672   0.3838  -0.0471  -0.0085
  0.0095  -0.1005   0.0528   0.3899  -0.0521  -0.0065
 -0.0159  -0.0764   0.0505   0.3704  -0.0657  -0.0523
 -0.0044  -0.0517   0.0872   0.3741  -0.0340   0.0106
 -0.0013  -0.0727   0.0756   0.3697  -0.0200  -0.0259
  0.0046  -0.0418   0.0783   0.3247  -0.0171  -0.0414
 -0.0115  -0.0698   0.0918   0.3068  -0.0286  -0.0584
 -0.0092  -0.0382   0.0803   0.3240  -0.0448  -0.0044
  0.0181  -0.0565   0.0827   0.3129  -0.0294  -0.0078
  0.0171  -0.0483   0.0657   0.2820  -0.0405  -0.0028
  0.0296  -0.0685   0.0588   0.2973  -0.0326   0.0001
  0.0196  -0.0647   0.0601   0.2952  -0.0361   0.0214
  0.0133  -0.0310   0.0829   0.2748  -0.0333  -0.0466
  0.0528   0.0630   0.0566   0.2352  -0.0191  -0.0113
  0.0552   0.0077   0.0588   0.2346   0.0101  -0.0495
  0.0173   0.0139   0.0813   0.2381  -0.0337  -0.0449
  0.0103  -0.0476   0.0581   0.2444  -0.0320   0.0245
 -0.0548   0.1163   0.0125   0.1811  -0.0657  -0.0827
  0.0187   0.1187  -0.0436   0.1690  -0.0325  -0.0069
  0.0048   0.0235  -0.0186   0.1323  -0.0256  -0.0794
  0.0179   0.0470   0.0041   0.1552  -0.0273   0.0523
  0.0168  -0.0044   0.0054   0.1780  -0.0214  -0.0058
  0.0306   0.0225  -0.0292   0.1842  -0.0265   0.0037
  0.0103  -0.0392   0.0074   0.2154  -0.0402  -0.0312
 -0.0144  -0.0589   0.0366   0.2380  -0.0487   0.0296
 -0.0040   0.0076   0.0438   0.2183  -0.0117  -0.0558
  0.0038   0.0400   0.0578   0.1884  -0.0322   0.0179
 -0.0131   0.0235   0.0718   0.2013   0.0094  -0.0230
  0.0036   0.0337   0.0695   0.2030  -0.0371  -0.0316
  0.0054   0.0298   0.0523   0.1550  -0.0157   0.0240
  0.0107   0.0344   0.0674   0.1666   0.0018  -0.0352
  0.0173   0.0018   0.0426   0.1860   0.0039   0.0099
  0.0130  -0.0120   0.0425   0.2319  -0.0081  -0.0202
  0.0133  -0.0310   0.0634   0.2440  -0.0031  -0.0032
  0.0111  -0.0166   0.0567   0.2203  -0.0260  -0.0083
  0.0015   0.0062   0.0263   0.1969  -0.0289   0.0174
  0.0048  -0.0148   0.0591   0.1782  -0.0302  -0.0154
 -0.0137  -0.0117   0.0398   0.1237  -0.0209   0.0469
  0.0526   0.0475   0.0203   0.1483   0.0166  -0.0335
 -0.0010   0.0683   0.0415  -0.0635   0.0100   0.0763
  0.0096  -0.0540   0.0204   0.0625   0.0209  -0.0165
 -0.0479  -0.0135   0.0324   0.0793  -0.0363   0.0594
  0.0061  -0.0713   0.0474   0.0892   0.0336  -0.0153
 -0.0273   0.0052   0.0081   0.0925  -0.0142  -0.0005
  0.0047   0.0850   0.0172   0.0814  -0.0186  -0.0327
  0.0065   0.0703   0.0032   0.1035  -0.0009  -0.0085
 -0.0332   0.1116  -0.0053   0.0541   0.0090  -0.0098
 -0.0574   0.0731   0.0435   0.0772   0.0293   0.0013
 -0.0722   0.0613   0.0645   0.0582   0.0643   0.0065
  0.0073   0.0976   0.0320   0.0780   0.0432  -0.0132
 -0.0252   0.0860   0.0384   0.0856   0.0527   0.0045
 -0.0150   0.0939   0.0451   0.0910   0.0514  -0.0238
 -0.0187   0.0900   0.0371   0.0865   0.0493  -0.0182
  0.0078   0.1296   0.0369   0.0728   0.0296   0.0011
 -0.0278   0.1164   0.0586   0.0567   0.0505  -0.0353
 -0.0105   0.1119   0.0427   0.0529   0.0202  -0.0277
 -0.0230   0.1230   0.0462   0.0546   0.0505   0.0035
 -0.0298   0.0812   0.0437   0.0783   0.0241  -0.0566
 -0.0611   0.0852   0.0211   0.1151   0.0031   0.0134
 -0.0519   0.1226   0.0572   0.0942   0.0388  -0.0234
 -0.0309   0.0918   0.0228   0.0462   0.0411   0.0064
 -0.0346   0.0916   0.0245   0.0555   0.0392   0.0006
 -0.0361   0.0635   0.0049   0.0617   0.0376   0.0134
 -0.0253   0.0433  -0.0019   0.0811   0.0435  -0.0050
 -0.0227   0.0351   0.0036   0.0666   0.0491   0.0087
 -0.0345   0.0582   0.0278   0.0639   0.0456  -0.0223
 -0.0299   0.0664   0.0233   0.0740   0.0703  -0.0217
 -0.0372   0.0754   0.0141   0.0536   0.0498  -0.0054
 -0.0294   0.0408   0.0169   0.0376   0.0725  -0.0055
 -0.0791   0.0751   0.0236   0.0380   0.0013  -0.0452
 -0.0619   0.0035   0.0328   0.0109   0.0225   0.0748
 -0.0316   0.1227   0.0263   0.0470  -0.0411  -0.0669
 -0.0666   0.2670  -0.0927   0.0066  -0.0325  -0.0480
 -0.0233   0.1329  -0.0680   0.0297   0.0351  -0.0647
 -0.0421   0.1517  -0.0111   0.0383   0.0101  -0.0358
 -0.0450   0.1317  -0.0003   0.0347   0.0380  -0.0002
 -0.0218   0.1302  -0.0222   0.0416   0.0569  -0.0633
 -0.0151   0.0910  -0.0076   0.0317   0.0550  -0.0062
 -0.0104   0.1341  -0.0165   0.0092   0.0555  -0.0026
 -0.0253   0.1505  -0.0015  -0.0237   0.0547  -0.0387
 -0.0388   0.1132   0.0022   0.0106   0.0646  -0.0348
 -0.0228   0.0932  -0.0012   0.0127   0.0547  -0.0480
 -0.0270   0.1045   0.0037   0.0045   0.0518  -0.0406
 -0.0362   0.0866  -0.0036   0.0367   0.0525  -0.0549
 -0.0435   0.0864  -0.0204   0.0262   0.0537  -0.0352
 -0.0138   0.0830  -0.0204   0.0141   0.0640   0.0014
 -0.0269   0.1043  -0.0260   0.0235   0.0658  -0.0164
 -0.0236   0.0826  -0.0161   0.0128   0.0637  -0.0620
 -0.0559   0.1111  -0.0296  -0.0046   0.0428   0.0136
 -0.0313   0.0882  -0.0138  -0.0160   0.0374  -0.0528
 -0.0571   0.1573   0.0240   0.0161   0.0326  -0.0487
 -0.0373   0.1491   0.0270  -0.0172   0.0270  -0.0121
 -0.0642   0.1445   0.0069  -0.0778   0.0180   0.0178
 -0.0561   0.0843  -0.0147  -0.0418   0.0330  -0.0286
 -0.1518   0.2426  -0.0487   0.0140  -0.0147  -0.0396
 -0.0737   0.1273  -0.0634  -0.0841   0.0191   0.0922
 -0.0473   0.1738  -0.0675  -0.1308   0.0265  -0.0760
 -0.0698   0.2633  -0.0260  -0.0453   0.0452  -0.0386
 -0.0793   0.2108   0.0020   0.0060   0.0486  -0.1105
 -0.1006   0.2193   0.0106   0.1094   0.0057  -0.0690
 -0.0787   0.2462   0.0336   0.0503   0.0582  -0.0441
 -0.1130   0.1991   0.0017   0.0369   0.0662  -0.0425
 -0.0913   0.1291  -0.0299   0.0201   0.0378  -0.0032
 -0.0807   0.2090  -0.0216  -0.0597   0.0936  -0.1032
 -0.0733   0.2485   0.0000  -0.0735   0.0953  -0.0402
 -0.0641   0.2310   0.0183  -0.0364   0.0741  -0.0454
 -0.0648   0.2433   0.0197  -0.0323   0.0824  -0.0715
 -0.0779   0.2589   0.0249  -0.0527   0.0577  -0.0578
 -0.0728   0.2387   0.0318  -0.0657   0.0457  -0.0634
 -0.0640   0.2179   0.0346  -0.0415   0.0829  -0.0464
 -0.0633   0.2224   0.0315  -0.0685   0.0851  -0.0439
 -0.0478   0.2056   0.0528  -0.0150   0.1024  -0.0809
 -0.0101   0.2351   0.0545  -0.0604   0.0637  -0.0937
 -0.0499   0.2339  -0.0076  -0.1028   0.0607  -0.0407
 -0.1487   0.3871  -0.0943  -0.2969   0.0257  -0.1048
 -0.0673   0.3443  -0.0496  -0.3091   0.0695  -0.0520
 -0.0850   0.2770  -0.0238  -0.1367   0.0698  -0.1133
 -0.0483   0.1474  -0.0532  -0.1085   0.0365  -0.0581
 -0.1279   0.3292   0.0656  -0.0650   0.0852  -0.1013
 -0.0320  -0.0068  -0.1435  -0.0131  -0.0221   0.0242
  0.0033  -0.1594  -0.2486   0.0853  -0.0793   0.0135
 -0.0977   0.2601   0.0350  -0.0037   0.0325  -0.1251
 -0.0866   0.1074  -0.0202   0.0766   0.0015  -0.0294
 -0.0749   0.2023   0.0375   0.0013   0.0380  -0.0597
 -0.0829   0.1043  -0.0012   0.0916   0.0220  -0.0537
 -0.0615   0.2389   0.0463  -0.2536   0.0239   0.0102
 -0.0179   0.1589   0.0216  -0.1282  -0.0099  -0.0221
  0.0008   0.2003   0.1019   0.0795   0.0103  -0.1663
 -0.0076  -0.0263   0.0714  -0.0911  -0.0400  -0.0308
 -0.0031   0.1931   0.0833  -0.3135   0.0299  -0.0971
  0.0305   0.1085   0.1060  -0.0626  -0.0086  -0.1320
  0.0957  -0.3609  -0.2931  -0.1327  -0.0973   0.1347
  0.0923  -0.2955  -0.2053  -0.0315  -0.1028   0.0181
  0.0959  -0.3018  -0.1625  -0.2018  -0.0555   0.1151
  0.1125  -0.2251  -0.0779  -0.3650  -0.0557   0.0834
  0.2090  -0.1234  -0.0098  -0.3350  -0.0539   0.1143
  0.1346  -0.0991  -0.0486  -0.5172  -0.0245   0.1068
  0.0846  -0.1765  -0.0760  -0.2887   0.0084   0.0804
  0.0604  -0.2305  -0.0730  -0.2214  -0.0103   0.0659
  0.0741  -0.2053  -0.0634  -0.2231  -0.0341   0.1046
  0.0708  -0.2429  -0.0704  -0.2572  -0.0295   0.1117
  0.0385  -0.0527  -0.0861  -0.3194  -0.0105   0.0362
  0.0789   0.2112  -0.1153  -0.4316  -0.0093   0.0210
  0.0317  -0.0119  -0.0251  -0.3322   0.0003   0.0733
  0.0716  -0.0696  -0.0621  -0.3432   0.0390  -0.0122
  0.0549  -0.0650  -0.0467  -0.3837   0.0198   0.0820
  0.0730  -0.1136  -0.0596  -0.3754   0.0056   0.0351
  0.0319  -0.0695  -0.0465  -0.3481   0.0087   0.0956
  0.0280   0.1962  -0.1297  -0.4081   0.0142  -0.0388
  0.0180   0.0692  -0.0517  -0.4490   0.0171   0.0423
  0.0373  -0.0171  -0.0377  -0.3312   0.0051   0.0691
  0.0498   0.0037  -0.0345  -0.2777  -0.0073   0.0192
  0.0735  -0.0204  -0.0324  -0.3581   0.0237   0.0680
  0.0834  -0.0890  -0.0395  -0.2746   0.0312   0.0268
  0.0873  -0.0647  -0.0113  -0.3150   0.0391   0.0462
  0.0843  -0.0672  -0.0313  -0.3059   0.0243   0.0489
  0.1151  -0.0821  -0.0167  -0.2771   0.0338   0.0726
  0.1003  -0.1536  -0.0270  -0.2562   0.0284  -0.0111
  0.0975  -0.1515  -0.0629  -0.1593   0.0150   0.0771
  0.0748  -0.1208  -0.0464  -0.2129   0.0151   0.0726
  0.0390  -0.1391  -0.0522  -0.2189   0.0130   0.0713
  0.0587  -0.1309  -0.0633  -0.2036   0.0066   0.0825
  0.0631  -0.1032  -0.0544  -0.2521   0.0079   0.0496
  0.0501  -0.1019  -0.0331  -0.2377   0.0097   0.0264
  0.0510  -0.1163  -0.0444  -0.2364   0.0121   0.0642
  0.0429  -0.1267  -0.0412  -0.2396   0.0130   0.0626
  0.0054  -0.1675  -0.0569  -0.2628   0.0101   0.0080
 -0.0205  -0.0954  -0.0419  -0.2789  -0.0322   0.0813
  0.0104  -0.1151  -0.0184  -0.2969  -0.0044   0.0983
  0.0253  -0.1240  -0.0069  -0.2927   0.0070   0.0366
  0.0454  -0.1292  -0.0277  -0.3261   0.0169   0.0840
  0.0406  -0.1971  -0.0695  -0.2954   0.0105   0.0562
  0.0427  -0.1648  -0.0306  -0.3168   0.0272   0.0353
  0.0167  -0.1873  -0.0212  -0.3246   0.0068   0.0400
  0.0226  -0.1896   0.0099  -0.3315   0.0250   0.1349
  0.0293  -0.1140   0.0123  -0.3877   0.0310   0.0185
  0.0462  -0.0148  -0.0060  -0.3972   0.0230   0.0853
  0.0481  -0.1054  -0.0127  -0.4035   0.0308   0.0131
  0.0626  -0.0392  -0.0169  -0.3937   0.0244   0.0553
  0.0471  -0.0369  -0.0030  -0.3893   0.0325   0.0555
  0.0443  -0.0749  -0.0020  -0.3744   0.0531   0.0297
  0.0130  -0.0558   0.0203  -0.3656   0.0414   0.0012
  0.0390  -0.1064  -0.0206  -0.3390   0.0307   0.0734
  0.0660  -0.1328  -0.0288  -0.3457   0.0593   0.0294
  0.0684  -0.1110  -0.0142  -0.3596   0.0545   0.0808
  0.0386  -0.1100  -0.0034  -0.3536   0.0608  -0.0197
  0.0558  -0.1132  -0.0016  -0.3537   0.0365   0.0986
  0.0608  -0.1081   0.0195  -0.3431   0.0539   0.0676
  0.0758  -0.1490  -0.0107  -0.3391   0.0432   0.0705
  0.0667  -0.1332  -0.0092  -0.3260   0.0511   0.0553
  0.0707  -0.1511   0.0021  -0.3671   0.0362   0.0354
  0.0433  -0.1035   0.0065  -0.3508   0.0552   0.0294
  0.0639  -0.1418  -0.0046  -0.3575   0.0428   0.0540
  0.0298  -0.1371   0.0144  -0.3394   0.0416   0.0416
  0.0641  -0.1610   0.0049  -0.3575   0.0513   0.1039
  0.0429  -0.1304  -0.0045  -0.3478   0.0340   0.0474
  0.0920  -0.1817  -0.0406  -0.3899   0.0560   0.0793
 -0.0194  -0.1604  -0.0129  -0.3260   0.0049   0.0201
 -0.0832   0.1991  -0.1018  -0.4885   0.0020   0.0713
  0.0178   0.0315  -0.1350  -0.5656   0.0560   0.0680
  0.0119  -0.0634  -0.0862  -0.3026   0.0254   0.0368
  0.0210  -0.0077  -0.0328  -0.3873   0.0588   0.0808
  0.0850  -0.3251  -0.3236  -0.3636  -0.0274   0.1139
  0.1182  -0.3891  -0.4376  -0.3856  -0.0793   0.1433
  0.0946  -0.2788  -0.2726  -0.3670  -0.0440   0.0778
  0.0896  -0.3692  -0.2162  -0.3232   0.0027   0.1256
  0.0999  -0.3388  -0.2216  -0.2979  -0.0401   0.0862
