  0.0450   0.3790   0.0657   0.1038   0.5230   0.0060
  0.0476   0.3155   0.0849   0.1699   0.5776   0.0608
  0.0503   0.3402   0.0768   0.1818   0.5604   0.0247
  0.0484   0.3548   0.0951   0.1883   0.6250   0.0116
  0.0537   0.3337   0.0952   0.1951   0.6459   0.0557
  0.0356   0.3489   0.0631   0.2101   0.5614   0.0435
  0.0459   0.3965   0.0524   0.2066   0.5413   0.0210
  0.0516   0.3595   0.0384   0.1558   0.5794   0.0608
  0.0184   0.3702   0.0396   0.1751   0.5862   0.0293
  0.0298   0.3476   0.0622   0.1805   0.5898   0.0218
  0.0517   0.2995   0.0511   0.2342   0.5848   0.0588
  0.0418   0.2930   0.0469   0.2625   0.5620   0.0514
  0.0491   0.2525   0.0659   0.2632   0.5801   0.0487
  0.0342   0.2702   0.0699   0.2674   0.5741   0.0643
  0.0390   0.3219   0.0434   0.2073   0.5946   0.0520
  0.0248   0.2986   0.0434   0.2052   0.5808   0.0315
  0.0170   0.3039   0.0465   0.2124   0.5832   0.0457
  0.0278   0.2845   0.0367   0.2450   0.5791   0.0285
  0.0327   0.2581   0.0525   0.2710   0.5674   0.0526
  0.0418   0.2450   0.0563   0.2638   0.5538   0.0392
  0.0289   0.2358   0.0606   0.2546   0.5694   0.0519
  0.0376   0.1817   0.0560   0.2634   0.5651   0.0648
  0.0319   0.2156   0.0533   0.2415   0.5576   0.0387
  0.0329   0.2255   0.0599   0.2437   0.5728   0.0338
  0.0168   0.2305   0.0495   0.2493   0.5664   0.0259
  0.0347   0.2431   0.0469   0.2251   0.5463   0.0328
  0.0417   0.2392   0.0484   0.1955   0.5344   0.0364
  0.0357   0.2344   0.0512   0.2155   0.5336   0.0550
  0.0337   0.2553   0.0435   0.2084   0.5543   0.0202
  0.0354   0.2642   0.0433   0.2076   0.5585   0.0510
  0.0316   0.2567   0.0522   0.2115   0.5457   0.0296
  0.0329   0.2628   0.0363   0.1965   0.5373   0.0377
  0.0403   0.2603   0.0472   0.1826   0.5248   0.0173
  0.0427   0.2570   0.0436   0.1841   0.5282   0.0365
  0.0501   0.2513   0.0502   0.2122   0.5200  -0.0061
  0.0388   0.2599   0.0406   0.2005   0.5201   0.0199
  0.0468   0.2618   0.0494   0.1771   0.5402   0.0319
  0.0587   0.2823   0.0569   0.1504   0.5192  -0.0132
  0.0387   0.2567   0.0744   0.1539   0.5266   0.0103
  0.0494   0.2568   0.0702   0.1423   0.5093   0.0320
  0.0497   0.2658   0.0575   0.1815   0.4639   0.0411
  0.0303   0.2793   0.0595   0.1279   0.4793   0.0141
  0.0463   0.3095   0.0458   0.0566   0.4585   0.0019
  0.0566   0.3486   0.0639   0.0325   0.4436   0.0131
  0.0690   0.2965   0.0561   0.0744   0.4493  -0.0196
  0.0752   0.3013   0.0358   0.0891   0.4303  -0.0220
  0.0433   0.2796   0.0452   0.1145   0.4378   0.0316
  0.0350   0.2741   0.0446   0.0799   0.4012   0.0489
  0.0387   0.2559   0.0464   0.0472   0.3348  -0.0154
  0.0157   0.2620   0.0150   0.0163   0.3160   0.0032
  0.0254   0.2541   0.0394   0.0516   0.3282  -0.0070
  0.0332   0.2212   0.0272   0.0498   0.3042   0.0121
  0.0450   0.2226   0.0295   0.0470   0.2718  -0.0141
  0.0531   0.2206   0.0260   0.0226   0.2610  -0.0149
  0.0487   0.2344   0.0549  -0.0146   0.2696  -0.0668
  0.0414   0.2193   0.0363  -0.0298   0.2487  -0.0295
  0.0530   0.1834   0.0328  -0.0187   0.2015  -0.0216
  0.0636   0.1211   0.0366  -0.0048   0.1596   0.0198
  0.0472   0.1071   0.0396   0.0236   0.0932   0.0031
  0.0387   0.1303   0.0401   0.0124   0.0857   0.0097
  0.0389   0.1242   0.0299   0.0352   0.0552   0.0074
  0.0297   0.1091   0.0256   0.0528   0.0384   0.0280
  0.0253   0.1420   0.0365   0.0129   0.0545   0.0136
  0.0417   0.1503   0.0446  -0.0102   0.0881  -0.0175
  0.0311   0.1548   0.0320  -0.0111   0.0741  -0.0227
  0.0334   0.1430   0.0297  -0.0005   0.0850   0.0023
  0.0305   0.1248   0.0195   0.0136   0.0443  -0.0009
  0.0287   0.1420   0.0263  -0.0196   0.0502  -0.0105
  0.0209   0.1318   0.0292  -0.0083   0.0251  -0.0079
  0.0279   0.1164   0.0372  -0.0360   0.0171  -0.0269
  0.0312   0.1025   0.0419  -0.0394   0.0160  -0.0371
  0.0281   0.0999   0.0361  -0.0191   0.0063  -0.0118
  0.0248   0.1102   0.0296  -0.0259  -0.0217  -0.0198
  0.0254   0.0955   0.0382  -0.0017  -0.0273  -0.0300
  0.0191   0.1082   0.0246  -0.0357  -0.0107  -0.0092
  0.0327   0.1326   0.0337  -0.0618  -0.0365  -0.0335
  0.0215   0.1176   0.0365  -0.0671  -0.0499  -0.0193
  0.0153   0.1416   0.0353  -0.0806  -0.0265  -0.0076
  0.0101   0.1228   0.0315  -0.0499  -0.0192  -0.0332
  0.0052   0.1271   0.0222  -0.0632  -0.0414   0.0224
  0.0081   0.1080   0.0249  -0.0372  -0.0212  -0.0194
 -0.0018   0.1277   0.0271  -0.0510   0.0050  -0.0272
 -0.0018   0.1183   0.0199  -0.0462   0.0005  -0.0444
 -0.0172   0.1664   0.0346  -0.1056  -0.0221  -0.0148
 -0.0156   0.1721   0.0461  -0.1364  -0.0151  -0.0127
 -0.0130   0.1732   0.0276  -0.1047  -0.0175  -0.0565
 -0.0034   0.1493   0.0614  -0.0859  -0.0058  -0.0607
  0.0042   0.1239   0.0546  -0.0840  -0.0177  -0.0363
 -0.0127   0.2393   0.0301  -0.1504  -0.0102  -0.0641
  0.0092   0.3079   0.0388  -0.1965   0.0130  -0.1182
  0.0256   0.2625   0.0196  -0.1641  -0.0144  -0.0898
 -0.0152   0.3031   0.0083  -0.1795  -0.0448  -0.0895
 -0.0076   0.2779   0.0136  -0.1949  -0.0193  -0.0596
 -0.0027   0.2416   0.0063  -0.2013   0.0065  -0.0331
 -0.0039   0.2542  -0.0020  -0.2282   0.0048  -0.1026
  0.0062   0.2427  -0.0068  -0.2158  -0.0034  -0.0871
  0.0075   0.1767   0.0020  -0.1997  -0.0274  -0.0499
  0.0025   0.1973  -0.0076  -0.2212  -0.0290  -0.0714
  0.0050   0.1909  -0.0100  -0.2131  -0.0363  -0.0626
  0.0010   0.2085  -0.0091  -0.1948  -0.0273  -0.0650
 -0.0077   0.2129  -0.0111  -0.2047  -0.0395  -0.0439
 -0.0168   0.1743  -0.0184  -0.1430  -0.0159  -0.0645
 -0.0205   0.1482  -0.0080  -0.1582  -0.0092  -0.0621
 -0.0224   0.1403  -0.0164  -0.1824  -0.0411  -0.0740
 -0.0225   0.1694  -0.0111  -0.1832  -0.0420  -0.0751
 -0.0253   0.1827  -0.0126  -0.1890  -0.0478  -0.0914
 -0.0158   0.1681   0.0004  -0.2082  -0.0595  -0.0719
 -0.0100   0.2076  -0.0059  -0.2311  -0.0629  -0.0672
 -0.0098   0.1868  -0.0067  -0.2269  -0.0784  -0.0785
 -0.0068   0.2037  -0.0051  -0.2427  -0.0779  -0.0685
 -0.0090   0.1855  -0.0151  -0.2207  -0.0777  -0.0460
 -0.0122   0.2053  -0.0176  -0.2265  -0.0747  -0.0682
 -0.0218   0.1926  -0.0100  -0.2333  -0.0820  -0.0387
 -0.0303   0.1979  -0.0092  -0.2730  -0.0693  -0.0753
 -0.0164   0.1804  -0.0216  -0.2492  -0.0863  -0.0648
 -0.0145   0.1780  -0.0066  -0.2485  -0.0971  -0.0819
 -0.0143   0.1702  -0.0075  -0.2724  -0.0947  -0.0831
 -0.0180   0.1724  -0.0041  -0.2629  -0.0937  -0.0599
 -0.0221   0.1804  -0.0141  -0.2861  -0.0953  -0.0820
 -0.0074   0.2143  -0.0094  -0.2831  -0.0890  -0.0929
 -0.0143   0.2031  -0.0136  -0.2828  -0.0890  -0.0791
 -0.0188   0.1765  -0.0112  -0.2373  -0.0843  -0.0758
 -0.0351   0.1561  -0.0052  -0.1935  -0.0692  -0.0690
 -0.0427   0.1677  -0.0094  -0.2313  -0.0733  -0.0526
 -0.0473   0.1884  -0.0200  -0.2446  -0.0882  -0.0711
 -0.0299   0.1709  -0.0147  -0.2343  -0.0891  -0.0955
 -0.0545   0.1439  -0.0132  -0.2529  -0.1038  -0.0473
 -0.0384   0.1079  -0.0092  -0.1741  -0.1447  -0.0692
 -0.0193   0.1063  -0.0065  -0.1587  -0.1443  -0.0473
 -0.0402   0.1018  -0.0111  -0.1982  -0.1295  -0.0385
 -0.0454   0.0792  -0.0090  -0.1912  -0.1412  -0.0261
 -0.0402   0.0646  -0.0174  -0.2177  -0.1540  -0.0451
 -0.0256   0.0650  -0.0209  -0.2386  -0.1617  -0.0659
 -0.0354   0.0883  -0.0287  -0.2398  -0.1740  -0.0587
 -0.0561   0.1056  -0.0313  -0.2116  -0.1673  -0.0626
 -0.0354   0.1118  -0.0275  -0.2241  -0.1711  -0.0542
 -0.0441   0.1151  -0.0299  -0.2262  -0.1662  -0.0643
 -0.0265   0.1232  -0.0235  -0.2068  -0.1723  -0.0739
 -0.0058   0.2154  -0.0039  -0.2713  -0.1836  -0.1171
 -0.0234   0.1572  -0.0144  -0.2670  -0.1613  -0.0997
 -0.0203   0.1486   0.0048  -0.2488  -0.1476  -0.0842
 -0.0239   0.1413   0.0149  -0.2751  -0.1626  -0.0587
 -0.0165   0.1283   0.0069  -0.2725  -0.1732  -0.0704
 -0.0031   0.1142   0.0044  -0.2566  -0.1726  -0.0876
 -0.0109   0.0670   0.0274  -0.2099  -0.1854  -0.0715
 -0.0119   0.0472   0.0200  -0.1912  -0.2036  -0.0694
 -0.0370  -0.0969   0.0104  -0.0767  -0.2289  -0.0357
 -0.0403  -0.0508  -0.0046  -0.1356  -0.2296  -0.0662
 -0.0265  -0.0346  -0.0057  -0.1659  -0.2317  -0.0569
 -0.0255  -0.0643   0.0077  -0.1239  -0.2279  -0.0756
 -0.0269  -0.0426  -0.0036  -0.0972  -0.2404  -0.0695
 -0.0288  -0.0647  -0.0087  -0.0529  -0.2496  -0.0403
 -0.0384  -0.0499  -0.0261  -0.0245  -0.2337  -0.0197
 -0.0402  -0.0674  -0.0233  -0.0266  -0.2512  -0.0355
 -0.0519  -0.0554  -0.0276  -0.0292  -0.2593  -0.0362
 -0.0484  -0.0736  -0.0266  -0.0385  -0.2735  -0.0123
 -0.0465  -0.0850  -0.0181  -0.0174  -0.2588  -0.0237
 -0.0635  -0.1025  -0.0365   0.0106  -0.2731  -0.0176
 -0.0503  -0.0838  -0.0470  -0.0496  -0.2974  -0.0272
 -0.0267  -0.1077  -0.0353  -0.0319  -0.2860  -0.0351
 -0.0456  -0.1090  -0.0199  -0.0718  -0.2878  -0.0189
 -0.0570  -0.1039  -0.0281  -0.0841  -0.2969  -0.0239
 -0.0460  -0.1106  -0.0466  -0.0652  -0.3034  -0.0266
 -0.0265  -0.1132  -0.0453  -0.0269  -0.2814  -0.0018
 -0.0374  -0.1067  -0.0412  -0.0467  -0.2635  -0.0225
 -0.0387  -0.0995  -0.0399  -0.0544  -0.2550  -0.0254
 -0.0480  -0.1064  -0.0490  -0.0265  -0.2707  -0.0132
 -0.0665  -0.1357  -0.0538  -0.0479  -0.2902  -0.0233
 -0.0566  -0.1121  -0.0472  -0.0952  -0.2901  -0.0216
 -0.0601  -0.1181  -0.0371  -0.0946  -0.2869  -0.0018
 -0.0500  -0.1270  -0.0408  -0.1145  -0.2575  -0.0334
 -0.0459  -0.1311  -0.0466  -0.0998  -0.2554  -0.0299
 -0.0496  -0.1420  -0.0525  -0.0961  -0.2629  -0.0316
 -0.0285  -0.1469  -0.0415  -0.1291  -0.2800  -0.0131
 -0.0310  -0.1441  -0.0501  -0.1269  -0.2980  -0.0322
 -0.0302  -0.1438  -0.0469  -0.1025  -0.2853  -0.0174
 -0.0492  -0.1672  -0.0693  -0.0968  -0.2717  -0.0135
 -0.0415  -0.1797  -0.0640  -0.0773  -0.2589  -0.0192
 -0.0259  -0.1748  -0.0325  -0.1213  -0.2483   0.0125
 -0.0260  -0.1641  -0.0371  -0.1263  -0.2496  -0.0326
 -0.0302  -0.1579  -0.0319  -0.1217  -0.2469  -0.0176
 -0.0451  -0.1597  -0.0489  -0.1192  -0.2607  -0.0132
 -0.0332  -0.1716  -0.0411  -0.0659  -0.2202  -0.0409
 -0.0304  -0.1959  -0.0439  -0.0434  -0.1908  -0.0199
 -0.0316  -0.2536  -0.0253  -0.0131  -0.1997  -0.0106
 -0.0345  -0.2771  -0.0355   0.0023  -0.2205   0.0116
 -0.0278  -0.3193  -0.0243   0.0211  -0.2196   0.0237
 -0.0268  -0.3373  -0.0219   0.0133  -0.2205   0.0547
 -0.0362  -0.3249  -0.0243  -0.0100  -0.2346   0.0459
 -0.0206  -0.2997  -0.0277   0.0013  -0.2381   0.0171
 -0.0146  -0.3333  -0.0295   0.0248  -0.2391   0.0115
 -0.0188  -0.3586  -0.0309   0.0768  -0.2423   0.0165
 -0.0152  -0.4237  -0.0175   0.1074  -0.2074   0.0793
 -0.0313  -0.4345  -0.0350   0.1129  -0.2255   0.0863
 -0.0248  -0.3727  -0.0449   0.0685  -0.2376   0.0531
 -0.0213  -0.3497  -0.0466   0.0610  -0.2349   0.0204
 -0.0123  -0.3067  -0.0388   0.0326  -0.2232   0.0226
 -0.0212  -0.3402  -0.0383   0.0695  -0.2460   0.0720
 -0.0170  -0.3352  -0.0411   0.0767  -0.2521   0.0623
 -0.0114  -0.3687  -0.0279   0.0822  -0.2430   0.0931
 -0.0031  -0.3919  -0.0255   0.1042  -0.2294   0.0742
 -0.0204  -0.4129  -0.0285   0.1271  -0.2430   0.0413
 -0.0218  -0.4373  -0.0332   0.1407  -0.2331   0.0759
 -0.0291  -0.4812  -0.0287   0.1518  -0.2296   0.0630
 -0.0294  -0.4680  -0.0447   0.1215  -0.2390   0.0944
 -0.0303  -0.4735  -0.0255   0.1128  -0.2475   0.0486
 -0.0206  -0.4520  -0.0186   0.1004  -0.2417   0.0541
 -0.0123  -0.4756  -0.0213   0.1363  -0.2389   0.1171
 -0.0112  -0.4973  -0.0207   0.1571  -0.2331   0.1016
 -0.0183  -0.5051  -0.0335   0.1859  -0.2639   0.0810
 -0.0154  -0.5147  -0.0333   0.1726  -0.2652   0.0689
 -0.0168  -0.5385  -0.0325   0.1744  -0.2660   0.0937
 -0.0088  -0.5944  -0.0232   0.1942  -0.2479   0.1078
 -0.0021  -0.6464  -0.0324   0.2610  -0.2630   0.0979
 -0.0060  -0.5720  -0.0466   0.2284  -0.2823   0.1133
 -0.0070  -0.5479  -0.0484   0.1949  -0.2795   0.0913
 -0.0154  -0.5567  -0.0430   0.1742  -0.2808   0.0985
  0.0007  -0.5133  -0.0375   0.1431  -0.2700   0.1155
 -0.0017  -0.5213  -0.0475   0.1585  -0.2649   0.0917
 -0.0032  -0.5452  -0.0522   0.2006  -0.2742   0.1052
  0.0020  -0.5879  -0.0575   0.1967  -0.2694   0.1016
  0.0019  -0.6195  -0.0546   0.2654  -0.2545   0.1236
 -0.0205  -0.6252  -0.0670   0.2682  -0.2575   0.1283
 -0.0117  -0.6589  -0.0738   0.2600  -0.2634   0.1364
 -0.0154  -0.7035  -0.0837   0.3016  -0.2763   0.1405
 -0.0140  -0.6516  -0.0834   0.2844  -0.2778   0.1299
 -0.0143  -0.6383  -0.0799   0.2585  -0.2850   0.1297
 -0.0026  -0.6152  -0.0604   0.2281  -0.2974   0.1395
  0.0055  -0.6168  -0.0606   0.2369  -0.2854   0.1170
 -0.0003  -0.6320  -0.0605   0.2378  -0.2950   0.1419
 -0.0203  -0.6653  -0.0774   0.2859  -0.2873   0.1419
 -0.0131  -0.6416  -0.0814   0.2606  -0.2695   0.1277
 -0.0083  -0.5854  -0.0843   0.2321  -0.2946   0.1065
 -0.0109  -0.5815  -0.0835   0.2265  -0.3005   0.1094
  0.0145  -0.5823  -0.0688   0.2225  -0.2960   0.1046
  0.0264  -0.6168  -0.0865   0.2774  -0.2861   0.1325
