 -0.0944   0.7453   0.0677  -0.7550   0.0113  -0.4855
 -0.1106   0.8088   0.3165  -0.9453   0.0301  -0.5424
 -0.0923   0.6549   0.2439  -0.7534   0.0287  -0.4893
 -0.0674   0.5459   0.2538  -0.7770   0.0448  -0.5186
 -0.0715   0.3519   0.1910  -0.6874   0.0507  -0.4849
 -0.0630   0.2754   0.1926  -0.6190   0.0580  -0.4569
 -0.0852   0.2398   0.1778  -0.5843   0.0409  -0.4350
 -0.0617   0.2363   0.2052  -0.6611   0.0468  -0.4504
 -0.0876   0.2320   0.1845  -0.6594   0.0349  -0.4531
 -0.0547   0.2324   0.2014  -0.7615   0.0564  -0.4679
 -0.0870   0.2605   0.1852  -0.5761   0.0259  -0.4184
 -0.0257   0.2216   0.2345  -0.8768   0.0796  -0.4767
 -0.1192   0.4637   0.1022  -0.7529  -0.0435  -0.4041
 -0.1686   0.6116  -0.1251  -0.1643  -0.1549  -0.2518
 -0.0383   0.4751  -0.2073  -0.2052  -0.0496  -0.2685
 -0.0910   0.4569  -0.2263  -0.0645  -0.0750  -0.2424
 -0.0620   0.4151  -0.2203  -0.0774  -0.0535  -0.2404
 -0.0836   0.4269  -0.1967  -0.0403  -0.0529  -0.2365
 -0.0644   0.3865  -0.1583  -0.0738  -0.0392  -0.2452
 -0.0821   0.3988  -0.1794  -0.0948  -0.0584  -0.2510
 -0.0707   0.3750  -0.1817  -0.2112  -0.0373  -0.2649
 -0.0722   0.3799  -0.1997  -0.1733  -0.0368  -0.2596
 -0.0614   0.3809  -0.2022  -0.1411  -0.0196  -0.2451
 -0.0643   0.4064  -0.2164  -0.1076  -0.0224  -0.2385
 -0.0542   0.4194  -0.1972  -0.1172  -0.0223  -0.2236
 -0.0664   0.4027  -0.1967  -0.0993  -0.0322  -0.2157
 -0.0590   0.3834  -0.1931  -0.0895  -0.0126  -0.1997
 -0.0443   0.3450  -0.1964  -0.0856   0.0037  -0.1957
 -0.0277   0.3495  -0.2096  -0.0827  -0.0029  -0.1966
 -0.0393   0.3367  -0.2162  -0.1058  -0.0034  -0.2121
 -0.0335   0.3632  -0.2189  -0.0879  -0.0033  -0.1990
 -0.0514   0.3673  -0.2145  -0.0957  -0.0097  -0.2148
 -0.0429   0.3812  -0.2079  -0.0871  -0.0128  -0.1995
 -0.0548   0.4079  -0.2231  -0.0937  -0.0265  -0.1858
 -0.0316   0.3995  -0.2046  -0.0793  -0.0196  -0.1647
 -0.0197   0.4058  -0.2441  -0.2962  -0.0146  -0.2095
 -0.0106   0.3863  -0.2426  -0.3244  -0.0035  -0.2134
 -0.0284   0.3187  -0.2168  -0.2244  -0.0064  -0.2028
 -0.0253   0.3180  -0.2621  -0.2032  -0.0069  -0.1800
 -0.0363   0.2854  -0.2496  -0.1891  -0.0052  -0.1817
 -0.0282   0.3066  -0.2583  -0.1522  -0.0067  -0.1656
 -0.0453   0.2998  -0.2392  -0.2034  -0.0001  -0.1771
 -0.0181   0.2993  -0.2392  -0.1966  -0.0063  -0.1528
 -0.0225   0.2547  -0.2277  -0.1732  -0.0041  -0.1676
 -0.0098   0.3123  -0.2182  -0.2021  -0.0057  -0.1256
 -0.0039   0.2232  -0.1814  -0.1926  -0.0010  -0.1245
 -0.0199   0.3281  -0.1671  -0.1468  -0.0021  -0.1394
  0.0278   0.2643  -0.0782  -0.5497   0.0289  -0.2555
  0.1962   0.3578  -0.1902  -0.8386   0.0978  -0.3340
  0.1679   0.1972  -0.2378  -0.6658   0.0987  -0.3051
  0.0441   0.2161  -0.0682  -0.4605   0.0975  -0.2579
  0.0171   0.3034  -0.0210  -0.0655   0.0645  -0.1355
  0.0338   0.2205  -0.0118  -0.1896   0.0573  -0.1746
 -0.0074   0.2448   0.0246  -0.1541   0.0397  -0.1475
  0.0052   0.2030   0.0073  -0.2019   0.0468  -0.1385
 -0.0058   0.0861  -0.0158  -0.0395   0.0361  -0.0896
  0.0372   0.1599  -0.0345  -0.1717   0.0467  -0.1214
  0.0478   0.1514  -0.0433  -0.1884   0.0538  -0.1092
  0.0195   0.1145   0.0037  -0.1974   0.0703  -0.1104
 -0.0045   0.0949  -0.0025   0.0031   0.0457  -0.0642
  0.0084   0.0980   0.0063  -0.0984   0.0611  -0.0822
 -0.0162   0.0901   0.0198  -0.1157   0.0537  -0.0960
  0.0524   0.1705  -0.0321  -0.1579   0.0654  -0.0852
  0.0462   0.1539  -0.0503  -0.0655   0.0516  -0.0779
  0.0303   0.1131   0.0273  -0.1245   0.0700  -0.0836
  0.0486   0.1684  -0.0274  -0.0924   0.0644  -0.0477
  0.0157   0.0344   0.0079  -0.0308   0.0761  -0.0371
  0.0161   0.0988  -0.0370  -0.0490   0.0484  -0.0444
  0.0112   0.0471  -0.0127  -0.4498   0.0551  -0.1044
  0.0006  -0.1158   0.0531  -0.6003   0.0723  -0.1088
  0.0036  -0.1146   0.0459  -0.2637   0.0731  -0.0706
 -0.0170   0.0040   0.0692  -0.3504   0.0679  -0.0793
 -0.0148  -0.0235   0.0771  -0.2415   0.0578  -0.0428
 -0.0071  -0.0268   0.0547  -0.2114   0.0642  -0.0362
 -0.0102   0.0104   0.0870  -0.2131   0.0638  -0.0492
 -0.0184   0.0095   0.0773  -0.1828   0.0600  -0.0152
 -0.0094   0.0504   0.0730  -0.2346   0.0839  -0.0151
 -0.0031   0.0068   0.0510  -0.2062   0.0658   0.0196
  0.0061   0.0158   0.0673  -0.1499   0.0767   0.0296
 -0.0301   0.0032   0.0707  -0.1572   0.0550   0.0376
 -0.0052   0.0955   0.0848  -0.1854   0.0817   0.0380
 -0.0376  -0.0504   0.0600  -0.1190   0.0528   0.0882
  0.0433   0.2595   0.0790  -0.1867   0.1096   0.0689
 -0.1471   0.2168   0.1210  -0.2606   0.0006   0.1039
 -0.0934   0.4984   0.0985  -0.3296   0.0080   0.1083
  0.1435   0.5870  -0.1474  -0.3461   0.1067   0.0755
  0.0279   0.2296  -0.1783  -0.3185   0.0571   0.0801
  0.0684   0.1911  -0.1918  -0.1866   0.0630   0.1582
 -0.0669   0.1153  -0.1462  -0.2142   0.0056   0.1299
  0.0042   0.5183  -0.1684  -0.2598   0.0422   0.1284
 -0.0301   0.2992  -0.0918  -0.2154   0.0244   0.1704
  0.0274   0.3310  -0.0798  -0.2490   0.0609   0.1812
 -0.0131  -0.0978  -0.0622  -0.2205   0.0628   0.1584
  0.1107   0.8502  -0.0375  -0.6551   0.0168   0.2353
  0.1233   0.0183   0.0537  -1.4824   0.0175   0.0807
  0.1342   0.0300   0.0873   0.4502  -0.1885   0.2006
  0.1012  -0.6716   0.3583   1.5917  -0.3167   0.4964
  0.0424  -1.1556   0.4299   0.6487  -0.1260   0.4510
  0.0173  -0.9942   0.2619   0.7535  -0.1245   0.4661
  0.0430  -1.0250   0.3058   0.9626  -0.1006   0.5164
  0.0910  -1.0285   0.2746   1.1693  -0.1276   0.6074
  0.0533  -1.2506   0.3767   1.3004  -0.1226   0.6176
  0.0657  -1.1536   0.2771   1.3119  -0.1343   0.6454
  0.0868  -1.1538   0.3034   1.1638  -0.0976   0.6429
  0.1043  -1.1734   0.2723   1.3717  -0.1210   0.7049
  0.0881  -1.3080   0.2744   1.3266  -0.1035   0.7060
  0.0664  -1.2894   0.2605   1.3493  -0.1069   0.7090
  0.0541  -1.3696   0.2759   1.3522  -0.0856   0.7228
  0.0445  -1.2734   0.2660   1.3307  -0.0946   0.7202
  0.0462  -1.3450   0.2281   0.9631  -0.0588   0.6442
  0.0110  -1.5369   0.2308   1.0193  -0.0590   0.6696
  0.0225  -1.4345   0.2317   1.0129  -0.0591   0.6769
  0.0078  -1.4141   0.2269   1.0505  -0.0717   0.7067
  0.0131  -1.3843   0.2550   1.1546  -0.0762   0.7588
  0.0187  -1.5085   0.2365   1.2459  -0.0910   0.7618
  0.0244  -1.4785   0.2185   1.2075  -0.0751   0.7788
  0.0443  -1.4770   0.1985   1.1049  -0.0601   0.7491
  0.0354  -1.4671   0.2211   1.0918  -0.0595   0.7553
  0.0273  -1.4857   0.2190   1.1115  -0.0551   0.7427
  0.0342  -1.4801   0.2216   1.1309  -0.0578   0.7961
  0.0412  -1.5302   0.2311   1.2319  -0.0613   0.8118
  0.0280  -1.4364   0.2361   1.1129  -0.0522   0.7919
  0.0341  -1.5678   0.2174   1.3056  -0.0601   0.8529
  0.0204  -1.1466   0.2650   1.0149  -0.0876   0.8490
