 -0.0082   0.3319  -0.1497  -0.4024  -0.0184  -0.0473
 -0.0059   0.0322  -0.1842  -0.2138  -0.0260   0.0677
 -0.0209   0.1813  -0.1772  -0.2445  -0.0335  -0.0647
 -0.0085   0.1688  -0.1779  -0.2471  -0.0109  -0.0126
 -0.0709   0.2057  -0.2821  -0.3848  -0.0485   0.0585
 -0.0359   0.2683  -0.2460  -0.3544  -0.0282   0.0195
 -0.0333   0.2900  -0.2248  -0.0293  -0.0648  -0.0941
  0.0060   0.2199  -0.1849  -0.2557  -0.0582  -0.0327
 -0.0015   0.1532  -0.1460  -0.2061  -0.0804   0.0412
  0.0012   0.0731  -0.1336  -0.3295  -0.0418   0.0564
 -0.0209   0.1378  -0.1190  -0.3548  -0.0609   0.0202
 -0.0473   0.1523  -0.1377  -0.2771  -0.0670  -0.0008
 -0.0173   0.3224  -0.1610  -0.4334  -0.0642   0.0126
  0.0073   0.3801  -0.1263  -0.5757  -0.0428   0.0157
 -0.0300   0.3280  -0.2415  -0.6765  -0.0829   0.0326
 -0.0415   0.5452  -0.2661  -0.8776  -0.0746   0.0376
 -0.0606   0.8216  -0.3310  -1.1847  -0.0673   0.0319
 -0.0782   0.8050  -0.2086  -1.0711  -0.0718  -0.0278
 -0.0811   0.7826  -0.1816  -1.0526  -0.0348   0.0098
 -0.1282   0.8461  -0.2529  -0.6653  -0.0720  -0.1692
 -0.1736   0.9628  -0.1292  -0.5029  -0.0528  -0.1564
 -0.0218   0.7358  -0.0129  -0.5662   0.0193   0.0234
  0.0143   0.6050  -0.0029  -0.8506   0.0297  -0.0222
  0.0013   0.5267  -0.0498  -0.8059  -0.0059  -0.0233
  0.0022   0.4167  -0.0175  -0.4589  -0.0051  -0.1687
 -0.0274   0.6295   0.0176  -0.4615   0.0070  -0.0479
 -0.0615   0.5344  -0.0397  -0.3445  -0.0090   0.0206
 -0.0192   0.4034  -0.1019  -0.5194  -0.0166  -0.0292
  0.0108   0.2899  -0.1461  -0.7740   0.0057   0.0787
  0.0042   0.5805  -0.0269  -0.6045  -0.0687  -0.1345
 -0.1420   0.9881   0.0781   0.6679  -0.1543  -0.4111
 -0.0758   0.3813   0.0888   0.2622  -0.0790  -0.0576
  0.0282  -0.1146   0.1167  -0.3038   0.0140   0.1822
 -0.0292  -0.0424   0.0936  -0.1967  -0.0335   0.0050
 -0.0121  -0.1683   0.0385   0.0736  -0.0609  -0.0109
  0.0069  -0.1564   0.0656   0.2625  -0.0109   0.0297
  0.0152  -0.1765   0.0953   0.1445   0.0059   0.0238
  0.0091  -0.0508   0.1369   0.2268   0.0338  -0.0383
 -0.0051  -0.0429   0.1210   0.1618   0.0181   0.0473
 -0.0092  -0.0290   0.1433   0.2338   0.0244  -0.0225
 -0.0068   0.0260   0.0998   0.1938   0.0191  -0.0368
 -0.0036   0.0663   0.0760   0.0805   0.0288  -0.0069
  0.0086  -0.0235   0.0853   0.1922   0.0251  -0.0070
  0.0194  -0.0489   0.0650   0.0370   0.0375   0.0206
 -0.0123  -0.0568   0.1650   0.5952  -0.0184  -0.1059
  0.0211   0.1784   0.1529   0.5953   0.0334  -0.0638
  0.0481   0.0093   0.1192  -0.0098   0.0484  -0.0084
  0.0294  -0.0675   0.1460   0.1428   0.0587  -0.0789
  0.0538  -0.1846   0.1238  -0.0898   0.0800   0.0064
  0.0317  -0.2291   0.1537   0.2255   0.0604  -0.0450
  0.0424  -0.1747   0.1780   0.0799   0.0726   0.0532
  0.0276  -0.1873   0.1947   0.2536   0.0712  -0.0250
  0.0380  -0.1644   0.1897   0.1253   0.0786   0.0354
  0.0375  -0.1782   0.2163   0.2203   0.0720  -0.0313
  0.0636  -0.1868   0.2114   0.1822   0.0837   0.0386
  0.0369  -0.1917   0.1784   0.2183   0.0962  -0.0248
  0.0589  -0.2500   0.1823   0.1029   0.1039   0.0506
  0.0568  -0.2931   0.1960   0.1542   0.0877  -0.0210
  0.0741  -0.3431   0.1446   0.1451   0.0931   0.0248
  0.0775  -0.3796   0.1704   0.2452   0.0856   0.0266
  0.0764  -0.4457   0.1722   0.2484   0.0670   0.0309
  0.0743  -0.4689   0.1251   0.3251   0.0474   0.0146
  0.0777  -0.4320   0.0458   0.2891   0.0296   0.0282
  0.0828  -0.4492   0.0954   0.3255   0.0346   0.0176
  0.0985  -0.4249   0.0809   0.1689   0.0419   0.0738
  0.0983  -0.4307   0.0897   0.1675   0.0423   0.0294
  0.0959  -0.4031   0.0829   0.0140   0.0467   0.0698
  0.0894  -0.4320   0.0920   0.1300   0.0621  -0.0127
  0.0920  -0.4107   0.0623  -0.0353   0.0799   0.0966
  0.1184  -0.4835   0.1356   0.1979   0.0600  -0.0372
  0.0944  -0.3960   0.0974  -0.1044   0.0744   0.1184
  0.0061  -0.9430   0.2157   1.7389  -0.1150  -0.4863
 -0.3130  -0.5503  -0.2307   2.6228  -0.2421   0.1599
 -0.1105  -0.8621  -0.1796   0.7925  -0.0790   0.4570
 -0.1460  -1.1393  -0.1280   1.4132  -0.1456  -0.0983
 -0.1178  -0.8201  -0.1442   1.2102  -0.0683   0.1042
 -0.1301  -0.6537  -0.3271   1.7401  -0.0360  -0.1416
 -0.0940  -0.5265  -0.3893   0.8629  -0.0436   0.1193
