  0.0365  -0.3777   0.0167   0.2559  -0.0245   0.0983
  0.0593  -0.3503   0.0171   0.2611   0.0455   0.0989
  0.0337  -0.3583   0.0096   0.2347  -0.0224   0.1301
  0.0090  -0.3890   0.0046   0.2685  -0.0555   0.1091
 -0.0137  -0.2886   0.0347   0.2206  -0.0594   0.1270
  0.0009  -0.2470   0.0300   0.1812  -0.0660   0.0893
  0.0249  -0.3091   0.0344   0.2664  -0.0309   0.0683
  0.0449  -0.3164   0.0230   0.2650  -0.0016   0.0919
  0.0696  -0.3516   0.0224   0.2791   0.0158   0.0971
  0.0723  -0.3742  -0.0155   0.2507   0.0578   0.1021
  0.0746  -0.3672  -0.0078   0.2502   0.0794   0.0703
  0.0542  -0.3515  -0.0005   0.2615   0.0122   0.0834
  0.0660  -0.3539   0.0141   0.2711   0.0203   0.1020
  0.0547  -0.3260   0.0084   0.2628  -0.0212   0.0995
  0.0573  -0.3308   0.0088   0.2388   0.0140   0.0911
  0.0313  -0.2481   0.0149   0.1396  -0.0167   0.0864
  0.0230  -0.2061  -0.0145   0.1069  -0.0515   0.0724
  0.0328  -0.1951   0.0163   0.1272  -0.0418   0.0230
  0.0369  -0.1987   0.0063   0.1398  -0.0397   0.0813
  0.0380  -0.1876   0.0263   0.1365  -0.0439   0.0620
  0.0336  -0.1949   0.0236   0.1549  -0.0688   0.0552
  0.0355  -0.1987   0.0244   0.1470  -0.0510   0.0607
  0.0365  -0.1945   0.0206   0.1563  -0.0648   0.0442
  0.0359  -0.2074   0.0249   0.1628  -0.0638   0.0706
  0.0352  -0.2102   0.0296   0.1711  -0.0573   0.0803
  0.0382  -0.2038   0.0349   0.1559  -0.0512   0.0810
  0.0324  -0.1884   0.0234   0.1356  -0.0638   0.0878
  0.0042  -0.1719   0.0261   0.1178  -0.0919   0.0544
  0.0035  -0.1750   0.0185   0.1156  -0.0757   0.0385
  0.0102  -0.1666   0.0229   0.0921  -0.0618   0.0665
  0.0241  -0.1599  -0.0089   0.0818  -0.0456   0.0398
  0.0072  -0.2005  -0.0171   0.0699  -0.0471   0.0382
 -0.0538  -0.1095   0.0025  -0.0034  -0.0952   0.0679
 -0.0742  -0.0377   0.0202  -0.0468  -0.1202   0.0413
 -0.0464  -0.0128   0.0160  -0.0692  -0.0804  -0.0302
 -0.0560   0.0038   0.0149  -0.0340  -0.0279  -0.0021
 -0.0756   0.0082   0.0133  -0.0226  -0.0496   0.0478
 -0.0801   0.0252  -0.0025  -0.0323  -0.0531   0.0257
 -0.0676   0.0104  -0.0137  -0.0369  -0.0517   0.0163
 -0.0613   0.0030  -0.0121  -0.0276  -0.0503   0.0216
 -0.0548  -0.0060  -0.0095  -0.0538  -0.0465   0.0221
 -0.0437  -0.0068  -0.0047  -0.0666  -0.0157   0.0224
 -0.0470  -0.0113  -0.0028  -0.0852  -0.0230   0.0104
 -0.0536   0.0354   0.0045  -0.1075   0.0063  -0.0362
 -0.0688   0.0571   0.0202  -0.1137  -0.0109  -0.0096
 -0.0783   0.1118   0.0139  -0.1527   0.0189  -0.0361
 -0.0541   0.1307   0.0190  -0.1764   0.0706  -0.0480
 -0.0406   0.1462   0.0343  -0.1992   0.0495  -0.0462
 -0.0396   0.1709   0.0481  -0.1989   0.0161  -0.0548
 -0.0113   0.1640   0.0421  -0.1926   0.0300  -0.0643
 -0.0159   0.1860   0.0408  -0.1929   0.0543  -0.0576
 -0.0213   0.1910   0.0492  -0.1525   0.0470  -0.0679
 -0.0472   0.1451   0.0099  -0.1595  -0.0139   0.0214
 -0.0643   0.1792   0.0113  -0.2095  -0.0700  -0.0573
 -0.0732   0.2267   0.0048  -0.2877  -0.0947  -0.0314
 -0.0115   0.2143   0.0367  -0.2548  -0.0176  -0.0931
  0.0143   0.1705  -0.0058  -0.3048  -0.0029  -0.0019
 -0.0218   0.1842  -0.0076  -0.0712   0.0263  -0.3202
  0.0211   0.3158  -0.0354  -0.1885   0.1058  -0.1243
  0.0692   0.3432  -0.1185  -0.2562   0.2225   0.0087
  0.0938   0.2689  -0.0292  -0.2210   0.1093  -0.0799
  0.0317   0.3194  -0.0469  -0.1409  -0.0599  -0.1412
 -0.0044   0.2592  -0.0423  -0.0722  -0.0544  -0.0136
 -0.0102   0.2420  -0.0385  -0.0578  -0.0140  -0.1122
 -0.0039   0.2732  -0.0174  -0.0911   0.0351  -0.0474
 -0.0034   0.2755  -0.0200  -0.1022   0.0293  -0.0372
 -0.0059   0.2846  -0.0385  -0.1015   0.0501  -0.1486
 -0.0085   0.3044  -0.0364  -0.1233   0.0681  -0.0423
 -0.0046   0.2873  -0.0511  -0.1239   0.1070  -0.0748
 -0.0048   0.3107  -0.0399  -0.1001   0.0932  -0.1091
 -0.0226   0.3469  -0.0473  -0.1153   0.0531  -0.1357
 -0.0142   0.3835  -0.0468  -0.1472   0.0810  -0.0334
  0.0036   0.3825  -0.0839  -0.1540   0.1057  -0.1121
  0.0049   0.3090  -0.0466  -0.1200   0.0990  -0.0885
  0.0054   0.3531  -0.0182  -0.1562   0.0853  -0.1452
  0.0161   0.3684  -0.0410  -0.1423   0.1116  -0.0850
  0.0217   0.3587  -0.0416  -0.1629   0.1346  -0.1203
  0.0113   0.3114  -0.0678  -0.1271   0.1490  -0.1793
