  0.0941  -0.3278   0.0480   0.1819   0.0597   0.0022
  0.0753  -0.2480   0.0457   0.1694   0.0419  -0.0140
  0.0778  -0.2634   0.0483   0.2012   0.0477   0.0201
  0.0675  -0.2461   0.0371   0.1834   0.0385   0.0105
  0.0601  -0.2474   0.0274   0.1694   0.0387   0.0293
  0.0569  -0.2594   0.0271   0.1677   0.0260   0.0242
  0.0563  -0.2476   0.0200   0.1622   0.0275   0.0076
  0.0556  -0.2385   0.0359   0.1360   0.0232   0.0112
  0.0641  -0.2597   0.0482   0.1787   0.0244  -0.0288
  0.0805  -0.2385   0.0487   0.1853   0.0403  -0.0132
  0.0909  -0.2323   0.0561   0.1604   0.0502   0.0359
  0.1125  -0.2179   0.0487   0.1550   0.0732  -0.0029
  0.0947  -0.2235   0.0430   0.1685   0.0710  -0.0157
  0.0827  -0.2451   0.0264   0.1805   0.0598  -0.0215
  0.0930  -0.2349   0.0337   0.1871   0.0584   0.0046
  0.0784  -0.2231   0.0200   0.1719   0.0548   0.0169
  0.0741  -0.2233   0.0175   0.1659   0.0560   0.0212
  0.0848  -0.2289   0.0184   0.1553   0.0607  -0.0030
  0.0857  -0.2243   0.0326   0.1708   0.0667   0.0098
  0.0894  -0.2218   0.0321   0.1705   0.0679  -0.0062
  0.0804  -0.2302   0.0351   0.1757   0.0590   0.0029
  0.0961  -0.2293   0.0456   0.1720   0.0607  -0.0310
  0.0842  -0.1698   0.0265   0.1137   0.0642   0.0447
  0.0727  -0.2007   0.0205   0.1242   0.0517   0.0056
  0.0469  -0.2092   0.0360   0.1644   0.0398  -0.0394
 -0.0011  -0.1977   0.0228   0.0689   0.0115   0.1100
 -0.0302  -0.1825  -0.0006   0.0107  -0.0164   0.0605
  0.0161  -0.1636  -0.0106  -0.0203   0.0212  -0.0213
  0.0354  -0.1464   0.0085   0.0244   0.0334  -0.0429
  0.0201  -0.1544  -0.0042   0.0403   0.0175   0.0171
  0.0219  -0.1535   0.0036   0.0800   0.0422   0.0182
  0.0215  -0.1283   0.0056   0.0627   0.0532   0.0505
  0.0275  -0.1631   0.0300   0.0872   0.0477   0.0035
 -0.0018  -0.1359   0.0205   0.0284   0.0228   0.0370
 -0.0358  -0.2200   0.0319   0.0955  -0.0222   0.0404
 -0.0416  -0.1422   0.0346  -0.0402  -0.0005   0.1125
  0.0344  -0.1055   0.0130  -0.1393   0.0499   0.0105
  0.0499  -0.1667   0.0026  -0.0598   0.0388  -0.0249
  0.0325  -0.1246   0.0068  -0.0503   0.0350   0.0588
  0.0370  -0.1528   0.0020  -0.0030   0.0324   0.0290
  0.0423  -0.0937   0.0063  -0.0344   0.0427   0.0192
  0.0289  -0.0896   0.0220   0.0118   0.0319   0.0377
  0.0208  -0.1425   0.0110   0.0136   0.0345   0.0742
  0.0447  -0.0865  -0.0201   0.0138   0.0417  -0.0084
  0.0494  -0.0181  -0.0294  -0.0851   0.0586   0.0544
  0.0080   0.0025  -0.0220  -0.0926   0.0235   0.0730
  0.0043  -0.0725  -0.0149  -0.0864   0.0074   0.0470
  0.0126  -0.0184  -0.0310  -0.1603   0.0152   0.0839
  0.0229  -0.0630  -0.0104  -0.1167  -0.0003  -0.0067
  0.0037   0.0490  -0.0296  -0.1333  -0.0132  -0.0246
 -0.0507   0.0640  -0.0241  -0.1682  -0.0207   0.0279
 -0.1570   0.3636  -0.0953  -0.1520  -0.1230  -0.0416
 -0.1702   0.2894  -0.0838  -0.0249  -0.1509  -0.0306
 -0.2235   0.6225  -0.0795  -0.3178  -0.1511   0.0543
 -0.1782   0.6228  -0.0406  -0.4255  -0.1228  -0.0349
 -0.1071   0.4075  -0.0341  -0.3532  -0.0736  -0.0468
 -0.0829   0.5429  -0.0513  -0.3606  -0.0656  -0.0846
 -0.0674   0.3401  -0.0212  -0.2389  -0.0317   0.0282
 -0.0348   0.1494  -0.0444  -0.1851  -0.0260  -0.0071
 -0.0289   0.0864  -0.0397  -0.1445  -0.0309   0.0085
 -0.0351   0.0834  -0.0585  -0.1352  -0.0326   0.0304
 -0.0342   0.0419  -0.0563  -0.1356  -0.0246   0.0689
 -0.0557   0.0760  -0.0710  -0.1429  -0.0439   0.0560
 -0.0505   0.0432  -0.0536  -0.1430  -0.0384   0.0818
 -0.0376   0.0489  -0.0502  -0.1104  -0.0456  -0.0015
 -0.0383   0.0315  -0.0325  -0.0913  -0.0401   0.0709
 -0.0344   0.0705  -0.0377  -0.0806  -0.0356   0.0054
 -0.0483   0.0058  -0.0194  -0.1167  -0.0330   0.1599
 -0.1063   0.3501  -0.0581  -0.1102  -0.1184  -0.1578
 -0.0949   0.9538  -0.1094  -0.0846  -0.1389  -0.4462
 -0.0506   1.0581  -0.1275  -0.0340  -0.1123  -0.2748
 -0.0742   0.8052  -0.0732  -0.0515  -0.0815  -0.2022
 -0.0400   0.6215  -0.0262  -0.0423  -0.0352  -0.1318
 -0.0982   0.4681   0.0402   0.0114  -0.0680  -0.0724
 -0.1336   0.4137   0.0643   0.0103  -0.0566  -0.0510
 -0.1654   0.3708   0.0656  -0.0175  -0.0673   0.0153
 -0.1898   0.3550   0.0409  -0.0588  -0.0925   0.0630
 -0.1240   0.3091   0.0471  -0.0316  -0.0443  -0.0653
