 -0.1162   0.1675  -0.0260   0.1280  -0.0460   0.0692
 -0.1167   0.1811  -0.0230   0.0972  -0.0606   0.1150
 -0.1335   0.1829  -0.0009   0.0948  -0.0490   0.0978
 -0.1279   0.1807   0.0072   0.1099  -0.0427   0.0922
 -0.1243   0.1691   0.0022   0.1211  -0.0422   0.1160
 -0.1100   0.1483   0.0020   0.1235  -0.0386   0.1060
 -0.0930   0.1094  -0.0152   0.1402  -0.0279   0.0880
 -0.0824   0.0539  -0.0217   0.1352  -0.0223   0.0643
 -0.0805   0.0566  -0.0254   0.1772  -0.0182   0.0887
 -0.0738   0.0613  -0.0359   0.1769  -0.0063   0.1098
 -0.0632   0.0661  -0.0548   0.1743  -0.0082   0.0742
 -0.0690   0.0687  -0.0564   0.1584  -0.0097   0.0716
 -0.0624   0.0502  -0.0659   0.1343   0.0039   0.0974
 -0.0436   0.0543  -0.0622   0.0858   0.0014  -0.0227
 -0.0270   0.0762  -0.0545   0.0960   0.0068   0.0737
 -0.0356   0.0458  -0.0407   0.0950   0.0060   0.0891
 -0.0422   0.0638  -0.0074   0.1110   0.0018   0.0242
 -0.0328   0.0948  -0.0131   0.1060   0.0044   0.0510
 -0.0187   0.0889  -0.0223   0.1322   0.0222   0.1174
 -0.0138   0.0590  -0.0252   0.1415   0.0261   0.0608
 -0.0173   0.1008  -0.0122   0.0824   0.0028   0.0379
 -0.0148   0.1099  -0.0104   0.0406   0.0052   0.0631
 -0.0140   0.0820   0.0001   0.0643   0.0099   0.0665
 -0.0276   0.0679  -0.0170   0.1059   0.0202   0.0571
 -0.0323   0.0596  -0.0057   0.1130   0.0252   0.0333
 -0.0328   0.0784  -0.0012   0.0936   0.0178   0.0409
 -0.0321   0.0414  -0.0045   0.1101   0.0210   0.0995
 -0.0412   0.0302   0.0012   0.0887   0.0122   0.0406
 -0.0385   0.0136  -0.0048   0.0970   0.0144   0.0451
 -0.0475   0.0396  -0.0068   0.0856   0.0074   0.0261
 -0.0427   0.0565  -0.0078   0.1030   0.0135   0.0811
 -0.0552   0.0119   0.0088   0.0754   0.0014   0.0477
 -0.0806  -0.0057   0.0085   0.0625  -0.0135   0.0008
 -0.0507   0.0624  -0.0046   0.0641   0.0065   0.0853
 -0.0465   0.0281  -0.0059   0.0840   0.0150   0.0748
 -0.0435   0.0381  -0.0034   0.0848   0.0131   0.0573
 -0.0451   0.0359  -0.0012   0.0970   0.0194   0.1089
 -0.0426   0.0737   0.0168  -0.0004  -0.0349  -0.1065
 -0.0343   0.1008  -0.0007  -0.1125  -0.0621   0.0198
 -0.0289   0.0342   0.0244  -0.2124  -0.0640   0.0536
 -0.0199   0.0330   0.0380  -0.1812  -0.0826  -0.1529
 -0.0190   0.0389   0.0534  -0.1480  -0.0805   0.0107
  0.0014  -0.0090   0.0619  -0.1025  -0.0596  -0.0561
  0.0071   0.0003   0.0638  -0.1329  -0.0431  -0.0796
  0.0262  -0.0165   0.0435  -0.1286  -0.0232   0.0054
  0.0314  -0.0759   0.0472  -0.1684  -0.0236  -0.0625
  0.0372  -0.0784   0.0297  -0.1566  -0.0147  -0.0906
  0.0326  -0.0991   0.0109  -0.1102  -0.0021  -0.0441
  0.0320  -0.1118   0.0072  -0.1340  -0.0128  -0.1233
  0.0170  -0.0879  -0.0098  -0.1292  -0.0130  -0.0202
  0.0305  -0.0763   0.0132  -0.1417  -0.0125  -0.1080
  0.0212  -0.0962   0.0086  -0.0701   0.0151   0.0500
 -0.0308  -0.0402  -0.0066  -0.0546   0.0104  -0.0027
  0.0005  -0.0415  -0.0181  -0.0589   0.0079  -0.0505
 -0.0178  -0.0085  -0.0253  -0.0696   0.0075   0.0197
  0.0156  -0.0658  -0.0325  -0.0466   0.0250  -0.0337
  0.0186  -0.0278  -0.0271  -0.0985   0.0220  -0.1051
  0.0328  -0.0129  -0.0415  -0.1064   0.0451   0.0135
  0.0427  -0.0892  -0.0137  -0.0948   0.0322  -0.0955
  0.0385  -0.0394  -0.0020  -0.0587   0.0270  -0.0482
  0.0327   0.0164   0.0021  -0.0610   0.0138  -0.0240
  0.0491   0.0205  -0.0035  -0.1067   0.0071  -0.0704
  0.0778  -0.0279  -0.0267  -0.1055   0.0149  -0.1174
  0.0723  -0.0202  -0.0179  -0.1153   0.0077  -0.0912
  0.0844  -0.0377  -0.0029  -0.0848   0.0116  -0.0527
  0.0841  -0.0377   0.0185  -0.0966   0.0027  -0.0990
  0.1000  -0.0840   0.0285  -0.0757   0.0106  -0.0652
  0.0984  -0.0839   0.0177  -0.0809   0.0162  -0.0614
  0.1018  -0.1317   0.0214  -0.0791   0.0165  -0.1220
  0.1175  -0.1447   0.0238  -0.0783   0.0271  -0.1409
  0.1252  -0.1471   0.0295  -0.0917   0.0397  -0.0441
  0.1321  -0.1689   0.0216  -0.0731   0.0446  -0.0816
  0.1339  -0.2013   0.0369  -0.0540   0.0436  -0.0727
  0.1360  -0.2215   0.0385  -0.0611   0.0306  -0.1220
  0.1326  -0.2186   0.0410  -0.0564   0.0351  -0.0886
  0.1456  -0.2306   0.0470  -0.0618   0.0300  -0.0998
  0.1505  -0.2065   0.0482  -0.0805   0.0405  -0.0682
  0.1588  -0.2180   0.0436  -0.0859   0.0497  -0.1280
