  0.2316   0.2049  -0.0773  -0.0000  -0.0202   0.0446
  0.2815   0.2561  -0.0815  -0.0278  -0.0195   0.0445
  0.2792   0.2269  -0.0847  -0.0150  -0.0147   0.0427
  0.2809   0.2338  -0.0961  -0.0093  -0.0276   0.0270
  0.2830   0.2464  -0.0918  -0.0083  -0.0147   0.0263
  0.2873   0.2559  -0.1019  -0.0233  -0.0138   0.0360
  0.2628   0.2474  -0.0885  -0.0238  -0.0106   0.0315
  0.2564   0.2484  -0.0866  -0.0191  -0.0079   0.0207
  0.2407   0.2373  -0.0860  -0.0048  -0.0081   0.0131
  0.2549   0.2386  -0.0769  -0.0126  -0.0064   0.0222
  0.2558   0.2385  -0.0751  -0.0139  -0.0101   0.0246
  0.2478   0.2304  -0.0819  -0.0300  -0.0069   0.0349
  0.2459   0.2282  -0.0694  -0.0481  -0.0034   0.0434
  0.2576   0.2309  -0.0602  -0.0298  -0.0060   0.0377
  0.2659   0.2156  -0.0481  -0.0089   0.0044   0.0195
  0.2336   0.2274  -0.0696  -0.0347   0.0195   0.0274
  0.2213   0.1864  -0.0571  -0.0114   0.0055   0.0275
  0.2040   0.1824  -0.0725  -0.0226   0.0008   0.0323
  0.1777   0.1591  -0.0736  -0.0063  -0.0025   0.0336
  0.1852   0.1727  -0.0726   0.0236  -0.0064   0.0259
  0.1754   0.1499  -0.0675   0.0320  -0.0114   0.0258
  0.1475   0.1242  -0.0655   0.0262   0.0032   0.0307
  0.1578   0.1269  -0.0509   0.0247  -0.0003   0.0364
  0.1349   0.1137  -0.0604   0.0349  -0.0127   0.0317
  0.1312   0.0984  -0.0541   0.0047  -0.0095   0.0344
  0.1474   0.0844  -0.0469   0.0453  -0.0252   0.0152
  0.1365   0.0805  -0.0500   0.0598  -0.0202   0.0193
  0.1219   0.0793  -0.0682   0.0755  -0.0360   0.0131
  0.1181   0.0640  -0.0552   0.0981  -0.0345  -0.0000
  0.1208   0.0564  -0.0436   0.0872  -0.0249  -0.0077
  0.1076   0.0458  -0.0471   0.0792  -0.0222  -0.0005
  0.0918   0.0417  -0.0428   0.0428  -0.0033   0.0094
  0.0966   0.0305  -0.0365   0.0757  -0.0101   0.0013
  0.0974   0.0437  -0.0432   0.0965  -0.0239   0.0027
  0.1054   0.0474  -0.0433   0.1122  -0.0216   0.0022
  0.0974   0.0351  -0.0404   0.1039  -0.0344  -0.0036
  0.0836   0.0321  -0.0427   0.0959  -0.0268  -0.0036
  0.0725   0.0283  -0.0406   0.0678  -0.0233   0.0066
  0.0820   0.0192  -0.0346   0.0942  -0.0353  -0.0072
  0.0826   0.0132  -0.0277   0.0784  -0.0252  -0.0023
  0.0835   0.0093  -0.0076   0.0732  -0.0247   0.0144
  0.0797   0.0130  -0.0241   0.0727  -0.0238   0.0114
  0.0809   0.0171  -0.0316   0.0509  -0.0343   0.0155
  0.0880   0.0061  -0.0316   0.0594  -0.0313   0.0168
  0.0887   0.0167  -0.0310   0.0598  -0.0346  -0.0051
  0.0902   0.0022  -0.0078   0.0560  -0.0259  -0.0094
  0.0866   0.0011  -0.0021   0.0728  -0.0104  -0.0030
  0.0784  -0.0050  -0.0038   0.0787  -0.0086   0.0080
  0.0748  -0.0004  -0.0008   0.0750  -0.0048   0.0040
  0.0798  -0.0054  -0.0003   0.0698   0.0030  -0.0003
  0.0784  -0.0197   0.0011   0.0816  -0.0018   0.0007
  0.0740  -0.0115   0.0064   0.0841   0.0023  -0.0076
  0.0703  -0.0155  -0.0036   0.1020  -0.0071  -0.0091
  0.0549  -0.0146  -0.0132   0.0964  -0.0077  -0.0091
  0.0403  -0.0098  -0.0020   0.0695  -0.0002   0.0041
  0.0303  -0.0006  -0.0123   0.0305  -0.0021   0.0176
  0.0256  -0.0206  -0.0119   0.0792  -0.0140  -0.0041
  0.0146  -0.0141  -0.0323   0.0898  -0.0135  -0.0067
  0.0081  -0.0038  -0.0339   0.0540  -0.0134   0.0078
  0.0089   0.0089  -0.0303   0.0346  -0.0226   0.0217
 -0.0057   0.0083  -0.0417   0.0422  -0.0221   0.0206
  0.0116  -0.0086  -0.0285   0.0233  -0.0104   0.0147
  0.0195  -0.0033  -0.0389  -0.0012  -0.0261   0.0158
  0.0104  -0.0074  -0.0374  -0.0000  -0.0209   0.0107
  0.0113  -0.0221  -0.0287   0.0094  -0.0172   0.0050
 -0.0069  -0.0240  -0.0268   0.0097  -0.0166   0.0010
 -0.0129  -0.0268  -0.0363   0.0265  -0.0117  -0.0022
 -0.0183  -0.0193  -0.0530   0.0180  -0.0167   0.0031
 -0.0351  -0.0148  -0.0640   0.0257  -0.0157   0.0053
 -0.0397  -0.0075  -0.0615  -0.0145  -0.0229   0.0149
  0.0022  -0.0115  -0.0257   0.0025  -0.0332   0.0079
 -0.0035  -0.0213  -0.0307   0.0121  -0.0401   0.0060
 -0.0000  -0.0149  -0.0344  -0.0052  -0.0298   0.0202
 -0.0053  -0.0097  -0.0309   0.0003  -0.0221   0.0137
 -0.0132  -0.0140  -0.0360   0.0051  -0.0227   0.0066
 -0.0197  -0.0113  -0.0437   0.0136  -0.0265   0.0113
 -0.0095  -0.0103  -0.0382   0.0270  -0.0157   0.0195
 -0.0154  -0.0162  -0.0350   0.0347  -0.0323   0.0164
 -0.0148  -0.0129  -0.0336   0.0188  -0.0185   0.0148
 -0.0157  -0.0312   0.0022  -0.0035  -0.0227   0.0141
 -0.0664  -0.0217   0.0498   0.0080  -0.0354   0.0102
 -0.0282  -0.0214   0.0197   0.0021  -0.0185   0.0288
 -0.0302  -0.0404  -0.0066   0.0063  -0.0202   0.0168
 -0.0454  -0.0307   0.0090  -0.0189  -0.0199   0.0093
 -0.0354  -0.0197   0.0062   0.0046  -0.0269   0.0075
 -0.0432  -0.0197   0.0024  -0.0189  -0.0044   0.0126
 -0.0313  -0.0149  -0.0085   0.0107  -0.0177   0.0132
 -0.0101   0.0292  -0.0218  -0.0086  -0.0106   0.0241
 -0.0213  -0.0024  -0.0113   0.0094  -0.0018   0.0230
 -0.0235  -0.0111  -0.0085  -0.0037  -0.0032   0.0174
 -0.0188  -0.0186   0.0023  -0.0241   0.0001   0.0136
 -0.0197  -0.0491   0.0052  -0.0370   0.0170   0.0205
 -0.0222  -0.0420   0.0136  -0.0609   0.0364   0.0281
 -0.0189  -0.0347   0.0344  -0.0401   0.0098   0.0132
 -0.0276  -0.0399   0.0134  -0.0354   0.0133   0.0215
 -0.0204  -0.0451   0.0227  -0.0005   0.0118   0.0100
 -0.0370  -0.0494   0.0151  -0.0143   0.0171   0.0160
 -0.0322  -0.0501   0.0147  -0.0114   0.0063   0.0169
 -0.0309  -0.0444   0.0117  -0.0305   0.0068   0.0231
 -0.0287  -0.0523   0.0227  -0.0252   0.0148   0.0206
 -0.0461  -0.0611   0.0085   0.0182   0.0214  -0.0128
 -0.0481  -0.0643   0.0188   0.0500   0.0181  -0.0229
 -0.0578  -0.0666   0.0275   0.0286   0.0265  -0.0067
 -0.0664  -0.0607   0.0328   0.0145   0.0194  -0.0004
 -0.0584  -0.0561   0.0235   0.0039   0.0229   0.0028
 -0.0662  -0.0594   0.0261  -0.0115   0.0176  -0.0045
 -0.0587  -0.0490   0.0206  -0.0291   0.0288   0.0019
 -0.0552  -0.0629   0.0317   0.0153   0.0207  -0.0042
 -0.0443  -0.0735   0.0364   0.0118   0.0105   0.0020
 -0.0555  -0.0637   0.0317  -0.0017   0.0140  -0.0055
 -0.0548  -0.0673   0.0320   0.0124   0.0115  -0.0067
 -0.0792  -0.0278   0.0481  -0.0361   0.0108  -0.0369
 -0.0836  -0.0084   0.0450  -0.0363  -0.0066  -0.0487
 -0.0827  -0.0129   0.0308   0.0018  -0.0258  -0.0415
 -0.0865   0.0030   0.0309  -0.0028  -0.0264  -0.0421
 -0.0811  -0.0253   0.0303   0.0058  -0.0066  -0.0366
 -0.0803  -0.0187   0.0299  -0.0429  -0.0103  -0.0215
 -0.0809  -0.0272   0.0313  -0.0310  -0.0180  -0.0145
 -0.0821  -0.0370   0.0315  -0.0182   0.0014  -0.0088
 -0.0756  -0.0408   0.0346  -0.0191   0.0212  -0.0115
 -0.0843  -0.0388   0.0328  -0.0226   0.0180   0.0015
 -0.0817  -0.0402   0.0289  -0.0060  -0.0004  -0.0108
 -0.0994  -0.0419   0.0130  -0.0237   0.0004  -0.0166
 -0.0994  -0.0517   0.0191  -0.0306   0.0073  -0.0096
 -0.1016  -0.0436   0.0194  -0.0288   0.0007  -0.0063
 -0.0914  -0.0496   0.0363  -0.0049  -0.0027  -0.0057
 -0.0957  -0.0499   0.0345  -0.0251   0.0077  -0.0062
 -0.0987  -0.0515   0.0343  -0.0308   0.0214  -0.0062
 -0.1000  -0.0630   0.0305  -0.0130   0.0086  -0.0129
 -0.1046  -0.0526   0.0291  -0.0240   0.0174  -0.0025
 -0.1031  -0.0622   0.0384  -0.0077   0.0136  -0.0106
 -0.1060  -0.0520   0.0305  -0.0246   0.0120  -0.0037
 -0.1025  -0.0541   0.0311  -0.0154   0.0279  -0.0081
 -0.1033  -0.0724   0.0374   0.0056   0.0117  -0.0257
 -0.1054  -0.0721   0.0426  -0.0068   0.0425  -0.0096
 -0.1029  -0.0753   0.0410  -0.0068   0.0246  -0.0224
 -0.1033  -0.0572   0.0406  -0.0321   0.0352   0.0004
 -0.1082  -0.0742   0.0445  -0.0044   0.0217  -0.0150
 -0.1133  -0.0790   0.0436  -0.0186   0.0229  -0.0083
 -0.1128  -0.0672   0.0434  -0.0267   0.0261  -0.0110
 -0.1038  -0.0731   0.0435  -0.0075   0.0093  -0.0165
 -0.1065  -0.0697   0.0499  -0.0423   0.0075  -0.0207
 -0.0882  -0.0942   0.0472  -0.0264   0.0160  -0.0172
 -0.0871  -0.0784   0.0459  -0.0486   0.0213   0.0035
 -0.1042  -0.0803   0.0413  -0.0733   0.0385  -0.0049
 -0.1269  -0.0846   0.0822  -0.0488   0.0139  -0.0170
 -0.1112  -0.0939   0.0608  -0.0427   0.0197  -0.0146
 -0.0965  -0.0807   0.0493  -0.0317   0.0305  -0.0126
 -0.0926  -0.0843   0.0275  -0.0224   0.0382  -0.0074
 -0.0872  -0.0963   0.0356   0.0072   0.0267  -0.0200
 -0.0913  -0.0885   0.0483   0.0102   0.0261  -0.0226
 -0.0788  -0.0941   0.0583   0.0376   0.0167  -0.0427
 -0.0859  -0.0792   0.0702  -0.0101   0.0426  -0.0147
 -0.0963  -0.0890   0.0609  -0.0101   0.0321  -0.0225
 -0.1027  -0.0865   0.0543  -0.0196   0.0442  -0.0255
 -0.1032  -0.0624   0.0307  -0.0404   0.0546  -0.0169
 -0.1019  -0.0868   0.0415  -0.0390   0.0242  -0.0043
 -0.1050  -0.0835   0.0466  -0.0412   0.0303  -0.0231
 -0.1056  -0.0940   0.0452  -0.0238   0.0374  -0.0068
 -0.1298  -0.0369   0.0670  -0.0471   0.0262  -0.0639
 -0.1396  -0.0187   0.0678  -0.0767   0.0035  -0.0880
 -0.1322  -0.0488   0.0570  -0.0748  -0.0003  -0.0501
 -0.1444  -0.0316   0.0565  -0.0940   0.0070  -0.0617
 -0.1333  -0.0484   0.0644  -0.0858   0.0061  -0.0554
 -0.1371  -0.0551   0.0585  -0.0795   0.0059  -0.0592
 -0.1296  -0.0646   0.0557  -0.0710   0.0190  -0.0480
 -0.1417  -0.0503   0.0603  -0.0905   0.0097  -0.0472
 -0.1290  -0.0644   0.0614  -0.0841   0.0040  -0.0338
 -0.1264  -0.0722   0.0592  -0.0803   0.0101  -0.0343
 -0.1277  -0.0785   0.0610  -0.1063   0.0324  -0.0148
 -0.1283  -0.0746   0.0538  -0.1055   0.0206  -0.0230
 -0.1261  -0.0752   0.0576  -0.0863   0.0213  -0.0221
 -0.1249  -0.0783   0.0637  -0.0601   0.0201  -0.0260
 -0.1177  -0.0741   0.0658  -0.0789   0.0315  -0.0116
 -0.1254  -0.0772   0.0627  -0.0856   0.0255  -0.0157
 -0.1072  -0.0818   0.0643  -0.1167   0.0371   0.0006
