  0.0033  -0.0393  -0.0390   0.0739   0.0238   0.0792
 -0.0035  -0.0770  -0.0040   0.0660   0.0274   0.0587
 -0.0018  -0.0881  -0.0116   0.0866   0.0376   0.0121
 -0.0004  -0.0677  -0.0133   0.0963   0.0301   0.0777
 -0.0073  -0.0694  -0.0050   0.0986   0.0399   0.0418
 -0.0110  -0.0623  -0.0148   0.0864   0.0415   0.0485
 -0.0083  -0.0717  -0.0139   0.0650   0.0273   0.0502
 -0.0000  -0.0744  -0.0099   0.0535   0.0290   0.0625
  0.0051  -0.0724  -0.0115   0.0548   0.0261   0.0450
  0.0025  -0.0681  -0.0089   0.0477   0.0287   0.0337
  0.0038  -0.0767  -0.0096   0.0625   0.0283   0.0415
  0.0014  -0.0722  -0.0107   0.0658   0.0344   0.0257
  0.0063  -0.0558  -0.0162   0.0710   0.0361   0.0807
  0.0022  -0.0619  -0.0173   0.0512   0.0342   0.0305
  0.0042  -0.0554  -0.0125   0.0494   0.0362   0.0154
  0.0070  -0.0615  -0.0068   0.0660   0.0257   0.0468
  0.0063  -0.0374  -0.0126   0.0459   0.0319   0.0621
  0.0070  -0.0708  -0.0172   0.0479   0.0286   0.0152
  0.0079  -0.0524  -0.0169   0.0547   0.0316   0.0181
  0.0051  -0.0694  -0.0075   0.0139   0.0281   0.0335
 -0.0059  -0.0039  -0.0130   0.0222   0.0157  -0.0040
 -0.0047  -0.0020  -0.0230   0.0335   0.0139  -0.0372
  0.0072  -0.0303  -0.0194   0.0744   0.0233   0.0133
 -0.0033  -0.0773  -0.0102   0.0095   0.0297   0.0737
  0.0063  -0.0902  -0.0198   0.0329   0.0298  -0.0220
  0.0102  -0.0471  -0.0182   0.0489   0.0287   0.0651
  0.0192  -0.0634  -0.0098   0.0623   0.0111   0.0652
  0.0140  -0.0429  -0.0063   0.0369   0.0148   0.0764
  0.0087  -0.0545  -0.0113   0.0093   0.0144   0.0156
  0.0024  -0.0338  -0.0066   0.0174   0.0266   0.0241
  0.0037  -0.0589  -0.0124   0.0533   0.0150   0.0324
  0.0058  -0.0314  -0.0106   0.0637   0.0230   0.0171
 -0.0113   0.0362  -0.0316   0.0898  -0.0122  -0.0667
 -0.0144   0.0469  -0.0282   0.0968  -0.0105  -0.0614
 -0.0149   0.1126   0.0247   0.1631  -0.0187  -0.0638
 -0.0205   0.1300   0.0247   0.1375  -0.0236  -0.0615
 -0.0145   0.0828   0.0161   0.0205  -0.0176  -0.0351
  0.0070  -0.0050  -0.0099   0.0384   0.0049   0.0335
  0.0036   0.0353  -0.0040   0.0410   0.0032   0.0137
  0.0149   0.0677  -0.0445   0.0279  -0.0129   0.0165
  0.0184   0.0274  -0.0211   0.0332  -0.0191  -0.0132
 -0.0096   0.0741  -0.0243   0.0527  -0.0175  -0.0370
  0.0004   0.0673  -0.0385   0.0731  -0.0070  -0.0111
  0.0110   0.0485  -0.0185   0.0353  -0.0239   0.0155
  0.0127   0.0347  -0.0151   0.0016  -0.0181   0.0141
  0.0138   0.0232  -0.0339   0.0216  -0.0097  -0.0247
  0.0135   0.0441  -0.0290   0.0115  -0.0161  -0.0064
  0.0102   0.0386   0.0332  -0.0326  -0.0297   0.0057
  0.0060   0.0314   0.0547  -0.0340  -0.0355  -0.0435
  0.0045   0.0197   0.0276   0.0268  -0.0108  -0.0148
  0.0061   0.0528   0.0192   0.0049  -0.0201  -0.0035
 -0.0050   0.0526   0.0567  -0.1203  -0.0427  -0.0135
  0.0097   0.0408   0.0423  -0.0332  -0.0382  -0.0122
 -0.0036   0.0453   0.0302  -0.0355  -0.0280  -0.0378
  0.0036   0.0446   0.0406  -0.0008  -0.0077  -0.0203
  0.0042   0.0149   0.0442  -0.0976  -0.0323  -0.0133
  0.0073   0.0364   0.0303  -0.0335  -0.0274  -0.0376
  0.0059   0.0297   0.0302  -0.0613  -0.0366  -0.0024
 -0.0034   0.0328   0.0380  -0.0784  -0.0130  -0.0345
 -0.0046   0.0146   0.0539  -0.0884  -0.0299  -0.0181
 -0.0014   0.0273   0.0757  -0.0868  -0.0400  -0.0277
 -0.0093   0.0113   0.0855  -0.1159  -0.0247  -0.0669
 -0.0209  -0.0017   0.0761  -0.1206  -0.0032  -0.0192
 -0.0263   0.0060   0.0505  -0.1877   0.0132  -0.0307
 -0.0314  -0.0141   0.0319  -0.2418   0.0342  -0.0273
 -0.0097  -0.0047   0.0081  -0.1476   0.0086  -0.0576
 -0.0081   0.0055   0.0171  -0.1020  -0.0001  -0.0299
 -0.0030  -0.0020   0.0732  -0.0945  -0.0191  -0.0395
 -0.0149  -0.0165   0.0655  -0.2014   0.0139  -0.0227
 -0.0170  -0.0143   0.0258  -0.1310   0.0139  -0.0042
 -0.0099  -0.0158   0.0081  -0.1148   0.0021  -0.0855
 -0.0045   0.0004   0.0005  -0.0824  -0.0173  -0.0179
 -0.0105   0.0681  -0.0311  -0.0675  -0.0299  -0.0799
  0.0271   0.1905  -0.2363   0.0331  -0.1286  -0.0134
  0.0083   0.1658  -0.1012  -0.0172  -0.0727  -0.0945
 -0.0189   0.0228   0.0301  -0.2326  -0.0354  -0.0311
  0.0070   0.1182  -0.0258  -0.0450  -0.0387  -0.0112
