 -0.0620  -0.0603  -0.0331   0.2079   0.0104   0.4010
 -0.0498  -0.1788  -0.0320   0.2518   0.0206   0.4231
 -0.0451  -0.1497  -0.0283   0.2215   0.0278   0.4214
 -0.0405  -0.1595  -0.0315   0.2331   0.0072   0.4371
 -0.0446  -0.1399  -0.0271   0.2053   0.0033   0.4062
 -0.0406  -0.1438  -0.0187   0.1984   0.0105   0.4136
 -0.0449  -0.1445  -0.0221   0.1999   0.0103   0.3953
 -0.0423  -0.1300  -0.0190   0.1896   0.0077   0.3709
 -0.0497  -0.1372  -0.0173   0.1731   0.0087   0.3779
 -0.0412  -0.1336  -0.0130   0.1828   0.0045   0.3776
 -0.0381  -0.1295  -0.0077   0.1760   0.0066   0.3513
 -0.0373  -0.1175  -0.0130   0.1610   0.0179   0.3675
 -0.0283  -0.1178  -0.0148   0.1733   0.0093   0.3674
 -0.0304  -0.1101  -0.0064   0.1556   0.0109   0.3412
 -0.0333  -0.1049  -0.0095   0.1434   0.0095   0.3590
 -0.0379  -0.1052  -0.0068   0.1504   0.0087   0.3645
 -0.0359  -0.0984  -0.0100   0.1564   0.0132   0.3398
 -0.0315  -0.1018  -0.0056   0.1604   0.0185   0.3484
 -0.0324  -0.1047  -0.0110   0.1597   0.0164   0.3408
 -0.0349  -0.0950  -0.0056   0.1300   0.0139   0.3456
 -0.0385  -0.0916  -0.0090   0.1318   0.0045   0.3336
 -0.0365  -0.0887  -0.0115   0.1431  -0.0010   0.3139
 -0.0346  -0.0826  -0.0080   0.1640   0.0148   0.3237
 -0.0377  -0.0859  -0.0113   0.1663   0.0136   0.3010
 -0.0468  -0.0772  -0.0162   0.1329   0.0058   0.3219
 -0.0486  -0.0783  -0.0191   0.1265   0.0015   0.3195
 -0.0509  -0.0769  -0.0259   0.1391  -0.0027   0.3097
 -0.0546  -0.0828  -0.0273   0.1419  -0.0006   0.3271
 -0.0641  -0.0867  -0.0259   0.1235  -0.0068   0.3197
 -0.0687  -0.0863  -0.0254   0.0957  -0.0111   0.2967
 -0.0636  -0.0743  -0.0237   0.0779  -0.0096   0.3106
 -0.0665  -0.0690  -0.0186   0.1082  -0.0212   0.2584
 -0.0551  -0.0580  -0.0113   0.1544  -0.0099   0.2756
 -0.0498  -0.0902  -0.0146   0.1934  -0.0043   0.2748
 -0.0563  -0.1025  -0.0211   0.1863  -0.0093   0.2861
 -0.0508  -0.1122  -0.0060   0.1803  -0.0060   0.2833
 -0.0606  -0.0918  -0.0236   0.1512  -0.0166   0.2626
 -0.0594  -0.0805  -0.0186   0.1450  -0.0145   0.2784
 -0.0452  -0.0697  -0.0112   0.1491  -0.0196   0.2411
 -0.0555  -0.0613  -0.0149   0.1775  -0.0199   0.2812
 -0.0612  -0.0634  -0.0215   0.1625  -0.0126   0.2499
 -0.0677  -0.0592  -0.0219   0.1436  -0.0045   0.2750
 -0.0692  -0.0702  -0.0252   0.1365  -0.0133   0.2338
 -0.0643  -0.0591  -0.0208   0.1223  -0.0069   0.2468
 -0.0675  -0.0438  -0.0261   0.1189  -0.0085   0.2211
 -0.0710  -0.0267  -0.0291   0.1249  -0.0123   0.2236
 -0.0596  -0.0365  -0.0224   0.1539  -0.0126   0.2319
 -0.0485  -0.0417  -0.0161   0.1800  -0.0147   0.2128
 -0.0614  -0.0513  -0.0195   0.1739  -0.0145   0.2255
 -0.0574  -0.0521  -0.0118   0.1789  -0.0119   0.2330
 -0.0572  -0.0601  -0.0051   0.1715  -0.0093   0.1951
 -0.0614  -0.0337  -0.0109   0.1375  -0.0026   0.2251
 -0.0630  -0.0263  -0.0152   0.1402  -0.0076   0.1953
 -0.0571  -0.0178  -0.0227   0.1467  -0.0086   0.2020
 -0.0499  -0.0067  -0.0135   0.1658  -0.0060   0.2098
 -0.0417  -0.0184  -0.0076   0.1573  -0.0102   0.1938
 -0.0487  -0.0092  -0.0100   0.1422  -0.0014   0.2186
 -0.0459  -0.0078  -0.0073   0.1366   0.0015   0.1961
 -0.0447   0.0057  -0.0167   0.1497   0.0006   0.2156
 -0.0440   0.0049  -0.0156   0.1638  -0.0079   0.1790
 -0.0434   0.0044  -0.0134   0.1674  -0.0108   0.1901
 -0.0462   0.0141  -0.0150   0.1488  -0.0085   0.1962
 -0.0428   0.0863  -0.0196   0.0948   0.0012   0.1920
 -0.0437   0.0942  -0.0210   0.1009  -0.0088   0.1304
 -0.0453   0.0698  -0.0187   0.1231  -0.0127   0.1407
 -0.0437   0.0679  -0.0230   0.1258  -0.0126   0.1729
 -0.0447   0.0771  -0.0197   0.1266  -0.0122   0.1394
 -0.0520   0.0875  -0.0266   0.1026  -0.0112   0.1557
 -0.0574   0.0697  -0.0264   0.1208  -0.0165   0.1326
 -0.0547   0.0872  -0.0270   0.0875  -0.0191   0.1220
 -0.0504   0.0947  -0.0192   0.0891  -0.0204   0.1300
 -0.0499   0.0997  -0.0257   0.0931  -0.0215   0.1322
 -0.0557   0.1029  -0.0265   0.0807  -0.0212   0.1254
 -0.0555   0.1178  -0.0352   0.0699  -0.0268   0.1455
 -0.0541   0.1154  -0.0377   0.0698  -0.0290   0.1395
 -0.0552   0.1114  -0.0446   0.0598  -0.0361   0.1074
 -0.0496   0.0983  -0.0372   0.0560  -0.0301   0.1144
 -0.0474   0.0993  -0.0359   0.0535  -0.0204   0.1080
 -0.0470   0.1216  -0.0389   0.0448  -0.0243   0.1011
 -0.0407   0.1043  -0.0380   0.0590  -0.0254   0.1065
 -0.0402   0.0992  -0.0418   0.0665  -0.0314   0.1066
 -0.0341   0.0965  -0.0398   0.0654  -0.0271   0.0804
 -0.0445   0.1141  -0.0461   0.0413  -0.0260   0.1140
 -0.0450   0.0982  -0.0505   0.0640  -0.0331   0.0787
 -0.0414   0.1127  -0.0465   0.0287  -0.0297   0.0978
 -0.0445   0.1122  -0.0488   0.0353  -0.0302   0.0839
 -0.0445   0.1221  -0.0481   0.0239  -0.0252   0.0830
 -0.0497   0.1133  -0.0516   0.0279  -0.0282   0.0882
 -0.0431   0.1101  -0.0422   0.0112  -0.0243   0.0660
 -0.0435   0.1204  -0.0392  -0.0073  -0.0252   0.0604
 -0.0446   0.1303  -0.0469  -0.0071  -0.0254   0.0586
 -0.0368   0.1377  -0.0496   0.0202  -0.0289   0.0695
 -0.0354   0.1245  -0.0555   0.0402  -0.0284   0.0566
 -0.0318   0.1283  -0.0511   0.0343  -0.0177   0.0547
 -0.0286   0.1192  -0.0496   0.0388  -0.0311   0.0737
 -0.0271   0.1288  -0.0428   0.0265  -0.0262   0.0370
 -0.0243   0.1406  -0.0355   0.0004  -0.0195   0.0505
 -0.0231   0.1383  -0.0415  -0.0017  -0.0278   0.0372
 -0.0125   0.1461  -0.0363   0.0061  -0.0265   0.0201
 -0.0150   0.1390  -0.0299   0.0066  -0.0183   0.0280
 -0.0078   0.1480  -0.0249  -0.0088  -0.0111   0.0144
 -0.0056   0.1408  -0.0217   0.0368  -0.0066  -0.0149
 -0.0146   0.1212  -0.0257   0.0330  -0.0136  -0.0005
 -0.0152   0.1020  -0.0287   0.0226  -0.0096   0.0012
 -0.0051   0.1002  -0.0151   0.0249  -0.0074  -0.0032
 -0.0052   0.0986  -0.0104   0.0173   0.0022  -0.0131
 -0.0125   0.1059  -0.0105  -0.0068  -0.0001  -0.0204
 -0.0150   0.1245  -0.0075  -0.0561   0.0014  -0.0240
 -0.0119   0.1323  -0.0055  -0.0350   0.0002  -0.0094
 -0.0080   0.1422  -0.0003  -0.0468   0.0056  -0.0269
 -0.0004   0.1357   0.0050  -0.0132   0.0064  -0.0409
  0.0018   0.1359   0.0031  -0.0202   0.0104  -0.0272
  0.0034   0.1274   0.0002  -0.0232   0.0135  -0.0419
  0.0042   0.1252   0.0104  -0.0442   0.0129  -0.0377
  0.0158   0.1250   0.0104  -0.0561   0.0074  -0.0367
  0.0203   0.1531   0.0098  -0.0683   0.0120  -0.0620
  0.0296   0.1456   0.0141  -0.0394   0.0277  -0.0628
  0.0152   0.1289   0.0067  -0.0467   0.0281  -0.0400
  0.0079   0.1325   0.0034  -0.0337   0.0237  -0.0667
  0.0182   0.1308   0.0088  -0.0180   0.0225  -0.0672
  0.0167   0.1259   0.0096  -0.0254   0.0240  -0.0537
  0.0240   0.1326   0.0141  -0.0263   0.0241  -0.0941
  0.0300   0.1334   0.0196  -0.0088   0.0227  -0.0881
  0.0315   0.1385   0.0222  -0.0039   0.0156  -0.0898
  0.0306   0.1426   0.0231  -0.0102   0.0162  -0.0781
  0.0322   0.1335   0.0196   0.0041   0.0207  -0.0675
  0.0283   0.1494   0.0101  -0.0271   0.0242  -0.0604
  0.0307   0.1501   0.0103  -0.0410   0.0260  -0.0782
  0.0265   0.1619   0.0124  -0.0507   0.0299  -0.0756
  0.0303   0.1641   0.0184  -0.0491   0.0243  -0.1088
  0.0373   0.1561   0.0214  -0.0236   0.0189  -0.1168
  0.0381   0.1695   0.0224  -0.0250   0.0217  -0.0852
  0.0414   0.1672   0.0177  -0.0109   0.0175  -0.0921
  0.0451   0.1765   0.0171  -0.0380   0.0217  -0.0864
  0.0467   0.1580   0.0215  -0.0386   0.0239  -0.0767
  0.0454   0.1456   0.0189  -0.0514   0.0252  -0.1019
  0.0443   0.1355   0.0216  -0.0344   0.0205  -0.0917
  0.0426   0.1313   0.0244  -0.0510   0.0213  -0.1170
  0.0414   0.1202   0.0235  -0.0557   0.0294  -0.1036
  0.0366   0.1014   0.0223  -0.0600   0.0256  -0.1133
  0.0294   0.0924   0.0228  -0.0681   0.0302  -0.1247
  0.0324   0.1123   0.0231  -0.0639   0.0295  -0.1124
  0.0365   0.1309   0.0214  -0.0402   0.0232  -0.1328
  0.0454   0.1205   0.0167  -0.0142   0.0154  -0.1265
  0.0361   0.1270   0.0166  -0.0504   0.0231  -0.0948
  0.0340   0.1226   0.0148  -0.0582   0.0234  -0.1047
  0.0354   0.1361   0.0117  -0.0780   0.0194  -0.0981
  0.0413   0.1427   0.0140  -0.0747   0.0169  -0.1138
  0.0432   0.1332   0.0123  -0.0559   0.0173  -0.1188
  0.0453   0.1317   0.0138  -0.0577   0.0177  -0.1262
  0.0361   0.1345   0.0106  -0.0799   0.0296  -0.1184
  0.0359   0.1213   0.0109  -0.0882   0.0247  -0.1287
  0.0331   0.1153   0.0093  -0.1178   0.0316  -0.1268
  0.0383   0.1191   0.0135  -0.1040   0.0288  -0.1396
  0.0369   0.1021   0.0168  -0.0923   0.0354  -0.1559
  0.0373   0.0937   0.0133  -0.0609   0.0364  -0.1428
  0.0369   0.0957   0.0113  -0.0731   0.0344  -0.1695
  0.0364   0.0970   0.0109  -0.0910   0.0285  -0.1434
  0.0256   0.0725   0.0146  -0.1221   0.0420  -0.1349
  0.0227   0.0586   0.0174  -0.1267   0.0465  -0.1467
  0.0207   0.0495   0.0252  -0.1094   0.0527  -0.1451
  0.0314   0.0381   0.0279  -0.0828   0.0495  -0.1706
  0.0357   0.0510   0.0240  -0.0431   0.0448  -0.1877
  0.0357   0.0478   0.0238  -0.0476   0.0405  -0.1514
  0.0350   0.0400   0.0239  -0.0346   0.0339  -0.1623
  0.0338   0.0439   0.0220  -0.0548   0.0385  -0.1571
  0.0308   0.0418   0.0292  -0.0674   0.0432  -0.1533
  0.0289   0.0371   0.0299  -0.0907   0.0501  -0.1401
  0.0358   0.0159   0.0399  -0.0735   0.0522  -0.1669
  0.0399  -0.0002   0.0355  -0.0394   0.0447  -0.1714
  0.0455   0.0129   0.0331  -0.0505   0.0402  -0.1748
  0.0442   0.0035   0.0331  -0.0493   0.0368  -0.1756
  0.0438   0.0077   0.0375  -0.0549   0.0373  -0.1772
  0.0457   0.0135   0.0406  -0.0453   0.0345  -0.1906
  0.0525   0.0211   0.0444  -0.0355   0.0320  -0.1929
  0.0562   0.0117   0.0458  -0.0118   0.0303  -0.1825
  0.0643  -0.0004   0.0508   0.0077   0.0323  -0.1758
  0.0680   0.0113   0.0503  -0.0130   0.0354  -0.1889
  0.0727   0.0218   0.0501  -0.0188   0.0308  -0.1766
  0.0753   0.0117   0.0500   0.0129   0.0317  -0.1810
  0.0731   0.0137   0.0583   0.0126   0.0387  -0.1932
  0.0715   0.0133   0.0530  -0.0070   0.0424  -0.1697
  0.0689   0.0104   0.0471  -0.0079   0.0438  -0.1747
  0.0668   0.0119   0.0481  -0.0478   0.0415  -0.1711
  0.0696   0.0099   0.0477  -0.0634   0.0453  -0.1746
  0.0657   0.0057   0.0517  -0.0718   0.0445  -0.1946
  0.0640   0.0018   0.0602  -0.0924   0.0540  -0.1780
  0.0678  -0.0015   0.0567  -0.0851   0.0450  -0.1930
  0.0816  -0.0339   0.0647  -0.0301   0.0361  -0.2060
  0.0804  -0.0533   0.0696  -0.0322   0.0373  -0.2000
  0.0777  -0.0629   0.0644  -0.0255   0.0365  -0.2136
  0.0810  -0.0694   0.0642  -0.0603   0.0367  -0.1837
  0.0833  -0.0767   0.0681  -0.0431   0.0295  -0.2199
  0.0893  -0.0849   0.0725  -0.0862   0.0285  -0.2040
  0.0951  -0.0854   0.0722  -0.0765   0.0224  -0.2410
  0.0786  -0.1127   0.0693  -0.0846   0.0248  -0.2305
  0.0777  -0.1577   0.0648  -0.0660   0.0127  -0.2216
  0.0708  -0.1769   0.0643  -0.0570   0.0030  -0.2352
  0.0688  -0.1677   0.0553  -0.0934  -0.0171  -0.2073
  0.0703  -0.1665   0.0566  -0.1167  -0.0213  -0.2432
  0.0774  -0.1567   0.0598  -0.0825  -0.0123  -0.2294
  0.0758  -0.1401   0.0454  -0.0804  -0.0158  -0.2470
  0.0725  -0.1458   0.0421  -0.0774  -0.0173  -0.2193
  0.0681  -0.1496   0.0296  -0.0849  -0.0404  -0.2176
  0.0629  -0.1331   0.0171  -0.1313  -0.0484  -0.2330
  0.0643  -0.1447   0.0217  -0.1061  -0.0391  -0.2268
  0.0503  -0.1372   0.0085  -0.1417  -0.0474  -0.2366
  0.0409  -0.1525   0.0042  -0.1393  -0.0510  -0.2558
  0.0378  -0.1571   0.0071  -0.1820  -0.0480  -0.2317
  0.0308  -0.1516   0.0043  -0.2195  -0.0533  -0.2440
  0.0451  -0.1378   0.0133  -0.1846  -0.0600  -0.2552
  0.0393  -0.1325   0.0075  -0.1854  -0.0599  -0.2435
  0.0405  -0.1406   0.0106  -0.1737  -0.0557  -0.2501
  0.0266  -0.1438  -0.0083  -0.1968  -0.0568  -0.2435
  0.0391  -0.1528   0.0023  -0.1822  -0.0560  -0.2520
  0.0221  -0.1503  -0.0067  -0.2290  -0.0475  -0.2640
  0.0272  -0.1606  -0.0116  -0.2133  -0.0597  -0.2403
  0.0263  -0.1542  -0.0034  -0.2185  -0.0615  -0.2666
  0.0229  -0.1458  -0.0140  -0.2369  -0.0619  -0.2597
  0.0203  -0.1405  -0.0175  -0.2519  -0.0619  -0.2459
  0.0298  -0.1463  -0.0138  -0.2178  -0.0624  -0.2641
  0.0301  -0.1520  -0.0167  -0.2110  -0.0632  -0.2707
  0.0327  -0.1622  -0.0125  -0.1872  -0.0720  -0.2921
  0.0223  -0.1809  -0.0112  -0.1964  -0.0593  -0.2715
 -0.0134  -0.1937  -0.0294  -0.2514  -0.0382  -0.2774
 -0.0080  -0.1942  -0.0276  -0.2709  -0.0381  -0.2713
 -0.0098  -0.1957  -0.0230  -0.2833  -0.0400  -0.2749
 -0.0058  -0.3067   0.0125  -0.2474  -0.0343  -0.2831
 -0.0135  -0.3058   0.0023  -0.2693  -0.0269  -0.2961
 -0.0010  -0.2591  -0.0126  -0.2469  -0.0474  -0.2912
 -0.0067  -0.2730  -0.0122  -0.2580  -0.0390  -0.2794
 -0.0221  -0.2845  -0.0187  -0.2643  -0.0332  -0.2985
 -0.0231  -0.2920  -0.0227  -0.2693  -0.0250  -0.2579
 -0.0304  -0.3242  -0.0224  -0.2530  -0.0332  -0.2764
 -0.0383  -0.3431  -0.0075  -0.2891  -0.0031  -0.2687
 -0.0551  -0.3836  -0.0249  -0.2617  -0.0165  -0.2733
