 -0.1658  -0.1288  -0.3332   0.6990  -0.1639   0.3908
 -0.1534  -0.1508  -0.3640   0.7915  -0.1731   0.4662
 -0.1553  -0.1520  -0.3482   0.7594  -0.1637   0.4409
 -0.1426  -0.1560  -0.3452   0.7375  -0.1701   0.4284
 -0.1600  -0.1388  -0.3485   0.7323  -0.1698   0.4309
 -0.1588  -0.1384  -0.3582   0.7155  -0.1866   0.3994
 -0.1785  -0.1580  -0.3732   0.7354  -0.1820   0.4075
 -0.1724  -0.1826  -0.3625   0.7402  -0.1767   0.3997
 -0.1654  -0.1352  -0.3476   0.7010  -0.1741   0.4026
 -0.1636  -0.1160  -0.3468   0.6737  -0.1689   0.3737
 -0.1542  -0.1539  -0.3426   0.6623  -0.1739   0.3843
 -0.1494  -0.1685  -0.3394   0.6858  -0.1683   0.3710
 -0.1553  -0.1632  -0.3327   0.6407  -0.1628   0.3455
 -0.1509  -0.1617  -0.3142   0.6321  -0.1632   0.3678
 -0.1495  -0.1553  -0.3116   0.6292  -0.1722   0.3703
 -0.1726  -0.1658  -0.3323   0.6309  -0.1744   0.3530
 -0.1677  -0.1641  -0.3396   0.6614  -0.1721   0.3563
 -0.1551  -0.1524  -0.3052   0.6180  -0.1636   0.3190
 -0.1590  -0.1221  -0.3028   0.6295  -0.1607   0.3637
 -0.1410  -0.1428  -0.3083   0.6363  -0.1784   0.3547
 -0.1178  -0.1550  -0.2935   0.6202  -0.1839   0.3210
 -0.1176  -0.1425  -0.3111   0.6305  -0.1846   0.3466
 -0.1201  -0.1349  -0.3005   0.5779  -0.1753   0.2944
 -0.1294  -0.1177  -0.2964   0.5780  -0.1599   0.3226
 -0.1362  -0.1252  -0.3003   0.5762  -0.1625   0.3031
 -0.1423  -0.1264  -0.2844   0.5251  -0.1590   0.3182
 -0.1458  -0.1182  -0.2700   0.5109  -0.1566   0.3128
 -0.1514  -0.1217  -0.2787   0.5084  -0.1546   0.2884
 -0.1679  -0.1197  -0.2905   0.5438  -0.1493   0.2880
 -0.1710  -0.1099  -0.2975   0.5549  -0.1517   0.2962
 -0.1642  -0.0983  -0.2920   0.5075  -0.1461   0.3090
 -0.1670  -0.1038  -0.2744   0.5161  -0.1387   0.2981
 -0.1626  -0.0960  -0.2701   0.5027  -0.1388   0.2687
 -0.1568  -0.0824  -0.2641   0.4957  -0.1314   0.2740
 -0.1529  -0.0876  -0.2774   0.5474  -0.1331   0.2885
 -0.1517  -0.0765  -0.2809   0.5519  -0.1420   0.2861
 -0.1532  -0.0832  -0.2675   0.5057  -0.1291   0.2669
 -0.1451  -0.1030  -0.2609   0.5274  -0.1227   0.2617
 -0.1506  -0.0858  -0.2580   0.4982  -0.1193   0.2613
 -0.1399  -0.0813  -0.2543   0.5079  -0.1218   0.2448
 -0.1408  -0.0721  -0.2479   0.4936  -0.1080   0.2419
 -0.1329  -0.0785  -0.2449   0.4806  -0.0961   0.2166
 -0.1090  -0.0628  -0.2148   0.4716  -0.1068   0.2446
 -0.1062  -0.0833  -0.2057   0.4332  -0.1176   0.2474
 -0.0970  -0.0718  -0.1948   0.4323  -0.1096   0.2389
 -0.1281  -0.0532  -0.2100   0.3765  -0.1051   0.2192
 -0.1380  -0.0382  -0.2130   0.3933  -0.1032   0.2047
 -0.0969  -0.0525  -0.1782   0.3316  -0.0970   0.1987
 -0.1046  -0.0587  -0.1681   0.3823  -0.0738   0.1936
 -0.0932  -0.0541  -0.1815   0.3975  -0.0757   0.1740
 -0.0994  -0.0667  -0.1989   0.3594  -0.0904   0.1970
 -0.0946  -0.0671  -0.1868   0.3836  -0.0875   0.2070
 -0.0992  -0.0624  -0.1845   0.3722  -0.0855   0.1576
 -0.0970  -0.0591  -0.1817   0.3925  -0.0747   0.1485
 -0.0910  -0.0549  -0.1855   0.3743  -0.0831   0.1773
 -0.0893  -0.0609  -0.1837   0.3380  -0.0838   0.1474
 -0.1064  -0.0781  -0.1825   0.3341  -0.0784   0.1398
 -0.1099  -0.0845  -0.1824   0.3189  -0.0786   0.1341
 -0.1116  -0.0708  -0.1788   0.3005  -0.0813   0.1458
 -0.0933  -0.0650  -0.1540   0.2843  -0.0817   0.1597
 -0.0873  -0.0703  -0.1473   0.2879  -0.0759   0.1599
 -0.0764  -0.0651  -0.1505   0.3037  -0.0793   0.1467
 -0.0966  -0.0746  -0.1551   0.2733  -0.0631   0.1355
 -0.1128  -0.0774  -0.1582   0.2721  -0.0624   0.1509
 -0.0963  -0.0752  -0.1450   0.2654  -0.0716   0.1446
 -0.1004  -0.0663  -0.1487   0.2599  -0.0759   0.1359
 -0.0817  -0.0650  -0.1226   0.2142  -0.0762   0.1189
 -0.0846  -0.0379  -0.1151   0.2082  -0.0631   0.1175
 -0.0839  -0.0485  -0.1058   0.2047  -0.0671   0.1037
 -0.0765  -0.0497  -0.1193   0.2319  -0.0586   0.1235
 -0.0706  -0.0645  -0.0921   0.1528  -0.0470   0.1178
 -0.0736  -0.0588  -0.0766   0.0451  -0.0320   0.0786
 -0.0841  -0.0601  -0.1034   0.1212  -0.0299   0.0734
 -0.0801  -0.0666  -0.0901   0.1072  -0.0238   0.0579
 -0.0772  -0.0566  -0.0887   0.1391  -0.0179   0.0648
 -0.0679  -0.0508  -0.0917   0.1349  -0.0295   0.0610
 -0.0698  -0.0483  -0.0872   0.1341  -0.0376   0.0594
 -0.0551  -0.0593  -0.0685   0.1284  -0.0353   0.0544
 -0.0531  -0.0436  -0.0686   0.1290  -0.0347   0.0465
 -0.0539  -0.0413  -0.0705   0.1375  -0.0253   0.0460
 -0.0510  -0.0466  -0.0796   0.1318  -0.0233   0.0388
 -0.0479  -0.0329  -0.0692   0.1178  -0.0166   0.0627
 -0.0447  -0.0315  -0.0535   0.0925  -0.0091   0.0527
 -0.0454  -0.0377  -0.0642   0.0906  -0.0067   0.0415
 -0.0292  -0.0528  -0.0701   0.0925  -0.0030   0.0389
 -0.0325  -0.0372  -0.0594   0.1031  -0.0014   0.0242
 -0.0315  -0.0446  -0.0572   0.0837  -0.0039   0.0308
 -0.0306  -0.0469  -0.0510   0.0830  -0.0002   0.0385
 -0.0351  -0.0466  -0.0553   0.0851   0.0063   0.0323
 -0.0316  -0.0452  -0.0480   0.0602   0.0072   0.0309
 -0.0426  -0.0449  -0.0458   0.0553   0.0142   0.0138
 -0.0383  -0.0631  -0.0485   0.0399   0.0059   0.0106
 -0.0336  -0.0488  -0.0505   0.0322   0.0100   0.0131
 -0.0341  -0.0487  -0.0572   0.0395   0.0132   0.0047
 -0.0247  -0.0553  -0.0572   0.0345   0.0029   0.0045
 -0.0163  -0.0522  -0.0532   0.0176   0.0123  -0.0137
 -0.0226  -0.0451  -0.0539   0.0355   0.0083   0.0167
 -0.0198  -0.0308  -0.0497   0.0287   0.0041   0.0065
 -0.0299  -0.0346  -0.0432   0.0291   0.0084   0.0119
 -0.0315  -0.0289  -0.0501   0.0351   0.0054   0.0106
 -0.0331  -0.0205  -0.0384   0.0111   0.0021   0.0129
 -0.0238  -0.0325  -0.0304   0.0101  -0.0016  -0.0003
 -0.0263  -0.0333  -0.0325   0.0141   0.0090   0.0068
 -0.0222  -0.0534  -0.0283   0.0345   0.0094  -0.0064
 -0.0348  -0.0370  -0.0336   0.0144   0.0019  -0.0136
 -0.0455  -0.0320  -0.0350   0.0055   0.0124  -0.0302
 -0.0297  -0.0008  -0.0102  -0.0160   0.0281  -0.0481
 -0.0371  -0.0045  -0.0084  -0.0458   0.0151  -0.0584
 -0.0304  -0.0027  -0.0116  -0.0507   0.0279  -0.0510
 -0.0295   0.0011  -0.0108  -0.0481   0.0152  -0.0543
 -0.0159   0.0178  -0.0027  -0.0535   0.0314  -0.0536
 -0.0080  -0.0011   0.0066  -0.0499   0.0271  -0.0509
 -0.0140  -0.0060   0.0035  -0.0498   0.0303  -0.0605
 -0.0128  -0.0037   0.0032  -0.0643   0.0215  -0.0848
 -0.0157  -0.0045  -0.0117  -0.0680   0.0183  -0.0718
 -0.0048   0.0043   0.0012  -0.0507   0.0251  -0.0636
  0.0085   0.0079   0.0145  -0.0520   0.0171  -0.0521
  0.0153   0.0207   0.0289  -0.0520   0.0133  -0.0374
  0.0167   0.0166   0.0271  -0.0500   0.0051  -0.0558
  0.0222   0.0119   0.0282  -0.0800   0.0078  -0.0880
  0.0416   0.0100   0.0244  -0.0487   0.0027  -0.0522
  0.0439   0.0097   0.0361  -0.0531   0.0112  -0.0582
  0.0343   0.0078   0.0285  -0.0579   0.0070  -0.0739
  0.0356   0.0186   0.0351  -0.0613   0.0159  -0.0782
  0.0427   0.0101   0.0336  -0.0629   0.0145  -0.0763
  0.0332   0.0060   0.0292  -0.0655   0.0152  -0.0505
  0.0344   0.0225   0.0312  -0.0728   0.0039  -0.0590
  0.0361   0.0160   0.0358  -0.0976   0.0090  -0.0661
  0.0337   0.0193   0.0424  -0.1111   0.0244  -0.0889
  0.0264   0.0157   0.0461  -0.1398   0.0189  -0.1029
  0.0358   0.0153   0.0446  -0.1521   0.0209  -0.0943
  0.0478   0.0187   0.0421  -0.1438   0.0229  -0.0830
  0.0316   0.0082   0.0261  -0.1226   0.0256  -0.0621
  0.0142   0.0210   0.0226  -0.1537   0.0292  -0.0751
  0.0305   0.0159   0.0204  -0.1177   0.0275  -0.0999
  0.0278   0.0151   0.0142  -0.1218   0.0279  -0.1223
  0.0381   0.0173   0.0162  -0.0971   0.0223  -0.0926
  0.0353  -0.0032   0.0102  -0.0926   0.0249  -0.1095
  0.0344  -0.0088   0.0099  -0.1126   0.0264  -0.1195
  0.0186   0.0045   0.0066  -0.1376   0.0379  -0.0903
  0.0189  -0.0045   0.0168  -0.1614   0.0296  -0.1079
  0.0194   0.0084   0.0138  -0.1748   0.0323  -0.0750
  0.0281  -0.0003   0.0071  -0.1659   0.0219  -0.0930
  0.0389   0.0138   0.0191  -0.1688   0.0193  -0.1163
  0.0422   0.0147   0.0335  -0.1740   0.0299  -0.1126
  0.0409   0.0273   0.0397  -0.1864   0.0381  -0.1042
  0.0423   0.0125   0.0448  -0.1816   0.0458  -0.0856
  0.0435   0.0410   0.0563  -0.2130   0.0371  -0.1089
  0.0183   0.0454   0.0856  -0.1979   0.0554  -0.1040
  0.0160   0.0592   0.0845  -0.2038   0.0545  -0.0988
  0.0167   0.0361   0.0791  -0.1657   0.0511  -0.1134
  0.0203   0.0381   0.0902  -0.1805   0.0466  -0.1390
  0.0251   0.0466   0.0900  -0.1924   0.0430  -0.1069
  0.0337   0.0396   0.0916  -0.2062   0.0501  -0.1299
  0.0296   0.0637   0.0971  -0.2393   0.0615  -0.1368
  0.0333   0.0564   0.1049  -0.2507   0.0633  -0.1387
  0.0309   0.0585   0.1149  -0.2703   0.0702  -0.1300
  0.0425   0.0572   0.1117  -0.2256   0.0628  -0.1111
  0.0502   0.0616   0.1110  -0.2153   0.0546  -0.1151
  0.0675   0.0537   0.1255  -0.2049   0.0780  -0.1133
  0.0767   0.0498   0.1402  -0.2182   0.0989  -0.1387
  0.0664   0.0412   0.1251  -0.1974   0.0895  -0.1189
  0.0627   0.0412   0.1286  -0.2079   0.0868  -0.1336
  0.0600   0.0451   0.1279  -0.2193   0.0881  -0.1164
  0.0599   0.0485   0.1324  -0.2279   0.0976  -0.1262
  0.0656   0.0452   0.1315  -0.2341   0.0928  -0.1254
  0.0702   0.0534   0.1361  -0.2553   0.0929  -0.1402
  0.0772   0.0513   0.1477  -0.2607   0.0836  -0.1419
  0.0845   0.0515   0.1557  -0.2772   0.0758  -0.1395
  0.0853   0.0637   0.1600  -0.3074   0.0935  -0.1421
  0.0759   0.0602   0.1618  -0.2848   0.1017  -0.1587
  0.0626   0.0515   0.1556  -0.2849   0.1014  -0.1706
  0.0663   0.0676   0.1665  -0.2923   0.0969  -0.1487
  0.0627   0.0508   0.1698  -0.2862   0.0949  -0.1521
  0.0650   0.0515   0.1801  -0.3166   0.0984  -0.1637
  0.0675   0.0643   0.1812  -0.3328   0.0987  -0.1832
  0.0635   0.0754   0.1753  -0.3339   0.1021  -0.1794
  0.0719   0.0746   0.1724  -0.3158   0.0986  -0.1757
  0.0713   0.0752   0.1645  -0.3217   0.0962  -0.1798
  0.0699   0.0923   0.1742  -0.3601   0.0988  -0.1563
  0.0749   0.0800   0.1826  -0.3248   0.0949  -0.1689
  0.0848   0.0677   0.1798  -0.3024   0.0824  -0.1816
  0.0992   0.0772   0.1758  -0.3108   0.0828  -0.1837
  0.1205   0.0904   0.1932  -0.3482   0.0682  -0.1860
  0.1253   0.0784   0.1971  -0.3397   0.0756  -0.1982
  0.1222   0.0863   0.1973  -0.3456   0.0804  -0.1771
  0.1227   0.0921   0.1912  -0.3453   0.0797  -0.1786
  0.1162   0.0964   0.1858  -0.3733   0.0759  -0.1686
  0.1259   0.0929   0.1851  -0.3934   0.0802  -0.1743
  0.1177   0.0932   0.1982  -0.3816   0.0753  -0.1936
  0.1165   0.0812   0.2037  -0.3698   0.0752  -0.1828
  0.1233   0.0862   0.2069  -0.3831   0.0703  -0.1810
  0.1307   0.0980   0.2259  -0.4185   0.0684  -0.1756
  0.1284   0.1065   0.2245  -0.4096   0.0678  -0.1837
  0.1286   0.1034   0.2255  -0.3896   0.0828  -0.1852
  0.1280   0.0963   0.2240  -0.3777   0.0828  -0.1886
  0.1291   0.0737   0.2242  -0.4126   0.0736  -0.1931
  0.1282   0.0772   0.2332  -0.4059   0.0727  -0.2004
  0.1276   0.0790   0.2347  -0.3970   0.0816  -0.1877
  0.1310   0.0741   0.2251  -0.4003   0.0876  -0.2162
  0.1213   0.1063   0.2241  -0.4529   0.0777  -0.2065
  0.1270   0.0968   0.2306  -0.4476   0.0791  -0.2182
  0.1263   0.0922   0.2444  -0.4671   0.0866  -0.2058
  0.1316   0.1001   0.2470  -0.4577   0.0855  -0.1652
  0.1347   0.1127   0.2343  -0.4357   0.0841  -0.1932
  0.1330   0.1029   0.2264  -0.4126   0.0901  -0.2162
  0.1387   0.1068   0.2272  -0.4235   0.0928  -0.1946
  0.1377   0.1009   0.2326  -0.4225   0.0965  -0.2119
  0.1371   0.0940   0.2495  -0.4596   0.1015  -0.2172
  0.1460   0.1140   0.2720  -0.4946   0.1108  -0.2137
  0.1395   0.1197   0.2627  -0.4696   0.1072  -0.2041
  0.1371   0.1242   0.2586  -0.4679   0.1059  -0.2066
  0.1338   0.1254   0.2583  -0.4326   0.0994  -0.2021
  0.1315   0.1289   0.2466  -0.4341   0.0966  -0.2084
  0.1433   0.1098   0.2482  -0.4306   0.1010  -0.2071
  0.1434   0.1159   0.2501  -0.4181   0.1000  -0.2195
  0.1509   0.1162   0.2473  -0.4326   0.1059  -0.2226
  0.1491   0.1232   0.2403  -0.4409   0.0947  -0.2217
  0.1651   0.1215   0.2530  -0.4261   0.0849  -0.2171
  0.1601   0.1159   0.2610  -0.4540   0.1028  -0.2162
  0.1631   0.1228   0.2745  -0.4846   0.1142  -0.2184
  0.1689   0.1343   0.2746  -0.4936   0.1151  -0.2309
  0.1607   0.1558   0.2757  -0.5018   0.1067  -0.2288
  0.1549   0.1160   0.2747  -0.4640   0.1088  -0.2246
  0.1637   0.1345   0.2823  -0.4831   0.1019  -0.2249
  0.1623   0.1649   0.2903  -0.5153   0.1124  -0.2321
  0.1710   0.1610   0.2951  -0.4868   0.1112  -0.2304
  0.1749   0.1540   0.2959  -0.4812   0.1097  -0.2390
  0.1794   0.1592   0.2968  -0.5083   0.1193  -0.2244
  0.1961   0.1566   0.3260  -0.5034   0.1210  -0.2136
  0.1938   0.1607   0.3389  -0.5201   0.1218  -0.2493
  0.1791   0.1461   0.2997  -0.5449   0.1353  -0.2579
  0.1889   0.1568   0.3003  -0.5469   0.1350  -0.2444
  0.1894   0.1658   0.2922  -0.5369   0.1264  -0.2351
  0.1883   0.1429   0.3118  -0.5287   0.1309  -0.2537
  0.1894   0.1579   0.3215  -0.5582   0.1112  -0.2381
