  0.0221   0.0027   0.0359   0.2263   0.0219  -0.0358
  0.0239   0.0433   0.0259   0.1148   0.0161  -0.0327
  0.0107   0.1144  -0.0014   0.1368   0.0121  -0.0222
  0.0002   0.1175   0.0104   0.1050  -0.0063  -0.0264
  0.0289   0.0825   0.0043   0.1582  -0.0012  -0.0412
  0.0446   0.0461   0.0100   0.1605  -0.0012  -0.0531
 -0.0438   0.1039  -0.0038   0.1105  -0.0177  -0.0495
 -0.0101   0.0813  -0.0591   0.1371  -0.0180  -0.0201
  0.0262   0.1144  -0.0601   0.1724  -0.0239  -0.0237
  0.0366  -0.0476  -0.0123   0.1745   0.0150  -0.0281
  0.0549  -0.1048   0.1158   0.1708   0.0299  -0.0157
 -0.1179  -0.0483   0.0016   0.2157  -0.0209  -0.0490
 -0.0471   0.0150  -0.0089   0.2467  -0.0147  -0.0673
 -0.1762   0.1046  -0.0719   0.2082  -0.0323  -0.0183
 -0.1378   0.1138  -0.1137   0.2045  -0.0332  -0.0311
 -0.0465   0.0611  -0.0635   0.1796  -0.0251  -0.0127
 -0.1001  -0.2671  -0.0134   0.1568   0.0866   0.0414
 -0.1044   0.0664  -0.0810   0.0428   0.0169   0.0420
 -0.0354  -0.1044  -0.0175   0.0220  -0.0200   0.0623
  0.0081   0.0739   0.0009  -0.0818  -0.0611   0.0918
  0.0187   0.0194   0.0029  -0.0472  -0.0562   0.0782
 -0.0197   0.0535   0.0035  -0.0109  -0.0353   0.0581
  0.0104   0.0512   0.0053  -0.0340  -0.0389   0.0801
 -0.0018   0.1536  -0.0184  -0.1108  -0.0581   0.1127
 -0.0273   0.0776  -0.0178  -0.0615  -0.0429   0.1083
 -0.0145   0.1731  -0.0365  -0.1224  -0.0408   0.1117
  0.0413   0.0373   0.0803   0.0225  -0.0616   0.0298
  0.1043  -0.0349   0.1269   0.0166  -0.0527   0.0637
  0.1294  -0.0060   0.0638   0.1868   0.0062  -0.0266
  0.1157   0.0238   0.0840   0.3476   0.0166  -0.0797
  0.0885   0.0073   0.0518   0.2771   0.0315  -0.0678
  0.0706   0.0437   0.0482   0.3352   0.0276  -0.0920
  0.0681   0.0082   0.0323   0.2902   0.0213  -0.0576
  0.0534   0.0892   0.0348   0.2500   0.0054  -0.0785
  0.0492   0.0938   0.0403   0.1837  -0.0031  -0.0752
  0.0398   0.0963   0.0071   0.2102  -0.0050  -0.0551
  0.0776   0.0440   0.0326   0.1762  -0.0094  -0.0260
  0.0416   0.1053   0.0155   0.1848  -0.0114  -0.0425
  0.0884  -0.0004   0.0535   0.1654  -0.0083  -0.0195
  0.0367   0.0946   0.0273   0.2284   0.0064  -0.0642
  0.1336  -0.3724   0.1013   0.1839   0.0555   0.0382
  0.1961  -0.9418   0.1755   0.1714   0.0637   0.1147
  0.1690  -0.5342   0.1093   0.1424   0.0229   0.0292
  0.1919  -0.6439   0.1671   0.1865   0.0187   0.0256
  0.1040  -1.5597   0.3127   0.3319   0.0634   0.1313
  0.1094  -1.3125   0.1923   0.2876   0.0758   0.0657
  0.0630  -1.1772   0.1603   0.3129   0.0588   0.0169
  0.2058  -0.8560   0.1906   0.2967   0.0455   0.0126
  0.1693  -0.4676   0.1716   0.3004   0.0238  -0.0098
  0.1114  -0.8664   0.1197   0.3867   0.0486  -0.0072
  0.0647  -0.6203   0.0987   0.4054   0.0270  -0.0334
  0.1134  -0.8320   0.1482   0.3490   0.0446  -0.0138
  0.2096  -0.7586   0.1156   0.3976   0.0644  -0.0294
  0.2216  -0.6946   0.1935   0.4475   0.0400  -0.0608
  0.2478  -0.6319   0.2239   0.5148   0.0555  -0.0960
  0.2094  -0.5688   0.1682   0.3792   0.0403  -0.0571
  0.1917  -0.4681   0.1429   0.4208   0.0248  -0.0844
  0.1713  -0.4222   0.1452   0.3624   0.0372  -0.0810
  0.1662  -0.3324   0.1349   0.3763   0.0343  -0.0864
  0.1642  -0.3271   0.1438   0.2982   0.0228  -0.0759
  0.1833  -0.2737   0.1663   0.3190  -0.0073  -0.0743
  0.0514  -0.1596   0.0815   0.2890  -0.0155  -0.0856
  0.0882  -0.1639   0.0393   0.4099   0.0184  -0.1210
  0.1979  -0.2205   0.1515   0.2790   0.0293  -0.0658
  0.1551  -0.1347   0.0910   0.2721  -0.0065  -0.0639
  0.1177  -0.1016   0.0657   0.2103   0.0236  -0.0399
  0.0957  -0.1063   0.1012   0.3654  -0.0030  -0.1388
  0.1475  -0.1579   0.1073   0.3637  -0.0074  -0.1176
  0.1077  -0.0993   0.0435   0.2114   0.0118  -0.0515
  0.1367  -0.1197   0.0812   0.2182   0.0053  -0.0571
  0.1086  -0.1143   0.0644   0.2185   0.0153  -0.0588
  0.1104  -0.1111   0.0744   0.2344   0.0022  -0.0672
  0.1063  -0.1205   0.0708   0.2614   0.0069  -0.0693
  0.1209  -0.1031   0.0616   0.2217   0.0178  -0.0559
  0.1978  -0.0746   0.0780   0.2286   0.0441  -0.0375
  0.0995  -0.0343  -0.0113   0.2117   0.0005  -0.0613
  0.0603  -0.3294   0.0633   0.4796   0.0189  -0.1635
  0.1032   0.0284   0.0714   0.0403  -0.0470  -0.0649
  0.0286   0.1859  -0.0391  -0.2182  -0.0496   0.0299
  0.1023   0.2029  -0.0199  -0.1705  -0.0506   0.0723
 -0.1038   0.2755  -0.2539  -0.3998  -0.0406   0.2322
 -0.1546   0.0970  -0.2157  -0.2386  -0.0117   0.1488
 -0.0157   0.0022  -0.0696  -0.1411   0.0374   0.0844
  0.0201  -0.2706  -0.0028   0.0259   0.0645   0.0498
  0.0304   0.0969  -0.0300  -0.0188   0.0893   0.0586
  0.0110   0.0643  -0.0641  -0.0123   0.0720   0.0764
 -0.0219   0.0226  -0.0658  -0.0286   0.0482   0.0349
  0.0137   0.0097  -0.0212  -0.0539   0.0776   0.0612
 -0.0451   0.1467  -0.0362   0.0341   0.0397   0.0022
 -0.0683   0.3452  -0.0618  -0.0217   0.1159   0.0246
 -0.1271   0.6995  -0.0273  -0.0293   0.0586   0.0207
 -0.0414   0.4007  -0.0575  -0.0607   0.0534   0.0417
 -0.1736   0.2916  -0.1384  -0.1328   0.0671   0.0577
 -0.1224   0.3350  -0.1016  -0.1656  -0.0053  -0.0021
 -0.2493   0.5721  -0.0248  -0.1464   0.0510   0.0312
 -0.1841   0.5638  -0.1300  -0.1368   0.0371   0.0209
 -0.5143   1.2087  -0.1212  -0.0552   0.1218  -0.0623
 -0.4889   0.9687  -0.2027   0.0055   0.1054  -0.0501
 -0.3181   0.6013  -0.2266  -0.1062   0.0727   0.0180
 -0.4016   0.6832  -0.1945  -0.1116   0.0443   0.0049
 -0.2124   0.7639  -0.2555  -0.1289   0.0784   0.0299
 -0.2533   0.4876  -0.1682  -0.0766   0.0383  -0.0401
 -0.3424   0.7791  -0.2328  -0.0527   0.0641  -0.0430
 -0.6072   0.9588  -0.3269  -0.0049   0.0506  -0.1001
 -0.4698   1.2124  -0.3450   0.0361   0.0949  -0.0858
 -0.4325   1.4837  -0.3132   0.0815   0.1286  -0.1367
 -0.3970   1.0067  -0.3126  -0.1040   0.0442  -0.0226
 -0.4934   0.7232  -0.2722  -0.0496   0.0158  -0.0365
 -0.4084   0.6214  -0.2361  -0.0980   0.0179  -0.0283
 -0.3228   0.7625  -0.2268  -0.0998   0.0538   0.0134
 -0.4575   1.1027  -0.1458  -0.1065   0.0671  -0.0069
 -0.5532   0.9031  -0.2066   0.0125   0.1092  -0.1050
 -0.2908   0.7000  -0.1133  -0.0145   0.0613  -0.0411
 -0.3240   0.4069  -0.1838  -0.0565   0.0994   0.0148
 -0.1695   0.2949  -0.1524  -0.2001  -0.0854   0.0509
 -0.1538   0.3475  -0.0990  -0.1391  -0.0818   0.0404
 -0.1303   0.3001  -0.1115  -0.1780  -0.0754   0.0423
 -0.1340   0.3515  -0.1255  -0.2066  -0.0470   0.0636
 -0.1556   0.3092  -0.1612  -0.1394  -0.0493   0.0323
 -0.1391   0.3150  -0.1466  -0.1245  -0.0298   0.0378
 -0.1800   0.4308  -0.1685  -0.1073  -0.0817   0.0028
  0.0842  -0.1160   0.0126  -0.3074  -0.0754  -0.1059
  0.1680  -0.2134   0.0291  -0.3178  -0.0565   0.0178
  0.0602   0.0497   0.0204  -0.2521  -0.0900   0.0258
  0.1203   0.0328   0.0400  -0.3247  -0.0899   0.0580
  0.0684   0.1174   0.0031  -0.3284  -0.0942   0.0563
  0.0916   0.1126  -0.0055  -0.3167  -0.0844   0.0653
  0.0683   0.1590  -0.0165  -0.2768  -0.0857   0.0513
  0.0806   0.1188  -0.0210  -0.2838  -0.0690   0.0582
 -0.0138   0.4439  -0.0424  -0.2262  -0.0976  -0.0453
 -0.0566   0.6307  -0.1099  -0.2938  -0.1292   0.0047
 -0.0123   0.6390  -0.0939  -0.2940  -0.1189   0.0309
  0.0332   0.4598  -0.1035  -0.2867  -0.0976   0.0340
  0.0095   0.3634  -0.0910  -0.2697  -0.0913   0.0400
 -0.0005   0.5328  -0.0735  -0.2572  -0.0973   0.0152
 -0.0070   0.5360  -0.1229  -0.2269  -0.0698  -0.0044
 -0.0597   0.3915  -0.1076  -0.2169  -0.0817  -0.0038
 -0.0869   0.3567  -0.0991  -0.2345  -0.0708   0.0024
 -0.0240   0.2358  -0.1061  -0.2335  -0.0552  -0.0115
 -0.0456   0.3712  -0.1173  -0.2506  -0.0873  -0.0078
 -0.0779   0.8281  -0.1802  -0.2426  -0.1275  -0.0736
 -0.1280   0.7529  -0.0845  -0.2572  -0.1094  -0.0590
 -0.1521   0.4094  -0.1355  -0.2803  -0.0535  -0.0207
 -0.1267   0.3829  -0.1515  -0.2595  -0.0898  -0.0174
 -0.0491   0.3347  -0.0981  -0.2958  -0.0449   0.0052
  0.1012  -1.3102   0.1435  -0.4382   0.0696   0.1554
  0.2552  -2.0694   0.4973  -0.2381   0.1145   0.1841
  0.3630  -2.1786   0.6139  -0.2213   0.1485   0.2268
  0.2810  -1.1568   0.3326  -0.2712   0.0207   0.1035
  0.1876  -0.5077   0.1675  -0.2606  -0.0306   0.0396
  0.1632  -0.9071   0.1598  -0.2518  -0.0013   0.0676
  0.1609  -0.5664   0.1415  -0.2625   0.0124   0.0836
  0.1023  -0.5093   0.0946  -0.2173  -0.0115   0.0654
  0.0823  -0.4718   0.0544  -0.2033  -0.0161   0.0523
  0.0429  -0.4456   0.0492  -0.2029  -0.0190   0.0373
  0.0518  -0.4841   0.0607  -0.2191  -0.0096   0.0651
  0.0583  -0.4163   0.0639  -0.1978  -0.0254   0.0553
  0.0804  -0.4202   0.0098  -0.2197  -0.0207   0.0576
  0.0039  -0.2443   0.0316  -0.2274  -0.0366   0.0497
 -0.0268  -0.2378   0.0377  -0.2474  -0.0270   0.0799
 -0.0027  -0.4210   0.0349  -0.2266  -0.0303   0.0477
  0.0141  -0.4162   0.0450  -0.2353  -0.0368   0.0557
  0.0670  -0.4310   0.0635  -0.2376  -0.0240   0.0573
  0.0689  -0.3462   0.0496  -0.2064   0.0063   0.0504
  0.0922  -0.4506   0.0284  -0.1786   0.0113   0.0512
  0.1231  -0.3496   0.0294  -0.1874  -0.0011   0.0443
  0.1013  -0.3974   0.0497  -0.2020  -0.0085   0.0444
  0.0770  -0.2528   0.0207  -0.2180  -0.0203   0.0492
  0.0804  -0.2458   0.0615  -0.1825  -0.0263   0.0341
  0.0904  -0.2231   0.0052  -0.1627   0.0046   0.0179
  0.0852  -0.2401   0.0351  -0.0796  -0.0211  -0.0160
  0.1097  -0.2604   0.0795  -0.0657   0.0086  -0.0232
  0.1033  -0.2826   0.0729  -0.0931   0.0104  -0.0134
  0.1249  -0.1996   0.1418  -0.0800   0.0997   0.0057
  0.0668  -0.0741   0.0790  -0.1171   0.0310  -0.0211
  0.0628  -0.0060   0.0234  -0.1042   0.0338  -0.0034
