  0.0072   1.2335  -0.1452  -0.8920   0.0700   0.2076
  0.0179   1.2798  -0.1730  -0.7321   0.0607   0.2125
  0.0213   1.2813  -0.1581  -0.7930   0.0680   0.2193
  0.0207   1.2490  -0.1722  -0.7583   0.0559   0.1925
  0.0129   1.2370  -0.1667  -0.7789   0.0717   0.1895
  0.0130   1.1944  -0.1631  -0.7463   0.0709   0.2073
  0.0143   1.2251  -0.1724  -0.7446   0.0586   0.2004
  0.0184   1.2136  -0.1652  -0.7595   0.0649   0.2152
  0.0160   1.1980  -0.1789  -0.7524   0.0622   0.1922
  0.0230   1.2366  -0.1634  -0.7502   0.0552   0.1970
  0.0242   1.2268  -0.1629  -0.7198   0.0531   0.2188
  0.0236   1.2409  -0.1673  -0.7274   0.0686   0.2019
  0.0082   1.2673  -0.1712  -0.7220   0.0652   0.1948
  0.0139   1.2269  -0.1632  -0.7092   0.0596   0.2055
  0.0228   1.2164  -0.1482  -0.7446   0.0582   0.2016
  0.0164   1.1786  -0.1547  -0.7158   0.0557   0.1655
  0.0119   1.1631  -0.1700  -0.7332   0.0488   0.1737
  0.0048   1.1651  -0.1744  -0.7135   0.0479   0.1979
  0.0009   1.1440  -0.1750  -0.7220   0.0570   0.2108
 -0.0040   1.1273  -0.1702  -0.7064   0.0618   0.1714
 -0.0054   1.1275  -0.1749  -0.6903   0.0541   0.1716
 -0.0038   1.1162  -0.1768  -0.6842   0.0409   0.1821
 -0.0070   1.0591  -0.1701  -0.6574   0.0218   0.1882
 -0.0042   1.0200  -0.1625  -0.6200   0.0314   0.1676
 -0.0001   1.0415  -0.1560  -0.6715   0.0406   0.1764
  0.0097   1.0301  -0.1454  -0.6748   0.0526   0.1878
  0.0248   0.9999  -0.1251  -0.6999   0.0706   0.1570
  0.0232   1.0017  -0.1232  -0.6930   0.0630   0.1308
  0.0176   1.0224  -0.1236  -0.7283   0.0607   0.1537
  0.0230   1.0184  -0.1061  -0.6967   0.0724   0.1433
  0.0258   1.0107  -0.1050  -0.6988   0.0697   0.1559
  0.0299   0.9867  -0.1062  -0.6855   0.0771   0.1541
  0.0310   0.9767  -0.0958  -0.6903   0.0735   0.1626
  0.0166   0.9342  -0.1050  -0.6807   0.0715   0.1443
  0.0067   0.9792  -0.1156  -0.6912   0.0674   0.1426
  0.0042   0.9299  -0.1016  -0.6735   0.0682   0.1595
 -0.0035   0.9387  -0.1131  -0.6741   0.0530   0.1448
 -0.0097   0.8345  -0.0915  -0.6513   0.0555   0.1508
 -0.0075   0.7820  -0.0941  -0.6834   0.0410   0.1426
 -0.0060   0.9286  -0.1082  -0.7158   0.0232   0.1289
 -0.0014   0.9032  -0.1003  -0.7081   0.0418   0.1578
  0.0040   0.9145  -0.0880  -0.7213   0.0381   0.1262
 -0.0017   0.8681  -0.0888  -0.6822   0.0332   0.1161
 -0.0059   0.8468  -0.0890  -0.6596   0.0227   0.1142
 -0.0125   0.8610  -0.0930  -0.6792   0.0322   0.1075
 -0.0157   0.8137  -0.0827  -0.6711   0.0359   0.1043
 -0.0095   0.7914  -0.0725  -0.6799   0.0398   0.1380
 -0.0150   0.7676  -0.0774  -0.6358   0.0291   0.1031
 -0.0160   0.7053  -0.0592  -0.6180   0.0280   0.0979
 -0.0109   0.6527  -0.0512  -0.6076   0.0311   0.1284
 -0.0156   0.6260  -0.0459  -0.5973   0.0392   0.1000
 -0.0131   0.5919  -0.0300  -0.5856   0.0351   0.0972
 -0.0205   0.5581  -0.0429  -0.5699   0.0278   0.1133
 -0.0297   0.4612  -0.0499  -0.5255   0.0134   0.1139
 -0.0213   0.3982  -0.0333  -0.5012   0.0250   0.1120
 -0.0160   0.4325  -0.0159  -0.5108   0.0426   0.1182
 -0.0123   0.3931  -0.0106  -0.5091   0.0355   0.1459
 -0.0251   0.3829  -0.0117  -0.4880   0.0307   0.1089
 -0.0260   0.3792  -0.0177  -0.5089   0.0251   0.0999
 -0.0267   0.3865  -0.0137  -0.4815   0.0354   0.1158
 -0.0269   0.4643  -0.0557  -0.5616   0.0214   0.1434
 -0.0131   0.6009  -0.0390  -0.6614   0.0334   0.1142
 -0.0237   0.5981  -0.0714  -0.6281   0.0351   0.1337
 -0.0188   0.6079  -0.0816  -0.6278   0.0245   0.1465
 -0.0082   0.6142  -0.0499  -0.6176   0.0306   0.1090
 -0.0088   0.6256  -0.0595  -0.6052   0.0251   0.1449
 -0.0034   0.6230  -0.0644  -0.6154   0.0287   0.1334
  0.0054   0.6298  -0.0517  -0.6524   0.0434   0.1192
  0.0039   0.6275  -0.0465  -0.6453   0.0605   0.1248
  0.0146   0.6456  -0.0469  -0.6432   0.0467   0.1282
  0.0093   0.6364  -0.0425  -0.6182   0.0469   0.1299
  0.0161   0.6374  -0.0405  -0.6094   0.0339   0.1233
  0.0208   0.6226  -0.0288  -0.6024   0.0497   0.1488
  0.0143   0.6018  -0.0426  -0.5984   0.0472   0.1242
  0.0116   0.6145  -0.0376  -0.6071   0.0465   0.1182
  0.0130   0.6117  -0.0324  -0.5947   0.0446   0.1288
  0.0188   0.6267  -0.0229  -0.6138   0.0462   0.1289
  0.0149   0.6185  -0.0313  -0.6243   0.0420   0.1048
  0.0098   0.6141  -0.0332  -0.6071   0.0463   0.1150
  0.0138   0.6065  -0.0314  -0.6020   0.0450   0.1346
  0.0132   0.6055  -0.0248  -0.6184   0.0488   0.1248
  0.0146   0.6293  -0.0248  -0.6497   0.0406   0.1046
  0.0153   0.6390  -0.0137  -0.6484   0.0346   0.1271
  0.0199   0.6338  -0.0265  -0.6157   0.0428   0.1270
  0.0203   0.6248  -0.0103  -0.6300   0.0484   0.0960
  0.0205   0.6001  -0.0110  -0.6261   0.0411   0.1264
  0.0135   0.5795  -0.0109  -0.6046   0.0405   0.1168
  0.0160   0.5971  -0.0002  -0.6572   0.0376   0.0945
  0.0077   0.5371  -0.0085  -0.6273   0.0395   0.1103
 -0.0039   0.4726  -0.0086  -0.5566   0.0119   0.0983
 -0.0025   0.4699  -0.0126  -0.5840   0.0132   0.1036
 -0.0017   0.4466  -0.0098  -0.5710   0.0314   0.1159
 -0.0043   0.4065  -0.0049  -0.5807   0.0305   0.0978
 -0.0002   0.3893   0.0012  -0.5589   0.0330   0.0858
 -0.0099   0.3799  -0.0313  -0.5212   0.0428   0.1206
 -0.0140   0.3916  -0.0259  -0.5350   0.0377   0.0970
 -0.0056   0.3611  -0.0071  -0.5434   0.0327   0.0987
  0.0005   0.3547  -0.0073  -0.5388   0.0358   0.1269
 -0.0120   0.3452  -0.0157  -0.5018   0.0273   0.0978
 -0.0130   0.3316  -0.0067  -0.5139   0.0232   0.0903
 -0.0122   0.3305  -0.0026  -0.5347   0.0216   0.1027
 -0.0085   0.3275   0.0004  -0.5423   0.0292   0.1135
 -0.0088   0.3439  -0.0004  -0.5711   0.0307   0.0929
 -0.0057   0.3195   0.0129  -0.5549   0.0294   0.0874
 -0.0072   0.2707   0.0145  -0.5306   0.0272   0.0988
 -0.0081   0.1562   0.0449  -0.4703   0.0301   0.1149
 -0.0038   0.1115   0.0670  -0.4476   0.0291   0.0513
  0.0044   0.1051   0.0645  -0.4377   0.0219   0.0747
  0.0146   0.0536   0.0798  -0.4174   0.0279   0.1182
  0.0157   0.0350   0.0871  -0.3967   0.0325   0.1104
  0.0152   0.0248   0.0990  -0.4116   0.0313   0.0829
  0.0245   0.0701   0.0917  -0.4200   0.0398   0.1134
  0.0124   0.0444   0.0855  -0.4144   0.0316   0.0946
  0.0118   0.0829   0.0759  -0.4290   0.0269   0.1088
  0.0141   0.0203   0.0769  -0.4025   0.0304   0.1167
  0.0176   0.0349   0.0795  -0.4256   0.0241   0.1002
  0.0237   0.0209   0.1028  -0.4361   0.0428   0.0991
  0.0172   0.0263   0.0896  -0.4480   0.0445   0.1160
  0.0090   0.0318   0.0772  -0.4278   0.0387   0.0909
  0.0157   0.0167   0.0912  -0.4225   0.0386   0.0933
  0.0133   0.0160   0.0897  -0.4393   0.0368   0.0983
  0.0171   0.0195   0.0949  -0.4458   0.0352   0.0706
  0.0030   0.0150   0.0848  -0.4177   0.0269   0.0659
  0.0039   0.0663   0.0832  -0.4957   0.0448   0.1073
 -0.0052   0.1909   0.0352  -0.5834   0.0466   0.0739
  0.0231   0.1838   0.0456  -0.5333   0.0199   0.0583
 -0.0288   0.1836   0.0027  -0.5098   0.0190   0.0804
  0.0051   0.2135  -0.0102  -0.4450   0.0165   0.0420
 -0.0145   0.1800  -0.0313  -0.4677   0.0262   0.0897
 -0.0237   0.1772  -0.0186  -0.4349   0.0134   0.0455
  0.0023   0.2105  -0.0085  -0.5123   0.0276   0.0750
  0.0172   0.1858   0.0116  -0.5031   0.0265   0.0918
  0.0037   0.2585   0.0258  -0.5762   0.0518   0.0887
 -0.0457   0.2463  -0.0282  -0.4063   0.0349   0.0083
 -0.0801   0.2180  -0.0618  -0.3501   0.0047  -0.0421
 -0.0938   0.1905  -0.0501  -0.0408   0.0022  -0.1431
 -0.0684   0.1130  -0.0536  -0.2163  -0.0194  -0.0610
 -0.0642   0.0310  -0.0714   0.0194  -0.0376  -0.1147
 -0.0629   0.0716  -0.0734   0.2368  -0.0525  -0.2050
 -0.0499   0.0176  -0.0512   0.3276  -0.0567  -0.1675
 -0.0306  -0.0201  -0.0416   0.4063  -0.0520  -0.1824
 -0.0256  -0.0028  -0.0363   0.3719  -0.0460  -0.2061
 -0.0141  -0.0368  -0.0151   0.4468  -0.0312  -0.1774
 -0.0157  -0.0664  -0.0198   0.4474  -0.0292  -0.1640
 -0.0149  -0.1025  -0.0172   0.4983  -0.0331  -0.1947
 -0.0128  -0.1492  -0.0150   0.5085  -0.0373  -0.1799
 -0.0395  -0.3168  -0.0618   0.6165  -0.0737  -0.1616
 -0.0434  -0.3485  -0.0775   0.6355  -0.0823  -0.1903
 -0.0330  -0.3002  -0.0703   0.6496  -0.0881  -0.1820
 -0.0384  -0.3825  -0.0905   0.6993  -0.0896  -0.1293
 -0.0440  -0.4837  -0.1062   0.7923  -0.1083  -0.1498
 -0.0403  -0.5197  -0.1026   0.8007  -0.1190  -0.1679
 -0.0406  -0.5374  -0.1072   0.8221  -0.1154  -0.1454
 -0.0350  -0.5537  -0.0825   0.8009  -0.1297  -0.1688
 -0.0210  -0.5731  -0.0702   0.8149  -0.1255  -0.1859
 -0.0283  -0.6544  -0.0558   0.8537  -0.1125  -0.1518
 -0.0225  -0.7744  -0.0289   0.9065  -0.1015  -0.1660
 -0.0217  -0.8005  -0.0212   0.9097  -0.0992  -0.1750
 -0.0274  -0.7819  -0.0278   0.9206  -0.1036  -0.1524
 -0.0305  -0.7858  -0.0379   0.9176  -0.1115  -0.1932
 -0.0222  -0.7098  -0.0271   0.8547  -0.1049  -0.1848
 -0.0127  -0.5071  -0.0133   0.6817  -0.0980  -0.1465
 -0.0035  -0.5089  -0.0235   0.6582  -0.1017  -0.1650
 -0.0024  -0.5562  -0.0157   0.7166  -0.1029  -0.2100
  0.0099  -0.5108  -0.0050   0.6922  -0.0968  -0.1781
  0.0171  -0.5740   0.0069   0.7170  -0.0886  -0.1667
  0.0155  -0.4873  -0.0046   0.5577  -0.0811  -0.1737
  0.0033  -0.3551  -0.0176   0.4354  -0.0819  -0.1390
  0.0110  -0.4592  -0.0110   0.5918  -0.0831  -0.1627
  0.0231  -0.4870  -0.0024   0.6198  -0.0813  -0.1532
  0.0264  -0.5107   0.0017   0.6729  -0.0759  -0.1426
  0.0161  -0.5729  -0.0065   0.6766  -0.0663  -0.1385
  0.0176  -0.6222  -0.0046   0.7284  -0.0879  -0.1635
  0.0095  -0.6801  -0.0048   0.7499  -0.0750  -0.1149
  0.0095  -0.7001  -0.0111   0.7828  -0.0781  -0.1528
  0.0012  -0.6497  -0.0061   0.6902  -0.0714  -0.1616
  0.0069  -0.6787   0.0034   0.7612  -0.0775  -0.1439
  0.0101  -0.6857   0.0003   0.7579  -0.0654  -0.1367
  0.0278  -0.7257   0.0182   0.7983  -0.0622  -0.1621
  0.0343  -0.7205   0.0307   0.7761  -0.0713  -0.1560
  0.0236  -0.7257   0.0248   0.7801  -0.0684  -0.1249
  0.0240  -0.8464   0.0531   0.8147  -0.0620  -0.1258
  0.0190  -0.9437   0.0601   0.9218  -0.0648  -0.1462
  0.0239  -0.8637   0.0550   0.8759  -0.0576  -0.1330
 -0.0074  -0.9524   0.0339   0.9142  -0.0711  -0.1657
 -0.0390  -0.9337   0.0179   0.8417  -0.0662  -0.1735
 -0.0134  -0.9068   0.0431   0.7839  -0.0694  -0.1379
 -0.0050  -0.9122   0.0519   0.8293  -0.0812  -0.1583
  0.0161  -0.9131   0.0652   0.8415  -0.0648  -0.1303
  0.0066  -0.9237   0.0567   0.8512  -0.0610  -0.1722
  0.0091  -0.9462   0.0622   0.8879  -0.0595  -0.1607
  0.0035  -0.9906   0.0563   0.9082  -0.0531  -0.1382
  0.0014  -1.0596   0.0730   0.9538  -0.0555  -0.1494
 -0.0152  -1.1767   0.0881   1.0260  -0.0644  -0.1529
 -0.0032  -1.2075   0.1007   1.0589  -0.0625  -0.1200
 -0.0050  -1.2462   0.1004   1.0614  -0.0536  -0.1271
 -0.0100  -1.2426   0.0944   1.0602  -0.0609  -0.1304
 -0.0220  -1.2474   0.1042   1.0058  -0.0568  -0.1358
 -0.0133  -1.2499   0.1071   0.9927  -0.0536  -0.1467
 -0.0201  -1.3052   0.1157   1.0532  -0.0546  -0.1372
 -0.0286  -1.3797   0.1365   1.0791  -0.0530  -0.1441
 -0.0360  -1.4364   0.1298   1.1094  -0.0425  -0.1169
 -0.0321  -1.4157   0.1331   1.0680  -0.0416  -0.1266
 -0.0260  -1.3756   0.1367   1.0526  -0.0392  -0.1244
 -0.0029  -1.2914   0.1524   0.9787  -0.0386  -0.1253
  0.0002  -1.2216   0.1506   0.9386  -0.0291  -0.1831
  0.0030  -1.2338   0.1612   0.9147  -0.0255  -0.1878
  0.0115  -1.2129   0.1613   0.9387  -0.0254  -0.1473
  0.0052  -1.2551   0.1617   0.9594  -0.0249  -0.1551
  0.0055  -1.2941   0.1754   0.9792  -0.0321  -0.1511
  0.0056  -1.3253   0.1815   1.0258  -0.0297  -0.1152
  0.0122  -1.3682   0.1808   1.0964  -0.0268  -0.1321
  0.0123  -1.3451   0.1875   1.0749  -0.0251  -0.1302
  0.0194  -1.3234   0.1826   1.0337  -0.0252  -0.1079
  0.0243  -1.2810   0.1704   1.0333  -0.0202  -0.1282
  0.0268  -1.3039   0.1753   1.0509  -0.0202  -0.1393
  0.0187  -1.3004   0.1714   1.0477  -0.0190  -0.1096
  0.0209  -1.3326   0.1720   1.0652  -0.0199  -0.1436
  0.0260  -1.3397   0.1908   1.0473  -0.0174  -0.1362
  0.0135  -1.3463   0.1821   1.0250  -0.0145  -0.1293
  0.0081  -1.3504   0.1824   1.0225  -0.0224  -0.1517
  0.0044  -1.3452   0.1781   1.0149  -0.0197  -0.1334
  0.0078  -1.3597   0.1818   1.0143  -0.0220  -0.1656
  0.0126  -1.3826   0.1894   1.0464  -0.0232  -0.1494
  0.0134  -1.3863   0.1922   1.0491  -0.0189  -0.1046
  0.0068  -1.4227   0.2006   1.0481  -0.0158  -0.1405
  0.0028  -1.5513   0.2294   1.1265  -0.0120  -0.1110
 -0.0063  -1.6762   0.2525   1.1662  -0.0035  -0.1246
 -0.0073  -1.6773   0.2481   1.1833  -0.0112  -0.1419
 -0.0115  -1.7002   0.2475   1.2108  -0.0078  -0.1113
 -0.0110  -1.6959   0.2398   1.2023  -0.0070  -0.1314
 -0.0142  -1.6980   0.2489   1.1747  -0.0068  -0.1263
 -0.0097  -1.6886   0.2481   1.1974  -0.0049  -0.0923
 -0.0152  -1.7396   0.2573   1.2024   0.0038  -0.0938
 -0.0154  -1.7450   0.2498   1.2388  -0.0096  -0.1314
 -0.0212  -1.7936   0.2639   1.2545   0.0031  -0.0775
