  0.0467  -0.0463   0.1502  -0.4100   0.0901   0.2887
 -0.0391  -0.1131   0.1515  -0.5131   0.0973   0.3862
 -0.0278  -0.0295   0.1363  -0.5076   0.0861   0.3471
 -0.0341   0.0339   0.1260  -0.5110   0.0539   0.3254
 -0.0121   0.0727   0.1235  -0.4887   0.0452   0.2933
 -0.0041   0.0889   0.1085  -0.4723   0.0631   0.2797
 -0.0012   0.0685   0.1129  -0.4639   0.0547   0.2723
 -0.0198   0.0262   0.1330  -0.4353   0.0131   0.2772
  0.0066   0.0370   0.1247  -0.4018   0.0453   0.2637
  0.0327   0.0290   0.1354  -0.3994   0.0654   0.2440
  0.0567   0.0642   0.1288  -0.4174   0.0594   0.2244
  0.0641   0.0793   0.1181  -0.3488   0.0675   0.2150
  0.0882   0.1236   0.1311  -0.3972   0.0574   0.2013
  0.0923   0.1186   0.1203  -0.3833   0.0903   0.2016
  0.0944   0.1781   0.1173  -0.3998   0.0771   0.1909
  0.1224   0.1664   0.1334  -0.4374   0.1030   0.2013
  0.1205   0.1287   0.1513  -0.4781   0.1049   0.2123
  0.1196   0.1465   0.1342  -0.3972   0.1122   0.1890
  0.1000   0.0772   0.1112  -0.3854   0.0731   0.1888
  0.0942   0.0922   0.1108  -0.3712   0.0899   0.2010
  0.0986   0.0935   0.1038  -0.3698   0.0855   0.1946
  0.0973   0.0824   0.0871  -0.3522   0.0835   0.1907
  0.1075   0.0617   0.0889  -0.3358   0.0736   0.1883
  0.1084   0.0783   0.0959  -0.3172   0.0756   0.1823
  0.1106   0.0755   0.0769  -0.2993   0.0595   0.1597
  0.1042   0.0905   0.0693  -0.2799   0.0666   0.1453
  0.1038   0.0783   0.0849  -0.2977   0.0548   0.1473
  0.1105   0.0903   0.0871  -0.3069   0.0782   0.1364
  0.1030   0.0959   0.0785  -0.2493   0.0915   0.1162
  0.0989   0.0737   0.0921  -0.2706   0.0546   0.1327
  0.0918   0.0963   0.0765  -0.2475   0.0772   0.1197
  0.0867   0.1116   0.0801  -0.2605   0.0621   0.1164
  0.1075   0.1160   0.0752  -0.2993   0.0556   0.1311
  0.1002   0.1024   0.0771  -0.2663   0.0917   0.1202
  0.1021   0.0851   0.1051  -0.2553   0.0541   0.1155
  0.1046   0.0866   0.0836  -0.2161   0.0650   0.1023
  0.0981   0.0549   0.0755  -0.1653   0.0441   0.0801
  0.0902   0.0416   0.0755  -0.1803   0.0168   0.0854
  0.1014   0.0520   0.0816  -0.0942   0.0558   0.0599
  0.0947   0.0309   0.0845  -0.1293   0.0102   0.0657
  0.0949   0.0471   0.0755  -0.0580   0.0474   0.0365
  0.0821   0.0360   0.0643  -0.0938   0.0074   0.0365
  0.0862   0.0305   0.0621  -0.0851   0.0131   0.0399
  0.0848   0.0591   0.0451  -0.0617   0.0165   0.0266
  0.0848   0.0187   0.0646  -0.1281  -0.0022   0.0533
  0.0904   0.0513   0.0573  -0.0620   0.0335   0.0268
  0.0844   0.0261   0.0633  -0.0288   0.0363   0.0221
  0.0747   0.0282   0.0662  -0.0829   0.0068   0.0388
  0.0752   0.0364   0.0748  -0.0364   0.0415   0.0280
  0.0692   0.0272   0.0652  -0.0555   0.0308   0.0313
  0.0666   0.0598   0.0582  -0.0909   0.0286   0.0230
  0.0638   0.0539   0.0514  -0.0803   0.0367   0.0289
  0.0643   0.0398   0.0701  -0.0855   0.0363   0.0276
  0.0757   0.0358   0.0739  -0.0578   0.0474   0.0188
  0.0788   0.0347   0.0709  -0.0743   0.0384   0.0231
  0.0735   0.0432   0.0672  -0.0651   0.0457   0.0263
  0.0673   0.0403   0.0566  -0.1041   0.0358   0.0334
  0.0779   0.0432   0.0349  -0.0913   0.0425   0.0377
  0.0839   0.0559   0.0533  -0.1393   0.0432   0.0445
  0.0933   0.0755   0.0343  -0.1103   0.0714   0.0286
  0.0709  -0.1257   0.0746  -0.0504   0.0591   0.0712
  0.0757  -0.1604   0.0742   0.0101   0.0918   0.0629
  0.0528  -0.1130   0.0863  -0.0077   0.0392   0.0368
  0.0678  -0.0676   0.0247  -0.0410   0.0839   0.0366
  0.0889  -0.0298  -0.0198  -0.0612   0.0900   0.0434
  0.1017  -0.0526   0.0168  -0.0013   0.0898   0.0265
  0.0829  -0.0509  -0.0020   0.0188   0.0611   0.0210
  0.0762  -0.0395   0.0089   0.0067   0.0531   0.0143
  0.0794  -0.0614   0.0125   0.0323   0.0518   0.0145
  0.0821  -0.0637   0.0211   0.0547   0.0577   0.0048
  0.0835  -0.0640   0.0208   0.0577   0.0587   0.0028
  0.0861  -0.0606   0.0002   0.0312   0.0629   0.0020
  0.0778  -0.0691   0.0140   0.0318   0.0590   0.0175
  0.0825  -0.0771   0.0372   0.0059   0.0498   0.0275
  0.0864  -0.0376   0.0254   0.0782   0.0901  -0.0021
  0.0738  -0.0564   0.0264   0.0451   0.0568   0.0090
  0.0743  -0.0613   0.0263   0.0608   0.0644  -0.0035
  0.0728  -0.0622   0.0230   0.0821   0.0660  -0.0110
  0.0649  -0.0711   0.0260   0.0485   0.0470  -0.0084
  0.0606  -0.0745   0.0290   0.1065   0.0581  -0.0116
  0.0556  -0.0856   0.0267   0.1047   0.0469  -0.0149
  0.0533  -0.0851   0.0254   0.1132   0.0553  -0.0230
  0.0507  -0.0859   0.0281   0.1255   0.0634  -0.0244
  0.0407  -0.0622   0.0173   0.0510   0.0290  -0.0058
  0.0691  -0.0662   0.0048   0.0926   0.0496  -0.0025
  0.0435  -0.0104   0.0177   0.0593   0.0353  -0.0055
  0.0678  -0.0503   0.0003  -0.0237   0.0423   0.0103
  0.0766  -0.0976   0.0213   0.0183   0.0278   0.0098
  0.0733  -0.1116  -0.0033   0.0829   0.0580  -0.0034
  0.0670  -0.1488   0.0115   0.1142   0.0489  -0.0158
  0.0507  -0.1404   0.0140   0.1248   0.0162  -0.0166
  0.0440  -0.1345  -0.0012   0.1871   0.0201  -0.0408
  0.0190  -0.1264   0.0019   0.1465  -0.0141  -0.0364
  0.0356  -0.0992   0.0047   0.1572   0.0067  -0.0583
  0.0311  -0.0843  -0.0096   0.1892   0.0027  -0.0720
  0.0264  -0.0964  -0.0071   0.1347  -0.0247  -0.0533
  0.0279  -0.0993  -0.0092   0.1361  -0.0219  -0.0446
  0.0282  -0.0849  -0.0178   0.1659   0.0019  -0.0526
  0.0101  -0.0982  -0.0327   0.1582  -0.0211  -0.0689
  0.0092  -0.1035  -0.0103   0.1451  -0.0267  -0.0569
  0.0107  -0.0849  -0.0196   0.1616   0.0075  -0.0561
  0.0003  -0.1090  -0.0092   0.1352  -0.0385  -0.0593
  0.0052  -0.0965  -0.0154   0.1349  -0.0221  -0.0526
 -0.0035  -0.1198  -0.0107   0.2037  -0.0188  -0.0715
  0.0074  -0.1186  -0.0115   0.1842  -0.0295  -0.0707
  0.0153  -0.1161  -0.0165   0.1962  -0.0113  -0.0734
  0.0084  -0.1306  -0.0253   0.1778  -0.0219  -0.0697
 -0.0000  -0.1228  -0.0235   0.1855  -0.0279  -0.0751
 -0.0053  -0.1104  -0.0249   0.1688  -0.0403  -0.0651
 -0.0086  -0.1274  -0.0319   0.1861  -0.0281  -0.0617
 -0.0174  -0.1225  -0.0494   0.1856  -0.0359  -0.0665
 -0.0209  -0.1094  -0.0459   0.1944  -0.0296  -0.0651
 -0.0227  -0.1018  -0.0617   0.1383  -0.0549  -0.0657
 -0.0380  -0.0454  -0.0968   0.1732  -0.0709  -0.1167
 -0.0387  -0.0541  -0.0659   0.1598  -0.0681  -0.0949
 -0.0352  -0.0899  -0.0515   0.1531  -0.0746  -0.0713
 -0.0323  -0.0634  -0.0546   0.1865  -0.0606  -0.0983
 -0.0390  -0.0680  -0.0513   0.1365  -0.0837  -0.0834
 -0.0412  -0.0403  -0.0613   0.1600  -0.0592  -0.0950
 -0.0451  -0.0557  -0.0598   0.1453  -0.0738  -0.0866
 -0.0369  -0.0602  -0.0495   0.1641  -0.0716  -0.0931
 -0.0216  -0.1114  -0.0403   0.2158  -0.0536  -0.0818
 -0.0278  -0.1024  -0.0550   0.1743  -0.0652  -0.0806
 -0.0461  -0.0912  -0.0550   0.1721  -0.0702  -0.0800
 -0.0436  -0.0790  -0.0562   0.1588  -0.0685  -0.0872
 -0.0353  -0.0822  -0.0529   0.1826  -0.0508  -0.0869
 -0.0428  -0.0902  -0.0530   0.1577  -0.0748  -0.0798
 -0.0471  -0.0465  -0.0577   0.1363  -0.0542  -0.0667
 -0.0511  -0.0451  -0.0604   0.1250  -0.0689  -0.0701
 -0.0544  -0.0351  -0.0743   0.1684  -0.0392  -0.0820
 -0.0628  -0.0718  -0.0714   0.1603  -0.0669  -0.0734
 -0.0634  -0.0597  -0.0963   0.1146  -0.0432  -0.0648
 -0.0860  -0.1203  -0.1371   0.1037  -0.0721  -0.0376
 -0.0944  -0.1058  -0.2168   0.0702  -0.0703  -0.0090
 -0.0996  -0.0566  -0.1387   0.0511  -0.0953  -0.0317
 -0.0845  -0.0223  -0.1081   0.0414  -0.0866  -0.0350
 -0.0830  -0.0155  -0.1161   0.1133  -0.0676  -0.0569
 -0.0740  -0.0093  -0.0879   0.0944  -0.0784  -0.0642
 -0.0889  -0.0364  -0.1306   0.1696  -0.0685  -0.0917
 -0.1311  -0.0367  -0.1252   0.2693  -0.0604  -0.1462
 -0.1102  -0.0014  -0.0984   0.2397  -0.0541  -0.1378
 -0.1143   0.0412  -0.0821   0.1715  -0.0623  -0.1247
 -0.1073   0.0627  -0.0822   0.1843  -0.0458  -0.1306
 -0.1163   0.0615  -0.0839   0.1511  -0.0701  -0.1377
 -0.1083   0.0871  -0.0732   0.1968  -0.0455  -0.1516
 -0.1150   0.0600  -0.0827   0.1886  -0.0574  -0.1453
 -0.1169   0.0671  -0.0844   0.1896  -0.0463  -0.1529
 -0.1237   0.0401  -0.0720   0.1817  -0.0607  -0.1362
 -0.1176   0.0511  -0.0870   0.1941  -0.0481  -0.1383
 -0.1263   0.0680  -0.0803   0.1518  -0.0619  -0.1295
 -0.1145   0.0969  -0.0697   0.1075  -0.0443  -0.1290
 -0.1152   0.0806  -0.0759   0.1305  -0.0424  -0.1212
 -0.1098   0.0840  -0.0635   0.1462  -0.0370  -0.1289
 -0.1156   0.0647  -0.0608   0.1392  -0.0443  -0.1221
 -0.1209   0.0862  -0.0769   0.1269  -0.0439  -0.1294
 -0.1243   0.0572  -0.0636   0.1647  -0.0477  -0.1339
 -0.1236   0.0651  -0.0677   0.1649  -0.0405  -0.1404
 -0.1376   0.0364  -0.0501   0.1201  -0.0647  -0.1092
 -0.1314   0.0715  -0.0732   0.0998  -0.0340  -0.1018
 -0.1328   0.0735  -0.0650   0.1081  -0.0349  -0.1036
 -0.1373   0.0684  -0.0581   0.0831  -0.0695  -0.1050
 -0.1351   0.0761  -0.0867   0.1202  -0.0491  -0.1157
 -0.1391   0.0602  -0.0788   0.1233  -0.0834  -0.1186
 -0.1323   0.1058  -0.0944   0.1205  -0.0501  -0.1427
 -0.1404   0.0612  -0.1137   0.1615  -0.0786  -0.1506
 -0.1434   0.0869  -0.1005   0.1329  -0.0783  -0.1380
 -0.1561   0.1036  -0.1112   0.1683  -0.0730  -0.1411
 -0.1685   0.0552  -0.0859   0.0804  -0.1226  -0.1111
 -0.1773   0.1030  -0.1040   0.1043  -0.1052  -0.1165
 -0.1644   0.0771  -0.0850   0.1253  -0.0992  -0.1270
 -0.1682   0.1029  -0.0957   0.1416  -0.1056  -0.1270
 -0.1372   0.0354  -0.0804   0.2166  -0.0609  -0.1465
 -0.2003   0.0692  -0.1781   0.3058  -0.1408  -0.1687
 -0.3351   0.2646  -0.3210   0.4688  -0.3326  -0.2458
 -0.2621   0.2109  -0.1108   0.2559  -0.1825  -0.2092
 -0.2973   0.2261  -0.1448   0.2936  -0.1929  -0.1911
