 -0.4646   0.0058  -0.1911   0.2763  -0.1723   0.2988
 -0.4784   0.0866  -0.2758   0.3086  -0.2700   0.2987
 -0.5028   0.0856  -0.2631   0.3020  -0.2538   0.2873
 -0.4922   0.0801  -0.2686   0.2831  -0.2535   0.2867
 -0.4927   0.0777  -0.2628   0.3178  -0.2396   0.2381
 -0.4776   0.0996  -0.2429   0.2576  -0.2116   0.2803
 -0.4355   0.0446  -0.2318   0.2929  -0.1951   0.2374
 -0.4391   0.0724  -0.2122   0.2655  -0.1879   0.2825
 -0.4108   0.0410  -0.1936   0.2382  -0.1671   0.2773
 -0.3867   0.0402  -0.2269   0.2785  -0.1757   0.2279
 -0.3613   0.0616  -0.1927   0.2538  -0.1759   0.2511
 -0.3505   0.0540  -0.1913   0.2842  -0.1789   0.2207
 -0.3503   0.0684  -0.1868   0.2815  -0.1764   0.2422
 -0.3321   0.0527  -0.1933   0.2866  -0.1769   0.2401
 -0.3420   0.0777  -0.2118   0.3078  -0.1707   0.2333
 -0.3246   0.0451  -0.2102   0.2509  -0.1653   0.2496
 -0.3361   0.0338  -0.2004   0.3001  -0.1668   0.1931
 -0.3195   0.0601  -0.1979   0.2598  -0.1786   0.2599
 -0.3172  -0.0236  -0.1973   0.3337  -0.1839   0.1642
 -0.3120   0.0176  -0.1995   0.2645  -0.1723   0.2465
 -0.3080  -0.0556  -0.1882   0.3020  -0.1661   0.1742
 -0.3199   0.0070  -0.1948   0.2734  -0.1741   0.2188
 -0.3229  -0.0577  -0.1999   0.2884  -0.1746   0.1463
 -0.3163   0.0350  -0.2028   0.2401  -0.1653   0.1924
 -0.3188  -0.0143  -0.1987   0.2577  -0.1671   0.1686
 -0.3391   0.0298  -0.1998   0.2563  -0.1490   0.1721
 -0.3340  -0.0311  -0.1910   0.2343  -0.1528   0.1787
 -0.3360  -0.0594  -0.1885   0.2751  -0.1508   0.1255
 -0.3249  -0.0110  -0.1893   0.2181  -0.1510   0.1865
 -0.3209  -0.0425  -0.1920   0.2441  -0.1519   0.1546
 -0.3218  -0.0465  -0.1789   0.2699  -0.1459   0.1336
 -0.3089  -0.0595  -0.1697   0.2038  -0.1285   0.1807
 -0.3102  -0.0872  -0.1728   0.2241  -0.1343   0.1205
 -0.2959  -0.0423  -0.1741   0.1846  -0.1080   0.1687
 -0.2994  -0.1122  -0.1626   0.2043  -0.1141   0.1450
 -0.2970  -0.0635  -0.1706   0.2125  -0.1096   0.1254
 -0.2925  -0.0931  -0.1707   0.1689  -0.1067   0.1593
 -0.2908  -0.1332  -0.1507   0.1870  -0.0977   0.1240
 -0.2888  -0.1345  -0.1372   0.1966  -0.0970   0.1483
 -0.2686  -0.1804  -0.0927   0.1794  -0.0695   0.1634
 -0.2676  -0.2289  -0.0929   0.2361  -0.0838   0.1286
 -0.2768  -0.1680  -0.1026   0.1971  -0.0712   0.1353
 -0.2717  -0.2190  -0.0981   0.1740  -0.0761   0.1523
 -0.2656  -0.2382  -0.0938   0.2327  -0.0799   0.0970
 -0.2636  -0.1856  -0.1052   0.1773  -0.1022   0.1657
 -0.2679  -0.1811  -0.1224   0.1405  -0.1191   0.1847
 -0.2632  -0.2484  -0.0888   0.1887  -0.1186   0.1911
 -0.2254  -0.0748  -0.0827   0.0498  -0.0577   0.2335
 -0.2405   0.0287  -0.0687   0.0274  -0.0343   0.1776
 -0.2345  -0.0458  -0.0395   0.0437  -0.0239   0.1839
 -0.2057  -0.0794  -0.0134   0.0797   0.0189   0.0319
 -0.2123  -0.0585  -0.0180   0.0543   0.0089   0.1406
 -0.2072  -0.1300   0.0023   0.0679  -0.0040   0.0911
 -0.2300  -0.0765  -0.0276   0.0701  -0.0162   0.0945
 -0.2184  -0.1143  -0.0241   0.0662  -0.0163   0.0796
 -0.2243  -0.0896  -0.0234   0.1115  -0.0252   0.0487
 -0.2220  -0.0882  -0.0268   0.0558  -0.0235   0.1061
 -0.2244  -0.0617  -0.0294   0.1139  -0.0310   0.0801
 -0.2249  -0.0778  -0.0284   0.0843  -0.0214   0.0944
 -0.2109  -0.0843  -0.0390   0.1047  -0.0192   0.0879
 -0.2156  -0.1067  -0.0294   0.0991  -0.0117   0.0880
 -0.1827  -0.0846  -0.0414   0.1194  -0.0225   0.0697
 -0.1519  -0.0993  -0.0471   0.0962  -0.0096   0.0993
 -0.1479  -0.1221  -0.0407   0.1012  -0.0061   0.0877
 -0.1392  -0.0944  -0.0386   0.0757   0.0033   0.1188
 -0.1448  -0.1083  -0.0391   0.1174   0.0036   0.0455
 -0.1502  -0.0991  -0.0428   0.0549   0.0308   0.1036
 -0.1535  -0.1595  -0.0370   0.0985   0.0141   0.0360
 -0.1562  -0.0862  -0.0472   0.0352   0.0365   0.1156
 -0.1680  -0.1170  -0.0531   0.0538   0.0237   0.0646
 -0.1690  -0.0924  -0.0444   0.0675   0.0360   0.0393
 -0.1692  -0.1108  -0.0487   0.0330   0.0346   0.0834
 -0.1640  -0.1504  -0.0323   0.0436   0.0365   0.0506
 -0.1607  -0.0966  -0.0385   0.0514   0.0339   0.0759
 -0.1585  -0.1282  -0.0413   0.0264   0.0261   0.0552
 -0.1684  -0.1298  -0.0395   0.0713   0.0151   0.0179
 -0.1756  -0.1164  -0.0414   0.0350   0.0113   0.0577
 -0.1805  -0.1611  -0.0300   0.0570   0.0018   0.0046
 -0.1643  -0.1172  -0.0068   0.0326   0.0207   0.0525
 -0.1775  -0.1484  -0.0017   0.0561   0.0152   0.0171
 -0.1724  -0.1227  -0.0078   0.0372   0.0226   0.0506
 -0.1761  -0.1420  -0.0084   0.0377   0.0123   0.0333
 -0.1659  -0.1245   0.0041   0.0283   0.0187   0.0394
 -0.1651  -0.1436   0.0345   0.0371   0.0240   0.0320
 -0.1724  -0.2001   0.0404   0.0749   0.0092  -0.0231
 -0.1630  -0.1888   0.0435   0.0818   0.0088   0.0092
 -0.1519  -0.1759   0.0540   0.0288   0.0235   0.0423
 -0.1604  -0.1782   0.0460   0.0801   0.0190  -0.0114
 -0.1551  -0.1631   0.0404   0.0057   0.0353   0.0423
 -0.1625  -0.2369   0.0465   0.0996   0.0257  -0.0201
 -0.1574  -0.1418   0.0340   0.0514   0.0421   0.0012
 -0.1565  -0.1538   0.0187   0.0273   0.0375  -0.0067
 -0.1621  -0.1452   0.0160   0.0696   0.0361  -0.0559
 -0.1488  -0.1393   0.0330  -0.0037   0.0472   0.0142
 -0.1504  -0.1876   0.0342   0.0259   0.0354  -0.0359
 -0.1426  -0.1253   0.0309   0.0098   0.0532   0.0010
 -0.1398  -0.2023   0.0367  -0.0016   0.0557  -0.0175
 -0.1413  -0.1862   0.0451   0.0467   0.0705  -0.0578
 -0.1256  -0.2053   0.0486  -0.0215   0.0814   0.0017
 -0.1375  -0.2277   0.0421   0.0668   0.0721  -0.0710
 -0.1241  -0.1681   0.0303  -0.0182   0.0865  -0.0117
 -0.1305  -0.2207   0.0328   0.0822   0.0763  -0.0943
 -0.1297  -0.1514   0.0248   0.0440   0.0809  -0.0425
 -0.1264  -0.1959   0.0220   0.0574   0.0605  -0.0505
 -0.1383  -0.1561   0.0132   0.0414   0.0517  -0.0733
 -0.1284  -0.1452   0.0189   0.0375   0.0501  -0.0515
 -0.1416  -0.1652   0.0167   0.0829   0.0539  -0.1196
 -0.0936  -0.0268   0.0268  -0.0303   0.0595   0.0054
 -0.0769  -0.0262   0.0592  -0.0255   0.0499  -0.0258
 -0.0924  -0.1291   0.0614  -0.0054   0.0530  -0.1155
 -0.0719  -0.1037   0.0714  -0.0962   0.0654  -0.1553
 -0.0625  -0.0664   0.0700  -0.1185   0.0794  -0.1724
 -0.0640  -0.0317   0.0502  -0.1280   0.0836  -0.0864
 -0.0628  -0.0359   0.0547  -0.1175   0.0831  -0.0685
 -0.0605  -0.0123   0.0478  -0.1054   0.0784  -0.0448
 -0.0564  -0.0427   0.0602  -0.0656   0.0744  -0.0677
 -0.0554  -0.0472   0.0560  -0.0469   0.0724  -0.0592
 -0.0570  -0.0771   0.0639  -0.0242   0.0718  -0.0761
 -0.0560  -0.0859   0.0582  -0.0390   0.0686  -0.0541
 -0.0523  -0.1226   0.0716   0.0198   0.0677  -0.0850
 -0.0491  -0.1319   0.0739   0.0142   0.0608  -0.0634
 -0.0471  -0.1835   0.0785   0.0916   0.0459  -0.1428
 -0.0435  -0.1564   0.0847   0.0145   0.0440  -0.0900
 -0.0432  -0.1730   0.0824   0.0422   0.0410  -0.1385
 -0.0277  -0.1221   0.0878  -0.0090   0.0466  -0.0863
 -0.0043  -0.1906   0.0904   0.0675   0.0346  -0.1526
 -0.0026  -0.1299   0.0881  -0.0068   0.0372  -0.1213
  0.0045  -0.1700   0.0830   0.0022   0.0347  -0.1160
  0.0097  -0.1216   0.0876  -0.0183   0.0530  -0.1161
  0.0248  -0.1635   0.0980  -0.0149   0.0638  -0.1163
  0.0341  -0.1826   0.1096   0.0237   0.0730  -0.1206
  0.0375  -0.2149   0.1058  -0.0373   0.0654  -0.0989
  0.0339  -0.2107   0.1011  -0.0233   0.0604  -0.1011
  0.0503  -0.2040   0.1032  -0.0657   0.0575  -0.0849
  0.0614  -0.1824   0.1036  -0.0268   0.0560  -0.0987
  0.0694  -0.1850   0.1068  -0.0318   0.0588  -0.0793
  0.0656  -0.1924   0.1124   0.0092   0.0682  -0.0816
  0.0787  -0.1652   0.1036  -0.0423   0.0634  -0.0427
  0.0787  -0.1487   0.1017   0.0006   0.0567  -0.0824
  0.0968  -0.1043   0.1090   0.0214   0.0456  -0.0558
  0.0938  -0.0992   0.0741   0.0632   0.0284  -0.0975
  0.1889   0.1433   0.0783   0.1693  -0.0046   0.1350
  0.2240   0.2094   0.0603   0.2214  -0.0295   0.2313
  0.1880   0.0630   0.1282   0.1363  -0.0065   0.0955
  0.1647   0.0599   0.1274   0.1828  -0.0234   0.0038
  0.1301   0.0489   0.1060   0.0991  -0.0224   0.0443
  0.0936   0.0390   0.0760   0.1595  -0.0410   0.0077
  0.0823   0.0946   0.0452   0.1214  -0.0392   0.0259
  0.0612   0.0882   0.0261   0.0837  -0.0141   0.1067
  0.0362   0.0763   0.0088   0.0525   0.0181   0.0848
  0.0280   0.1299   0.0123   0.0523   0.0230   0.1356
  0.0176   0.0824   0.0057   0.0565   0.0310   0.1054
  0.0337   0.1065   0.0051   0.0782   0.0274   0.1394
  0.0422   0.0461   0.0094   0.0470   0.0312   0.1421
  0.0339   0.0265  -0.0018   0.1067   0.0208   0.1780
  0.0700   0.0058   0.0099   0.0229   0.0295   0.2550
  0.1023  -0.0316   0.0724   0.0024   0.0155   0.2012
  0.0841  -0.0062   0.1104   0.0065   0.0320   0.0853
  0.1711  -0.0103   0.0825  -0.1078   0.0131   0.0994
  0.1140  -0.0654   0.0437  -0.1193   0.0230   0.0878
  0.1254   0.2593   0.0226  -0.2492   0.0614   0.1018
  0.1042   0.3783   0.0944  -0.3705   0.1373   0.1337
  0.1180   0.4840   0.0637  -0.4288   0.1295   0.1596
  0.1408   0.4019   0.0157  -0.2919   0.0786   0.0933
  0.1547   0.4630  -0.0092  -0.2691   0.0882   0.1048
  0.1689   0.4566  -0.0015  -0.2507   0.0699   0.1179
  0.1880   0.4178   0.0446  -0.1694   0.0985   0.0458
  0.1933   0.4567   0.0686  -0.3053   0.0900   0.1230
  0.1899   0.4029   0.0310  -0.3490   0.0714   0.0415
  0.1554   0.4291   0.0122  -0.3350   0.0808   0.0224
  0.1707   0.4084   0.0055  -0.3460   0.0711   0.0481
  0.1656   0.3912  -0.0090  -0.3065   0.0864   0.0257
  0.1579   0.4038  -0.0121  -0.3361   0.0846   0.0732
  0.1812   0.3469  -0.0093  -0.2998   0.0750   0.0509
  0.2053   0.3805   0.0495  -0.2279   0.0547   0.0556
  0.3677   0.3412   0.0910  -0.1653  -0.0155   0.0039
  0.4118   0.3046   0.1044  -0.2120   0.0174   0.0018
  0.4001   0.3199   0.0912  -0.1886   0.0256  -0.0254
  0.3904   0.2539   0.0956  -0.2010   0.0272  -0.0527
  0.3627   0.2422   0.1030  -0.2072   0.0347  -0.0623
  0.3378   0.2406   0.0871  -0.2262   0.0463  -0.0567
  0.3196   0.2094   0.1123  -0.1835   0.0315  -0.1344
  0.2801   0.2258   0.0979  -0.2431   0.0911  -0.0689
  0.2750   0.1859   0.1118  -0.2308   0.0972  -0.1014
  0.3024   0.2542   0.0857  -0.2114   0.0649  -0.0703
  0.3296   0.1336   0.1289  -0.1786   0.0622  -0.0831
  0.3204   0.1471   0.1219  -0.1728   0.0734  -0.1005
  0.3228   0.1227   0.1393  -0.2109   0.0854  -0.0870
  0.3249   0.0786   0.1252  -0.2054   0.0813  -0.0806
  0.3175   0.0084   0.1341  -0.1631   0.0947  -0.1008
  0.2971   0.1679   0.0799  -0.1969   0.0737  -0.1195
  0.2735   0.2026   0.0892  -0.2447   0.0805  -0.1163
  0.2960   0.1797   0.1038  -0.2188   0.0487  -0.1310
  0.3268   0.1729   0.0998  -0.2052   0.0453  -0.1486
  0.3162   0.1254   0.1040  -0.2047   0.0459  -0.1359
  0.3355   0.1333   0.0886  -0.1493   0.0328  -0.1854
  0.3290   0.1511   0.0861  -0.1980   0.0354  -0.1294
  0.3389   0.1048   0.0717  -0.1314   0.0118  -0.2060
  0.3211   0.1656   0.0654  -0.2176   0.0348  -0.1382
  0.3314   0.1090   0.0747  -0.1815   0.0289  -0.2010
  0.3224   0.1456   0.0578  -0.1772   0.0419  -0.1937
  0.3286   0.1101   0.0540  -0.2148   0.0365  -0.1885
  0.3395   0.1267   0.0426  -0.1582   0.0343  -0.2361
  0.3338   0.1192   0.0399  -0.2129   0.0251  -0.1845
  0.3472   0.0492   0.0435  -0.1093   0.0163  -0.2582
  0.3510   0.1150   0.0390  -0.1835   0.0278  -0.1819
  0.3669   0.0453   0.0390  -0.1527   0.0163  -0.2270
  0.3525   0.0832   0.0416  -0.1665   0.0322  -0.2141
  0.3704   0.0582   0.0300  -0.1538   0.0169  -0.2257
  0.3680   0.0936   0.0106  -0.1448   0.0188  -0.2325
  0.3580   0.0468   0.0303  -0.1707   0.0300  -0.1992
  0.4002   0.1877   0.0306  -0.2590   0.0667  -0.1512
  0.3641   0.1528   0.0453  -0.2829   0.0948  -0.1200
  0.3686   0.0748   0.0705  -0.2587   0.0838  -0.1779
  0.3926   0.0357   0.0921  -0.1793   0.0685  -0.2175
  0.3840   0.0149   0.1004  -0.2146   0.0749  -0.1967
  0.4085   0.0030   0.1039  -0.1278   0.0727  -0.2878
  0.4399   0.0952   0.1123  -0.1266   0.0278  -0.2938
  0.4675   0.1250   0.0924  -0.1603  -0.0004  -0.3098
  0.4686   0.0837   0.0961  -0.1901   0.0289  -0.2786
  0.4571   0.0648   0.0806  -0.1729   0.0220  -0.2663
  0.4460   0.0333   0.0668  -0.1816   0.0455  -0.2392
  0.4568   0.0007   0.0818  -0.0749   0.0499  -0.3280
  0.4691   0.0618   0.0917  -0.0309   0.0540  -0.3585
  0.4609   0.0163   0.0776  -0.1696   0.0423  -0.2411
  0.4481   0.0449   0.0554  -0.1909   0.0494  -0.2620
  0.4499   0.0571   0.0560  -0.2278   0.0535  -0.2119
  0.4659   0.0230   0.0669  -0.1471   0.0552  -0.3423
  0.4795   0.0545   0.0719  -0.1675   0.0487  -0.3290
  0.4800   0.0422   0.0700  -0.1444   0.0535  -0.3429
  0.4825   0.0642   0.0720  -0.1149   0.0562  -0.3537
  0.4794   0.0805   0.0550  -0.2099   0.0549  -0.2824
  0.4886   0.1016   0.0523  -0.1443   0.0507  -0.3363
  0.4962   0.1601   0.0478  -0.1699   0.0502  -0.3351
  0.4869   0.1108   0.0574  -0.1781   0.0601  -0.3249
  0.4865   0.0756   0.0448  -0.1286   0.0690  -0.3930
