  0.0619  -0.1843   0.0338  -0.0723   0.1346  -0.0612
  0.0632  -0.1761   0.0626  -0.0123   0.1384   0.1060
  0.1080  -0.2356   0.0540   0.0591   0.1871   0.0639
  0.0782  -0.2219   0.0471   0.0259   0.1389  -0.0349
  0.0624  -0.2005   0.0824  -0.0439   0.1643   0.0893
  0.0969  -0.2085   0.0957  -0.0189   0.2099   0.0871
  0.0728  -0.2539   0.0644   0.0338   0.1488  -0.0489
  0.0539  -0.2105   0.0846  -0.0061   0.1570   0.0675
  0.0720  -0.1585   0.0810  -0.0744   0.1487   0.0872
  0.0914  -0.2232   0.0713   0.0262   0.1683   0.0150
  0.0728  -0.2154   0.0843   0.0469   0.1684   0.0288
  0.0683  -0.1510   0.0547  -0.0530   0.1377   0.0842
  0.0875  -0.2066   0.0103   0.0097   0.1235   0.0371
  0.0722  -0.2449   0.0070   0.0746   0.1047   0.0301
  0.0474  -0.1800   0.0351   0.0311   0.1020   0.1387
  0.0623  -0.1733   0.0528   0.0474   0.1099   0.1079
  0.0677  -0.2410   0.0262   0.1448   0.1210   0.0466
  0.0447  -0.2170   0.0296   0.1262   0.1053   0.1356
  0.0661  -0.1763   0.0401   0.0473   0.1186   0.1166
  0.0734  -0.2036   0.0430   0.0791   0.1504   0.0780
  0.0719  -0.1895   0.0574   0.1094   0.1597   0.1098
  0.0617  -0.2312   0.0257   0.1363   0.1296   0.0679
  0.0390  -0.2102   0.0338   0.1084   0.1095   0.1021
  0.0332  -0.1624   0.0622  -0.0279   0.0955   0.0869
  0.0415  -0.2258   0.0340   0.0850   0.1285   0.0779
  0.0426  -0.1655   0.0383  -0.0370   0.1067   0.0634
  0.0708  -0.2309   0.0307   0.0666   0.1330   0.0974
  0.0434  -0.2414   0.0309   0.1185   0.1106   0.0399
  0.0426  -0.2063   0.0416   0.0848   0.1341   0.1178
  0.0680  -0.1648   0.0728   0.0607   0.1601   0.1578
  0.0696  -0.2257   0.0428   0.1429   0.1649   0.0990
  0.0454  -0.2106   0.0377   0.1117   0.1476   0.1129
  0.0616  -0.1509   0.0658  -0.0318   0.1396   0.0920
  0.0510  -0.1960   0.0720   0.0862   0.1219   0.0575
  0.0501  -0.1423   0.0899   0.0341   0.1135   0.0984
  0.0560  -0.1952   0.0934   0.0998   0.1020   0.0592
  0.0483  -0.2233   0.0760   0.0602   0.0899   0.0184
  0.0081  -0.1542   0.0885  -0.0263   0.0633   0.1076
 -0.0172  -0.1120   0.1159  -0.0055   0.0319   0.1106
  0.0340  -0.1853   0.1085   0.1242   0.0845   0.0577
  0.0327  -0.2109   0.0829   0.1074   0.0733   0.0445
  0.0242  -0.1522   0.1010   0.0866   0.0908   0.1359
  0.0330  -0.1596   0.1196   0.1694   0.0975   0.1347
  0.0430  -0.1893   0.1090   0.1535   0.1168   0.0721
  0.0485  -0.1347   0.1134   0.1183   0.1157   0.1576
  0.0552  -0.1938   0.1052   0.1903   0.1148   0.0899
  0.0419  -0.1714   0.1015   0.1262   0.1056   0.0924
  0.0531  -0.1564   0.1093   0.1212   0.1195   0.1498
  0.0628  -0.1492   0.0874   0.0093   0.1383   0.0513
  0.0687  -0.1906   0.0681   0.1123   0.1211   0.0731
  0.0596  -0.1415   0.0758  -0.0133   0.1154   0.0397
  0.0666  -0.1881   0.0503   0.1017   0.1040   0.0562
  0.0995  -0.1578   0.0687   0.0597   0.1678   0.0891
  0.0853  -0.1975   0.0483   0.1387   0.1506   0.0710
  0.0543  -0.1647   0.0611   0.1013   0.1175   0.0946
  0.0569  -0.1849   0.0571   0.1260   0.1007   0.1196
  0.0449  -0.1458   0.0287  -0.0468   0.0799   0.0372
  0.0582  -0.2030   0.0051   0.1044   0.0676   0.0755
  0.0497  -0.1771   0.0252   0.0694   0.0740   0.0753
  0.0688  -0.1832   0.0309   0.0953   0.0910   0.1315
  0.0451  -0.1961   0.0163   0.1056   0.0982   0.0355
  0.0772  -0.1313   0.0636  -0.0393   0.1516   0.1058
  0.1079  -0.1743   0.0348   0.0770   0.1606   0.0355
  0.0934  -0.1381   0.0319   0.0950   0.1481   0.0730
  0.1033  -0.1060   0.0530   0.0962   0.1672   0.1304
  0.0926  -0.1379   0.0621   0.1359   0.1514   0.0754
  0.0762  -0.1677   0.0834   0.1458   0.1140   0.0317
  0.0567  -0.1354   0.0820   0.1560   0.1019   0.1234
  0.0846  -0.0994   0.0741   0.1628   0.1339   0.1739
  0.0802  -0.1509   0.0695   0.1559   0.1260   0.0482
  0.0746  -0.1008   0.0810   0.1258   0.1343   0.1313
  0.0768  -0.1299   0.0799   0.1552   0.1309   0.0890
  0.0704  -0.1506   0.0791   0.1506   0.1211   0.0759
  0.0791  -0.0889   0.0853   0.0844   0.1495   0.1108
  0.0650  -0.1358   0.0817   0.1385   0.1163   0.0498
  0.0736  -0.0860   0.0800   0.0918   0.1312   0.1189
  0.0672  -0.1061   0.0700   0.0836   0.1245   0.0801
  0.0728  -0.1095   0.0245  -0.0245   0.1152   0.0397
  0.0797  -0.1255   0.0292   0.0749   0.1223   0.0522
  0.0833  -0.1998   0.0410   0.1389   0.1563   0.1612
  0.0694  -0.2831  -0.0079   0.2361   0.0985   0.0957
  0.0582  -0.1963   0.0359   0.1866   0.1057   0.2078
  0.0674  -0.1453   0.0720   0.1981   0.1153   0.2018
  0.0765  -0.1814   0.0464   0.1825   0.1039   0.1095
  0.0486  -0.1778   0.0318   0.1319   0.0738   0.0760
  0.0438  -0.0984   0.0555   0.0461   0.0796   0.1491
  0.0620  -0.1740   0.0494   0.1379   0.0609   0.0507
  0.0688  -0.1169   0.0555   0.0586   0.1270   0.1030
  0.1083  -0.1408   0.0154   0.1393   0.1593   0.1427
  0.0740  -0.1289   0.0250   0.1006   0.1138   0.0492
  0.0875  -0.0899   0.0515   0.0118   0.1370   0.1038
  0.0888  -0.1253   0.0303   0.1116   0.1390   0.0411
  0.0982  -0.0862   0.0456   0.0569   0.1431   0.1072
  0.1003  -0.1408   0.0424   0.1214   0.1304   0.0492
  0.0839  -0.0896   0.0449   0.0258   0.1259   0.0744
  0.0856  -0.1233   0.0405   0.1079   0.1232   0.0919
  0.0906  -0.0911   0.0556   0.0098   0.1449   0.0378
  0.0891  -0.1049   0.0429   0.0582   0.1223   0.0663
  0.0731  -0.0322   0.0535  -0.0973   0.1131  -0.0088
  0.0770  -0.0980   0.0408   0.0586   0.0954   0.0009
  0.0617  -0.0987   0.0351   0.0949   0.0951   0.0407
  0.0398  -0.0494   0.0393   0.0717   0.0636   0.1000
  0.0454  -0.1079   0.0391   0.0897   0.0622   0.0034
  0.0439  -0.0620   0.0505  -0.0081   0.0740   0.0540
  0.0603  -0.0947   0.0172   0.0277   0.0528   0.0315
  0.0547  -0.0688   0.0327  -0.0730   0.0660   0.0137
  0.0928  -0.1057   0.0245  -0.0045   0.1199   0.0180
  0.0866  -0.0804   0.0407   0.1080   0.1035   0.0592
  0.0535  -0.0829  -0.0056  -0.0057   0.0566   0.0058
  0.0503  -0.1110  -0.0254   0.0310   0.0364   0.0337
  0.0261  -0.0702  -0.0156  -0.0950   0.0276  -0.0099
  0.0334  -0.1224  -0.0329   0.0716   0.0142   0.0351
  0.0297  -0.0758  -0.0159  -0.0197   0.0149   0.0423
  0.0354  -0.0778  -0.0229  -0.0047   0.0246   0.0561
  0.0441  -0.0773  -0.0215  -0.0627   0.0477   0.0017
  0.0613  -0.1252  -0.0310   0.0686   0.0475  -0.0012
  0.0572  -0.0776  -0.0217   0.0384   0.0489   0.0830
  0.0649  -0.0932  -0.0180   0.0761   0.0490   0.0537
  0.0642  -0.0753  -0.0226   0.0093   0.0672   0.0296
  0.0714  -0.1079  -0.0476   0.0661   0.0465   0.0296
  0.0575  -0.0792  -0.0317   0.0440   0.0475   0.0579
  0.0698  -0.1058  -0.0388   0.0992   0.0630   0.0507
  0.0685  -0.0705  -0.0357   0.0681   0.0671   0.0749
  0.0664  -0.1194  -0.0503   0.1351   0.0419   0.0371
  0.0398  -0.0773  -0.0395   0.0943   0.0084   0.0999
  0.0446  -0.1155  -0.0436   0.1187   0.0152   0.0504
 -0.0045  -0.0704  -0.0280   0.0248  -0.0339   0.0685
  0.0085  -0.1124  -0.0336   0.0782  -0.0280   0.0166
 -0.0459  -0.0551  -0.0136  -0.0049  -0.0850   0.0525
 -0.0539   0.0889  -0.0250  -0.0367  -0.0915  -0.0169
 -0.0258  -0.0701  -0.0507  -0.0303  -0.0493   0.0459
 -0.0192  -0.1156  -0.0515   0.1182  -0.0598   0.0366
 -0.0596  -0.1058  -0.0353   0.1484  -0.1018   0.1172
 -0.0442  -0.1401  -0.0379   0.2050  -0.0886   0.0730
 -0.0533  -0.1172  -0.0241   0.1574  -0.0951   0.1615
 -0.0455  -0.1378  -0.0345   0.1413  -0.1025   0.0355
 -0.0575   0.2083  -0.0053  -0.1725  -0.0850  -0.0247
 -0.0472  -0.0174  -0.0360  -0.0718  -0.0804  -0.0141
 -0.0863   0.0795  -0.0108  -0.0604  -0.1377  -0.0500
 -0.0887   0.0888   0.0083   0.0213  -0.1387  -0.0505
 -0.1092  -0.0260   0.0019  -0.0340  -0.1558   0.0057
 -0.1424   0.0350   0.0061  -0.0199  -0.2008  -0.0323
 -0.2082   0.1183   0.0028  -0.1854  -0.2837  -0.0554
 -0.2311   0.3862  -0.0417  -0.7492  -0.3277  -0.2775
 -0.1371   0.0256  -0.0277  -0.1429  -0.1954  -0.1689
 -0.0637  -0.0189  -0.0483  -0.1403  -0.0959  -0.0071
 -0.0592  -0.0463  -0.0651   0.0654  -0.1080   0.0281
 -0.0593  -0.0380  -0.0631   0.0934  -0.1048   0.0844
 -0.0384  -0.0311  -0.0713   0.1127  -0.0819   0.0427
 -0.1300   0.0221  -0.1127   0.0564  -0.2158   0.0452
 -0.0849   0.0569  -0.0110   0.0033  -0.1121  -0.0070
 -0.0983   0.0576  -0.0270  -0.0074  -0.1189  -0.0352
 -0.0945   0.0658  -0.0271  -0.0119  -0.1226  -0.0118
 -0.0809   0.0687  -0.0296  -0.0248  -0.1186  -0.0328
 -0.0850   0.0461  -0.0269   0.0065  -0.1260  -0.0440
 -0.0799   0.0548  -0.0195   0.0546  -0.1041   0.0472
 -0.0513   0.0603  -0.0271  -0.0536  -0.0623  -0.0061
 -0.0649   0.0143  -0.0360   0.0346  -0.0928  -0.0433
 -0.0718  -0.0106  -0.0425   0.0411  -0.0971   0.0455
 -0.0538   0.0075  -0.0372  -0.0723  -0.0656  -0.0501
 -0.0727  -0.0083  -0.0357   0.0870  -0.1234   0.0139
 -0.0891   0.0400  -0.0344  -0.0239  -0.1286   0.0037
 -0.0810  -0.0469  -0.0398   0.0908  -0.1158   0.0231
 -0.0776  -0.0782  -0.0480   0.1444  -0.1102   0.0598
 -0.0878  -0.0518  -0.0509   0.1042  -0.1168   0.0435
 -0.0832  -0.0551  -0.0513   0.1365  -0.1167   0.0847
 -0.0671  -0.0576  -0.0520   0.1030  -0.0919   0.0400
 -0.0827  -0.0977  -0.0753   0.3634  -0.1170   0.1471
 -0.0784   0.0015  -0.0547   0.1373  -0.0969   0.0877
 -0.0879   0.0533  -0.0626   0.1132  -0.1130   0.0391
 -0.0859   0.0317  -0.0620   0.1762  -0.1063   0.0768
 -0.0881   0.0330  -0.0541   0.1786  -0.1170   0.0688
 -0.0869   0.0257  -0.0499   0.2320  -0.1143   0.0860
 -0.0901   0.0594  -0.0483   0.2474  -0.1217   0.1185
 -0.0901   0.0570  -0.0554   0.2408  -0.1277   0.0844
 -0.0856   0.1093  -0.0574   0.1612  -0.1151   0.0907
 -0.1007   0.1801  -0.0559  -0.0158  -0.1413   0.0054
 -0.0835   0.1236  -0.0462   0.0815  -0.1224  -0.0155
 -0.0802   0.1402  -0.0388   0.0823  -0.1201   0.0229
 -0.0916   0.1857  -0.0443   0.0034  -0.1267   0.0027
 -0.0793   0.0972  -0.0512   0.1398  -0.1119   0.0068
 -0.0729   0.1693  -0.0344   0.0899  -0.1169   0.0248
 -0.0928   0.1955  -0.0242   0.0360  -0.1502  -0.0727
 -0.1369   0.2728  -0.0057  -0.1017  -0.1860  -0.0564
 -0.0867   0.1994  -0.0218   0.0161  -0.1358  -0.1322
 -0.1111   0.2569  -0.0191  -0.0507  -0.1508  -0.0487
 -0.0840   0.1821  -0.0198   0.0807  -0.1364  -0.0785
 -0.0874   0.2747  -0.0123  -0.1786  -0.1224  -0.1318
 -0.0301   0.3171  -0.0165  -0.1953  -0.0431  -0.1279
 -0.0375   0.2907  -0.0319  -0.0552  -0.0694  -0.1585
 -0.0627   0.3378  -0.0611  -0.1274  -0.1030  -0.1099
 -0.0638   0.3172  -0.0493  -0.0803  -0.0965  -0.1232
 -0.0619   0.2974  -0.0484  -0.0278  -0.1006  -0.1228
 -0.0498   0.2801  -0.0520  -0.0265  -0.0880  -0.0740
 -0.0471   0.2816  -0.0484  -0.0703  -0.0757  -0.1002
 -0.0490   0.2797  -0.0546  -0.0133  -0.0748  -0.1104
 -0.0440   0.2753  -0.0605   0.0264  -0.0736  -0.0626
 -0.0254   0.3089  -0.0454  -0.1617  -0.0368  -0.1413
 -0.0221   0.2474  -0.0570   0.0090  -0.0569  -0.1071
 -0.0456   0.3366  -0.0478  -0.1274  -0.0723  -0.1107
 -0.0455   0.2602  -0.0599   0.0297  -0.0725  -0.1154
 -0.0577   0.2879  -0.0413  -0.0598  -0.0882  -0.0890
 -0.0597   0.2205  -0.0465   0.0768  -0.1000  -0.1087
 -0.0608   0.2818  -0.0412  -0.0745  -0.0831  -0.0640
 -0.0684   0.2792  -0.0473  -0.0472  -0.0964  -0.1320
 -0.0764   0.2501  -0.0484  -0.0090  -0.1218  -0.0780
 -0.0682   0.2784  -0.0554  -0.1230  -0.1091  -0.1395
 -0.0413   0.3086  -0.0440  -0.2906  -0.0796  -0.1702
 -0.0216   0.3733  -0.0564  -0.4052  -0.0567  -0.2960
 -0.0126   0.3178  -0.0597  -0.2452  -0.0728  -0.2303
 -0.0391   0.3241  -0.0495  -0.2289  -0.1073  -0.1798
 -0.0282   0.3051  -0.0415  -0.1822  -0.0928  -0.1848
 -0.0278   0.3490  -0.0484  -0.1689  -0.0995  -0.1685
 -0.0401   0.3053  -0.0435  -0.1642  -0.1114  -0.1877
 -0.0449   0.3277  -0.0541  -0.1712  -0.0995  -0.1446
 -0.0369   0.2879  -0.0542  -0.1489  -0.0920  -0.1775
 -0.0542   0.2271  -0.0496  -0.0732  -0.1042  -0.1129
 -0.0671   0.2369  -0.0435  -0.1399  -0.1213  -0.1419
 -0.0619   0.2106  -0.0489  -0.1032  -0.1152  -0.1408
 -0.0399   0.1576  -0.0418  -0.0422  -0.1021  -0.0807
 -0.0300   0.2122  -0.0556  -0.2311  -0.0463  -0.1431
 -0.0440   0.1356  -0.0562  -0.1452  -0.0877  -0.1430
 -0.0674   0.3917  -0.0143  -0.4757  -0.0864  -0.2707
 -0.0605   0.1702  -0.0397  -0.1816  -0.1089  -0.1940
 -0.0675   0.1167  -0.0537  -0.0531  -0.1247  -0.1301
 -0.0641   0.1310  -0.0529  -0.0505  -0.1187  -0.0813
 -0.0855   0.1511  -0.0575  -0.1147  -0.1424  -0.1392
 -0.0895   0.1198  -0.0523  -0.0451  -0.1536  -0.0975
 -0.0666   0.1239  -0.0524  -0.0811  -0.1165  -0.0740
 -0.0815   0.1335  -0.0543  -0.0466  -0.1448  -0.1091
 -0.0680   0.0973  -0.0563   0.0261  -0.1410  -0.0728
 -0.0589   0.1356  -0.0595  -0.0970  -0.1063  -0.0713
 -0.0497   0.0783  -0.0710   0.0528  -0.1134  -0.0821
 -0.0392   0.1684  -0.0472  -0.0968  -0.0607  -0.0675
 -0.0480   0.1647  -0.0235   0.0164  -0.0664  -0.1284
 -0.0457   0.1672  -0.0455  -0.0174  -0.0736  -0.0576
 -0.0522   0.1494  -0.0496  -0.0385  -0.0850  -0.0950
 -0.0560   0.1095  -0.0536   0.0015  -0.1139  -0.0784
 -0.0606   0.1081  -0.0546   0.0039  -0.1140  -0.0453
 -0.0554   0.1106  -0.0512   0.0056  -0.1050  -0.0557
 -0.0712   0.1214  -0.0629   0.0237  -0.1545  -0.0450
 -0.0872   0.4200  -0.1051  -0.4793  -0.1807  -0.2277
 -0.0640   0.5769  -0.0924  -0.8090  -0.1188  -0.3986
 -0.0581   0.5983  -0.1147  -0.8161  -0.1142  -0.4709
 -0.0432   0.6625  -0.1198  -0.8140  -0.1116  -0.4451
 -0.0440   0.6573  -0.1124  -0.7566  -0.1306  -0.4833
 -0.0390   0.6530  -0.1045  -0.7305  -0.1412  -0.4502
 -0.0491   0.6591  -0.0968  -0.6922  -0.1542  -0.4241
 -0.0374   0.5755  -0.0655  -0.5833  -0.1437  -0.4241
 -0.0199   0.5825  -0.0533  -0.5568  -0.1257  -0.3600
 -0.0330   0.6426  -0.0447  -0.6154  -0.1192  -0.3916
