  0.1641  -0.2168   0.0540  -0.0044   0.1174   0.0865
  0.2064  -0.2464   0.0824   0.0240   0.1454   0.1283
  0.1924  -0.2825   0.0106   0.1621   0.1058   0.2133
  0.1957  -0.2330  -0.0125   0.2600   0.1025   0.1061
  0.1772  -0.1941   0.0108   0.1956   0.0908  -0.0259
  0.1649  -0.1972   0.0455   0.2074   0.0930  -0.0395
  0.1620  -0.2183   0.0525   0.1823   0.0941  -0.0309
  0.1721  -0.2340   0.0469   0.1704   0.1073   0.0221
  0.1599  -0.2729   0.0491   0.1889   0.0938   0.0861
  0.1585  -0.2976   0.0445   0.1370   0.0902   0.1129
  0.1571  -0.2836   0.0619   0.1278   0.0915   0.0431
  0.1534  -0.2584   0.0515   0.1520   0.0898  -0.0009
  0.1457  -0.2800   0.0580   0.2162   0.0847   0.0346
  0.1400  -0.2635   0.0500   0.2156   0.0788   0.0900
  0.1583  -0.3099   0.0465   0.1699   0.0744   0.1673
  0.1589  -0.2798   0.0422   0.0805   0.0759   0.1304
  0.1444  -0.2730   0.0485   0.1049   0.0642   0.0538
  0.1241  -0.2569   0.0564   0.1499   0.0678  -0.0015
  0.1562  -0.4012   0.0668   0.2571   0.0786   0.0854
  0.1741  -0.3755   0.0514   0.2837   0.0851   0.1463
  0.1165  -0.1629   0.0459   0.1358   0.0568   0.0653
  0.0893  -0.1566   0.0598   0.0332   0.0605  -0.0020
  0.0758  -0.1187   0.0658   0.0523   0.0606   0.0608
  0.0886  -0.1412   0.0738   0.0376   0.0638   0.0973
  0.0843  -0.1982   0.0627   0.0086   0.0637   0.1060
  0.0916  -0.1647   0.0701  -0.0133   0.0706   0.0299
  0.0693  -0.1458   0.0645   0.0427   0.0713  -0.0252
  0.0499  -0.1649   0.0435   0.1038   0.0750  -0.0243
  0.0442  -0.1481   0.0399   0.1087   0.0630   0.0566
  0.0339  -0.1234   0.0726  -0.0128   0.0358   0.0584
  0.0192  -0.1176   0.0666  -0.0009   0.0169   0.0228
  0.0068  -0.1292   0.0576   0.0621   0.0130   0.0073
  0.0126  -0.1610   0.0510   0.1096   0.0064   0.0649
  0.0397  -0.2525   0.0341   0.0136   0.0230   0.1869
  0.0166  -0.3130   0.0276   0.1034  -0.0022   0.0750
  0.0198  -0.2796   0.0221   0.1451  -0.0086   0.0337
  0.0110  -0.2411   0.0466   0.1862   0.0005   0.0063
  0.0224  -0.0760   0.0545   0.1112  -0.0135   0.0841
  0.0797  -0.0310  -0.0097   0.1020   0.0097   0.0792
  0.0822   0.0039  -0.0101  -0.1428  -0.0111   0.0235
  0.0906  -0.0275  -0.0254  -0.1173  -0.0292   0.0042
  0.0886  -0.1054  -0.0480   0.0239  -0.0206   0.0631
  0.0511  -0.1018  -0.0480  -0.0372  -0.0435   0.1240
  0.0579  -0.0892  -0.0496  -0.0857  -0.0365   0.0823
  0.0574  -0.0606  -0.0524  -0.0689  -0.0527   0.0138
  0.0845  -0.0472  -0.0523  -0.0781  -0.0105  -0.0112
  0.0844  -0.0024  -0.0427  -0.0649   0.0295   0.0202
  0.0721  -0.0456  -0.0597   0.0078   0.0159   0.0887
  0.0598  -0.0826  -0.0449  -0.0112  -0.0051   0.0981
  0.0612  -0.1022  -0.0429  -0.0350  -0.0029   0.0651
  0.0488  -0.0669  -0.0303  -0.0717  -0.0106   0.0319
  0.0374  -0.0325  -0.0342  -0.0738  -0.0001  -0.0400
  0.0173  -0.0571  -0.0258  -0.0484   0.0111  -0.0097
  0.0124  -0.0776  -0.0194  -0.1472   0.0320   0.0479
  0.0224  -0.0438  -0.0237  -0.1174   0.0368   0.0924
  0.0281  -0.0315  -0.0428   0.0146   0.0183   0.1174
 -0.0071  -0.0323  -0.0315  -0.0436   0.0041   0.0198
 -0.0334  -0.0479  -0.0223  -0.0462  -0.0091  -0.0082
 -0.0377  -0.0294  -0.0211  -0.0864  -0.0106   0.0001
 -0.0255  -0.0207  -0.0193  -0.0079  -0.0144   0.0583
 -0.0179  -0.0731  -0.0227   0.0029  -0.0063   0.0970
 -0.0232  -0.1006  -0.0166  -0.0487  -0.0070   0.0885
 -0.0167  -0.0503  -0.0253  -0.1208  -0.0071   0.0281
 -0.0444  -0.0395  -0.0165  -0.1380  -0.0144  -0.0473
 -0.0550  -0.0773  -0.0103  -0.1519  -0.0099  -0.0216
 -0.0618  -0.0446  -0.0084  -0.1383  -0.0165   0.0045
 -0.0183  -0.0829  -0.0111  -0.0645  -0.0079   0.0608
 -0.0377  -0.1102  -0.0120  -0.0807  -0.0014   0.0994
 -0.0626  -0.0645  -0.0026  -0.0875  -0.0015   0.0288
 -0.0453  -0.0768  -0.0106  -0.0830   0.0001   0.0222
 -0.0452  -0.0912  -0.0059  -0.0655  -0.0055   0.0775
 -0.0443  -0.1282  -0.0219  -0.0716  -0.0153   0.1233
 -0.0409  -0.1110  -0.0171  -0.1597  -0.0235   0.0975
 -0.0350  -0.0662  -0.0085  -0.1450  -0.0129   0.0092
 -0.0394  -0.0452  -0.0041  -0.0834  -0.0081  -0.0241
 -0.0382  -0.0495  -0.0088  -0.0543  -0.0024   0.0045
 -0.0292  -0.0570  -0.0124  -0.0510   0.0094   0.0272
 -0.0238  -0.0763  -0.0217  -0.0583   0.0140   0.0336
 -0.0200  -0.0774  -0.0179  -0.0400   0.0115   0.0408
 -0.0145  -0.1137  -0.0308  -0.0539   0.0031   0.0945
 -0.0175  -0.1052  -0.0201  -0.1490  -0.0031   0.0701
 -0.0059  -0.0492  -0.0124  -0.1343   0.0017  -0.0352
 -0.0219  -0.0232   0.0118  -0.1407   0.0110  -0.0277
  0.0031   0.0161   0.0037  -0.0604   0.0406  -0.0052
  0.0329  -0.0040  -0.0047   0.0302   0.0613   0.0093
  0.0202  -0.0283  -0.0021  -0.0786   0.0433   0.0647
  0.0021   0.0144  -0.0009  -0.1613   0.0363   0.0112
 -0.0092   0.0493   0.0120  -0.1710   0.0372  -0.0680
 -0.0272   0.0272   0.0072  -0.1010   0.0362  -0.0545
 -0.0242   0.0318   0.0111  -0.0779   0.0348  -0.0213
 -0.0246   0.0325   0.0003  -0.0626   0.0374  -0.0260
 -0.0240   0.0222   0.0023  -0.0622   0.0273  -0.0109
 -0.0285   0.0181  -0.0000  -0.0613   0.0260  -0.0212
 -0.0234   0.0095  -0.0041  -0.0600   0.0173  -0.0096
 -0.0268  -0.0060  -0.0151  -0.0497   0.0061   0.0227
 -0.0353   0.0401  -0.0097  -0.1464  -0.0097   0.0347
 -0.0447   0.0954  -0.0166  -0.1235  -0.0206   0.0824
 -0.0461   0.1152  -0.0364  -0.0649  -0.0272   0.0612
 -0.0562   0.1686  -0.0084  -0.2367  -0.0246  -0.1163
 -0.0654   0.1603   0.0204  -0.2404  -0.0196  -0.1048
 -0.0678   0.1549   0.0442  -0.2128  -0.0244  -0.0868
 -0.0614   0.1378   0.0310  -0.2207  -0.0313  -0.0073
 -0.0549   0.1043   0.0328  -0.2352  -0.0270   0.0214
 -0.0603   0.1129   0.0514  -0.1737  -0.0049  -0.0579
 -0.0662   0.0612   0.0504   0.0113  -0.0011  -0.0694
 -0.0946   0.0580   0.0789  -0.0517  -0.0158  -0.0232
 -0.0889   0.0778   0.0778  -0.0809  -0.0069  -0.0126
 -0.0687   0.0224   0.0455   0.0798  -0.0096   0.0516
 -0.0526  -0.0023   0.0605   0.1149  -0.0045   0.0426
 -0.0265  -0.0228   0.0526   0.2205   0.0052   0.0271
 -0.0062   0.0242   0.0530   0.2139   0.0085  -0.0370
  0.0016   0.0712   0.0634   0.1030   0.0227  -0.0853
 -0.0108  -0.0223   0.0652   0.0055   0.0383  -0.0673
 -0.0095  -0.0790   0.0720   0.0295   0.0300  -0.0142
  0.0076   0.0363   0.0807  -0.0043   0.0376  -0.0388
  0.0242   0.0256   0.0643  -0.0002   0.0259   0.0046
  0.0257   0.0047   0.0614   0.0092   0.0285   0.0236
  0.0241   0.0500   0.0756  -0.0687   0.0077  -0.0558
  0.0149   0.0709   0.0842  -0.1539   0.0038  -0.0561
  0.0121   0.0802   0.0721  -0.1320   0.0142  -0.0428
  0.0182   0.1013   0.0772  -0.1144   0.0086  -0.0345
  0.0295   0.0941   0.0657  -0.0703   0.0048   0.0036
  0.0195   0.1187   0.0705  -0.1181   0.0102  -0.0382
  0.0105   0.1276   0.0610  -0.0927   0.0125  -0.0403
  0.0092   0.1244   0.0607  -0.0932   0.0123  -0.0213
  0.0036   0.1018   0.0458  -0.0968   0.0090  -0.0219
 -0.0042   0.1472   0.0561  -0.1197   0.0118  -0.0458
 -0.0108   0.1311   0.0534  -0.1607  -0.0050   0.0673
  0.0246   0.1143  -0.0261  -0.2698  -0.0243   0.2258
  0.0367   0.2733  -0.0982  -0.3848  -0.0368   0.1326
  0.0806   0.1597  -0.0714  -0.3381  -0.0192  -0.0433
  0.0298  -0.0778  -0.0579  -0.2342  -0.0101  -0.0495
 -0.0710  -0.1208  -0.0856  -0.3565  -0.0398   0.0414
 -0.0518  -0.1453  -0.0779  -0.3163  -0.0562   0.1095
 -0.0468  -0.0151  -0.0503  -0.4100  -0.0260   0.0797
 -0.0417  -0.0057  -0.0200  -0.3847   0.0115  -0.0153
 -0.0558  -0.0087  -0.0187  -0.2506  -0.0114  -0.0082
 -0.0537   0.0205   0.0087  -0.1698  -0.0118   0.0201
 -0.0583  -0.0043   0.0191  -0.1529  -0.0194   0.0354
 -0.0407   0.0015   0.0140  -0.0995  -0.0308   0.0390
 -0.0301   0.0400   0.0105  -0.0091  -0.0220   0.0252
 -0.0105   0.0749   0.0097   0.0441  -0.0178   0.0015
 -0.0129   0.0819  -0.0001  -0.0541  -0.0116  -0.0525
 -0.0214   0.0488   0.0305  -0.0704  -0.0079  -0.0453
 -0.0291   0.0318   0.0150  -0.0489  -0.0114  -0.0043
 -0.0196   0.0319  -0.0102  -0.0288  -0.0270   0.0271
 -0.0413   0.1369  -0.0157  -0.0465  -0.0399  -0.0236
  0.0410   0.2704  -0.0589  -0.0514  -0.0539   0.1576
  0.0342   0.3199  -0.0811  -0.2380  -0.0260   0.1656
 -0.0129   0.1047  -0.0770  -0.1750  -0.0173   0.0048
 -0.0264   0.0863  -0.1310  -0.0916  -0.0913  -0.0423
 -0.0548   0.1410  -0.1240  -0.0882  -0.0974  -0.0420
 -0.0577   0.1560  -0.1140  -0.0710  -0.1125  -0.0152
 -0.0348   0.1168  -0.1125   0.0791  -0.0876  -0.0361
 -0.0132   0.0687  -0.1167   0.2003  -0.0851  -0.0016
 -0.0162   0.0637  -0.0902   0.1875  -0.0790  -0.0753
 -0.0220   0.0498  -0.0461   0.1471  -0.0562  -0.0632
 -0.0354   0.0192  -0.0182   0.1792  -0.0408  -0.0112
 -0.0263   0.0409  -0.0179   0.2084  -0.0497  -0.0107
 -0.0277   0.0311   0.0070   0.2004  -0.0406  -0.0898
 -0.0319   0.0903   0.0122   0.1691  -0.0381  -0.1193
 -0.0384   0.1204   0.0114   0.1489  -0.0440  -0.0721
 -0.0367   0.1159   0.0013   0.1737  -0.0479  -0.0368
 -0.0556   0.1131   0.0166   0.1409  -0.0492  -0.0974
 -0.0521   0.1216  -0.0139   0.1369  -0.0448  -0.1287
 -0.0441  -0.0357  -0.0721  -0.0928  -0.0498   0.0858
  0.0232   0.2336  -0.0453  -0.5240   0.0061   0.2064
 -0.0012   0.2998  -0.0720  -0.1908  -0.0385   0.0601
 -0.0536   0.0838  -0.0833   0.0126  -0.0654  -0.1042
 -0.0825   0.1116  -0.0466  -0.0689  -0.0450  -0.1283
 -0.0728   0.0968  -0.0475   0.0144  -0.0514  -0.0465
 -0.0464   0.1360  -0.0587  -0.0133  -0.0590  -0.0022
 -0.0692   0.1330  -0.0509   0.0036  -0.0690  -0.0607
 -0.0618   0.1188  -0.0456   0.0094  -0.0672  -0.1208
 -0.0783   0.1275  -0.0449   0.0769  -0.0686  -0.0903
 -0.0910   0.1378  -0.0288   0.0897  -0.0781  -0.0901
 -0.1453   0.1831  -0.0617   0.3264  -0.0685  -0.0764
 -0.0869   0.2684  -0.0320   0.5631   0.0145  -0.1143
 -0.0269   0.2982  -0.0616   0.4037  -0.0138  -0.1540
 -0.0901   0.2676  -0.1234   0.3130  -0.0695  -0.1853
 -0.1097   0.1688  -0.0709   0.2790  -0.0443  -0.1647
 -0.1088   0.2254  -0.0651   0.3104  -0.0385  -0.1659
 -0.1024   0.1778  -0.0550   0.2960  -0.0446  -0.0997
 -0.0976   0.2066  -0.0475   0.2233  -0.0468  -0.1037
 -0.0947   0.2025  -0.0343   0.2011  -0.0345  -0.1715
 -0.1006   0.2290  -0.0245   0.2073  -0.0231  -0.2185
 -0.1136   0.2235  -0.0242   0.2136  -0.0330  -0.1738
 -0.1184   0.2744  -0.0206   0.2068  -0.0336  -0.1949
 -0.0956   0.2171  -0.0234   0.2032  -0.0320  -0.1204
 -0.1021   0.2501  -0.0150   0.1141  -0.0412  -0.1154
 -0.1081   0.2360  -0.0169   0.1175  -0.0423  -0.1788
 -0.1061   0.2673  -0.0045   0.1817  -0.0361  -0.2140
 -0.1150   0.2509  -0.0041   0.2177  -0.0430  -0.1857
 -0.0922   0.3188   0.0224   0.2367  -0.0318  -0.2092
 -0.0650   0.3261   0.0175   0.1922  -0.0251  -0.1251
 -0.0529   0.3067   0.0154   0.1498  -0.0147  -0.1533
