  1.4343   0.5270   0.5581  -0.1897   0.7341   0.1470
  1.5077   0.5757   0.6836  -0.2683   0.7929   0.1689
  1.5000   0.5530   0.6688  -0.2464   0.8061   0.1513
  1.5072   0.5446   0.6768  -0.2120   0.8170   0.1328
  1.4727   0.5061   0.6472  -0.1937   0.7844   0.1301
  1.4644   0.5108   0.6485  -0.1940   0.7848   0.1357
  1.4771   0.5040   0.6438  -0.2324   0.7773   0.1563
  1.4846   0.4740   0.6219  -0.2514   0.7486   0.1699
  1.4708   0.4817   0.6189  -0.2213   0.7429   0.1637
  1.4535   0.4709   0.6089  -0.1954   0.7454   0.1323
  1.4597   0.4796   0.6071  -0.1961   0.7681   0.1159
  1.4544   0.4870   0.6065  -0.2129   0.7816   0.1186
  1.4389   0.4612   0.6023  -0.1725   0.7707   0.0944
  1.4228   0.4582   0.5998  -0.1587   0.7670   0.0954
  1.4262   0.4364   0.5990  -0.1221   0.7610   0.0699
  1.3960   0.4414   0.5897  -0.1221   0.7563   0.0823
  1.3150   0.4160   0.5656  -0.1006   0.7070   0.0731
  1.2993   0.4231   0.5604  -0.1250   0.6851   0.0804
  1.3205   0.3907   0.6008  -0.0839   0.6915   0.0845
  1.2883   0.3793   0.6101  -0.0358   0.6649   0.0701
  1.2667   0.3929   0.6044  -0.1159   0.6735   0.0925
  1.2753   0.3929   0.6038  -0.0676   0.6841   0.0657
  1.2639   0.3983   0.6011  -0.1133   0.6715   0.0653
  1.1963   0.3914   0.5966  -0.0392   0.6063   0.0377
  1.2373   0.3828   0.5988  -0.0561   0.6619   0.0532
  1.2385   0.3953   0.5175   0.0060   0.6315   0.0215
  1.1834   0.3845   0.4417   0.0220   0.5736   0.0070
  1.2285   0.3546   0.4220   0.0532   0.5746  -0.0077
  1.2099   0.3497   0.4038   0.0051   0.5730   0.0206
  1.1947   0.3482   0.3997   0.0136   0.5618   0.0134
  1.1674   0.3575   0.3652  -0.0199   0.5494   0.0299
  1.1363   0.3427   0.3210   0.0220   0.5276   0.0015
  1.1325   0.3398   0.2914   0.0283   0.5255  -0.0027
  1.1488   0.3331   0.3157   0.0488   0.5391  -0.0035
  1.1416   0.3334   0.3047   0.0294   0.5584   0.0004
  1.1267   0.3288   0.3177   0.0638   0.5412  -0.0098
  1.0974   0.3346   0.2853   0.0000   0.5377   0.0121
  1.0189   0.3102   0.2796   0.0486   0.4789  -0.0102
  0.8833   0.2964   0.2736  -0.0778   0.4349   0.0698
  0.9336   0.2637   0.2783   0.0261   0.4704   0.0263
  0.9358   0.2604   0.2934   0.0301   0.4857   0.0261
  0.9262   0.2396   0.2956   0.0295   0.4884   0.0454
  0.9209   0.2385   0.2917   0.0531   0.4875   0.0439
  0.9502   0.2669   0.2908  -0.0499   0.5144   0.0797
  0.9549   0.2604   0.2946  -0.1226   0.5449   0.1277
  0.9176   0.2391   0.2847  -0.0449   0.5097   0.0875
  0.8807   0.2470   0.2647  -0.0018   0.4652   0.0421
  0.8437   0.2421   0.2405  -0.0265   0.4491   0.0610
  0.8131   0.2388   0.2318  -0.1278   0.4602   0.1110
  0.8113   0.2219   0.2540  -0.1063   0.4357   0.1016
  0.7755   0.2100   0.2410  -0.1116   0.4238   0.1152
  0.5348   0.2090   0.1691  -0.0930   0.2271   0.0806
  0.4579   0.1651   0.0857  -0.0642   0.1674   0.0938
  0.4340   0.1619   0.0847  -0.0534   0.1595   0.0836
  0.3786   0.1614   0.0629  -0.1071   0.1198   0.1240
  0.3497   0.1621   0.0965  -0.1001   0.0954   0.1094
  0.3652   0.1207   0.0733  -0.0311   0.1237   0.0957
  0.3715   0.1182   0.1017  -0.1369   0.1040   0.1474
  0.4561   0.2599   0.1502  -0.1260   0.1733   0.1068
  0.4665   0.2173   0.1346  -0.0921   0.1946   0.1009
  0.4779   0.2412   0.1414  -0.0547   0.1984   0.0636
  0.4825   0.2316   0.1456  -0.0935   0.2016   0.0978
  0.4867   0.2336   0.1437  -0.0817   0.2008   0.0795
  0.4646   0.2158   0.1508  -0.0956   0.2140   0.0888
  0.4662   0.2277   0.1271  -0.0761   0.2111   0.0695
  0.4615   0.2175   0.1217  -0.0670   0.2075   0.0552
  0.4468   0.1991   0.1171  -0.0297   0.2190   0.0518
  0.4455   0.1874   0.1247  -0.0395   0.2026   0.0637
  0.4061   0.1642   0.0892  -0.0136   0.1703   0.0595
  0.3836   0.1166   0.1269  -0.0435   0.1912   0.0882
  0.3368   0.0326   0.0831   0.0276   0.1450   0.0531
  0.2304   0.0126  -0.0008  -0.0080   0.0702   0.0602
  0.2004   0.0319  -0.0176   0.0088   0.0677   0.0458
  0.1679   0.0355  -0.0522  -0.0169   0.0614   0.0557
  0.1384   0.0225  -0.0587   0.0259   0.0518   0.0355
  0.1255   0.0104  -0.0475   0.0185   0.0571   0.0520
  0.1285  -0.0067  -0.0325   0.0917   0.0781   0.0122
  0.1091  -0.0108  -0.0563   0.0715   0.0705   0.0261
  0.0894   0.0031  -0.0718   0.0642   0.0445   0.0224
  0.0708   0.0169  -0.0913   0.0300   0.0491   0.0410
  0.0736   0.0127  -0.0778   0.0099   0.0473   0.0528
  0.0589   0.0220  -0.0777   0.0380   0.0365   0.0373
  0.0582   0.0156  -0.0846   0.0851   0.0405   0.0115
  0.0370   0.0087  -0.0871   0.0614   0.0321   0.0244
  0.0325   0.0084  -0.0944   0.0516   0.0198   0.0091
  0.0165   0.0144  -0.0989   0.0168   0.0167   0.0208
 -0.0042   0.0056  -0.0986  -0.0108  -0.0088   0.0326
  0.0072  -0.0020  -0.1067   0.0194   0.0295   0.0245
 -0.0104   0.0052  -0.1468  -0.0183   0.0437   0.0571
 -0.0317  -0.0145  -0.1190   0.0214  -0.0068   0.0212
 -0.0542  -0.0083  -0.1073  -0.0149  -0.0241   0.0265
 -0.0581  -0.0110  -0.1075  -0.0694  -0.0137   0.0480
 -0.0757  -0.0320  -0.1188  -0.0324  -0.0316   0.0383
 -0.1075  -0.0234  -0.1191  -0.0002  -0.0566   0.0142
 -0.1274  -0.0317  -0.0987  -0.1155  -0.0890   0.0858
 -0.1699  -0.0554  -0.1151  -0.0850  -0.1461   0.0689
 -0.1760  -0.0726  -0.1310  -0.0225  -0.1396   0.0412
 -0.1750  -0.0626  -0.1357  -0.0522  -0.1191   0.0492
 -0.1531  -0.0661  -0.1487  -0.0191  -0.1113   0.0350
 -0.1465  -0.0673  -0.1703   0.0005  -0.1039   0.0142
 -0.1565  -0.0684  -0.1689   0.0143  -0.1269   0.0194
 -0.1701  -0.0632  -0.1666   0.0035  -0.1146   0.0175
 -0.1652  -0.0627  -0.1729   0.0294  -0.1129   0.0128
 -0.1628  -0.0504  -0.1495  -0.0147  -0.0946   0.0378
 -0.1695  -0.0246  -0.1699  -0.0336  -0.0958   0.0386
 -0.1782  -0.0295  -0.1613  -0.0472  -0.0878   0.0480
 -0.1731  -0.0343  -0.1620   0.0094  -0.0904   0.0030
 -0.1815  -0.0361  -0.1625  -0.0201  -0.0754   0.0204
 -0.1748  -0.0542  -0.1737   0.0302  -0.0987  -0.0127
 -0.1891  -0.0477  -0.1729  -0.0380  -0.0686   0.0164
 -0.1899  -0.0541  -0.1749  -0.0050  -0.0730  -0.0044
 -0.1927  -0.0399  -0.1811  -0.0955  -0.0588   0.0445
 -0.2234  -0.0662  -0.1975   0.0583  -0.1175  -0.0437
 -0.2337  -0.0446  -0.2249   0.0124  -0.1294  -0.0115
 -0.2406  -0.0698  -0.2172   0.0502  -0.1220  -0.0284
 -0.2491  -0.0538  -0.2104  -0.0304  -0.1107   0.0108
 -0.2367  -0.0599  -0.2277   0.0035  -0.1263  -0.0059
 -0.2544  -0.0612  -0.2110   0.0508  -0.1260  -0.0237
 -0.2368  -0.0557  -0.2149  -0.0432  -0.1023   0.0092
 -0.2767  -0.0421  -0.2582  -0.0506  -0.1546   0.0114
 -0.2828  -0.0618  -0.2404  -0.0232  -0.1600   0.0048
 -0.2903  -0.0460  -0.2520  -0.0622  -0.1323   0.0157
 -0.2954  -0.0764  -0.2143  -0.1830  -0.1133   0.0863
 -0.3288  -0.0369  -0.2437  -0.0528  -0.1832  -0.0087
 -0.3017   0.0093  -0.2320   0.0340  -0.1872  -0.0598
 -0.3526  -0.0299  -0.2621   0.0518  -0.1938  -0.0760
 -0.4315  -0.0810  -0.2994   0.0756  -0.2129  -0.0979
 -0.4951  -0.1341  -0.2958   0.1410  -0.2517  -0.1389
 -0.4564  -0.1422  -0.3333   0.1746  -0.2379  -0.1735
 -0.5352  -0.2169  -0.2505   0.1922  -0.3258  -0.1326
 -0.4665  -0.1634  -0.2915   0.0858  -0.3097  -0.1067
 -2.0572  -0.4289  -0.2895   0.2375  -1.2620  -0.2068
 -1.9441  -0.4021  -0.3173   0.1406  -1.1348  -0.1116
 -1.8234  -0.3745  -0.3813   0.1648  -1.0647  -0.1476
 -1.8898  -0.3733  -0.3515   0.0951  -1.0716  -0.0840
 -1.8507  -0.3806  -0.3703   0.1838  -1.0553  -0.1360
 -1.8655  -0.3866  -0.3476   0.1134  -1.0304  -0.0957
 -1.8462  -0.3781  -0.3841   0.1844  -1.0231  -0.1722
 -1.8740  -0.3825  -0.3715   0.1061  -0.9989  -0.1194
 -1.8698  -0.3847  -0.3992   0.1360  -1.0170  -0.1605
 -1.8753  -0.3677  -0.3844   0.0249  -1.0227  -0.1027
 -1.8756  -0.3745  -0.4227   0.0936  -1.0466  -0.1432
 -1.8906  -0.3727  -0.4255   0.0980  -1.0610  -0.1428
 -1.8682  -0.3993  -0.4458   0.1213  -1.0239  -0.1341
 -1.9062  -0.4174  -0.3893   0.0193  -1.0500  -0.0584
 -1.8797  -0.4108  -0.4090   0.0081  -1.0334  -0.0636
 -1.9372  -0.4601  -0.3493   0.0807  -1.0511  -0.0973
 -1.8896  -0.4618  -0.3847   0.0847  -1.0056  -0.1061
 -1.9036  -0.4290  -0.3735   0.1278  -1.0372  -0.1315
 -1.8908  -0.4439  -0.3897   0.2322  -1.0342  -0.1731
 -1.8957  -0.4608  -0.3912   0.1514  -1.0408  -0.1198
 -1.8871  -0.4126  -0.3882  -0.0383  -0.9651  -0.0449
 -1.9024  -0.4425  -0.4058   0.0744  -0.9915  -0.0909
 -1.8643  -0.4350  -0.4110   0.0308  -0.9633  -0.0970
 -1.9093  -0.4421  -0.3980   0.0910  -1.0039  -0.1214
 -1.9860  -0.4525  -0.4784  -0.0195  -0.9778  -0.0777
 -2.0054  -0.4524  -0.4526  -0.0052  -1.0331  -0.0768
 -1.7972  -0.4793  -0.4834  -0.0528  -0.8403  -0.0529
 -0.5704  -0.5613  -0.1487   0.2014  -0.0102  -0.1660
 -0.8664  -0.5606  -0.1078   0.1004  -0.2422  -0.0608
 -0.9223  -0.5726  -0.1732   0.1056  -0.2517  -0.1061
 -1.0115  -0.5688  -0.1849   0.1340  -0.3193  -0.0973
 -1.0267  -0.5795  -0.2090   0.1330  -0.3681  -0.0965
 -1.0456  -0.5382  -0.2119   0.0529  -0.3637  -0.0423
 -1.0514  -0.5573  -0.2183   0.1358  -0.3509  -0.0875
 -1.0561  -0.5482  -0.2183   0.0945  -0.3547  -0.0678
 -1.0788  -0.5604  -0.2311   0.1264  -0.3601  -0.1063
 -1.0811  -0.5708  -0.2147   0.1782  -0.3802  -0.1206
 -1.0744  -0.5518  -0.2330   0.1272  -0.3450  -0.1177
 -1.0937  -0.5601  -0.2294   0.1711  -0.3833  -0.1291
 -1.1149  -0.5574  -0.2385   0.1516  -0.3758  -0.1389
 -1.1189  -0.5720  -0.2377   0.1657  -0.4027  -0.1483
 -1.1687  -0.5539  -0.2311   0.0840  -0.4195  -0.1133
 -1.1459  -0.5674  -0.2266   0.1211  -0.4299  -0.1305
 -1.1679  -0.5523  -0.2489   0.0347  -0.4115  -0.0839
 -1.1477  -0.5830  -0.2221   0.1236  -0.4287  -0.1254
