 -0.0236  -0.2335   0.0387  -1.0052   0.1108   0.5413
 -0.1215   0.3847  -0.1146  -1.7960   0.1482   0.5492
 -0.0493  -0.0905  -0.1458  -1.7176   0.1681   0.4978
 -0.0432  -0.0940  -0.2648  -1.9048   0.1910   0.4631
 -0.0607  -0.0055  -0.2034  -1.6316   0.1710   0.5058
 -0.0600  -0.0105  -0.2154  -1.6427   0.1721   0.5429
 -0.0622  -0.0374  -0.1558  -1.3131   0.1587   0.4759
 -0.0259   0.1326  -0.0447  -1.2956   0.1130   0.6290
 -0.0418   0.0670   0.1329  -0.9733  -0.0672   0.7158
 -0.0916  -0.2290   0.1060  -0.9894   0.0147   0.8445
 -0.0010  -0.2094   0.0120  -0.6288   0.0315   0.8724
  0.0557   0.2677  -0.0056  -0.5922   0.0446   0.5055
  0.0644   0.3117  -0.0350  -0.7994   0.0693   0.4104
 -0.0282   0.3382   0.0366  -0.8669   0.0347   0.5832
 -0.0168   0.3270   0.0193  -0.9225   0.0462   0.5696
 -0.0089   0.7439  -0.1920  -1.3456   0.1215   0.4403
 -0.0087   1.0432  -0.0687  -1.6576   0.0047   0.4172
  0.0470   0.8461   0.0393  -1.5612  -0.0677   0.4301
  0.0594   0.0364   0.0253  -0.9706   0.0289   0.2944
  0.0481  -0.1788   0.0300  -0.8192   0.0684   0.1642
  0.0413  -0.2565   0.0130  -0.6907   0.0323   0.2581
  0.0395  -0.3806   0.0808  -0.6027   0.0418   0.2121
  0.0272  -0.3878   0.1125  -0.5907   0.0571   0.3012
  0.0387  -0.4079   0.1265  -0.5318   0.0501   0.2209
  0.0470  -0.2517   0.0527  -0.6395   0.0826   0.3417
 -0.0075  -0.1793   0.0403  -0.6087   0.0519   0.2357
  0.0158  -0.1849   0.0702  -0.6195   0.0096   0.2948
  0.0146  -0.2780   0.0819  -0.4915   0.0256   0.1986
  0.0280  -0.2419   0.0805  -0.6233   0.0278   0.2770
  0.0157  -0.3435   0.1051  -0.3878   0.0679   0.2268
 -0.0071  -0.4058   0.1024  -0.4844   0.0214   0.2531
  0.0283  -0.5525   0.1031   0.0726   0.0476   0.1097
  0.0401  -0.2791   0.1563  -0.8712  -0.0319   0.3872
  0.0929   0.1186   0.0371  -1.7193  -0.0197   0.4325
  0.0784   0.3347   0.0771  -1.2355  -0.0216   0.4004
  0.1169   0.6616   0.0229  -2.5438  -0.0630   0.6366
  0.1465   0.6214  -0.0412  -2.9999  -0.0972   0.7582
  0.1444   0.4904  -0.0202  -2.9582  -0.0247   0.7028
 -0.0519  -1.3286  -0.0079  -1.6286  -0.1331   0.9131
 -0.1442  -1.8130  -0.0446  -0.6563  -0.1727   1.0105
 -0.0869  -1.2719  -0.0643  -0.5600  -0.0976   0.7430
  0.0077  -0.9663   0.0150  -0.5150  -0.0132   0.4921
  0.0768  -0.7804   0.0822  -0.4534  -0.0011   0.4806
  0.0585  -0.7727   0.1165  -0.4659  -0.0295   0.5216
  0.0725  -0.7603   0.1084  -0.4806   0.0028   0.4331
  0.0492  -0.7920   0.0968  -0.5514  -0.0189   0.4489
  0.0364  -0.7006   0.0776  -0.5112   0.0097   0.4404
  0.0513  -0.7550   0.0675  -0.3997   0.0086   0.3941
  0.0373  -0.6886   0.0508  -0.3851   0.0379   0.4609
  0.0770  -0.8725   0.1374  -0.0643   0.0324   0.3577
  0.0167  -0.9353   0.1702   0.2928   0.0814   0.4075
  0.0354  -0.9023   0.1682   0.1768   0.0576   0.3925
  0.0825  -0.6149   0.1596   0.1055   0.0866   0.2557
  0.0712  -0.5877   0.1283  -0.0843   0.0612   0.2169
  0.0657  -0.8046   0.0872   0.0108   0.1064   0.3673
  0.0636  -0.9554   0.0975   0.0178   0.1644   0.3548
  0.0912  -1.1420   0.0980  -0.1180   0.1308   0.3117
  0.0239  -1.5528   0.1027  -0.4539   0.0843   0.2808
  0.0333  -1.3640   0.0124  -0.6867   0.0689   0.1894
  0.0373  -0.8453   0.0034  -0.5308   0.0906   0.2580
  0.0171  -0.6497  -0.0120  -0.2578   0.1062   0.2551
  0.0276  -0.6170   0.0393  -0.1945   0.1149   0.2361
  0.0321  -0.6510   0.0489  -0.1637   0.0962   0.3001
  0.0429  -0.7636   0.0512  -0.1379   0.0884   0.2441
  0.0268  -0.5776   0.0105  -0.1397   0.1382   0.2382
  0.0115  -0.4655   0.0796  -0.1051   0.1482   0.1841
  0.0156  -0.6900   0.1007   0.1782   0.0907   0.1933
  0.0093  -0.7316   0.1597   0.3080   0.1149   0.1804
  0.0017  -0.7637   0.1413   0.3012   0.0700   0.1717
  0.0211  -0.7891   0.1735   0.4506   0.1185   0.1986
  0.0216  -0.7822   0.1566   0.4011   0.0813   0.1623
  0.0088  -0.7255   0.1308   0.4006   0.0780   0.1993
  0.0438  -0.7136   0.1616   0.3237   0.0630   0.1357
  0.0305  -0.7555   0.1561   0.3731   0.0960   0.1752
  0.0730  -0.7487   0.1439   0.4259   0.1042   0.1335
  0.0979  -0.6719   0.1115   0.5210   0.0972   0.1368
  0.0314  -0.8103   0.1281   0.5033   0.0640   0.1199
 -0.0170  -0.9763   0.1847   0.5886   0.0488   0.0611
  0.0012  -1.1954   0.2009   0.6554   0.0487   0.0952
  0.0145  -1.2773   0.1967   0.7594   0.0636   0.1217
  0.0310  -1.1811   0.1933   0.6160   0.0666   0.0776
  0.0249  -0.9931   0.2159   0.4796   0.0645   0.1016
  0.0908  -1.0772  -0.0407   0.5914   0.0550   0.1458
  0.1928  -1.0406  -0.1411   0.6331   0.0617   0.2047
  0.1296  -0.8096  -0.0210   0.5667   0.1216   0.1107
  0.0615  -0.7814  -0.0084   0.5246   0.0749   0.1715
  0.0696  -0.7909   0.0488   0.5122   0.1026   0.0228
  0.0171  -0.8857   0.1026   0.9710  -0.0795   0.5219
  0.0163  -0.7793   0.2013   0.9699  -0.0637   0.5213
  0.0422  -1.0390   0.2824   1.1175   0.0704   0.3512
  0.0154  -0.8697   0.1413   0.6605   0.0666   0.2426
  0.0384  -0.8316   0.1335   0.5933   0.0654   0.2060
  0.0118  -0.8133   0.1558   0.6647   0.0664   0.1818
  0.0158  -0.7479   0.1845   0.7093   0.0775   0.1629
  0.0080  -0.8241   0.1638   0.7137   0.0690   0.2090
  0.0164  -0.8149   0.1486   0.6887   0.0510   0.1328
  0.0237  -0.8579   0.1439   0.7010   0.0621   0.2331
  0.0225  -0.8371   0.1356   0.7074   0.0750   0.1368
  0.0125  -0.7043   0.1427   0.6846   0.0650   0.2142
 -0.0004  -0.6058   0.1324   0.6637   0.0639   0.1804
  0.0187  -0.6499   0.1427   0.7246   0.0518   0.2267
  0.0193  -0.6600   0.1362   0.7180   0.0518   0.2146
  0.0280  -0.7022   0.1329   0.7384   0.0430   0.1826
  0.0250  -0.6790   0.1240   0.7298   0.0363   0.2300
  0.0257  -0.7288   0.1312   0.7478   0.0326   0.1857
  0.0229  -0.6959   0.1290   0.7651   0.0230   0.1814
  0.0259  -0.6935   0.1305   0.7448   0.0160   0.2142
  0.0313  -0.7032   0.1350   0.7334   0.0012   0.1699
  0.0398  -0.7099   0.1401   0.7491   0.0023   0.1713
  0.0400  -0.7222   0.1298   0.7237  -0.0051   0.1722
  0.0079  -0.5417   0.1056   0.6822   0.0172   0.1013
 -0.0151  -0.2475   0.0833   0.4873   0.0241   0.1114
  0.0117  -0.2091   0.0537   0.3326   0.0105   0.1537
  0.0186  -0.2718   0.0664   0.4020   0.0039   0.1096
  0.0054  -0.2674   0.0299   0.4558  -0.0096   0.1258
  0.0175  -0.2979   0.0565   0.4621  -0.0240   0.1495
  0.0186  -0.3284   0.0732   0.4784  -0.0395   0.1154
  0.0274  -0.2923   0.0678   0.5174  -0.0220   0.1217
  0.0227  -0.2869   0.0522   0.5080  -0.0284   0.1344
  0.0201  -0.2926   0.0689   0.5392  -0.0351   0.1064
  0.0260  -0.2763   0.0723   0.5592  -0.0360   0.1100
  0.0148  -0.3155   0.0682   0.5310  -0.0219   0.1231
  0.0183  -0.3225   0.0732   0.5715  -0.0332   0.1006
  0.0207  -0.3381   0.0659   0.5841  -0.0384   0.0714
  0.0230  -0.3161   0.0685   0.5674  -0.0455   0.1215
  0.0211  -0.3458   0.0752   0.6148  -0.0477   0.0812
  0.0322  -0.3404   0.0685   0.5710  -0.0348   0.0527
  0.0279  -0.3163   0.0660   0.5663  -0.0390   0.1004
  0.0331  -0.3567   0.0552   0.5426  -0.0511   0.0919
  0.0298  -0.3429   0.0592   0.5435  -0.0373   0.0468
  0.0317  -0.3274   0.0593   0.5710  -0.0443   0.1111
  0.0246  -0.3411   0.0796   0.5762  -0.0541   0.0760
  0.0195  -0.3535   0.0704   0.5774  -0.0608   0.0502
  0.0149  -0.3025   0.0830   0.5785  -0.0479   0.0945
  0.0152  -0.3812   0.0653   0.5564  -0.0507   0.0964
 -0.0063  -0.3520   0.0775   0.4961  -0.0412   0.0770
 -0.0239  -0.4157   0.0963   0.5057  -0.0262   0.1138
 -0.0075  -0.3936   0.0079   0.3760   0.0565   0.0244
 -0.0160  -0.3062  -0.0504   0.1957   0.0848  -0.0013
 -0.0176  -0.3981  -0.0389   0.3303   0.0644  -0.0929
 -0.0184  -0.4875   0.0160   0.4008   0.0769  -0.0201
 -0.0169  -0.2355  -0.0232   0.4465   0.0673  -0.0265
 -0.0223   0.2010  -0.0800  -0.3297   0.0150   0.1126
  0.0087   0.7418  -0.1821  -1.1214  -0.0630  -0.0481
 -0.0003   0.6230  -0.1472  -0.6809  -0.0636  -0.2111
  0.0087   0.2561  -0.0613  -0.6356  -0.0317  -0.1240
 -0.1036   1.0516  -0.1744  -0.7329  -0.0434  -0.2638
 -0.2149   2.2105  -0.3033  -0.8990   0.0163  -0.3811
 -0.2328   2.9777  -0.3981  -1.1684  -0.0314  -0.2127
 -0.2334   2.4129  -0.3165  -1.0976  -0.0341  -0.1742
 -0.1153   1.6887  -0.2941  -0.7706  -0.0191  -0.4488
 -0.0293   1.0781  -0.2028  -0.3528  -0.0186  -0.4161
 -0.0755   1.0254  -0.1136  -0.1660  -0.0782  -0.3985
 -0.0621   1.0429  -0.1326  -0.2617  -0.0804  -0.3100
 -0.0766   0.9795  -0.1300  -0.1511  -0.0911  -0.3605
 -0.0607   0.9652  -0.1502  -0.1546  -0.1081  -0.3139
 -0.0635   0.8754  -0.1639  -0.1009  -0.1094  -0.3281
 -0.0548   0.9130  -0.1332  -0.0735  -0.1012  -0.2877
 -0.0607   0.8789  -0.1146  -0.0124  -0.0813  -0.3014
 -0.0481   0.8628  -0.1201  -0.0281  -0.0994  -0.3358
 -0.0424   0.8520  -0.1400   0.0015  -0.0771  -0.2859
 -0.0384   0.8163  -0.1463   0.0009  -0.0677  -0.3254
 -0.0502   0.8573  -0.1564  -0.0038  -0.0959  -0.3585
 -0.0371   0.8762  -0.1446   0.0256  -0.0884  -0.3090
 -0.0373   0.8461  -0.1419   0.0472  -0.0959  -0.3542
 -0.0316   0.8729  -0.1511   0.0468  -0.0862  -0.3039
 -0.0316   0.8119  -0.1454   0.0578  -0.0941  -0.3440
 -0.0259   0.8094  -0.1349   0.0876  -0.0869  -0.3503
 -0.0247   0.8161  -0.1253   0.0989  -0.0957  -0.3196
 -0.0230   0.7606  -0.1162   0.1246  -0.0959  -0.3534
 -0.0412   0.7096  -0.1246   0.1087  -0.0880  -0.3712
 -0.0491   0.6987  -0.1382   0.0992  -0.0717  -0.3270
 -0.0468   0.6736  -0.1632   0.1236  -0.0828  -0.3667
 -0.0332   0.6611  -0.1379   0.1380  -0.0780  -0.3585
 -0.0147   0.7025  -0.1441   0.1383  -0.0732  -0.3205
 -0.0107   0.6900  -0.1105   0.1455  -0.0874  -0.3445
 -0.0241   0.6533  -0.1087   0.1438  -0.0907  -0.3608
 -0.0356   0.5663  -0.0900   0.1684  -0.0826  -0.3491
 -0.0371   0.5180  -0.1044   0.1788  -0.0745  -0.4157
 -0.0340   0.5741  -0.1085   0.2183  -0.0742  -0.3730
 -0.0409   0.5729  -0.1135   0.1823  -0.0755  -0.3818
 -0.0408   0.5578  -0.0967   0.1780  -0.0802  -0.4054
 -0.0432   0.5752  -0.1226   0.1644  -0.0821  -0.3967
 -0.0087   0.5703  -0.0250   0.1663  -0.0736  -0.3649
  0.0059   0.5807  -0.0369   0.1539  -0.0487  -0.4191
  0.0122   0.6005  -0.0626   0.1806  -0.0531  -0.4206
 -0.0034   0.5856  -0.0671   0.1887  -0.0594  -0.3767
 -0.0139   0.5724  -0.0682   0.1965  -0.0713  -0.4241
 -0.0173   0.5873  -0.0717   0.1895  -0.0808  -0.4481
 -0.0149   0.6076  -0.0849   0.1932  -0.0658  -0.4011
 -0.0172   0.5896  -0.0847   0.1981  -0.0660  -0.4285
 -0.0165   0.5883  -0.0807   0.1739  -0.0634  -0.4347
 -0.0128   0.5816  -0.0905   0.1600  -0.0566  -0.3861
 -0.0112   0.5615  -0.0893   0.1702  -0.0541  -0.4200
 -0.0121   0.5978  -0.0865   0.1816  -0.0591  -0.4269
 -0.0119   0.5719  -0.0904   0.1885  -0.0660  -0.4205
 -0.0126   0.5632  -0.0830   0.1852  -0.0697  -0.4576
 -0.0171   0.5795  -0.0881   0.1947  -0.0629  -0.4118
 -0.0232   0.5432  -0.0825   0.1824  -0.0694  -0.4485
 -0.0207   0.5603  -0.0769   0.1983  -0.0772  -0.4344
 -0.0160   0.5312  -0.0771   0.1541  -0.0869  -0.4050
 -0.0128   0.4993  -0.0557   0.1803  -0.0853  -0.4303
 -0.0098   0.5250  -0.0345   0.1659  -0.0847  -0.4394
 -0.0121   0.5188  -0.0422   0.1924  -0.0815  -0.4031
 -0.0161   0.5122  -0.0508   0.1918  -0.0795  -0.4477
 -0.0273   0.5185  -0.0358   0.2158  -0.0893  -0.4675
 -0.0132   0.5593  -0.0394   0.1869  -0.0776  -0.4216
 -0.0147   0.5382  -0.0522   0.2021  -0.0663  -0.4392
 -0.0167   0.5500  -0.0560   0.1779  -0.0613  -0.4782
 -0.0200   0.6084  -0.0489   0.2242  -0.0653  -0.4355
 -0.0201   0.6630  -0.0643   0.1929  -0.0522  -0.4319
 -0.0164   0.6366  -0.0528   0.2953  -0.0682  -0.4660
  0.0026   0.6530  -0.0588   0.2864  -0.0481  -0.4129
 -0.0009   0.4917  -0.0641   0.2751  -0.0533  -0.4741
 -0.0474   0.3911  -0.1236   0.3238  -0.0492  -0.3703
 -0.0470   0.3481  -0.1179   0.3893   0.0181  -0.2800
 -0.0376   0.4517  -0.1345   0.2478   0.0432  -0.3937
 -0.0348   0.4588  -0.1180   0.2589   0.0232  -0.5082
 -0.0372   0.5648  -0.0876   0.2446   0.0037  -0.4382
 -0.0434   0.5286  -0.0803   0.3063   0.0128  -0.4230
 -0.0354   0.6113  -0.0580   0.3058   0.0140  -0.4839
 -0.0310   0.6494  -0.0691   0.2509  -0.0205  -0.3811
 -0.0243   0.7227  -0.0439   0.1296  -0.0470  -0.4894
 -0.0282   0.6785  -0.0570   0.2146  -0.0515  -0.4102
 -0.0318   0.9344  -0.0423   0.1135   0.0334  -0.4552
 -0.1124   1.1220  -0.1035   0.1304   0.0992  -0.3366
 -0.0937   1.3279  -0.1848  -0.4066   0.0880  -0.2829
  0.0116   1.1767  -0.1466  -0.8499   0.0774  -0.5186
 -0.0276   0.8451  -0.0586  -0.1477   0.0123  -0.5267
  0.0019   0.7892  -0.0457  -0.2126   0.0057  -0.4440
 -0.0134   0.7040  -0.0388  -0.0376  -0.0093  -0.4800
  0.0132   0.7138  -0.0216  -0.0664   0.0009  -0.4067
 -0.0058   0.6681  -0.0334  -0.0007  -0.0075  -0.4595
  0.0147   0.6315  -0.0361  -0.0387  -0.0064  -0.4155
  0.0106   0.5109  -0.0659   0.0395  -0.0182  -0.4536
  0.0273   0.4655  -0.0478   0.0721   0.0026  -0.4658
