  0.0943   0.0554   0.0450   0.1111   0.0677   0.0075
  0.1138   0.0271   0.0957   0.1951   0.1318   0.0155
  0.1150   0.0131   0.0401   0.2085   0.1045   0.0239
  0.1315  -0.0363   0.0396   0.2303   0.1131   0.0460
  0.0996  -0.1375  -0.1444   0.2108   0.0890   0.0401
  0.0872  -0.2066  -0.1755   0.1167   0.0400   0.0553
  0.0226  -0.1381  -0.2098   0.0054   0.0420   0.0140
  0.0391   0.0027  -0.1158   0.0086   0.0212  -0.0446
  0.0039   0.0298  -0.0590  -0.0052   0.0343  -0.0478
  0.0339   0.0245  -0.0231   0.0060   0.0323   0.0159
  0.0863  -0.0125   0.0006   0.0583   0.0253  -0.0595
  0.0868   0.0263   0.0185   0.0627   0.0366  -0.0035
  0.1052   0.1020   0.0114   0.0310   0.0338   0.0201
  0.1357   0.0210   0.0082   0.0466   0.0703   0.0039
  0.1271  -0.0011   0.0133  -0.0075   0.0764   0.0132
  0.1508  -0.0094   0.0356   0.0434   0.0670  -0.0261
  0.1413  -0.0219   0.0788   0.0631   0.0636   0.0224
  0.1522   0.0093   0.1381   0.0848   0.0526   0.0021
  0.1651   0.0247   0.0300   0.0695   0.0350   0.0257
  0.1670   0.0109   0.0655   0.0603   0.0430  -0.0068
  0.1728   0.0047   0.0197   0.0581   0.0446  -0.0010
  0.1445   0.0357   0.1121   0.0701   0.0376   0.0333
  0.0221   0.1193   0.0191   0.0036  -0.0022  -0.0580
  0.0764   0.2556   0.0548  -0.0579  -0.0373  -0.0152
  0.1616   0.2189   0.0589  -0.1269   0.0130  -0.0403
 -0.0227   0.1250  -0.0766  -0.0547   0.0218  -0.0150
  0.0505   0.1614  -0.0681  -0.0500  -0.0032  -0.0076
 -0.0304   0.1292  -0.0807  -0.0675  -0.0345  -0.0150
 -0.0453   0.0701  -0.0429  -0.0786  -0.0320   0.0109
 -0.0373  -0.0055  -0.0548  -0.0397  -0.0211   0.0035
 -0.0084   0.0180  -0.0635  -0.0462  -0.0117   0.0073
 -0.0052   0.0351  -0.0588  -0.0549  -0.0250  -0.0083
  0.0084   0.0945  -0.0581  -0.0954  -0.0168  -0.0012
 -0.0031   0.0897  -0.0527  -0.0815  -0.0226  -0.0197
 -0.0077   0.0755  -0.0594  -0.0934  -0.0277  -0.0341
 -0.0163   0.0669  -0.0651  -0.1199  -0.0276  -0.0254
 -0.0179   0.0670  -0.0397  -0.1172  -0.0492  -0.0460
 -0.0373   0.1264  -0.0685  -0.1492  -0.0635   0.0065
 -0.0327   0.0270  -0.0885  -0.1458  -0.0722  -0.0201
 -0.0102  -0.0226  -0.0926  -0.0786  -0.0685  -0.0366
 -0.0355  -0.0077  -0.0537  -0.1200  -0.0484   0.0098
 -0.0977  -0.0302  -0.0898  -0.0685  -0.0703  -0.0199
 -0.1092   0.0014  -0.0625  -0.0713  -0.0605  -0.0322
 -0.0878   0.0051  -0.0284  -0.0395  -0.0539  -0.0080
 -0.0703   0.0092  -0.0127  -0.0557  -0.0446  -0.0070
 -0.0537   0.0141  -0.0337  -0.0774  -0.0636   0.0115
 -0.0578  -0.0161  -0.0220  -0.0388  -0.0457   0.0022
 -0.0631   0.0073  -0.0078  -0.0024  -0.0255  -0.0191
 -0.0618  -0.0128  -0.0140   0.0385  -0.0246   0.0212
 -0.0563  -0.0328  -0.0080   0.0420  -0.0305   0.0078
 -0.0762  -0.1019   0.0038   0.0689  -0.0415   0.0044
 -0.1107  -0.1549   0.0239   0.0903  -0.0485   0.0021
 -0.1023  -0.1561   0.0152   0.0688  -0.0445   0.0152
 -0.1252  -0.1636   0.0310   0.0516  -0.0425   0.0268
 -0.1211  -0.1464   0.0249   0.0377  -0.0195   0.0229
 -0.1320  -0.1523   0.0382   0.0265  -0.0145   0.0136
 -0.0943  -0.1069   0.0113   0.0295  -0.0219   0.0176
 -0.0477  -0.0346   0.0003  -0.0031  -0.0090   0.0123
 -0.0162  -0.0255   0.0125  -0.0171  -0.0106   0.0007
 -0.0280  -0.0586   0.0357   0.0117   0.0075   0.0103
 -0.0250  -0.0318  -0.0124   0.0009  -0.0134  -0.0127
 -0.0426  -0.0312  -0.0099  -0.0224  -0.0331   0.0098
 -0.0485  -0.0013   0.0312   0.0019  -0.0223   0.0065
 -0.0443   0.0037   0.0344  -0.0278  -0.0151  -0.0071
 -0.0379  -0.0068   0.0384  -0.0308   0.0001   0.0066
 -0.0433  -0.0070   0.0250  -0.0264   0.0031   0.0335
 -0.0379   0.0055   0.0220  -0.0269   0.0144  -0.0045
 -0.0486   0.0012   0.0340  -0.0091   0.0181  -0.0016
 -0.0344  -0.0179   0.0480   0.0101   0.0059  -0.0013
 -0.0232  -0.0140   0.0551   0.0047  -0.0011  -0.0058
 -0.0282  -0.0042   0.0645  -0.0096  -0.0043   0.0105
 -0.0220   0.0031   0.0610  -0.0017  -0.0067   0.0278
 -0.0280  -0.0060   0.0893   0.0086  -0.0104  -0.0281
 -0.0604  -0.0233   0.0859  -0.0134  -0.0033   0.0102
 -0.0801  -0.0482   0.0736  -0.0349  -0.0058  -0.0026
 -0.0781  -0.0560   0.0816  -0.0245   0.0097  -0.0038
 -0.0810  -0.0521   0.0976  -0.0227  -0.0052   0.0268
 -0.0685  -0.0142   0.1052  -0.0002   0.0102   0.0131
