  0.0970   0.2528   0.0851   0.2360   0.0468  -0.1746
  0.1201   0.2918   0.0846   0.1550   0.0592  -0.1369
  0.1040   0.3154   0.1100   0.1518   0.0541  -0.1613
  0.1018   0.3079   0.1040   0.1976   0.0480  -0.1659
  0.0989   0.2931   0.1128   0.2389   0.0419  -0.1802
  0.1032   0.3923   0.1043   0.0667   0.0663  -0.1776
  0.1072   0.4183   0.0899   0.0275   0.0604  -0.1695
  0.0949   0.2570   0.0720   0.3142   0.0208  -0.1853
  0.0837   0.2342   0.0792   0.2876   0.0295  -0.1759
  0.0862   0.2026   0.0613   0.1765   0.0401  -0.0993
  0.0828   0.2172   0.0719   0.0510   0.0480  -0.0935
  0.0840   0.1684   0.0665  -0.0558   0.0420  -0.0923
  0.0631   0.2150   0.0866   0.0938   0.0232  -0.1597
  0.0646   0.1704   0.0732   0.2800   0.0245  -0.1776
  0.0510   0.0866   0.0446   0.2152   0.0134  -0.1516
  0.0429   0.0919   0.0396   0.3070   0.0158  -0.1831
  0.0415   0.1212   0.0762   0.2510   0.0157  -0.1638
  0.0617   0.1222   0.0789   0.2200  -0.0033  -0.1691
  0.0711   0.1524   0.0565   0.2038   0.0098  -0.1607
  0.0619   0.1102   0.0445   0.2881   0.0103  -0.1654
  0.0524   0.1283   0.0667   0.2909   0.0177  -0.1616
  0.0386   0.1268   0.0664   0.2868   0.0286  -0.1687
  0.0379   0.1428   0.0554   0.3051   0.0331  -0.1796
  0.0406   0.1364   0.0651   0.3150   0.0193  -0.1719
  0.0429   0.1536   0.0701   0.2846   0.0202  -0.1738
  0.0312   0.1547   0.0575   0.2986   0.0123  -0.1804
  0.0285   0.1594   0.0527   0.2559   0.0079  -0.1725
  0.0303   0.1142   0.0624   0.2708   0.0106  -0.1508
  0.0289   0.1347   0.0631   0.2216   0.0149  -0.1445
  0.0236   0.1176   0.0705   0.2232   0.0213  -0.1507
  0.0220   0.1556   0.0847   0.1690   0.0293  -0.1542
  0.0237   0.1142   0.0610   0.1585   0.0308  -0.1368
  0.0211   0.1144   0.0594   0.1427   0.0313  -0.1275
  0.0266   0.0949   0.0543   0.1521   0.0238  -0.1256
  0.0222   0.1032   0.0391   0.0816   0.0275  -0.1154
  0.0345   0.1061   0.0661   0.1202   0.0179  -0.1220
  0.0281   0.0988   0.0730   0.1661   0.0205  -0.1266
  0.0339   0.1001   0.0584   0.1721   0.0196  -0.1042
  0.0300   0.1366   0.0733   0.1738   0.0210  -0.1267
  0.0489   0.1137   0.0442   0.1863   0.0016  -0.1220
  0.0622   0.1173   0.0267   0.2071  -0.0037  -0.1353
  0.0450   0.1130   0.0396   0.1531   0.0092  -0.1211
  0.0444   0.1290   0.0444   0.1312   0.0144  -0.1204
  0.0340   0.1011   0.0576   0.1501   0.0150  -0.1079
  0.0356   0.1249   0.0591   0.1223   0.0179  -0.1102
  0.0260   0.0863   0.0661   0.1078   0.0164  -0.0856
  0.0421   0.1130   0.0475   0.1038   0.0164  -0.0831
  0.0319  -0.0044   0.0443   0.0074   0.0103  -0.0384
  0.0375   0.0409   0.0452  -0.0786   0.0114  -0.0345
  0.0251   0.1120   0.0409   0.1014  -0.0012  -0.0870
  0.0267   0.0693   0.0503   0.0935   0.0000  -0.0815
  0.0215   0.0820   0.0514   0.1438   0.0005  -0.0974
  0.0186   0.0929   0.0423   0.0648   0.0072  -0.0855
  0.0214   0.1015   0.0332   0.1123   0.0014  -0.1007
  0.0269   0.1008   0.0184   0.0479   0.0033  -0.0868
  0.0170   0.1014   0.0107   0.1145  -0.0004  -0.0954
  0.0219   0.1060   0.0071   0.0836   0.0020  -0.0939
  0.0174   0.0687   0.0230   0.1861  -0.0180  -0.1030
  0.0154   0.0704   0.0296   0.0985  -0.0079  -0.0784
  0.0098   0.0246   0.0367   0.2298  -0.0195  -0.0750
  0.0145   0.0658   0.0209   0.0995  -0.0091  -0.0635
  0.0026  -0.0081   0.0242   0.3008  -0.0254  -0.0662
  0.0555   0.2351   0.0223  -0.3151   0.0324  -0.0259
  0.0524   0.2904   0.0087  -0.6198   0.0407  -0.0213
 -0.0173  -0.0883  -0.0000   0.1454  -0.0066  -0.0273
 -0.0167  -0.1073   0.0142   0.0151  -0.0157  -0.0038
 -0.0210  -0.1400   0.0179   0.1130  -0.0142   0.0034
 -0.0243  -0.1122   0.0160   0.0621  -0.0098  -0.0006
 -0.0280  -0.1215   0.0270   0.1158  -0.0081  -0.0101
 -0.0292  -0.0986   0.0458   0.0523  -0.0072  -0.0151
 -0.0319  -0.0932   0.0529   0.0748  -0.0155  -0.0202
 -0.0224  -0.0838   0.0468   0.0353   0.0084  -0.0062
 -0.0311  -0.0924   0.0267   0.0691   0.0082  -0.0061
 -0.0258  -0.0985   0.0291   0.0558   0.0117   0.0112
 -0.0204  -0.1026   0.0308   0.1053   0.0014   0.0120
 -0.0160  -0.0681   0.0151   0.0297   0.0081   0.0049
 -0.0095  -0.0223  -0.0501   0.0680  -0.0128  -0.0002
 -0.0015   0.0051  -0.0695   0.0413  -0.0026   0.0007
 -0.0170  -0.0155  -0.0548   0.0322   0.0040  -0.0015
 -0.0159   0.0003  -0.0483   0.0003  -0.0015  -0.0019
 -0.0208  -0.0256  -0.0501   0.0424   0.0017  -0.0107
 -0.0186  -0.0360  -0.0447   0.0724  -0.0066  -0.0083
 -0.0179  -0.0463  -0.0378   0.1039  -0.0173   0.0078
 -0.0078  -0.0335  -0.0377   0.0415  -0.0157   0.0146
 -0.0141  -0.0238  -0.0413   0.0176  -0.0033   0.0141
 -0.0079  -0.0330  -0.0359   0.0040  -0.0060   0.0142
 -0.0044  -0.0590  -0.0385   0.0112  -0.0064   0.0242
  0.0004  -0.0679  -0.0300   0.0117  -0.0031   0.0258
 -0.0007  -0.0567  -0.0113  -0.0221   0.0031   0.0323
 -0.0169  -0.1199  -0.0014  -0.0470   0.0103   0.0582
 -0.0148  -0.1358   0.0190  -0.0141   0.0037   0.0542
 -0.0090  -0.0981   0.0349  -0.0400   0.0029   0.0473
 -0.0070  -0.1142   0.0080  -0.1323   0.0129   0.0672
 -0.0057  -0.1037   0.0043  -0.1322  -0.0000   0.0653
 -0.0068  -0.1249   0.0072  -0.0632   0.0074   0.0594
 -0.0143  -0.0936  -0.0091  -0.0909   0.0006   0.0634
 -0.0209  -0.0877  -0.0297  -0.1061  -0.0012   0.0507
 -0.0266  -0.0831  -0.0075  -0.1355  -0.0047   0.0773
 -0.0068  -0.0920  -0.0442  -0.1145   0.0044   0.0837
 -0.0006  -0.0874  -0.0317   0.0637  -0.0053   0.0652
 -0.0219  -0.0872  -0.0042   0.0269  -0.0212   0.0557
 -0.0101  -0.0788  -0.0055  -0.0767  -0.0121   0.0732
 -0.0153  -0.0746  -0.0050  -0.1176  -0.0139   0.0817
 -0.0136  -0.0849   0.0006  -0.0801  -0.0161   0.0742
 -0.0188  -0.0842  -0.0051  -0.1279  -0.0045   0.0823
 -0.0255  -0.0828  -0.0286  -0.1985   0.0074   0.0710
 -0.0371  -0.0978  -0.0316  -0.1539  -0.0129   0.0734
 -0.0428  -0.0532  -0.0548  -0.1314  -0.0074   0.0807
 -0.0372  -0.0780  -0.0830  -0.1356  -0.0087   0.0958
 -0.0394  -0.0653  -0.0606  -0.1168  -0.0199   0.0848
 -0.0397  -0.0709  -0.0629  -0.1247  -0.0239   0.0934
 -0.0440  -0.0814  -0.0543  -0.1555  -0.0187   0.0927
 -0.0372  -0.1021  -0.0620  -0.1421  -0.0162   0.1066
 -0.0355  -0.0885  -0.0507  -0.1031  -0.0277   0.0972
 -0.0336  -0.0777  -0.0538  -0.0975  -0.0361   0.0987
 -0.0495  -0.0673  -0.0460  -0.1136  -0.0282   0.0851
 -0.0562  -0.0681  -0.0462  -0.1513  -0.0306   0.0900
 -0.0513  -0.0725  -0.0451  -0.1254  -0.0232   0.1014
 -0.0539  -0.0705  -0.0661  -0.1071  -0.0284   0.0915
 -0.0584  -0.0780  -0.0528  -0.0915  -0.0287   0.1115
 -0.0580  -0.0611  -0.0618  -0.1563  -0.0314   0.1089
 -0.0549  -0.0730  -0.0374  -0.1144  -0.0307   0.1037
 -0.0424  -0.0869  -0.0368  -0.1874  -0.0277   0.1245
 -0.0401  -0.1190  -0.0421  -0.2038  -0.0363   0.1514
 -0.0492  -0.1038  -0.0496  -0.2045  -0.0256   0.1301
 -0.0563  -0.1387  -0.0404  -0.1280  -0.0326   0.1376
 -0.0494  -0.0571  -0.1250  -0.4327   0.0031   0.1611
 -0.0697  -0.0331  -0.1044  -0.5687   0.0110   0.1793
 -0.0871  -0.1449  -0.0386  -0.2446  -0.0388   0.1635
 -0.0894  -0.0780  -0.0548  -0.3506  -0.0181   0.1597
 -0.0695  -0.1470  -0.0542  -0.2273  -0.0416   0.1520
 -0.0555  -0.1437  -0.0915  -0.2829  -0.0243   0.1497
 -0.0692  -0.1807  -0.0624  -0.2158  -0.0206   0.1623
 -0.0678  -0.1670  -0.0687  -0.2868  -0.0206   0.1823
 -0.0628  -0.1790  -0.0482  -0.2776  -0.0238   0.1865
 -0.0635  -0.1556  -0.0683  -0.3137  -0.0109   0.1772
 -0.0703  -0.1623  -0.0668  -0.2728  -0.0130   0.1649
 -0.0629  -0.1364  -0.0720  -0.3255  -0.0190   0.1548
 -0.0604  -0.1588  -0.0595  -0.2577  -0.0321   0.1700
 -0.0608  -0.1297  -0.0595  -0.2682  -0.0186   0.1706
 -0.0600  -0.1621  -0.0532  -0.2126  -0.0200   0.1710
 -0.0617  -0.1430  -0.0571  -0.2478  -0.0057   0.1747
 -0.0588  -0.1584  -0.0559  -0.2179  -0.0099   0.1724
 -0.0632  -0.1261  -0.0633  -0.2602  -0.0044   0.1619
 -0.0562  -0.1620  -0.0663  -0.2160  -0.0089   0.1797
 -0.0611  -0.1158  -0.0553  -0.2923   0.0113   0.1916
 -0.0447  -0.1650  -0.0555  -0.2076  -0.0106   0.1885
 -0.0290  -0.1156  -0.0348  -0.3090   0.0062   0.2029
 -0.0258  -0.1918  -0.0822  -0.2507  -0.0173   0.2195
 -0.0401  -0.0767  -0.0975  -0.3518   0.0198   0.2134
  0.0072  -0.6497  -0.3493   0.3234  -0.1282   0.2604
  0.1130  -0.4004  -0.5149  -0.1802  -0.1042   0.3050
