  0.0917  -0.0089  -0.1887  -0.2032   0.0258   0.1242
  0.1876  -0.0580  -0.1562  -0.4042   0.1024   0.2434
  0.0987  -0.0366  -0.1956  -0.3019   0.0733   0.1975
  0.1208  -0.1372  -0.2047  -0.2857   0.0432   0.2465
  0.1102  -0.0977  -0.2171  -0.3356   0.0613   0.2315
  0.1375  -0.0687  -0.1728  -0.2894   0.0686   0.2181
  0.1510  -0.1034  -0.1931  -0.2242   0.0454   0.1833
  0.1240  -0.0563  -0.1542  -0.2630   0.0795   0.1623
  0.1189   0.0194  -0.0927  -0.2020   0.0669   0.1007
  0.1226   0.0019  -0.1449  -0.1647   0.0829   0.1037
  0.1409   0.0087  -0.1661  -0.1617   0.0492   0.0989
  0.1483   0.0075  -0.1756  -0.2696   0.0971   0.1362
  0.1672  -0.0045  -0.1681  -0.1193   0.0561   0.0882
  0.1039   0.0431  -0.1627  -0.3359   0.0918   0.1475
  0.1281   0.1088  -0.1470  -0.4157   0.0671   0.1617
  0.1410   0.0672  -0.1348  -0.3722   0.0980   0.1625
  0.1274   0.1033  -0.1360  -0.3143   0.0571   0.1330
  0.1396   0.0575  -0.1279  -0.4370   0.1013   0.1921
 -0.0327   0.0000  -0.0914   0.1080  -0.1318  -0.0108
 -0.0356   0.0894  -0.1475   0.4986  -0.1938  -0.2139
 -0.0017   0.1116  -0.1289   0.2544  -0.1173  -0.1549
 -0.0270   0.0507  -0.1639   0.1659  -0.1203  -0.1099
 -0.0004   0.0787  -0.1469   0.0851  -0.0926  -0.0712
 -0.0047   0.1125  -0.1589   0.1714  -0.0948  -0.1196
 -0.0505   0.0920  -0.1299   0.1391  -0.1071  -0.1084
 -0.0960   0.0592  -0.0778   0.1966  -0.1256  -0.1095
 -0.0588   0.0695  -0.0841   0.1283  -0.0899  -0.0900
 -0.0638   0.0632  -0.0894   0.1542  -0.1025  -0.1049
 -0.0106   0.1395  -0.0749   0.0293  -0.0625  -0.0736
 -0.0096   0.0774  -0.0927   0.0220  -0.0556  -0.0520
 -0.0455   0.0483  -0.1241   0.0239  -0.0991  -0.0295
 -0.0519   0.0757  -0.1220   0.0364  -0.0874  -0.0417
 -0.0535   0.0643  -0.1202   0.0488  -0.1012  -0.0367
 -0.0577   0.0821  -0.1128   0.0548  -0.0850  -0.0512
 -0.0538   0.0905  -0.0931   0.0252  -0.0804  -0.0369
 -0.0699   0.0897  -0.1007   0.0476  -0.0829  -0.0439
 -0.0816   0.0756  -0.1174   0.0530  -0.1025  -0.0387
 -0.0692   0.0951  -0.1009   0.0547  -0.0653  -0.0388
 -0.1028  -0.0044  -0.0626   0.1184  -0.1115  -0.0088
 -0.1579   0.0549  -0.0749   0.0352  -0.1308  -0.0463
 -0.1763   0.2086  -0.0714  -0.0261  -0.0989  -0.0899
 -0.0735   0.0309  -0.0929   0.0451  -0.0490  -0.0451
 -0.0974  -0.0820  -0.0937   0.1065  -0.0913  -0.0063
 -0.1541   0.0392  -0.0866   0.0122  -0.1062  -0.0405
 -0.2121   0.0869  -0.1104   0.1108  -0.1573  -0.1287
 -0.1404   0.0429  -0.1292   0.0886  -0.1050  -0.0394
 -0.0882  -0.2213  -0.1472   0.2821  -0.0779  -0.0092
 -0.0321  -0.1782  -0.0916   0.0473  -0.0373   0.0435
 -0.0268  -0.1832  -0.1144   0.2157  -0.0546  -0.0288
 -0.0180  -0.1882  -0.1269   0.2596  -0.0559  -0.0290
 -0.0289  -0.1700  -0.1020   0.1975  -0.0397  -0.0140
 -0.0545  -0.1698  -0.0959   0.2285  -0.0473  -0.0115
 -0.0645  -0.1077  -0.0819   0.2520  -0.0426  -0.0373
 -0.0325  -0.1283  -0.1123   0.2618  -0.0426  -0.0470
 -0.0576  -0.1421  -0.1197   0.2267  -0.0517  -0.0304
 -0.0268  -0.1259  -0.1016   0.2428  -0.0412  -0.0314
 -0.0499  -0.1322  -0.1031   0.2300  -0.0506  -0.0248
  0.0003  -0.1046  -0.1352   0.3729  -0.0346  -0.0955
  0.0043  -0.0902  -0.1032   0.3341  -0.0104  -0.0880
 -0.0260  -0.1637  -0.1236   0.3200  -0.0354  -0.0551
 -0.0516  -0.1479  -0.1259   0.3257  -0.0554  -0.0695
 -0.0720  -0.1857  -0.1049   0.3429  -0.0542  -0.0573
 -0.0549  -0.1426  -0.1036   0.2981  -0.0355  -0.0553
 -0.0542  -0.1514  -0.1120   0.2941  -0.0329  -0.0407
 -0.0591  -0.1508  -0.1242   0.2704  -0.0445  -0.0452
 -0.0570  -0.1547  -0.1089   0.2394  -0.0345  -0.0257
 -0.0739  -0.1208  -0.0908   0.1639  -0.0507  -0.0255
 -0.0753  -0.1476  -0.1167   0.1400  -0.0472  -0.0012
 -0.0988  -0.1076  -0.0997   0.1284  -0.0496  -0.0088
 -0.0581  -0.1105  -0.1067   0.2009  -0.0492  -0.0365
 -0.0526  -0.1078  -0.1291   0.2275  -0.0731  -0.0545
 -0.1119  -0.1346  -0.0983   0.2076  -0.0773  -0.0140
 -0.1219   0.0549  -0.0378   0.1603  -0.0733  -0.0719
 -0.1394  -0.0304  -0.0664   0.1133  -0.0644  -0.0273
 -0.2060  -0.0073  -0.0968   0.1422  -0.1156  -0.0845
 -0.2781  -0.1249  -0.0923   0.2344  -0.1512  -0.0491
 -0.2055  -0.3321  -0.1425   0.2375  -0.1448   0.0556
 -0.2274  -0.1937  -0.1256   0.1673  -0.1359   0.0073
 -0.2058  -0.2175  -0.1346   0.2544  -0.1288  -0.0007
 -0.2011  -0.1836  -0.1051   0.2228  -0.1097  -0.0271
 -0.1889  -0.2122  -0.1293   0.2567  -0.1235  -0.0212
 -0.2004  -0.1591  -0.0923   0.1800  -0.1245  -0.0070
 -0.1142  -0.0909  -0.1094   0.1990  -0.0991  -0.0221
 -0.0770  -0.0825  -0.0897   0.1379  -0.0577  -0.0209
 -0.1220  -0.1180  -0.0858   0.2259  -0.0857  -0.0370
 -0.1319  -0.0988  -0.0766   0.1584  -0.0663  -0.0203
 -0.1088  -0.1118  -0.0811   0.2007  -0.0709  -0.0254
 -0.1021  -0.0733  -0.0675   0.1661  -0.0632  -0.0216
 -0.1164  -0.1239  -0.0894   0.2138  -0.1056  -0.0252
 -0.0981  -0.1123  -0.0940   0.1881  -0.0989  -0.0316
 -0.0713  -0.0786  -0.0885   0.1509  -0.0751  -0.0304
 -0.0830  -0.0311  -0.0250   0.1125  -0.0532  -0.0364
 -0.0401  -0.0420  -0.0626   0.1094  -0.0467  -0.0333
 -0.0578  -0.0286  -0.0566   0.1136  -0.0563  -0.0497
 -0.0435  -0.0260  -0.0523   0.2200  -0.0490  -0.0756
 -0.0603  -0.0294  -0.0496   0.1264  -0.0452  -0.0484
 -0.0421  -0.0267  -0.0669   0.1912  -0.0570  -0.0781
 -0.0763  -0.0658  -0.0341  -0.1874  -0.0508   0.0762
 -0.1383  -0.1086   0.0134  -0.3407  -0.0599   0.1598
 -0.1110   0.0032  -0.0258   0.0193  -0.0536   0.0030
 -0.0415   0.0378  -0.0033  -0.0553  -0.0048   0.0014
  0.0217   0.0489   0.0346  -0.0319   0.0407  -0.0122
 -0.0137   0.0402   0.0179  -0.0633   0.0216   0.0004
  0.0146   0.0526   0.0190  -0.0307   0.0390  -0.0242
 -0.0043  -0.0034   0.0360  -0.0190   0.0158  -0.0048
 -0.0181   0.0282   0.0102  -0.0504   0.0147  -0.0037
 -0.0217   0.0485   0.0376  -0.0461   0.0026  -0.0028
  0.0245   0.0636   0.0361  -0.0219   0.0489  -0.0186
  0.0338   0.0637   0.0724  -0.1132   0.0669   0.0123
  0.0671   0.1054   0.0692  -0.1487   0.0549   0.0133
  0.0547   0.0498   0.0485  -0.0663   0.0587   0.0044
  0.0344   0.0406   0.0264  -0.0746   0.0434   0.0148
  0.0355   0.0570   0.0541  -0.0807   0.0509   0.0007
  0.0295   0.0482   0.0559  -0.0603   0.0468   0.0057
  0.0095   0.0323   0.0561  -0.0252   0.0365  -0.0059
  0.0093   0.0190   0.0648   0.0431   0.0229  -0.0226
 -0.0075   0.0131   0.0793   0.0266   0.0110  -0.0164
 -0.0061   0.0069   0.0787   0.0232   0.0152  -0.0154
  0.0173   0.0191   0.0661   0.0054   0.0223  -0.0114
  0.0077   0.0256   0.0757  -0.0212   0.0197  -0.0026
  0.0318   0.0428   0.0799  -0.0432   0.0198  -0.0047
  0.0791   0.0646   0.1164  -0.0336   0.0435  -0.0119
  0.0877   0.0384   0.1204  -0.0614   0.0435   0.0038
  0.0290  -0.0160   0.0713  -0.0130   0.0138   0.0257
  0.0424   0.1259   0.1290  -0.0153   0.0272  -0.0334
  0.0709   0.1163   0.1111   0.0086   0.0463  -0.0478
  0.0703   0.0988   0.1087  -0.0342   0.0510  -0.0363
  0.0877   0.0981   0.1154  -0.0148   0.0561  -0.0409
  0.0725   0.1023   0.1385   0.0155   0.0647  -0.0369
  0.0793   0.1074   0.1926  -0.2882   0.1237   0.0743
  0.1154   0.1063   0.2047  -0.2736   0.1260   0.0434
  0.1181   0.1103   0.1974  -0.2262   0.1214   0.0293
  0.1289   0.1264   0.1970  -0.1889   0.1390   0.0134
  0.1360   0.1115   0.2006  -0.1774   0.1423   0.0207
  0.1399   0.0992   0.1942  -0.1022   0.1430  -0.0026
  0.1411   0.0818   0.1954  -0.0946   0.1220   0.0028
  0.1669   0.1205   0.2063  -0.0651   0.1399  -0.0277
  0.1584   0.0196   0.1420  -0.0495   0.1108   0.0042
  0.0723  -0.0141   0.0864  -0.0935   0.0783   0.0360
  0.0823   0.0071   0.1208  -0.1027   0.0757   0.0364
  0.0743   0.0240   0.1213  -0.1599   0.0875   0.0462
  0.0748   0.0252   0.1546  -0.1274   0.0932   0.0388
  0.0399   0.0334   0.1369  -0.0797   0.0705  -0.0073
  0.0439   0.1417   0.1522  -0.1562   0.0823  -0.0390
  0.1212   0.0653   0.1620  -0.2379   0.1310   0.0632
  0.0938   0.0615   0.1778  -0.1909   0.0917   0.0314
  0.0991   0.0531   0.1639  -0.1618   0.1001   0.0399
  0.0756   0.0650   0.1447  -0.1231   0.0995   0.0168
  0.0691   0.0656   0.1448  -0.1155   0.0936   0.0191
  0.0759   0.0774   0.1523  -0.1363   0.0947   0.0130
  0.0752   0.0904   0.1668  -0.1494   0.0993   0.0128
  0.0510   0.0844   0.1922  -0.1849   0.0906   0.0367
  0.0342   0.0980   0.1894  -0.1718   0.0757   0.0226
  0.0650   0.1034   0.1907  -0.1753   0.0852   0.0129
  0.0203   0.0334   0.1957  -0.0796   0.0406   0.0004
 -0.0022   0.0577   0.1851  -0.0899   0.0102   0.0006
  0.0430   0.0419   0.2044  -0.1560   0.0474   0.0272
  0.0594   0.0862   0.1980  -0.1816   0.0697   0.0063
  0.0594   0.0755   0.1969  -0.1193   0.0558  -0.0079
  0.0858   0.0833   0.1959  -0.0804   0.0516  -0.0239
  0.0959   0.0781   0.2175  -0.1287   0.0759  -0.0116
  0.0784   0.0484   0.2436  -0.1258   0.0687  -0.0011
  0.0789   0.0352   0.2148  -0.1461   0.0799   0.0094
  0.0601   0.0377   0.2199  -0.1154   0.0586  -0.0041
  0.0463   0.0422   0.2096  -0.1232   0.0777   0.0051
  0.0364   0.0631   0.2171  -0.0975   0.0757  -0.0139
  0.0563   0.0258   0.2054  -0.1290   0.0697   0.0168
  0.0769   0.0312   0.2184  -0.0765   0.0890  -0.0098
  0.0677   0.0455   0.1916  -0.2151   0.0685   0.0391
  0.0094   0.0744   0.1787  -0.4049   0.0504   0.0911
  0.0400   0.0071   0.2006  -0.2533   0.0674   0.0780
  0.0821   0.0002   0.2215  -0.1202   0.0717   0.0330
  0.0770   0.0453   0.2197  -0.1336   0.0848   0.0212
  0.0910   0.0167   0.2157  -0.1443   0.0836   0.0286
  0.0810   0.0379   0.2182  -0.1364   0.0954   0.0239
  0.0684   0.1074   0.2182  -0.0482   0.1058  -0.0443
