  0.1381   0.0844  -0.0219   0.2156  -0.0111   0.0078
  0.1313   0.1627  -0.0241   0.2569  -0.0440  -0.0554
  0.1419   0.1232  -0.0384   0.2924  -0.0119  -0.0395
  0.1431   0.1557  -0.0418   0.2977  -0.0332  -0.0517
  0.1457   0.1231  -0.0310   0.2971  -0.0232  -0.0580
  0.1551   0.1277  -0.0090   0.2614  -0.0015  -0.0344
  0.1659   0.1011   0.0030   0.2394  -0.0010  -0.0378
  0.1525   0.0984  -0.0013   0.2426   0.0043  -0.0450
  0.1584   0.0891  -0.0016   0.2484  -0.0135  -0.0410
  0.1403   0.1146   0.0016   0.2718   0.0041  -0.0547
  0.1116   0.0812  -0.0240   0.2380   0.0032  -0.0381
  0.0973   0.0801   0.0058   0.2805  -0.0442  -0.0497
  0.0843   0.0919   0.0207   0.3061  -0.0303  -0.0711
  0.0769   0.0769   0.0146   0.2788  -0.0397  -0.0595
  0.0953   0.0690   0.0152   0.2601  -0.0205  -0.0430
  0.0895   0.0356   0.0095   0.2565  -0.0288  -0.0469
  0.0906   0.0693  -0.0138   0.2857  -0.0179  -0.0735
  0.1224   0.0536  -0.0015   0.2218  -0.0040  -0.0309
  0.1238   0.0575   0.0254   0.1965   0.0183  -0.0210
  0.1054   0.0387   0.0125   0.2051   0.0016  -0.0332
  0.1078   0.0401   0.0161   0.2101   0.0072  -0.0202
  0.1050   0.0210   0.0131   0.1591   0.0012   0.0055
  0.1064   0.0222   0.0274   0.1559   0.0106   0.0179
  0.0655   0.0012   0.0306   0.0921  -0.0257   0.0453
  0.0862  -0.0071   0.0069   0.0927  -0.0069   0.0525
  0.0993  -0.0318   0.0016   0.0346   0.0165   0.0751
  0.0944  -0.0023   0.0031   0.0603   0.0007   0.0516
  0.0915  -0.0361   0.0106   0.0077   0.0071   0.0892
  0.0818  -0.0349  -0.0018   0.0129  -0.0027   0.0790
  0.0738  -0.0793  -0.0126  -0.0303   0.0080   0.1059
  0.0737  -0.0169   0.0007   0.0752  -0.0125   0.0484
  0.0745  -0.0795   0.0048   0.0370  -0.0190   0.0807
  0.0933  -0.1007  -0.0172  -0.0290   0.0022   0.1078
  0.1182  -0.0218  -0.0426   0.2103  -0.0199   0.0045
  0.0954  -0.0769  -0.0470   0.0769   0.0118   0.0583
  0.0935  -0.0934  -0.0480   0.0768  -0.0038   0.0632
  0.1015  -0.1042  -0.0282   0.0412   0.0139   0.0688
  0.0924  -0.0979  -0.0372   0.0934  -0.0166   0.0540
  0.0972  -0.1237  -0.0306   0.0356   0.0047   0.0715
  0.0888  -0.1445  -0.0402  -0.0078   0.0098   0.1011
  0.0832  -0.1542  -0.0385  -0.0265   0.0137   0.1229
  0.0848  -0.1498  -0.0402  -0.0261   0.0201   0.1160
  0.0803  -0.1573  -0.0302  -0.0550   0.0130   0.1306
  0.0655  -0.1785  -0.0285  -0.0659  -0.0084   0.1361
  0.0363  -0.1384  -0.0204  -0.0807  -0.0380   0.1254
  0.0632  -0.0707  -0.0796  -0.0229  -0.0200   0.0857
  0.0495  -0.0509  -0.0065  -0.1155  -0.0087   0.1233
  0.0668  -0.0223   0.0491  -0.1079  -0.0072   0.1231
  0.1064  -0.0692  -0.0166  -0.0850   0.0066   0.1162
  0.0332  -0.0621   0.0184  -0.2073  -0.0101   0.2013
  0.0424  -0.1305  -0.0189  -0.1747   0.0103   0.1743
  0.0377  -0.1242  -0.0069  -0.1479   0.0174   0.1546
  0.0412  -0.1530  -0.0169  -0.1116   0.0229   0.1597
  0.0425  -0.1372  -0.0194  -0.0641   0.0259   0.1167
  0.0324  -0.1600  -0.0340  -0.0398   0.0237   0.1162
  0.0280  -0.1791  -0.0290  -0.0742   0.0288   0.1261
  0.0362  -0.1780  -0.0315  -0.0865   0.0234   0.1315
  0.0202  -0.1929  -0.0198  -0.0924   0.0263   0.1524
  0.0270  -0.1859  -0.0289  -0.0766   0.0120   0.1426
  0.0296  -0.1888  -0.0188  -0.0700   0.0313   0.1382
  0.0258  -0.1596  -0.0319  -0.0831   0.0182   0.1324
  0.0437   0.0137  -0.0326  -0.2304   0.0035   0.1722
  0.0428  -0.0490  -0.0451  -0.1484   0.0065   0.1265
  0.0373  -0.0745  -0.0448  -0.1117   0.0168   0.1241
  0.0451  -0.1356  -0.0296  -0.0987   0.0113   0.1288
  0.0429  -0.1339  -0.0411  -0.0852   0.0239   0.1309
  0.0337  -0.1359  -0.0427  -0.0617   0.0143   0.1061
  0.0371  -0.1355  -0.0395  -0.0721   0.0130   0.1127
  0.0274  -0.1330  -0.0515  -0.0721   0.0079   0.1024
  0.0120  -0.1428  -0.0402  -0.1633   0.0172   0.1572
  0.0147  -0.1921  -0.0725  -0.0797   0.0178   0.1246
  0.0575  -0.1559  -0.0520  -0.2129  -0.0045   0.1844
  0.1884   0.1447   0.0791   0.4479  -0.0555  -0.1921
  0.1441   0.2051   0.0877   0.8249  -0.0392  -0.3673
  0.0790   0.1373   0.1048   0.5991   0.0263  -0.2842
  0.0658   0.0793   0.0926   0.5190   0.0057  -0.2524
  0.0574   0.0316   0.0782   0.4291   0.0260  -0.1972
  0.0367   0.0046   0.0522   0.4082   0.0194  -0.1902
  0.0357  -0.0127   0.0518   0.3821   0.0168  -0.1808
  0.0447  -0.0151   0.0587   0.4139   0.0118  -0.2018
  0.0368  -0.0259   0.0433   0.3946   0.0150  -0.1752
  0.0238  -0.0633   0.0407   0.3833  -0.0099  -0.1674
  0.0089  -0.0616   0.0508   0.3109   0.0061  -0.1359
  0.0101  -0.0860   0.0535   0.3273  -0.0077  -0.1398
  0.0298  -0.0686   0.0511   0.3848  -0.0114  -0.1563
  0.0150  -0.0924   0.0565   0.3503  -0.0113  -0.1543
  0.0173  -0.1030   0.0535   0.2971  -0.0045  -0.1271
  0.0110  -0.1128   0.0525   0.2733   0.0085  -0.1159
  0.0284  -0.0392   0.0545   0.4320  -0.0339  -0.1894
  0.0145  -0.0370   0.0473   0.4319  -0.0305  -0.1947
 -0.0077  -0.0971   0.0439   0.3106  -0.0037  -0.1311
 -0.0044  -0.1088   0.0420   0.3297  -0.0160  -0.1272
  0.0133  -0.1153   0.0428   0.3152  -0.0040  -0.1131
  0.0081  -0.1311   0.0513   0.3144  -0.0064  -0.1308
  0.0100  -0.1360   0.0382   0.2864  -0.0050  -0.1122
  0.0024  -0.1141   0.0403   0.3258  -0.0029  -0.1375
 -0.0004  -0.1366   0.0300   0.2717  -0.0049  -0.1122
 -0.0168  -0.1408   0.0395   0.2786  -0.0131  -0.1079
 -0.0094  -0.1518   0.0281   0.2732  -0.0147  -0.1005
 -0.0074  -0.1678   0.0375   0.2343  -0.0077  -0.0950
 -0.0063  -0.1397   0.0259   0.2447  -0.0165  -0.1075
 -0.0137  -0.1671   0.0321   0.2528  -0.0092  -0.1138
  0.0045  -0.1568   0.0297   0.2204  -0.0203  -0.0969
 -0.0317  -0.1865   0.0174   0.2080   0.0046  -0.0997
  0.0521  -0.0459  -0.0837   0.1654  -0.1369  -0.0878
  0.1173   0.0003  -0.0474   0.5604  -0.1376  -0.3107
 -0.1212  -0.1138  -0.0169  -0.1241  -0.0286   0.0344
 -0.1343   0.0697  -0.0314  -0.2374  -0.0442   0.0635
 -0.1222  -0.0245  -0.0466  -0.2178  -0.0034   0.0765
 -0.0997   0.0696  -0.0510  -0.3009  -0.0066   0.1001
  0.0071   1.0422   0.0266  -0.6960   0.0154   0.1318
  0.0657   1.2361   0.0199  -0.7114   0.0511   0.0511
  0.0062   0.8206   0.0246  -0.5003   0.0424   0.0549
  0.0121   0.6881  -0.0448  -0.4815   0.0367   0.0814
  0.0168   0.7332  -0.0383  -0.4170  -0.0254   0.0180
 -0.0172   0.5064  -0.0338  -0.2179  -0.0040  -0.0099
 -0.0513   0.3659  -0.0093  -0.3211   0.0363   0.0626
 -0.0474   0.3886   0.0107  -0.4161   0.0274   0.0884
 -0.0573   0.3036   0.0295  -0.3896   0.0342   0.0975
 -0.0576   0.3018   0.0109  -0.3497   0.0429   0.0760
 -0.0666   0.2717   0.0135  -0.3671   0.0497   0.0703
 -0.0584   0.3046   0.0192  -0.3621   0.0564   0.0697
 -0.0658   0.2543   0.0269  -0.4208   0.0465   0.1038
 -0.0600   0.2896   0.0191  -0.4496   0.0519   0.1237
 -0.0795   0.2211   0.0173  -0.4002   0.0499   0.0979
 -0.0688   0.1599  -0.0390  -0.4102   0.0419   0.0973
 -0.0773   0.2247  -0.0306  -0.4571   0.0377   0.1125
 -0.0856   0.1571  -0.0471  -0.4275   0.0348   0.1120
 -0.0845   0.1470  -0.0414  -0.4386   0.0384   0.1141
 -0.0880   0.1242  -0.0635  -0.4181   0.0324   0.1089
 -0.0280   0.1165  -0.0435  -0.4236   0.0684   0.1463
 -0.0488   0.1243  -0.0206  -0.4364   0.0561   0.1367
 -0.0892   0.1114  -0.0479  -0.4233   0.0392   0.1235
 -0.0696   0.0894  -0.0433  -0.4314   0.0279   0.1298
 -0.0852   0.0801  -0.0491  -0.3932   0.0385   0.1216
 -0.0705   0.1074  -0.0238  -0.4175   0.0289   0.1309
  0.0060   0.1057   0.0004  -0.1510  -0.0281   0.0067
 -0.0551   0.0171  -0.0097  -0.0266   0.0147  -0.0483
 -0.0815  -0.0183  -0.0203  -0.1224   0.0040   0.0016
 -0.1217  -0.0108  -0.0039  -0.1518   0.0093  -0.0048
 -0.1363  -0.0235  -0.0035  -0.1576  -0.0110   0.0013
 -0.1360  -0.0118   0.0051  -0.1253  -0.0027  -0.0262
 -0.1448  -0.0518  -0.0017  -0.1657  -0.0057   0.0042
 -0.1418  -0.0483  -0.0051  -0.1788   0.0110   0.0067
 -0.1560  -0.0934  -0.0204  -0.1617  -0.0064  -0.0037
 -0.1533  -0.0653  -0.0067  -0.1666   0.0037  -0.0093
 -0.1680  -0.1001  -0.0280  -0.1808  -0.0076   0.0140
 -0.1739  -0.0844  -0.0449  -0.1925  -0.0027   0.0114
 -0.1930  -0.1215  -0.0676  -0.2298  -0.0204   0.0385
 -0.1775  -0.0952  -0.0700  -0.2126  -0.0139   0.0253
 -0.1859  -0.1412  -0.0736  -0.2412  -0.0213   0.0627
 -0.1568  -0.1073  -0.0702  -0.2550  -0.0028   0.0234
 -0.1946  -0.2152  -0.0916  -0.3297  -0.0121   0.1217
 -0.0901   0.2465  -0.0798   0.2597  -0.0392  -0.2769
 -0.1035   0.3409  -0.0400   0.5275  -0.0838  -0.3227
 -0.1724  -1.4191  -0.2129  -1.5454   0.0108   0.9062
 -0.1379  -1.4559  -0.1798  -1.5587   0.0266   0.7981
 -0.0300  -0.0349   0.0376   0.0352   0.0333  -0.0933
  0.0884   0.2134   0.1431   0.2451  -0.0297  -0.2904
  0.0502   0.2429   0.1754   0.7070  -0.1413  -0.4733
  0.0190   0.2645   0.2006   0.6666  -0.0762  -0.4933
 -0.0689   0.1025   0.1224   0.3957  -0.0273  -0.3452
 -0.1239   0.0240   0.0448  -0.0246   0.0212  -0.1378
 -0.1441   0.0207   0.0280   0.0541   0.0030  -0.1674
 -0.1488   0.0093   0.0455  -0.0240   0.0155  -0.1502
 -0.1604  -0.0222   0.0467   0.0117   0.0044  -0.1319
 -0.1512  -0.0396   0.0453  -0.0373   0.0078  -0.1419
 -0.1352  -0.0700   0.0565  -0.0369   0.0102  -0.1015
 -0.1374  -0.0796   0.0459  -0.0624   0.0070  -0.0956
 -0.1297  -0.0981   0.0439  -0.0610   0.0062  -0.0776
 -0.1511  -0.0811   0.0599  -0.1415  -0.0042  -0.0589
 -0.1631  -0.1054   0.0689  -0.1936  -0.0088  -0.0259
 -0.1461  -0.1194   0.0669  -0.1987   0.0038  -0.0284
 -0.1565  -0.1251   0.0617  -0.1912  -0.0087  -0.0152
 -0.1455  -0.1132   0.0601  -0.2273   0.0011  -0.0238
 -0.1635  -0.1497   0.0592  -0.2235   0.0023  -0.0131
