 -0.1015   0.4885   0.2105   0.0629   0.0367   0.0055
 -0.1331   0.6058   0.2215   0.0414   0.0203  -0.0439
 -0.1397   0.5595   0.2366   0.1109   0.0405  -0.0693
 -0.1467   0.6093   0.2527   0.1064   0.0390  -0.0465
 -0.1330   0.5574   0.2237   0.1181   0.0311  -0.0138
 -0.1798   0.5823   0.2346   0.0566   0.0422  -0.0558
 -0.1758   0.5886   0.2405   0.0191   0.0399  -0.0213
 -0.1340   0.5470   0.2232   0.0465   0.0361  -0.0848
 -0.1042   0.5266   0.2131   0.0652   0.0254  -0.0359
 -0.1104   0.4715   0.1947   0.0846   0.0307  -0.0321
 -0.1410   0.4293   0.2013   0.1051   0.0451  -0.0392
 -0.1378   0.4258   0.2244   0.1086   0.0608  -0.0794
 -0.1278   0.4201   0.2012   0.1090   0.0297  -0.0076
 -0.1222   0.4175   0.2142   0.1579   0.0264  -0.0675
 -0.1002   0.4201   0.2178   0.1110   0.0364  -0.0226
 -0.1113   0.3870   0.2179   0.1330   0.0449  -0.0291
 -0.1040   0.3912   0.2224   0.1462   0.0415  -0.0216
 -0.1124   0.3581   0.2188   0.1670   0.0515  -0.0161
 -0.1142   0.3677   0.2209   0.1486   0.0617  -0.0176
 -0.0944   0.3593   0.2272   0.1703   0.0584  -0.0414
 -0.1003   0.3415   0.2174   0.1526   0.0591  -0.0180
 -0.0811   0.3323   0.2175   0.1292   0.0713  -0.0134
 -0.0796   0.3176   0.2037   0.1259   0.0510  -0.0144
 -0.0572   0.2937   0.1953   0.1290   0.0398   0.0028
 -0.0468   0.2799   0.2078   0.0839   0.0359  -0.0110
 -0.0367   0.3228   0.2445   0.2580   0.0384  -0.0446
 -0.0218   0.3434   0.2575   0.3022   0.0485  -0.0247
 -0.0264   0.2839   0.2346   0.1618   0.0559  -0.0369
 -0.0300   0.2821   0.2418   0.3120   0.0434  -0.0343
 -0.0476   0.2784   0.2445   0.3213   0.0441  -0.0353
 -0.0373   0.2882   0.2366   0.2317   0.0502  -0.0242
 -0.0464   0.2818   0.2293   0.2578   0.0497  -0.0285
 -0.0502   0.2948   0.2242   0.2254   0.0533   0.0065
 -0.0433   0.2639   0.2237   0.1821   0.0589  -0.0765
 -0.0343   0.2824   0.2284   0.1289   0.0708  -0.0169
 -0.0209   0.2984   0.2346   0.1800   0.0657  -0.0475
 -0.0196   0.2744   0.2345   0.1572   0.0643  -0.0391
 -0.0379   0.2784   0.2320   0.1789   0.0544  -0.0202
 -0.0378   0.2902   0.2194   0.1892   0.0406  -0.0387
 -0.0473   0.2688   0.2136   0.2102   0.0239  -0.0327
 -0.0456   0.2649   0.2172   0.2125   0.0362   0.0039
 -0.0589   0.2633   0.2049   0.2217   0.0363  -0.0733
 -0.0308   0.2591   0.1872   0.1882   0.0181   0.0101
 -0.0322   0.2077   0.1764   0.1337   0.0200  -0.1223
  0.0040   0.2359   0.1809   0.0563   0.0432  -0.0576
  0.0187   0.2322   0.1627   0.0977   0.0384   0.1125
  0.0198   0.2367   0.1566   0.0691   0.0340  -0.0537
  0.0199   0.2488   0.1549   0.0600   0.0406  -0.0197
 -0.0170   0.3078   0.1506  -0.0480   0.0214  -0.0586
 -0.0363   0.3441   0.1395  -0.1290  -0.0042   0.0621
 -0.0203   0.3080   0.1553  -0.1336   0.0305  -0.0525
  0.0317   0.3514   0.1562  -0.1161   0.0505  -0.0213
  0.0607   0.2684   0.1731  -0.0697   0.0570  -0.0180
  0.0332   0.3665   0.2017  -0.1321   0.0948  -0.0237
  0.0564   0.2673   0.1787  -0.0547   0.0813  -0.0487
  0.0363   0.4667   0.1812  -0.1790   0.0703  -0.0081
  0.0141   0.4197   0.1620  -0.1400  -0.0015  -0.0189
  0.0348   0.1457   0.1194   0.1288  -0.0638  -0.1128
  0.1373   0.2419   0.1888  -0.0117  -0.0718  -0.0535
  0.1233   0.2130   0.1717   0.0104  -0.0475   0.0180
  0.0953   0.1326   0.1657   0.0737  -0.0260  -0.0152
  0.0805   0.1485   0.1195   0.0563  -0.0463   0.0154
  0.0582   0.1369   0.1082  -0.0004  -0.0287   0.0007
  0.0667   0.1360   0.1197   0.0335  -0.0286  -0.0238
  0.0657   0.1371   0.1215   0.0363  -0.0102  -0.0176
  0.0405   0.1306   0.0791   0.0676  -0.0144   0.0029
  0.0363   0.0848   0.0863   0.0037  -0.0099  -0.0264
  0.0419   0.1296   0.0689  -0.0151  -0.0252   0.0153
  0.0330   0.1168   0.0513  -0.0400  -0.0100   0.0209
  0.0376   0.1174   0.0519  -0.0119  -0.0339  -0.0301
  0.0143   0.1521   0.0339  -0.0585  -0.0282  -0.0048
  0.0123   0.1253   0.0429   0.0048  -0.0151  -0.0079
 -0.0100   0.1337   0.0188  -0.0848  -0.0278  -0.0217
 -0.0246   0.1380  -0.0014  -0.0806  -0.0270   0.0110
 -0.0184   0.1264   0.0081  -0.0967  -0.0241   0.0050
 -0.0032   0.1312   0.0216  -0.0391  -0.0515  -0.0149
 -0.0784   0.1684  -0.0037  -0.2339  -0.0718   0.0602
 -0.1138   0.1649  -0.0375  -0.0457  -0.0917   0.0024
 -0.1194   0.1252  -0.0734  -0.2362  -0.0768   0.0599
 -0.0891   0.1364   0.0017   0.3233  -0.0370  -0.1338
 -0.0274   0.1026   0.0254   0.3687  -0.0641  -0.0438
  0.0560   0.0189  -0.0050  -0.0767  -0.0963   0.0747
  0.0160   0.0275  -0.0102   0.1119  -0.0822  -0.0230
  0.0213  -0.0016  -0.0346   0.0229  -0.1056   0.0426
  0.0080  -0.0444  -0.0374   0.1451  -0.1129   0.0070
  0.0158  -0.0409  -0.0349   0.0499  -0.0921   0.0186
  0.0123  -0.0448  -0.0185   0.0814  -0.0728  -0.0060
 -0.0051  -0.0654  -0.0410   0.0353  -0.0669   0.0134
 -0.0042  -0.0548  -0.0276   0.0829  -0.0537   0.0149
 -0.0213  -0.0828  -0.0354   0.0383  -0.0417   0.0459
 -0.0362  -0.0911  -0.0412   0.0565  -0.0361  -0.0028
 -0.0116  -0.0805  -0.0393   0.0204  -0.0420   0.0485
 -0.0260  -0.0613  -0.0292   0.0529  -0.0359  -0.0869
 -0.0247  -0.0433  -0.0593  -0.0422  -0.0588   0.0359
 -0.0116  -0.1060  -0.0414  -0.0059  -0.0442   0.0358
  0.0299  -0.1013  -0.0265   0.0058  -0.0328   0.0193
  0.0211  -0.0643  -0.0179   0.0008  -0.0137   0.0422
  0.0198  -0.0670  -0.0142  -0.0013   0.0060  -0.0269
  0.0223  -0.0871  -0.0043   0.0277   0.0152   0.0079
  0.0364  -0.1144  -0.0023   0.0601   0.0186   0.0121
  0.0380  -0.1153  -0.0093   0.0952   0.0117   0.0098
  0.0392  -0.1033  -0.0067   0.0633   0.0190   0.0113
  0.0375  -0.1022  -0.0049   0.0879   0.0176   0.0112
  0.0260  -0.1092  -0.0124   0.0751   0.0125   0.0224
  0.0172  -0.1147  -0.0202   0.0824   0.0028   0.0123
  0.0149  -0.1111  -0.0196   0.0731   0.0103   0.0288
  0.0294  -0.1160  -0.0085   0.0738   0.0129   0.0355
  0.0066  -0.1518  -0.0339   0.0629   0.0063   0.0254
  0.0080  -0.1489  -0.0333   0.0597   0.0108   0.0204
  0.0129  -0.1298  -0.0318   0.0352   0.0031   0.0207
  0.0130  -0.1399  -0.0388   0.0314   0.0183  -0.0023
 -0.0007  -0.1394  -0.0402   0.0058   0.0197   0.0067
  0.0008  -0.1310  -0.0373   0.0335   0.0226   0.0124
 -0.0113  -0.1410  -0.0391   0.0166   0.0309   0.0238
 -0.0038  -0.1522  -0.0450   0.0581   0.0158   0.0087
 -0.0028  -0.1408  -0.0426   0.0367   0.0299   0.0114
 -0.0387  -0.1421  -0.0476   0.0290   0.0444   0.0078
 -0.0300  -0.1537  -0.0540   0.0139   0.0335   0.0056
 -0.0243  -0.1547  -0.0563   0.0251   0.0355   0.0213
 -0.0197  -0.1540  -0.0514   0.0025   0.0338   0.0039
 -0.0340  -0.1593  -0.0611   0.0062   0.0306  -0.0018
 -0.0242  -0.1604  -0.0651  -0.0021   0.0279   0.0196
 -0.0207  -0.1665  -0.0601   0.0373   0.0262   0.0331
 -0.0181  -0.1714  -0.0632   0.0515   0.0220  -0.0030
 -0.0067  -0.1708  -0.0617   0.0474   0.0252   0.0116
 -0.0068  -0.1818  -0.0620   0.0233   0.0277   0.0118
 -0.0154  -0.1745  -0.0641   0.0466   0.0236   0.0088
 -0.0152  -0.1664  -0.0710   0.0147   0.0221   0.0278
 -0.0182  -0.1828  -0.0661   0.0220   0.0339   0.0068
 -0.0147  -0.1767  -0.0624   0.0188   0.0327   0.0143
 -0.0108  -0.1657  -0.0636   0.0488   0.0414   0.0249
 -0.0257  -0.1675  -0.0741   0.0363   0.0254   0.0216
 -0.0239  -0.1742  -0.0776   0.0473   0.0281  -0.0020
 -0.0064  -0.1622  -0.0692   0.0006   0.0254   0.0218
 -0.0136  -0.1680  -0.0761   0.0232   0.0331   0.0255
 -0.0076  -0.1556  -0.0653   0.0131   0.0351  -0.0034
 -0.0171  -0.1642  -0.0732   0.0251   0.0462   0.0255
 -0.0205  -0.1745  -0.0679  -0.0257   0.0337   0.0249
 -0.0373  -0.2313  -0.1162   0.0013  -0.0301   0.0005
  0.0041  -0.1190  -0.0394  -0.0010  -0.0143  -0.0251
  0.0008  -0.0930  -0.0168  -0.0436   0.0053  -0.0206
  0.0296  -0.0153  -0.0308  -0.1674  -0.0274  -0.0314
 -0.0007   0.0315  -0.0219  -0.1359  -0.0146   0.0221
  0.0001   0.0232  -0.0158  -0.0893   0.0172  -0.0741
  0.0335   0.0359   0.0034  -0.1628   0.0430  -0.0398
  0.0627   0.0086  -0.0307  -0.0801  -0.0030  -0.0239
  0.0719  -0.0282  -0.0283  -0.0303  -0.0112  -0.0225
  0.0609  -0.0709  -0.0148   0.0154   0.0030  -0.0201
  0.0495  -0.0783  -0.0246  -0.0390   0.0080  -0.0104
  0.0183  -0.0930  -0.0507  -0.0341  -0.0068   0.0193
  0.0168  -0.1132  -0.0432  -0.0294   0.0039  -0.0253
 -0.0053  -0.1242  -0.0706  -0.0095  -0.0030   0.0005
  0.0105  -0.1400  -0.0857   0.0243  -0.0148  -0.0005
  0.0100  -0.1320  -0.0706   0.0145  -0.0047  -0.0181
  0.0371  -0.1539  -0.0534   0.0024  -0.0090   0.0114
  0.0462  -0.1650  -0.0510   0.0534  -0.0140   0.0159
  0.0487  -0.1593  -0.0562   0.0603  -0.0180   0.0010
  0.0427  -0.1567  -0.0551   0.0489  -0.0076   0.0452
  0.0496  -0.1563  -0.0556   0.0162  -0.0128  -0.0073
  0.0429  -0.1598  -0.0521   0.0156  -0.0044   0.0354
  0.0252  -0.1564  -0.0575   0.0272   0.0052  -0.0293
  0.0369  -0.1422  -0.0651  -0.0245   0.0045   0.0190
  0.0469  -0.1731  -0.0738  -0.0110  -0.0111   0.0225
  0.0369  -0.1681  -0.0754  -0.0105  -0.0068   0.0227
  0.0394  -0.1740  -0.0709   0.0252  -0.0020   0.0174
  0.0365  -0.1779  -0.0662  -0.0029  -0.0021   0.0028
  0.0369  -0.1834  -0.0807  -0.0160  -0.0002   0.0096
  0.0324  -0.1788  -0.0760  -0.0133   0.0021   0.0536
  0.0320  -0.1822  -0.0821  -0.0316  -0.0017  -0.0133
  0.0359  -0.1715  -0.0731  -0.0435   0.0014   0.0158
  0.0338  -0.1838  -0.0853  -0.0020   0.0036   0.0034
  0.0245  -0.1364  -0.0853  -0.0513   0.0105   0.0341
  0.0257  -0.1778  -0.0971   0.0167  -0.0007  -0.0155
  0.0556  -0.1846  -0.0806  -0.0013  -0.0117   0.0121
  0.0547  -0.1741  -0.0838  -0.0409  -0.0204   0.0428
  0.0443  -0.1891  -0.0902  -0.0033  -0.0067   0.0196
  0.0424  -0.1893  -0.0952  -0.0223  -0.0019   0.0132
  0.0426  -0.1701  -0.1041  -0.0515   0.0106   0.0067
  0.0207  -0.1741  -0.1176  -0.0422   0.0067   0.0196
  0.0168  -0.1843  -0.1235  -0.0591   0.0115  -0.0061
  0.0278  -0.1902  -0.1145  -0.0367   0.0063  -0.0081
  0.0259  -0.2008  -0.1200  -0.0341   0.0082   0.0229
  0.0274  -0.1865  -0.1274  -0.0464   0.0042   0.0008
  0.0291  -0.2002  -0.1222  -0.0293   0.0003   0.0274
  0.0305  -0.1876  -0.1293  -0.0679  -0.0002   0.0283
  0.0191  -0.1591  -0.1249  -0.0864  -0.0022   0.0088
  0.0286  -0.1793  -0.1334  -0.0951  -0.0058   0.0368
  0.0225  -0.1889  -0.1225  -0.0951  -0.0100   0.0058
 -0.0035  -0.1482  -0.1295  -0.1473  -0.0103   0.0229
  0.0094  -0.1495  -0.1244  -0.1199  -0.0068   0.0122
  0.0221  -0.1666  -0.1189  -0.1162  -0.0071   0.0131
  0.0134  -0.1398  -0.1209  -0.1543  -0.0098   0.0203
  0.0114  -0.1562  -0.1380  -0.1349  -0.0134  -0.0024
  0.0268  -0.1590  -0.1504  -0.1260  -0.0131   0.0220
  0.0108  -0.1685  -0.1547  -0.1183  -0.0067   0.0425
  0.0143  -0.1772  -0.1539  -0.0875  -0.0204   0.0015
 -0.0074  -0.1593  -0.1559  -0.0973  -0.0181   0.0329
 -0.0049  -0.1706  -0.1605  -0.0707  -0.0204   0.0134
  0.0155  -0.1722  -0.1456  -0.0893  -0.0221   0.0112
  0.0114  -0.1797  -0.1539  -0.0771  -0.0251   0.0292
  0.0265  -0.1876  -0.1514  -0.0867  -0.0304   0.0224
  0.0217  -0.2012  -0.1532  -0.0867  -0.0207   0.0018
  0.0305  -0.2077  -0.1516  -0.0945  -0.0282   0.0243
  0.0162  -0.2089  -0.1515  -0.0693  -0.0294   0.0296
 -0.0005  -0.2065  -0.1640  -0.1112  -0.0317   0.0310
  0.0157  -0.2071  -0.1594  -0.0980  -0.0334   0.0203
  0.0206  -0.1897  -0.1486  -0.1612  -0.0247   0.0183
 -0.0058  -0.2165  -0.1536  -0.1162  -0.0059   0.0478
  0.0008  -0.2124  -0.1585  -0.1563  -0.0144   0.0115
  0.0118  -0.2321  -0.1556  -0.0775  -0.0129   0.0144
  0.0183  -0.2171  -0.1598  -0.2427  -0.0496  -0.0743
  0.0444  -0.1961  -0.1587  -0.2205  -0.0481   0.0876
  0.0300  -0.0476  -0.1002  -0.2295  -0.0455   0.0550
  0.0801  -0.1016  -0.0414  -0.2047  -0.0322   0.0070
  0.0564  -0.1351  -0.0811  -0.1904  -0.0380   0.0471
  0.0757  -0.1186  -0.0828  -0.2241  -0.0237  -0.0617
  0.0534  -0.1089  -0.1004  -0.1838  -0.0393   0.0593
  0.0588  -0.0859  -0.0872  -0.1896  -0.0312  -0.0037
  0.0432  -0.1379  -0.1006  -0.1130  -0.0231   0.0593
  0.0520  -0.1983  -0.1134  -0.1143  -0.0406   0.0039
  0.0418  -0.1737  -0.1341  -0.1352  -0.0406   0.0302
  0.0415  -0.1900  -0.1411  -0.1319  -0.0512  -0.0015
  0.0265  -0.1809  -0.1501  -0.1108  -0.0610   0.0137
  0.0269  -0.1796  -0.1369  -0.1076  -0.0470   0.0096
  0.0199  -0.1864  -0.1396  -0.1000  -0.0427   0.0372
  0.0381  -0.2024  -0.1304  -0.1077  -0.0364   0.0100
  0.0366  -0.2076  -0.1390  -0.1165  -0.0374   0.0417
  0.0573  -0.2116  -0.1229  -0.1193  -0.0396   0.0168
  0.0428  -0.2123  -0.1343  -0.1316  -0.0369   0.0129
  0.0438  -0.2157  -0.1452  -0.1615  -0.0377   0.0148
  0.0328  -0.1987  -0.1380  -0.1437  -0.0390   0.0154
  0.0469  -0.2063  -0.1336  -0.1530  -0.0404  -0.0162
  0.0400  -0.2076  -0.1490  -0.1925  -0.0394   0.0403
  0.0288  -0.2127  -0.1439  -0.1431  -0.0357   0.0032
  0.0410  -0.2179  -0.1440  -0.1473  -0.0322   0.0057
  0.0360  -0.2200  -0.1381  -0.1487  -0.0390  -0.0031
