  0.6944  -0.1763  -0.3611   0.9490   0.2743   0.4782
  0.1287  -0.8770  -0.3875   0.9024   0.1543   0.6421
  0.0500   0.1574  -0.5584   0.5043   0.0168   0.5090
  0.1138   0.3176  -0.5104   0.4093   0.0738   0.2187
 -0.0540  -0.0502  -0.3989   0.4882   0.0621   0.3812
  0.0028  -0.0324  -0.4227   0.5235   0.0868   0.3335
 -0.0537  -0.0886  -0.3977   0.5423   0.0786   0.3395
 -0.0047  -0.0500  -0.4140   0.5150   0.1055   0.2573
 -0.0395  -0.0459  -0.4147   0.5725   0.0936   0.3009
 -0.0126  -0.0894  -0.4094   0.5343   0.1053   0.2577
 -0.0347  -0.1401  -0.3933   0.5789   0.0942   0.2348
 -0.0253  -0.0726  -0.4056   0.5425   0.1066   0.2620
 -0.0336  -0.1409  -0.3572   0.5983   0.0743   0.2467
  0.0419  -0.3100  -0.4067   0.6933   0.1221   0.1112
  0.0487  -0.4326  -0.3814   0.7944   0.1078   0.1674
  0.0393  -0.3961  -0.3808   0.7855   0.1307   0.1297
  0.0172  -0.4002  -0.3795   0.7897   0.1033   0.1760
  0.0273  -0.4345  -0.3876   0.7988   0.1034   0.1355
  0.0248  -0.4302  -0.3903   0.8414   0.0932   0.1207
  0.0014  -0.3802  -0.3713   0.8092   0.0681   0.1642
 -0.0242  -0.3643  -0.3618   0.7683   0.0541   0.1184
 -0.0347  -0.2990  -0.3696   0.7656   0.0436   0.0984
 -0.0377  -0.3160  -0.3686   0.7492   0.0381   0.1172
 -0.0357  -0.3070  -0.3615   0.7760   0.0426   0.1172
 -0.0359  -0.3238  -0.3512   0.7319   0.0350   0.1290
 -0.0251  -0.3485  -0.3768   0.7992   0.0510   0.0431
 -0.0054  -0.2837  -0.3317   0.7373   0.0732   0.0763
  0.0535   0.2327  -0.3354   1.3481   0.2284   0.0346
  0.2334   0.8987  -0.1816   1.5697   0.3043  -0.0204
  0.1478   1.0488  -0.3483   1.2574   0.1458   0.4084
  0.0779   0.1021  -0.1241   1.0082   0.0475   0.1734
  0.1158   0.1452  -0.0483   0.8893   0.0380   0.2027
  0.0931   0.1103  -0.0743   0.9288   0.0369   0.1445
  0.1103   0.0627  -0.0663   0.8732   0.0388   0.1000
  0.0913   0.0301  -0.0958   0.9127   0.0442   0.0389
  0.0849   0.0952  -0.0745   0.8641   0.0321   0.0433
  0.0688   0.0509  -0.0933   0.8876   0.0318   0.0896
  0.0727   0.0268  -0.0787   0.8561   0.0328   0.0747
  0.0602   0.0109  -0.1197   0.8732   0.0248   0.0111
  0.0609   0.0589  -0.1052   0.8642   0.0358   0.0386
  0.0504  -0.0075  -0.1222   0.9071   0.0556   0.0535
  0.0584  -0.0380  -0.1158   0.8869   0.0492   0.0156
  0.0464  -0.0537  -0.1385   0.8914   0.0389  -0.0205
  0.0639  -0.0255  -0.1182   0.8891   0.0406   0.0103
  0.0516  -0.0175  -0.1240   0.8983   0.0285   0.0333
  0.0676  -0.0320  -0.1067   0.9023   0.0281   0.0112
  0.0543  -0.0453  -0.1271   0.9104   0.0238  -0.0278
  0.0591  -0.0472  -0.1000   0.8989   0.0141   0.0136
  0.0620  -0.0559  -0.1265   0.8642   0.0156  -0.0234
  0.0686  -0.0411  -0.1139   0.9061   0.0309  -0.0575
  0.0538   0.0291  -0.1170   0.6835  -0.0144   0.0091
  0.0476  -0.1414  -0.1186   1.1633   0.0381  -0.0613
  0.0006  -0.1498  -0.1274   1.1615   0.0708  -0.0916
 -0.0211  -0.0364  -0.1065   0.8015   0.0817   0.0565
 -0.0314   0.0170  -0.0755   0.6443   0.0504   0.0759
 -0.0277   0.0343  -0.1128   0.6712   0.0459   0.0556
 -0.0478   0.0056  -0.1067   0.6695   0.0749   0.0889
 -0.0389  -0.0201  -0.1153   0.6688   0.0593   0.0386
 -0.0519  -0.0122  -0.0969   0.7094   0.0647   0.0604
 -0.0526  -0.0019  -0.0993   0.6716   0.0592   0.0724
 -0.0594  -0.0191  -0.1130   0.6790   0.0672   0.0267
 -0.0579   0.0032  -0.1133   0.6641   0.0593   0.0380
 -0.0671  -0.0373  -0.0968   0.6625   0.0562   0.0255
 -0.0582  -0.0222  -0.1089   0.6608   0.0655   0.0233
 -0.0639  -0.0434  -0.1170   0.7008   0.0718  -0.0133
 -0.0549  -0.0024  -0.1097   0.6588   0.0688   0.0111
 -0.0644  -0.0213  -0.1159   0.6834   0.0837   0.0363
 -0.0561  -0.0308  -0.1099   0.6596   0.0841   0.0102
 -0.0634  -0.0230  -0.1198   0.7120   0.0710  -0.0190
 -0.0568   0.0268  -0.1064   0.6641   0.0646   0.0229
 -0.0685   0.0164  -0.1156   0.6979   0.0747  -0.0007
 -0.0598  -0.0210  -0.1151   0.6814   0.0755  -0.0216
 -0.0658  -0.0289  -0.1075   0.7141   0.0662  -0.0006
 -0.0628   0.0003  -0.1101   0.6536   0.0676   0.0363
 -0.0640  -0.0565  -0.1116   0.6910   0.0738  -0.0371
 -0.0576  -0.0041  -0.1077   0.6599   0.0699  -0.0325
 -0.0727  -0.0152  -0.1027   0.6895   0.0697   0.0004
 -0.0591  -0.0041  -0.1068   0.6396   0.0687  -0.0144
 -0.0755  -0.0481  -0.1240   0.7197   0.0670  -0.0766
 -0.0532   0.1024  -0.0788   0.5978   0.0888   0.0825
 -0.0362   0.2331  -0.1260   0.9079   0.1366   0.1643
  0.1045   0.8080  -0.1316   1.0525   0.2099   0.6675
  0.0900   1.1083  -0.1541   1.4332   0.1061   1.1915
  0.0544   0.7542  -0.1271   0.9591   0.0804   0.7350
 -0.0536   0.2873  -0.0312   0.4798   0.0725   0.2329
  0.1403   0.1286  -0.1314   0.5767   0.1288   0.2619
 -0.0260  -0.1599  -0.1408   0.5987   0.1049   0.1000
 -0.1868  -0.3059  -0.1040   0.6548   0.0471   0.0637
 -0.0689  -0.3012  -0.0992   0.6142   0.1069   0.0351
 -0.1071  -0.2726  -0.0861   0.6042   0.0830   0.0859
 -0.0683  -0.2573  -0.0911   0.5693   0.1063   0.0512
 -0.0885  -0.2479  -0.0963   0.5905   0.0996   0.0078
 -0.0712  -0.2114  -0.1039   0.5509   0.1114   0.0680
 -0.0764  -0.2662  -0.0856   0.6054   0.0867  -0.0142
 -0.0541  -0.2957  -0.1196   0.7577   0.1503  -0.0229
 -0.0798  -0.2592  -0.1094   0.7845   0.1015   0.0082
 -0.0541  -0.0594  -0.0255   0.4023   0.0110   0.1107
 -0.0498  -0.0964  -0.0763   0.4259   0.0018   0.0978
 -0.0643  -0.2129  -0.0990   0.4371   0.0050   0.0133
 -0.0431  -0.1272  -0.0290   0.2436  -0.0195   0.0192
 -0.0528  -0.0765   0.0011   0.1544  -0.0403  -0.0157
 -0.0498  -0.0672   0.0197   0.2971  -0.0560   0.0417
 -0.0258  -0.1290  -0.0292   0.3305  -0.0420  -0.0023
 -0.0500  -0.1100  -0.0099   0.2087  -0.0908  -0.0018
 -0.0386   0.0187   0.0123  -0.0792  -0.1153   0.0498
 -0.0460   0.0155   0.0120  -0.0815  -0.1116   0.0816
 -0.0387   0.0214   0.0414  -0.1440  -0.1160   0.0723
 -0.0429   0.0191   0.0594  -0.1377  -0.1106   0.0699
 -0.0411   0.0271   0.0585  -0.1560  -0.1033   0.0469
 -0.0436   0.0275   0.0581  -0.1567  -0.1067   0.0547
 -0.0378   0.0270   0.0636  -0.1954  -0.1057   0.0673
 -0.0404   0.0173   0.0688  -0.2030  -0.1010   0.0677
 -0.0269   0.0408   0.0683  -0.2195  -0.1062   0.0597
 -0.0200   0.0319   0.0624  -0.2086  -0.0942   0.0404
 -0.0284   0.0510   0.0729  -0.2406  -0.1060   0.0387
 -0.0235   0.0433   0.0637  -0.2368  -0.0936   0.0695
 -0.0143  -0.0073   0.0739  -0.2227  -0.0863   0.0337
 -0.0094   0.0066   0.0824  -0.1880  -0.0901   0.0066
 -0.0085   0.0300   0.0769  -0.2073  -0.0827   0.0655
 -0.0183  -0.0237   0.0730  -0.2061  -0.0903   0.0254
 -0.0098  -0.0149   0.0817  -0.2107  -0.0992   0.0113
 -0.0157   0.0144   0.0810  -0.2379  -0.0942   0.0606
 -0.0069  -0.0076   0.0820  -0.2277  -0.1068  -0.0028
 -0.0146  -0.0243   0.0776  -0.1957  -0.1041  -0.0163
 -0.0180   0.0010   0.0791  -0.2413  -0.0993   0.0426
 -0.0221  -0.0060   0.0830  -0.2352  -0.1077   0.0195
 -0.0111  -0.0311   0.0794  -0.2035  -0.1148  -0.0065
 -0.0099  -0.0067   0.0882  -0.2011  -0.1124  -0.0190
 -0.0156   0.0175   0.0849  -0.2248  -0.1148   0.0191
 -0.0110  -0.0262   0.0865  -0.2256  -0.1135  -0.0200
 -0.0131  -0.0080   0.0773  -0.2264  -0.1094  -0.0480
 -0.0135  -0.0005   0.0812  -0.2237  -0.1048  -0.0318
 -0.0183  -0.0296   0.0850  -0.2583  -0.1149  -0.0039
 -0.0184  -0.0301   0.0785  -0.2267  -0.1067  -0.0195
 -0.0135  -0.0294   0.0793  -0.1863  -0.1160  -0.0495
 -0.0147   0.0025   0.0809  -0.2003  -0.1237  -0.0391
 -0.0141   0.0030   0.0899  -0.2113  -0.1282  -0.0090
 -0.0121  -0.0364   0.0847  -0.2273  -0.1222  -0.0530
 -0.0119   0.0398   0.0853  -0.2306  -0.1207  -0.0074
 -0.0042  -0.0260   0.0839  -0.2505  -0.1115  -0.0400
  0.0003   0.0163   0.0740  -0.2541  -0.0919  -0.0829
 -0.0054   0.0677   0.0753  -0.3010  -0.1039   0.0257
 -0.0029   0.0144   0.0529  -0.2915  -0.0913  -0.0266
 -0.0005  -0.0082   0.0637  -0.2718  -0.0954  -0.0673
 -0.0021   0.0416   0.0612  -0.2699  -0.0931  -0.0452
 -0.0187   0.0080   0.0664  -0.2242  -0.0936  -0.0295
 -0.0220   0.0103   0.0513  -0.3061  -0.0953  -0.0783
 -0.0358   0.0474   0.0476  -0.3987  -0.1078  -0.0622
 -0.0371   0.1099   0.0908  -0.5267  -0.1173   0.0345
 -0.0360   0.0629   0.0895  -0.5212  -0.1067  -0.0295
 -0.0381   0.0828   0.1031  -0.4733  -0.0991  -0.0483
 -0.0323   0.0981   0.0933  -0.4921  -0.1033  -0.0212
 -0.0415   0.0963   0.1017  -0.5077  -0.1050   0.0026
 -0.0405   0.0674   0.0932  -0.5187  -0.1180  -0.0408
 -0.0619   0.2158   0.0916  -0.3696  -0.0548   0.1147
 -0.0240   0.1067   0.1778  -0.1438  -0.0284   0.0506
 -0.0425   0.1197   0.1810  -0.3686  -0.0106  -0.0559
 -0.0246   0.1461   0.1777  -0.7830  -0.0561   0.0459
 -0.0208   0.1745   0.2175  -1.0625  -0.0722   0.0448
 -0.0135   0.1579   0.2230  -1.0825  -0.0854   0.0411
 -0.0215   0.0484   0.1730  -0.5213  -0.0743  -0.1148
 -0.0383  -0.0754   0.1684  -0.4910  -0.1045  -0.0814
 -0.0623  -0.1246   0.1482  -0.5323  -0.1476  -0.0932
 -0.0253   0.0610   0.1907  -0.8907  -0.1351  -0.0650
 -0.0418   0.0704   0.1810  -0.9096  -0.1418  -0.0550
 -0.0213   0.1271   0.1895  -0.9403  -0.1343  -0.0049
 -0.0270   0.1272   0.1881  -0.9411  -0.1357  -0.0429
 -0.0143   0.1598   0.2033  -0.9287  -0.1469  -0.0623
 -0.0232   0.1459   0.1861  -0.9252  -0.1391  -0.0677
 -0.0180   0.1536   0.2023  -0.9749  -0.1342  -0.0311
 -0.0281   0.1298   0.1936  -0.9670  -0.1371  -0.0505
 -0.0116   0.1525   0.1963  -0.9662  -0.1392  -0.0837
 -0.0314   0.1775   0.1883  -0.9616  -0.1379  -0.0343
 -0.0006   0.1504   0.1995  -1.0151  -0.1327  -0.0377
 -0.0393   0.0599   0.1546  -0.6722  -0.0993  -0.1955
 -0.0554  -0.0498   0.0995  -0.3463  -0.0884  -0.2135
 -0.1366  -0.1844   0.0226  -0.0884  -0.0893  -0.3179
 -0.0885  -0.1774   0.0684   0.0211  -0.1000  -0.3439
 -0.0954  -0.0400   0.1264  -0.5105  -0.1553  -0.2490
 -0.0789  -0.0279   0.1533  -0.6912  -0.0993  -0.2354
 -0.1262  -0.0129   0.1527  -0.7435  -0.1260  -0.2183
  0.0657   0.0239   0.1946  -0.7821  -0.0367  -0.1753
  0.2734   0.0090   0.2467  -0.8233   0.0752  -0.1855
 -0.0502   0.0490   0.1711  -0.9003  -0.0952  -0.2135
  0.0314   0.0868   0.1887  -0.9811  -0.0763  -0.1864
 -0.0259   0.0625   0.1837  -0.9766  -0.0790  -0.1641
  0.0189   0.0336   0.1996  -1.0409  -0.0680  -0.2210
 -0.0233   0.0304   0.1978  -1.0407  -0.0850  -0.2570
  0.0065   0.0579   0.1972  -1.0061  -0.0755  -0.1777
 -0.0193   0.0107   0.1964  -0.9891  -0.0815  -0.2014
  0.0097   0.0039   0.1965  -0.9837  -0.0733  -0.2314
 -0.0086   0.0325   0.1997  -0.9693  -0.0744  -0.2304
 -0.0038   0.0401   0.2049  -0.9803  -0.0708  -0.2111
 -0.0329   0.0251   0.1993  -0.9534  -0.0972  -0.2164
 -0.0187   0.0610   0.1816  -0.9596  -0.1023  -0.2106
 -0.0247   0.0476   0.1971  -1.0053  -0.1022  -0.2588
 -0.0008   0.0797   0.1943  -1.0130  -0.0850  -0.2173
 -0.0145   0.0500   0.2010  -1.0350  -0.0836  -0.2094
 -0.0031   0.0287   0.2092  -1.0263  -0.0886  -0.2443
 -0.0193   0.0315   0.1974  -0.9839  -0.0848  -0.2758
 -0.0068   0.0281   0.1916  -0.9828  -0.0902  -0.2397
 -0.0219   0.0235   0.1880  -0.9890  -0.0801  -0.2342
 -0.0149   0.0730   0.1986  -0.9947  -0.0853  -0.2264
 -0.0242   0.0289   0.1832  -0.9749  -0.0795  -0.2782
 -0.0174   0.0696   0.1908  -0.9911  -0.0828  -0.2909
 -0.0188   0.0903   0.1834  -0.9748  -0.0708  -0.2485
 -0.0137   0.0917   0.1873  -0.9792  -0.0877  -0.2612
 -0.0157   0.0307   0.1828  -0.9510  -0.0691  -0.2623
 -0.0061   0.0670   0.2051  -0.9721  -0.0854  -0.2865
 -0.0042   0.0735   0.2062  -0.9461  -0.0646  -0.2404
 -0.0188   0.0772   0.1934  -1.0052  -0.0964  -0.2669
  0.0720   0.2073   0.1873  -0.7375   0.1021  -0.1117
  0.2591   0.4819   0.1353  -0.2930   0.2900   0.2314
  0.4531   1.1859   0.0104  -0.0048   0.3677   0.9440
  0.3125   0.4872  -0.0060   0.0523   0.2987   0.5579
  0.0439   0.2544   0.0358  -0.3289   0.1804   0.0485
  0.0796   0.1062   0.1223  -0.7422   0.1695  -0.0565
  0.0651   0.1135   0.1648  -0.7241   0.1768  -0.1027
  0.0865   0.0155   0.1836  -0.7885   0.1852  -0.1412
  0.0630   0.0384   0.1870  -0.7929   0.1686  -0.2060
  0.0807   0.0631   0.2192  -0.8561   0.1771  -0.1032
  0.0399   0.1061   0.1999  -0.8506   0.1576  -0.1558
  0.0566   0.1309   0.2143  -0.8744   0.1685  -0.1129
  0.0242   0.1286   0.1989  -0.9120   0.1546  -0.1405
  0.0513   0.1480   0.2141  -0.9566   0.1551  -0.1496
  0.0336   0.1337   0.2027  -0.9633   0.1294  -0.1567
  0.0782   0.0804   0.2079  -0.9385   0.1350  -0.2115
  0.0406   0.1254   0.2085  -1.0030   0.1080  -0.1775
  0.0919  -0.0620   0.2088  -0.6594   0.0957  -0.2792
  0.0384  -0.1123   0.1324  -0.2423   0.0457  -0.3183
  0.0257  -0.1836   0.0930  -0.0745   0.0067  -0.3823
  0.0142  -0.1488   0.1273  -0.2557   0.0109  -0.4436
  0.0417   0.0126   0.1623  -0.5571   0.0183  -0.3302
  0.0099  -0.0140   0.1642  -0.4824   0.0251  -0.2980
  0.0809   0.0651   0.1464  -0.6528   0.0449  -0.2847
  0.0679   0.3488   0.1108  -0.4548   0.0294  -0.0640
