  0.2923  -0.1812   0.0333   0.4440   0.1198  -0.0868
  0.2694  -0.2036   0.0438   0.4640   0.1095  -0.0928
  0.2644  -0.2093   0.0338   0.4628   0.1087  -0.0939
  0.2522  -0.2113   0.0042   0.4698   0.1105  -0.0897
  0.2648  -0.1814   0.0004   0.4439   0.1065  -0.0957
  0.2509  -0.2183   0.0173   0.4666   0.1104  -0.0924
  0.2527  -0.1907   0.0077   0.4394   0.1015  -0.1026
  0.2458  -0.1747   0.0229   0.4529   0.0919  -0.1220
  0.2330  -0.1561   0.0202   0.4203   0.0981  -0.0836
  0.2330  -0.2051   0.0293   0.4478   0.1072  -0.0567
  0.2350  -0.1777   0.0084   0.4435   0.1047  -0.0937
  0.2363  -0.1659   0.0251   0.3897   0.1084  -0.0712
  0.2322  -0.1273   0.0301   0.3770   0.1143  -0.0788
  0.2480  -0.1371   0.0330   0.3787   0.1162  -0.0767
  0.2534  -0.1690   0.0356   0.4262   0.1128  -0.0650
  0.2613  -0.1631   0.0567   0.4045   0.1148  -0.0686
  0.2540  -0.1469   0.0522   0.3810   0.1253  -0.0784
  0.2650  -0.1449   0.0603   0.3648   0.1297  -0.0675
  0.2637  -0.1543   0.0622   0.3758   0.1192  -0.0756
  0.2735  -0.1498   0.0720   0.3375   0.1289  -0.0690
  0.2522  -0.1290   0.0600   0.3421   0.1254  -0.0807
  0.2316  -0.1099   0.0363   0.3323   0.1153  -0.0669
  0.2476  -0.1129   0.0499   0.3261   0.1160  -0.0679
  0.2383  -0.1358   0.0357   0.3377   0.1225  -0.0667
  0.2341  -0.1255   0.0332   0.3284   0.1149  -0.0805
  0.2256  -0.1192   0.0187   0.3513   0.1165  -0.0926
  0.2282  -0.1286   0.0117   0.3713   0.1086  -0.1108
  0.2275  -0.1189   0.0220   0.3375   0.1221  -0.0991
  0.2244  -0.0946   0.0178   0.3007   0.1127  -0.0910
  0.2152  -0.0881   0.0297   0.2913   0.0946  -0.0858
  0.2277  -0.0703   0.0285   0.2791   0.0951  -0.0821
  0.2145  -0.0704   0.0223   0.2834   0.1022  -0.0835
  0.2238  -0.0799   0.0393   0.2807   0.1028  -0.0783
  0.2137  -0.0657   0.0202   0.2667   0.1058  -0.0759
  0.2069   0.0223   0.0178   0.2554   0.0825  -0.1141
  0.2085  -0.0014   0.0275   0.2667   0.0859  -0.1130
  0.2099  -0.0572   0.0424   0.2897   0.0992  -0.0637
  0.2012  -0.0638   0.0436   0.3011   0.1070  -0.0680
  0.2197  -0.0385   0.0416   0.2754   0.1062  -0.0839
  0.1953  -0.0266   0.0285   0.2529   0.0763  -0.0995
  0.2255  -0.0306   0.0287   0.2532   0.1091  -0.0956
  0.2187  -0.0143   0.0254   0.2193   0.1073  -0.0935
  0.1921  -0.0089   0.0258   0.2114   0.0778  -0.0933
  0.1918   0.0148   0.0200   0.1945   0.0852  -0.1082
  0.1870   0.0191   0.0223   0.2059   0.0773  -0.0979
  0.1871   0.0027   0.0268   0.1919   0.0889  -0.0679
  0.1665   0.0063   0.0259   0.2253   0.0767  -0.0855
  0.1524   0.0011   0.0407   0.2071   0.0747  -0.0760
  0.1622  -0.0191   0.0159   0.2537   0.0715  -0.0833
  0.1777   0.0043   0.0474   0.1860   0.0820  -0.0484
  0.1584   0.0169   0.0264   0.1921   0.0493  -0.0937
  0.1432   0.0514   0.0314   0.1419   0.0422  -0.0625
  0.1198   0.0364   0.0067   0.1977   0.0232  -0.0673
  0.1198   0.0509   0.0199   0.1731   0.0458  -0.0559
  0.1136   0.0410   0.0102   0.2042   0.0283  -0.0888
  0.1314   0.0708   0.0150   0.1481   0.0512  -0.0820
  0.0864   0.0587   0.0020   0.1604  -0.0043  -0.0433
  0.0063   0.5335  -0.0228  -0.1029   0.0572   0.0937
  0.0242   0.2255   0.0272   0.0908   0.0715   0.0189
  0.0300   0.2319   0.0201  -0.0081   0.0626   0.0228
 -0.0130   0.5714   0.0113  -0.1662   0.0175   0.1150
  0.0291  -0.1760   0.1303   0.1143   0.0187   0.0134
  0.0325   0.1116   0.0202   0.1762   0.0037  -0.0074
  0.0944   0.2556  -0.1071   0.1340   0.0599   0.0227
  0.1086   0.2010   0.0277   0.1296   0.0736  -0.0415
  0.0457  -0.1396  -0.0099  -0.2750   0.1502   0.2308
  0.0479  -0.1655   0.0053  -0.4507   0.1472   0.2982
  0.0635  -0.0367  -0.0155  -0.1204   0.0625   0.1430
  0.0715  -0.0536   0.0173  -0.1399   0.0794   0.1390
  0.0886  -0.0839   0.0341  -0.0263   0.0742   0.0966
  0.0798  -0.1230   0.0269  -0.0327   0.0763   0.0907
  0.0705  -0.1435   0.0080   0.0357   0.0661   0.0609
  0.0789  -0.0692   0.0079  -0.0677   0.0701   0.0763
  0.1003  -0.0856  -0.0021  -0.0250   0.0589   0.0524
  0.1048  -0.1071   0.0359  -0.0377   0.0825   0.0895
  0.1170  -0.1303   0.0235   0.0308   0.0894   0.0573
  0.1405  -0.1191   0.0179   0.0009   0.0942   0.0499
  0.1327  -0.1272   0.0227   0.0262   0.0885   0.0552
  0.1176  -0.0911   0.0331  -0.0058   0.0849   0.0536
  0.0971  -0.0724   0.0097   0.0009   0.0753   0.0241
  0.0954  -0.0859   0.0244   0.0105   0.0984   0.0395
  0.1304  -0.1446   0.0361   0.0481   0.0978   0.0492
  0.1047  -0.1169   0.0403   0.0385   0.0921   0.0438
  0.0985  -0.0937   0.0178   0.0119   0.0701   0.0354
  0.0613  -0.0034  -0.0270  -0.0589   0.0434  -0.0027
  0.0710  -0.0297   0.0125  -0.0318   0.0598   0.0218
  0.0830  -0.0437   0.0247  -0.0304   0.0938   0.0469
  0.0577  -0.0293   0.0133  -0.0480   0.0649   0.0194
  0.0328   0.0369  -0.0136  -0.0561   0.0438  -0.0155
 -0.0039  -0.0317  -0.0344  -0.0464   0.0401  -0.0270
  0.0543   0.1289  -0.0473  -0.4020   0.0200   0.1281
  0.0708   0.0474  -0.0023  -0.6342   0.0125   0.3194
  0.0151  -0.1511   0.0127  -0.2952  -0.0468   0.1894
 -0.0149  -0.0724  -0.0246  -0.2825  -0.0581   0.1760
 -0.0497  -0.1286  -0.0586  -0.2186  -0.0682   0.1268
 -0.0613  -0.0907  -0.0496  -0.2196  -0.0691   0.1278
 -0.0958  -0.0675  -0.0614  -0.1958  -0.1039   0.0633
 -0.0809  -0.0170  -0.0711  -0.2226  -0.1163   0.0519
 -0.0897  -0.0453  -0.0567  -0.2214  -0.1113   0.0628
 -0.0991  -0.0370  -0.0522  -0.1888  -0.1189   0.0486
 -0.1259  -0.0320  -0.0763  -0.1533  -0.1316   0.0182
 -0.1174  -0.0001  -0.0756  -0.1803  -0.1251   0.0283
 -0.1256  -0.0167  -0.0781  -0.1493  -0.1392   0.0008
 -0.1316   0.0331  -0.1050  -0.1846  -0.1386  -0.0041
 -0.1794   0.3539  -0.0250  -0.3243  -0.1332   0.0121
 -0.1900   0.3505   0.0248  -0.3010  -0.1075   0.0172
 -0.1570   0.2252   0.0137  -0.2432  -0.1046   0.0002
 -0.1601   0.2113   0.0053  -0.2217  -0.1156   0.0194
 -0.1398   0.0505   0.0132  -0.1464  -0.0857   0.0657
 -0.1102   0.0680   0.0213  -0.1526  -0.0713   0.0542
 -0.1078   0.0065   0.0166  -0.1387  -0.0759   0.0596
 -0.1380   0.1743  -0.0042  -0.2231  -0.1132   0.0046
 -0.1295   0.3304   0.0343  -0.2781  -0.0892   0.0225
 -0.1051   0.1116   0.0328  -0.2005  -0.0640   0.0719
 -0.1339   0.2308   0.0070  -0.2789  -0.1014   0.0198
 -0.1412   0.1648   0.0110  -0.2354  -0.1119   0.0101
 -0.1343   0.1668   0.0266  -0.2369  -0.0972   0.0405
 -0.1332   0.1685   0.0169  -0.2361  -0.0986   0.0318
 -0.1448   0.1690   0.0095  -0.2354  -0.1067   0.0161
 -0.1564   0.1421   0.0100  -0.1933  -0.0936   0.0092
 -0.1463   0.1331   0.0147  -0.1906  -0.0942  -0.0068
 -0.1429   0.1142  -0.0006  -0.2085  -0.1020  -0.0008
 -0.1501   0.1221  -0.0085  -0.2329  -0.0959   0.0096
 -0.1473   0.1215  -0.0013  -0.2285  -0.0945   0.0126
 -0.1499   0.1273  -0.0140  -0.2317  -0.1003   0.0153
 -0.1779   0.1293  -0.0171  -0.2269  -0.1135   0.0361
 -0.1820   0.1064  -0.0137  -0.2231  -0.1151   0.0283
 -0.1860   0.1277  -0.0244  -0.2242  -0.1114   0.0254
 -0.1842   0.1174  -0.0375  -0.2050  -0.1134   0.0028
 -0.1842   0.1125  -0.0311  -0.1960  -0.1123  -0.0032
 -0.1865   0.1088  -0.0281  -0.2435  -0.1003   0.0353
 -0.1919   0.0777  -0.0365  -0.2024  -0.1057   0.0097
 -0.1974   0.1134  -0.0360  -0.2363  -0.1150  -0.0000
 -0.1973   0.1347  -0.0447  -0.2538  -0.1232   0.0068
 -0.1847   0.0931  -0.0361  -0.1851  -0.1107   0.0302
 -0.1602   0.0767  -0.0230  -0.1862  -0.0848   0.0339
 -0.1635   0.0634  -0.0317  -0.2250  -0.0920   0.0550
 -0.1875   0.0641  -0.0465  -0.1949  -0.0853   0.0351
 -0.1679   0.0336  -0.0369  -0.1961  -0.0741   0.0547
 -0.2259   0.0134  -0.0657  -0.1292  -0.1097   0.0093
 -0.2187   0.0390  -0.0510  -0.1869  -0.1008   0.0454
 -0.1760   0.0178  -0.0501  -0.1680  -0.0812   0.0377
 -0.2071   0.0537  -0.0613  -0.2088  -0.1052   0.0392
 -0.1733   0.0129  -0.0470  -0.1817  -0.0888   0.0697
 -0.1758   0.0023  -0.0382  -0.2041  -0.1030   0.0726
 -0.1585  -0.0378  -0.0223  -0.1866  -0.0872   0.0947
 -0.1632  -0.0266  -0.0326  -0.2112  -0.0817   0.0887
 -0.1778  -0.0072  -0.0404  -0.2011  -0.0911   0.0720
 -0.1949  -0.0138  -0.0416  -0.2065  -0.0989   0.0778
 -0.1783  -0.0238  -0.0367  -0.1685  -0.0884   0.0551
 -0.1941   0.0048  -0.0410  -0.2086  -0.0941   0.0754
 -0.1991  -0.0452  -0.0574  -0.1766  -0.0923   0.0661
 -0.1814  -0.0218  -0.0482  -0.2229  -0.0693   0.0831
 -0.1758  -0.0499  -0.0302  -0.2089  -0.0644   0.0953
 -0.1655  -0.0008  -0.0394  -0.2395  -0.0577   0.0936
 -0.1319  -0.0904  -0.0001   0.0614   0.0106  -0.0082
 -0.1466  -0.2808   0.0183   0.1255  -0.0207  -0.0296
 -0.1570  -0.2071   0.0086   0.0265  -0.0268  -0.0225
 -0.1855  -0.1378   0.0042  -0.0150  -0.0734  -0.0135
 -0.1988  -0.0991  -0.0149  -0.0467  -0.0639  -0.0043
 -0.2094  -0.1125  -0.0323  -0.0323  -0.0934  -0.0197
 -0.2103  -0.1007  -0.0149  -0.0397  -0.0741  -0.0011
 -0.2243  -0.1182  -0.0333  -0.0343  -0.1079  -0.0291
 -0.2396  -0.0453  -0.0349  -0.0608  -0.0222   0.0099
 -0.2510   0.0188  -0.0118  -0.0824  -0.0367  -0.0096
 -0.2461   0.0501  -0.0212  -0.1580  -0.0789  -0.0228
 -0.2410   0.1469  -0.0281  -0.1895  -0.0695  -0.0316
 -0.2481   0.2032  -0.0232  -0.2086  -0.0843  -0.0344
 -0.2395   0.1752  -0.0220  -0.1841  -0.0540  -0.0311
 -0.2472   0.1886  -0.0395  -0.1928  -0.0789  -0.0613
 -0.2759   0.1972  -0.0466  -0.1948  -0.1039  -0.0654
 -0.2717   0.1799  -0.0265  -0.2174  -0.1150  -0.0640
 -0.2884   0.1669  -0.0409  -0.2065  -0.1197  -0.0453
 -0.2976   0.1960  -0.0463  -0.2281  -0.1323  -0.0459
 -0.3102   0.1270  -0.0178  -0.1973  -0.1179  -0.0082
 -0.3262   0.1037  -0.0297  -0.1888  -0.1099   0.0110
