 -0.0384   0.8652   0.1494  -0.2614   0.0067  -0.2866
 -0.0423   0.8222   0.1457  -0.2373  -0.0007  -0.2995
 -0.0438   0.8407   0.1464  -0.2660   0.0014  -0.2662
 -0.0425   0.8361   0.1432  -0.2583   0.0017  -0.3168
 -0.0467   0.8353   0.1432  -0.2588   0.0043  -0.2950
 -0.0372   0.8461   0.1446  -0.2775   0.0068  -0.2906
 -0.0411   0.8250   0.1383  -0.2481   0.0031  -0.3195
 -0.0386   0.8424   0.1411  -0.2686   0.0073  -0.3078
 -0.0361   0.8319   0.1331  -0.2841   0.0095  -0.3223
 -0.0409   0.8059   0.1336  -0.2547   0.0080  -0.2875
 -0.0414   0.8390   0.1486  -0.2835   0.0123  -0.2983
 -0.0437   0.8010   0.1381  -0.2383   0.0112  -0.3068
 -0.0400   0.8571   0.1502  -0.2921   0.0120  -0.2796
 -0.0370   0.8133   0.1456  -0.2117   0.0164  -0.3255
 -0.0334   0.8490   0.1484  -0.2626   0.0195  -0.2620
 -0.0340   0.8062   0.1416  -0.2132   0.0205  -0.3140
 -0.0319   0.8441   0.1469  -0.2645   0.0219  -0.2652
 -0.0322   0.8257   0.1508  -0.2250   0.0233  -0.3042
 -0.0312   0.8342   0.1503  -0.2373   0.0237  -0.2857
 -0.0337   0.8200   0.1543  -0.2018   0.0203  -0.2988
 -0.0269   0.8506   0.1631  -0.2405   0.0224  -0.2675
 -0.0305   0.8239   0.1540  -0.2174   0.0180  -0.3146
 -0.0352   0.8339   0.1549  -0.2294   0.0178  -0.2771
 -0.0339   0.8374   0.1576  -0.2592   0.0194  -0.3011
 -0.0360   0.7985   0.1448  -0.2111   0.0191  -0.2942
 -0.0305   0.8282   0.1483  -0.2489   0.0194  -0.2722
 -0.0324   0.7976   0.1466  -0.2125   0.0218  -0.3210
 -0.0323   0.8029   0.1508  -0.2283   0.0280  -0.2774
 -0.0345   0.7904   0.1454  -0.2356   0.0255  -0.3009
 -0.0378   0.7938   0.1564  -0.2182   0.0255  -0.2984
 -0.0372   0.8228   0.1601  -0.2390   0.0298  -0.2980
 -0.0379   0.7922   0.1481  -0.2025   0.0339  -0.3126
 -0.0458   0.8337   0.1601  -0.2386   0.0336  -0.2796
 -0.0445   0.7966   0.1542  -0.2236   0.0371  -0.3208
 -0.0404   0.7893   0.1600  -0.2204   0.0325  -0.2889
 -0.0453   0.8121   0.1616  -0.2506   0.0335  -0.2858
 -0.0442   0.7891   0.1521  -0.2189   0.0373  -0.3335
 -0.0489   0.8446   0.1647  -0.2467   0.0399  -0.3078
 -0.0463   0.8070   0.1661  -0.2417   0.0522  -0.3082
 -0.0454   0.7408   0.1505  -0.2022   0.0560  -0.2732
 -0.0381   0.7970   0.1657  -0.2484   0.0527  -0.2946
 -0.0410   0.7808   0.1638  -0.2057   0.0485  -0.3280
 -0.0417   0.8115   0.1583  -0.2281   0.0402  -0.2885
 -0.0351   0.8162   0.1600  -0.2193   0.0388  -0.3386
 -0.0358   0.7726   0.1644  -0.1783   0.0522  -0.2709
 -0.0321   0.7876   0.1740  -0.2143   0.0539  -0.2294
 -0.0364   0.7763   0.1605  -0.1886   0.0472  -0.3269
 -0.0375   0.8040   0.1782  -0.2024   0.0483  -0.2874
 -0.0401   0.8114   0.1686  -0.2131   0.0446  -0.3173
 -0.0393   0.8133   0.1720  -0.1893   0.0370  -0.3271
 -0.0216   0.7427   0.1488  -0.1991   0.0386  -0.2698
 -0.0202   0.7169   0.1572  -0.1858   0.0422  -0.2784
 -0.0321   0.7827   0.1673  -0.2184   0.0361  -0.3086
 -0.0446   0.8366   0.1636  -0.2031   0.0279  -0.4349
 -0.0275   0.7578   0.1339  -0.2241   0.0355  -0.2842
 -0.0279   0.6374   0.1293  -0.1617   0.0466  -0.2451
 -0.0300   0.7188   0.1588  -0.1905   0.0406  -0.3009
 -0.0273   0.7465   0.1502  -0.2092   0.0305  -0.3352
 -0.0324   0.8319   0.1653  -0.2932   0.0341  -0.2883
 -0.0373   0.8155   0.1635  -0.2373   0.0293  -0.3835
 -0.0391   0.8258   0.1669  -0.2183   0.0276  -0.3527
 -0.0353   0.8326   0.1615  -0.2499   0.0281  -0.3608
 -0.0188   0.6449   0.1173  -0.1534   0.0397  -0.2925
  0.0080   0.5000   0.1135  -0.1586   0.0383  -0.1687
  0.0062   0.3953   0.0946  -0.0988   0.0437  -0.1727
  0.0128   0.2783   0.0440  -0.1330   0.0083  -0.0839
  0.0015   0.2102   0.0493  -0.0684   0.0234  -0.1114
 -0.0156   0.3445   0.0973  -0.1653   0.0309  -0.1300
 -0.0317   0.3547   0.1002  -0.1513   0.0295  -0.1412
 -0.0328   0.4555   0.1026  -0.2086   0.0212  -0.1663
 -0.0260   0.4251   0.1030  -0.1461   0.0243  -0.2174
 -0.0268   0.4543   0.1109  -0.1544   0.0134  -0.1940
 -0.0346   0.5036   0.1075  -0.1659   0.0049  -0.2514
 -0.0354   0.4909   0.1100  -0.1227   0.0106  -0.2672
 -0.0410   0.5664   0.1208  -0.1687   0.0127  -0.2991
 -0.0436   0.5827   0.1167  -0.1268   0.0169  -0.3915
 -0.0456   0.6350   0.1326  -0.1592   0.0206  -0.3434
 -0.0419   0.5726   0.1194  -0.1385   0.0299  -0.3017
 -0.0159   0.4349   0.1059  -0.1201   0.0447  -0.1147
 -0.0086   0.2953   0.0671  -0.0894   0.0371  -0.0894
 -0.0060   0.2980   0.0839  -0.0971   0.0252  -0.1186
 -0.0306   0.3492   0.1048  -0.1106   0.0286  -0.1629
 -0.0308   0.5113   0.1131  -0.1798   0.0217  -0.2742
 -0.0318   0.4787   0.1093  -0.1610   0.0341  -0.2405
 -0.0089   0.3669   0.1086  -0.1139   0.0479  -0.1190
 -0.0230   0.3467   0.1028  -0.1237   0.0385  -0.1479
 -0.0309   0.3562   0.0927  -0.0815   0.0319  -0.2421
 -0.0379   0.4480   0.1003  -0.1175   0.0287  -0.2231
 -0.0071   0.2622   0.0702  -0.0620   0.0248  -0.0734
  0.0123   0.1385   0.0434  -0.0207   0.0184  -0.0267
 -0.0050   0.1570   0.0650   0.0027   0.0341  -0.0975
 -0.0138   0.2785   0.0742  -0.0518   0.0218  -0.1845
 -0.0257   0.3015   0.0657  -0.0606   0.0126  -0.2261
 -0.0017   0.1721   0.0443  -0.0184   0.0234  -0.0181
  0.0176   0.1058   0.0351  -0.0197   0.0195  -0.0155
  0.0213  -0.0031   0.0147   0.0464   0.0166  -0.0079
  0.0191  -0.0009   0.0080   0.0116   0.0205   0.0452
  0.0170  -0.0713  -0.0076   0.0754   0.0126   0.0031
  0.0135  -0.0335   0.0153   0.0092   0.0149   0.0409
 -0.0025  -0.0147   0.0228   0.0119   0.0125  -0.0455
 -0.0044   0.0059   0.0270  -0.0003   0.0096   0.0081
 -0.0055   0.0229   0.0102  -0.0032   0.0243  -0.0070
  0.0141  -0.0472   0.0026   0.0623   0.0203   0.0201
  0.0139  -0.0496  -0.0038   0.0579   0.0182   0.0514
  0.0256  -0.1063  -0.0101   0.1119   0.0177   0.0393
  0.0126  -0.0621  -0.0034   0.0502   0.0132   0.0197
 -0.0015  -0.0419   0.0028   0.0737   0.0035  -0.0606
 -0.0096   0.0192   0.0124  -0.0025   0.0115   0.0225
 -0.0070  -0.0150   0.0138   0.0438   0.0200  -0.0448
 -0.0013  -0.0102   0.0210   0.0216   0.0237   0.0560
  0.0056  -0.0680   0.0066   0.0695   0.0239   0.0188
  0.0135  -0.0494   0.0110   0.0227   0.0147   0.0732
  0.0043  -0.0798   0.0331   0.0920   0.0379   0.0250
  0.0111  -0.0668   0.0220   0.0433   0.0153   0.0743
  0.0129  -0.1470  -0.0013   0.1128   0.0150   0.0397
  0.0006  -0.1019   0.0203   0.0550   0.0156   0.0366
 -0.0053  -0.1346   0.0121   0.0676   0.0170   0.0764
 -0.0060  -0.0599   0.0138  -0.0203  -0.0019   0.0821
  0.0004  -0.0999   0.0226   0.0526   0.0228   0.0233
  0.0023  -0.0692   0.0320   0.0161   0.0272   0.0900
 -0.0013  -0.1190   0.0121   0.0751   0.0236   0.0362
  0.0017  -0.0916   0.0203   0.0129   0.0115   0.1011
 -0.0112  -0.1376   0.0024   0.0792   0.0073  -0.0195
 -0.0079   0.0261   0.0155  -0.0053  -0.0031  -0.1187
 -0.0046  -0.0664   0.0042   0.0508   0.0171  -0.0052
  0.0034  -0.0851   0.0136   0.0226   0.0153   0.0859
  0.0001  -0.1289   0.0064   0.0863   0.0189   0.0359
 -0.0019  -0.1079   0.0165   0.0543   0.0302   0.0974
 -0.0052  -0.1581  -0.0115   0.1063   0.0152   0.0332
 -0.0063  -0.1479  -0.0053   0.0901   0.0120   0.0761
 -0.0066  -0.1349  -0.0002   0.0521   0.0087   0.0649
  0.0029  -0.1564   0.0028   0.0729   0.0127   0.0761
 -0.0033  -0.1182   0.0033   0.0192   0.0151   0.0608
 -0.0068  -0.1631  -0.0068   0.0769   0.0156   0.0269
 -0.0134  -0.1001  -0.0036   0.0085  -0.0001   0.0552
 -0.0012  -0.1633  -0.0040   0.0790   0.0127   0.0464
  0.0107  -0.1550  -0.0236   0.0442  -0.0069   0.0829
  0.0176  -0.2429  -0.0458   0.1143  -0.0091   0.0906
  0.0151  -0.2425  -0.0598   0.0957  -0.0205   0.1063
  0.0148  -0.2741  -0.0631   0.1008  -0.0232   0.1161
  0.0147  -0.2654  -0.0738   0.0787  -0.0308   0.1153
  0.0174  -0.3184  -0.0645   0.1257  -0.0229   0.1331
  0.0189  -0.3067  -0.0544   0.0861  -0.0112   0.1317
  0.0225  -0.3518  -0.0631   0.1259   0.0056   0.1408
  0.0294  -0.3076  -0.0591   0.0489  -0.0122   0.1548
  0.0287  -0.3569  -0.0777   0.1537  -0.0172   0.1050
  0.0294  -0.3119  -0.0586   0.0831  -0.0313   0.1623
  0.0231  -0.3853  -0.0576   0.1740  -0.0104   0.0961
  0.0060  -0.2551  -0.0187   0.0566   0.0024   0.1589
  0.0114  -0.3125  -0.0426   0.1410   0.0085   0.1085
  0.0214  -0.2767  -0.0310   0.0980   0.0039   0.1520
  0.0205  -0.3437  -0.0413   0.1897  -0.0017   0.1099
  0.0216  -0.2921  -0.0261   0.1030  -0.0066   0.1639
  0.0174  -0.3574  -0.0293   0.1715   0.0029   0.1245
  0.0064  -0.3221  -0.0337   0.1135  -0.0001   0.1481
  0.0158  -0.3522  -0.0359   0.1296   0.0019   0.1681
  0.0141  -0.3116  -0.0374   0.0920  -0.0064   0.1533
  0.0274  -0.3773  -0.0495   0.1689  -0.0044   0.1466
  0.0190  -0.3507  -0.0555   0.1362  -0.0038   0.1606
  0.0214  -0.3991  -0.0594   0.1641  -0.0062   0.1592
  0.0239  -0.3556  -0.0613   0.0873  -0.0155   0.1683
  0.0240  -0.4048  -0.0690   0.1512  -0.0083   0.1398
  0.0202  -0.3639  -0.0627   0.0952  -0.0100   0.1722
  0.0214  -0.4319  -0.0767   0.1669  -0.0122   0.1539
  0.0199  -0.3786  -0.0696   0.0837  -0.0245   0.1936
  0.0246  -0.4349  -0.0843   0.1560  -0.0193   0.1472
  0.0324  -0.3953  -0.0857   0.0746  -0.0293   0.2014
  0.0348  -0.4617  -0.1086   0.1329  -0.0257   0.1637
  0.0353  -0.4423  -0.1062   0.0935  -0.0351   0.2130
  0.0358  -0.4387  -0.1100   0.0984  -0.0250   0.1721
  0.0319  -0.4592  -0.1093   0.1067  -0.0277   0.1616
  0.0276  -0.4526  -0.0992   0.0999  -0.0263   0.1617
  0.0257  -0.4727  -0.0941   0.1533  -0.0095   0.1973
  0.0239  -0.4123  -0.0955   0.1344  -0.0102   0.1937
  0.0306  -0.4502  -0.0916   0.1864  -0.0107   0.1882
  0.0253  -0.4262  -0.1048   0.2015  -0.0265   0.1012
  0.0307  -0.4538  -0.0901   0.1972  -0.0199   0.2215
  0.0300  -0.4470  -0.1017   0.1924  -0.0144   0.1860
  0.0319  -0.4621  -0.0900   0.1918  -0.0174   0.2138
  0.0318  -0.4612  -0.1076   0.1955  -0.0262   0.1464
  0.0270  -0.4779  -0.1026   0.1941  -0.0213   0.1840
  0.0227  -0.4637  -0.1100   0.1357  -0.0184   0.1971
  0.0337  -0.4814  -0.1049   0.1431  -0.0184   0.1830
  0.0273  -0.4416  -0.1033   0.1223  -0.0213   0.1698
  0.0316  -0.5087  -0.1076   0.1977  -0.0132   0.1647
  0.0304  -0.4576  -0.1103   0.1298  -0.0282   0.1983
  0.0365  -0.4964  -0.1025   0.1743  -0.0261   0.1887
  0.0247  -0.4713  -0.1018   0.1480  -0.0183   0.1975
  0.0232  -0.5269  -0.1076   0.1936  -0.0166   0.2036
  0.0229  -0.4605  -0.1060   0.1283  -0.0273   0.2244
  0.0270  -0.5086  -0.1021   0.1715  -0.0254   0.1964
  0.0254  -0.4637  -0.1016   0.1340  -0.0257   0.2064
  0.0299  -0.5175  -0.1003   0.1785  -0.0258   0.2026
  0.0236  -0.4780  -0.1064   0.1361  -0.0215   0.2192
  0.0319  -0.5385  -0.1074   0.1875  -0.0234   0.2128
  0.0226  -0.5010  -0.1118   0.1304  -0.0244   0.2224
  0.0221  -0.5787  -0.1261   0.1746  -0.0159   0.2214
  0.0155  -0.5199  -0.1308   0.0596  -0.0468   0.2332
  0.0252  -0.5651  -0.1209   0.1322  -0.0311   0.1929
  0.0247  -0.4926  -0.1103   0.0751  -0.0366   0.2088
  0.0302  -0.5720  -0.1189   0.1767  -0.0307   0.1833
  0.0275  -0.5145  -0.1175   0.0968  -0.0390   0.2345
  0.0332  -0.5913  -0.1244   0.1688  -0.0314   0.2041
  0.0247  -0.5200  -0.1235   0.0888  -0.0398   0.2459
  0.0283  -0.5635  -0.1227   0.1470  -0.0307   0.2035
  0.0314  -0.5181  -0.1093   0.0773  -0.0393   0.2510
  0.0357  -0.5906  -0.1228   0.1744  -0.0250   0.1993
  0.0273  -0.5298  -0.1247   0.0779  -0.0488   0.2430
  0.0330  -0.5980  -0.1375   0.1474  -0.0355   0.2070
  0.0248  -0.5619  -0.1358   0.0783  -0.0537   0.2546
  0.0305  -0.5850  -0.1406   0.1344  -0.0313   0.2206
  0.0262  -0.5688  -0.1282   0.1342  -0.0140   0.2539
  0.0248  -0.5815  -0.1559   0.1495  -0.0266   0.2098
  0.0262  -0.5350  -0.1369   0.0575  -0.0486   0.2378
  0.0268  -0.6037  -0.1478   0.1517  -0.0395   0.1816
  0.0275  -0.5677  -0.1537   0.1053  -0.0352   0.2418
  0.0282  -0.6035  -0.1384   0.1465  -0.0332   0.2293
  0.0240  -0.5464  -0.1333   0.1160  -0.0365   0.2370
  0.0218  -0.6167  -0.1380   0.2076  -0.0328   0.2137
  0.0201  -0.5558  -0.1403   0.1269  -0.0423   0.2296
  0.0296  -0.6189  -0.1458   0.2072  -0.0356   0.2253
  0.0257  -0.5300  -0.1370   0.1294  -0.0408   0.2399
  0.0325  -0.6054  -0.1445   0.2159  -0.0373   0.2039
  0.0208  -0.5191  -0.1385   0.1603  -0.0476   0.1380
  0.0240  -0.5820  -0.1555   0.2165  -0.0387   0.1627
  0.0157  -0.5567  -0.1672   0.1376  -0.0339   0.2456
  0.0299  -0.5823  -0.1500   0.1628  -0.0364   0.2261
  0.0225  -0.5594  -0.1488   0.1575  -0.0330   0.2161
  0.0263  -0.5960  -0.1428   0.1901  -0.0363   0.2313
  0.0206  -0.5652  -0.1497   0.1615  -0.0368   0.2252
  0.0279  -0.6136  -0.1495   0.1925  -0.0416   0.2323
  0.0232  -0.5634  -0.1442   0.1175  -0.0483   0.2327
  0.0293  -0.6106  -0.1535   0.1782  -0.0481   0.2228
  0.0285  -0.5601  -0.1386   0.1081  -0.0488   0.2369
  0.0313  -0.6188  -0.1469   0.1677  -0.0430   0.2316
  0.0225  -0.5988  -0.1617   0.1209  -0.0389   0.2385
  0.0306  -0.6491  -0.1570   0.1411  -0.0558   0.2515
  0.0297  -0.6087  -0.1658   0.1050  -0.0568   0.2491
  0.0316  -0.6513  -0.1658   0.1495  -0.0543   0.2289
  0.0180  -0.5950  -0.1634   0.0767  -0.0518   0.2616
  0.0346  -0.6620  -0.1674   0.1556  -0.0465   0.2114
  0.0307  -0.5935  -0.1513   0.0383  -0.0700   0.2715
  0.0326  -0.6667  -0.1673   0.1286  -0.0578   0.2217
  0.0358  -0.5939  -0.1551   0.0394  -0.0617   0.2565
  0.0363  -0.6457  -0.1658   0.1318  -0.0528   0.2085
  0.0310  -0.5955  -0.1634   0.0481  -0.0681   0.2601
  0.0326  -0.6509  -0.1657   0.1329  -0.0535   0.2224
  0.0271  -0.6165  -0.1628   0.0556  -0.0611   0.2686
  0.0357  -0.6820  -0.1698   0.1485  -0.0482   0.2223
  0.0340  -0.6141  -0.1579   0.0610  -0.0562   0.2784
  0.0303  -0.6787  -0.1707   0.1431  -0.0536   0.2296
