  0.1524   0.1898  -0.0396  -0.1370   0.0032  -0.1128
  0.1591   0.1780  -0.0500  -0.1245   0.0327  -0.1772
  0.1364   0.1922  -0.0766  -0.1220  -0.0053  -0.0604
  0.1350   0.2021  -0.0764  -0.1550  -0.0181  -0.0791
  0.1443   0.1737  -0.0646  -0.1223   0.0094  -0.1460
  0.1487   0.1686  -0.0656  -0.0887   0.0007  -0.0083
  0.1603   0.1880  -0.0479  -0.1026   0.0196  -0.0260
  0.1731   0.1286  -0.0565  -0.0578   0.0640  -0.0847
  0.1907   0.1325  -0.0364  -0.0425   0.0927  -0.0087
  0.1849   0.1114  -0.0460  -0.0407   0.0957  -0.0351
  0.1852   0.1099  -0.0481  -0.0200   0.0976  -0.0566
  0.1767   0.1161  -0.0636  -0.0105   0.0664   0.0326
  0.1672   0.0975  -0.0543  -0.0147   0.0665   0.0108
  0.1606   0.1219  -0.0505   0.0092   0.0726  -0.0494
  0.1368   0.1093  -0.0374   0.0732   0.0810   0.1119
  0.1308   0.1010  -0.0472   0.0703   0.0789  -0.0222
  0.1246   0.0913  -0.0316   0.0964   0.1046   0.0549
  0.1391   0.1020  -0.0191   0.0866   0.0673   0.1119
  0.1397   0.0930  -0.0183   0.0877   0.0837   0.0471
  0.1344   0.0570  -0.0277   0.1211   0.0832   0.0825
  0.1267   0.0812  -0.0261   0.1014   0.0725   0.1319
  0.1267   0.0840  -0.0197   0.1382   0.0756   0.0507
  0.1310   0.0638  -0.0180   0.1424   0.0983   0.0453
  0.1387   0.0574  -0.0281   0.1436   0.0918   0.1372
  0.1451   0.0594  -0.0305   0.1205   0.0827   0.0771
  0.1361   0.0335  -0.0354   0.1852   0.0905   0.0638
  0.1347   0.0667  -0.0337   0.1609   0.0961   0.1419
  0.1485   0.0434  -0.0625   0.1374   0.0600   0.0865
  0.1289   0.0637  -0.0698   0.1498   0.0463   0.0684
  0.1341   0.0528  -0.0435   0.1306   0.0703   0.1544
  0.1339   0.0262  -0.0291   0.1692   0.0522   0.0588
  0.1377   0.0318  -0.0216   0.2042   0.0682   0.1143
  0.1334   0.0210  -0.0196   0.1943   0.0725   0.1572
  0.1271   0.0198  -0.0175   0.2084   0.0797   0.1015
  0.1022   0.0113  -0.0458   0.1860   0.0419   0.1010
  0.0772  -0.0048  -0.0500   0.2379   0.0174   0.1037
  0.0609   0.0275  -0.0602   0.1900  -0.0017   0.1712
  0.0521   0.0125  -0.0756   0.1772  -0.0640   0.0931
  0.0660  -0.0271  -0.0767   0.2496  -0.0072   0.0787
  0.0802  -0.0360  -0.0605   0.2528   0.0298   0.2195
  0.0772  -0.0176  -0.0526   0.2850   0.0264   0.1218
  0.0674   0.0356  -0.0641   0.2239  -0.0012   0.1647
  0.0524   0.0408  -0.0753   0.1890  -0.0270   0.1317
  0.0526   0.0060  -0.0898   0.2258  -0.0301   0.1040
  0.0506  -0.0390  -0.0759   0.2686  -0.0252   0.1372
  0.0658  -0.0388  -0.0745   0.2860   0.0076   0.1076
  0.0728  -0.0250  -0.0681   0.2681   0.0252   0.2496
  0.0671  -0.0341  -0.0765   0.2458   0.0253   0.1099
  0.0548  -0.0578  -0.0767   0.2994   0.0139   0.2000
  0.0561  -0.0767  -0.0717   0.2955   0.0255   0.2469
  0.0545  -0.0689  -0.0802   0.2773   0.0251   0.1438
  0.0511   0.0074  -0.0856   0.2512   0.0071   0.1370
  0.0494   0.0200  -0.0911   0.1911  -0.0056   0.1560
  0.0395   0.0389  -0.1077   0.1819  -0.0258   0.0700
  0.0557   0.0437  -0.0999   0.1653  -0.0036   0.1704
  0.0434   0.0311  -0.1188   0.1426  -0.0130   0.0034
  0.0596   0.0488  -0.1245  -0.0038  -0.0109   0.1523
  0.0612   0.0455  -0.1020   0.0648   0.0260   0.0355
  0.0459   0.0560  -0.0863   0.0322   0.0321   0.1073
  0.0429   0.0689  -0.1169   0.0969   0.0135   0.0406
  0.0659   0.0616  -0.0940   0.1139   0.0385   0.1697
  0.0672   0.0160  -0.0797   0.1891   0.0671   0.0742
  0.0763   0.0195  -0.0791   0.1855   0.0917   0.2123
  0.0834  -0.0204  -0.0602   0.1833   0.1146   0.1346
  0.0690  -0.0395  -0.1011   0.2454   0.0696   0.2081
  0.0753  -0.0541  -0.0933   0.2427   0.0709   0.2161
  0.0713  -0.0318  -0.0798   0.2057   0.0835   0.1375
  0.0665  -0.0518  -0.0851   0.2511   0.0751   0.1630
  0.0551  -0.0613  -0.0807   0.2362   0.0594   0.2365
  0.0516  -0.0930  -0.0879   0.2499   0.0514   0.1265
  0.0543  -0.1167  -0.0803   0.2856   0.0738   0.1772
  0.0498  -0.1234  -0.0669   0.2755   0.0690   0.2211
  0.0201  -0.0831  -0.1071   0.2319   0.0203   0.1688
  0.0551  -0.1038  -0.1124   0.1949   0.0361   0.1061
  0.0568  -0.0602  -0.1056   0.1931   0.0376   0.1453
  0.0545  -0.0685  -0.1026   0.1446   0.0292   0.1511
  0.0614  -0.0497  -0.1024   0.1228   0.0423   0.0843
  0.0691  -0.0212  -0.1081   0.0927   0.0229   0.0480
  0.0587  -0.0808  -0.1051   0.1633   0.0132   0.1799
  0.0655  -0.0670  -0.0955   0.1570   0.0115   0.1293
  0.0549  -0.0812  -0.1016   0.1758   0.0176   0.1173
  0.0629  -0.1213  -0.1003   0.2439   0.0168   0.1943
  0.0573  -0.1284  -0.0874   0.2475   0.0141   0.2042
  0.0456  -0.1016  -0.0839   0.1739   0.0068   0.1371
  0.0433  -0.0883  -0.0940   0.2087   0.0210   0.1190
  0.0342  -0.0520  -0.1144   0.1768  -0.0219   0.1191
  0.0420  -0.0566  -0.0978   0.1545  -0.0044   0.1292
  0.0578  -0.1348  -0.0678   0.2607   0.0383   0.1264
  0.0576  -0.1295  -0.0771   0.2452   0.0268   0.1704
  0.0653  -0.1435  -0.0574   0.2414   0.0296   0.1996
  0.0681  -0.1640  -0.0512   0.2531   0.0471   0.1623
  0.0671  -0.1712  -0.0596   0.2840   0.0425   0.1644
  0.0701  -0.1552  -0.0670   0.2813   0.0347   0.2422
  0.0644  -0.1754  -0.0561   0.2747   0.0452   0.2037
  0.0703  -0.1531  -0.0624   0.2708   0.0462   0.1877
  0.0774  -0.1182  -0.0514   0.2305   0.0615   0.2407
  0.0774  -0.1093  -0.0567   0.2176   0.0687   0.1311
  0.0872  -0.1358  -0.0455   0.2678   0.0828   0.1613
  0.0774  -0.1151  -0.0555   0.2167   0.0773   0.1970
  0.0735  -0.1291  -0.0500   0.2007   0.0564   0.1660
  0.0214   0.0407   0.0704   0.0197   0.0461   0.0556
  0.0683   0.0489   0.1087  -0.0021   0.1018   0.0987
  0.0665   0.0156   0.0690   0.0363   0.1123  -0.0083
  0.0596   0.0146   0.0315   0.0805   0.0826   0.0755
  0.0556   0.0056  -0.0015   0.0903   0.0265   0.1001
  0.0603  -0.0734  -0.0108   0.1393   0.0385   0.0333
  0.0430  -0.0432   0.0030   0.1690   0.0520   0.1892
  0.0342  -0.0626   0.0033   0.1161   0.0785   0.1172
  0.0426  -0.0815   0.0174   0.1555   0.0941   0.1349
  0.0386  -0.1074   0.0376   0.1716   0.1110   0.2189
 -0.0010  -0.1035   0.0033   0.1500   0.0564   0.1101
  0.0255  -0.1373   0.0062   0.2130   0.0970   0.1137
  0.0474  -0.1378   0.0294   0.1791   0.1370   0.1939
  0.0747  -0.0956   0.0763   0.1552   0.1533   0.1195
  0.0681  -0.1231   0.0569   0.2102   0.1358   0.1816
  0.0609  -0.0880   0.0550   0.1127   0.1135   0.1262
  0.0650  -0.1377   0.0561   0.1898   0.1472   0.0644
  0.0435  -0.0304   0.0564   0.1304   0.1586   0.1202
  0.0434  -0.0146   0.0424   0.0719   0.1116   0.0317
  0.0232  -0.0542   0.0281   0.0943   0.0827   0.0044
  0.0457  -0.0810   0.0349   0.1181   0.0930   0.0896
  0.0533  -0.1110   0.0464   0.1443   0.1371   0.1081
  0.0586  -0.1433   0.0399   0.1817   0.1488   0.1169
  0.0485  -0.1658   0.0334   0.2155   0.1316   0.1680
  0.0435  -0.1411   0.0475   0.1515   0.1646   0.1535
  0.0489  -0.1187   0.0409   0.1732   0.1408   0.0724
  0.0563  -0.1519   0.0609   0.1928   0.1456   0.1870
  0.0389  -0.1295   0.0563   0.1745   0.1530   0.1270
  0.0417  -0.1596   0.0308   0.2277   0.1311   0.0721
  0.0608  -0.1550   0.0317   0.2082   0.1507   0.1570
  0.0576  -0.1473   0.0578   0.1984   0.1755   0.1108
  0.0617  -0.1415   0.0452   0.2052   0.1830   0.1057
  0.0631  -0.1674   0.0569   0.2426   0.1838   0.1496
  0.0643  -0.1722   0.0714   0.2573   0.1888   0.1547
  0.0408  -0.1417   0.0673   0.1961   0.1140   0.1008
  0.0681  -0.1591   0.0672   0.2127   0.1578   0.0903
  0.0686  -0.1696   0.0844   0.2125   0.1497   0.1424
  0.0623  -0.1509   0.0758   0.1836   0.1346   0.1071
  0.0656  -0.1776   0.0773   0.2026   0.1309   0.0934
  0.0793  -0.1824   0.0768   0.2128   0.1341   0.1986
  0.0755  -0.2213   0.1379   0.2631   0.1517   0.1769
  0.0847  -0.2394   0.1419   0.2786   0.1703   0.1829
  0.0680  -0.2508   0.1109   0.3057   0.1523   0.1758
  0.0722  -0.2363   0.1040   0.2842   0.1712   0.2009
  0.0720  -0.1980   0.1208   0.2310   0.1891   0.1890
  0.0640  -0.1919   0.1184   0.1887   0.1715   0.1175
  0.0586  -0.1987   0.0950   0.2152   0.1614   0.1282
  0.0515  -0.1914   0.0921   0.2066   0.1419   0.2146
  0.0699  -0.2264   0.0978   0.2172   0.1626   0.0988
  0.0630  -0.2371   0.1220   0.2463   0.1696   0.2141
  0.0651  -0.2009   0.1134   0.2104   0.1402   0.1829
  0.0546  -0.1881   0.0980   0.2074   0.1300   0.1144
  0.0298  -0.0857   0.0672   0.1207   0.1049   0.0427
  0.0344  -0.1130   0.0764   0.1489   0.1168   0.0935
  0.0314  -0.1302   0.0594   0.1559   0.1152   0.1015
  0.0479  -0.1574   0.0932   0.1321   0.1045   0.0802
  0.0338  -0.1683   0.0826   0.1641   0.0672   0.1243
  0.0463  -0.1432   0.0858   0.1225   0.0453   0.1383
  0.0203  -0.1546   0.0783   0.1168   0.0171   0.0403
 -0.0165  -0.0969   0.0687   0.0928  -0.0033   0.0388
 -0.0138  -0.0701   0.0769   0.0193  -0.0123   0.0805
  0.0010  -0.1051   0.0845   0.0351   0.0023  -0.0203
 -0.0208  -0.0960   0.0628   0.0723  -0.0272   0.0222
 -0.0304  -0.0617   0.0496   0.0267  -0.0470   0.0267
 -0.0541  -0.0120   0.0147  -0.0386  -0.0882  -0.0408
 -0.0611  -0.0249   0.0085   0.0037  -0.1162  -0.0472
 -0.0783   0.0356   0.0138  -0.0703  -0.1321  -0.0547
 -0.0444   0.0277   0.0317  -0.0835  -0.1052  -0.0539
 -0.0620  -0.0585   0.0495   0.0179  -0.1070  -0.1214
 -0.0505  -0.0345   0.0424  -0.0123  -0.0932   0.0210
 -0.0947  -0.0309   0.0187  -0.0360  -0.1566  -0.0366
 -0.1241  -0.0105  -0.0083  -0.0715  -0.1883  -0.1029
 -0.1381   0.0244  -0.0154  -0.0793  -0.2050  -0.0586
 -0.1003   0.0204   0.0165  -0.1076  -0.1535  -0.0370
 -0.1037   0.0266   0.0076  -0.1136  -0.1663  -0.1249
 -0.1045   0.0152   0.0051  -0.0821  -0.1695  -0.1042
 -0.0958   0.0020   0.0096  -0.0598  -0.1815  -0.0406
 -0.0954  -0.0078   0.0160  -0.0602  -0.1660  -0.0711
 -0.0875   0.0191  -0.0102  -0.1128  -0.1669  -0.1500
 -0.0654   0.0212   0.0181  -0.0931  -0.1137  -0.0565
 -0.0803   0.0396   0.0467  -0.2534  -0.1349  -0.1461
 -0.0613   0.0923   0.0448  -0.2367  -0.1181  -0.0714
 -0.0758   0.0723   0.0577  -0.2351  -0.0889  -0.1818
 -0.0849   0.0966   0.0616  -0.1967  -0.1120  -0.2127
 -0.1049   0.3937   0.0344  -0.4447  -0.1507  -0.2630
 -0.1202   0.2621   0.0408  -0.3858  -0.1480  -0.3345
 -0.0980   0.2000   0.0602  -0.2641  -0.1186  -0.2437
 -0.0846   0.1868   0.0836  -0.2619  -0.0637  -0.1194
 -0.0933   0.2094   0.0703  -0.2913  -0.0828  -0.2243
 -0.0937   0.1882   0.0663  -0.2606  -0.0972  -0.2218
 -0.1109   0.1555   0.0679  -0.2314  -0.1106  -0.2368
 -0.1084   0.1577   0.0579  -0.3211  -0.1151  -0.1802
 -0.0915   0.0739   0.0793  -0.2245  -0.0715  -0.2062
 -0.0958   0.1106   0.0714  -0.2552  -0.0785  -0.1374
 -0.1003   0.0616   0.1156  -0.1894  -0.0571  -0.1488
 -0.1122   0.0947   0.0707  -0.2292  -0.0849  -0.2539
 -0.1241   0.0999   0.0489  -0.2501  -0.0723  -0.1013
 -0.1320   0.0678   0.0749  -0.1969  -0.0701  -0.1496
 -0.1359   0.0472   0.0716  -0.1909  -0.0952  -0.1831
 -0.1444   0.0966   0.0401  -0.1958  -0.1022  -0.1251
 -0.1427   0.1398   0.0354  -0.2722  -0.0923  -0.1347
 -0.1593   0.1002   0.0503  -0.2286  -0.1197  -0.2391
 -0.1391   0.0808   0.0551  -0.1852  -0.1028  -0.1892
 -0.1299   0.0799   0.0705  -0.2036  -0.0897  -0.1245
 -0.1312   0.0535   0.0635  -0.1792  -0.0989  -0.1601
 -0.1370   0.0518   0.0608  -0.1403  -0.0922  -0.1421
 -0.1518   0.0696   0.0809  -0.1680  -0.0856  -0.0829
 -0.1534   0.0641   0.0691  -0.1789  -0.1033  -0.1237
 -0.1573   0.0710   0.0641  -0.1902  -0.1106  -0.1962
 -0.1554   0.0824   0.0673  -0.1956  -0.0979  -0.1406
 -0.1556   0.0583   0.0855  -0.1817  -0.0672  -0.1128
 -0.1576   0.0745   0.0914  -0.1981  -0.0958  -0.1652
 -0.1558   0.0565   0.0818  -0.1661  -0.1177  -0.1491
 -0.1555   0.0334   0.0739  -0.1463  -0.1205  -0.1400
 -0.1666   0.0423   0.0703  -0.1951  -0.1113  -0.0986
 -0.1775   0.0263   0.0655  -0.2002  -0.1195  -0.1644
 -0.1876   0.0187   0.0470  -0.1596  -0.1447  -0.1398
 -0.1871   0.0526   0.0428  -0.1893  -0.1406  -0.0737
 -0.1734   0.0665   0.0385  -0.2252  -0.1330  -0.1508
 -0.1674   0.0228   0.0192  -0.1569  -0.1308  -0.1547
 -0.1644   0.0327   0.0496  -0.2391  -0.1474  -0.0889
 -0.1242  -0.4298   0.0920  -0.0050  -0.1159   0.1747
  0.0071  -0.7309   0.2223  -0.0565   0.0326   0.2465
 -0.1177  -0.4503   0.1822  -0.1147  -0.0252   0.0865
 -0.1430   0.0469   0.1578  -0.5414  -0.0265  -0.1885
 -0.1847   0.5329   0.1181  -0.8399   0.0256  -0.3544
 -0.1550   0.2425   0.0198  -0.6068  -0.0751  -0.4601
 -0.1536   0.2599  -0.0407  -0.6667  -0.1583  -0.3775
 -0.1866   0.2571  -0.0321  -0.6737  -0.1511  -0.4693
 -0.2113   0.1965  -0.0025  -0.5551  -0.1967  -0.3522
 -0.2041   0.2107  -0.0136  -0.5289  -0.1322  -0.3255
 -0.2095   0.2346  -0.0256  -0.6077  -0.1619  -0.4512
 -0.2166   0.2011  -0.0386  -0.5409  -0.1822  -0.3682
 -0.2041   0.2529  -0.0290  -0.5838  -0.1803  -0.3937
 -0.2159   0.2603  -0.0265  -0.6242  -0.2003  -0.4658
 -0.2284   0.2385  -0.0144  -0.5761  -0.1986  -0.4478
 -0.2310   0.2269  -0.0122  -0.5803  -0.1917  -0.3869
 -0.2375   0.2823   0.0276  -0.6290  -0.2105  -0.4563
 -0.2378   0.2408   0.0159  -0.6214  -0.2096  -0.4882
 -0.2359   0.2388  -0.0195  -0.5925  -0.2095  -0.4297
 -0.2253   0.2859  -0.0381  -0.6775  -0.2040  -0.4216
 -0.2322   0.2533  -0.0493  -0.6358  -0.2342  -0.5363
 -0.2327   0.2493  -0.0471  -0.5940  -0.2176  -0.3949
 -0.2357   0.3037  -0.0580  -0.6832  -0.2200  -0.4453
 -0.2569   0.2560  -0.0383  -0.6256  -0.2082  -0.5327
 -0.2550   0.3103  -0.0562  -0.6291  -0.2098  -0.4255
 -0.2518   0.2886  -0.0710  -0.6454  -0.2095  -0.4835
 -0.2551   0.2849  -0.0468  -0.6519  -0.2253  -0.5278
 -0.2398   0.2638  -0.0616  -0.6334  -0.2316  -0.4640
 -0.2386   0.2762  -0.0810  -0.7334  -0.2630  -0.4431
 -0.2485   0.2337  -0.0746  -0.6669  -0.2573  -0.5558
