  0.1160  -0.1840  -0.2385   0.0757  -0.0261   0.1384
  0.2635  -0.5262  -0.1231   0.2064   0.0960   0.1437
  0.2217  -0.4457  -0.1492   0.1815   0.0500   0.1630
  0.2374  -0.4417  -0.1558   0.2040   0.0676   0.1490
  0.2094  -0.3943  -0.1736   0.1181   0.0511   0.1548
  0.2187  -0.3612  -0.1555   0.1225   0.0531   0.1674
  0.1920  -0.3516  -0.1557   0.1093   0.0565   0.1328
  0.1739  -0.2761  -0.1432   0.0675   0.0496   0.1407
  0.1604  -0.2449  -0.1634   0.0288   0.0337   0.1501
  0.1353  -0.2541  -0.1783   0.0683   0.0052   0.1556
  0.1288  -0.2572  -0.1708   0.0458   0.0005   0.1297
  0.1250  -0.2199  -0.1652   0.0853  -0.0008   0.1529
  0.0989  -0.2075  -0.1920   0.0577  -0.0000   0.1115
  0.0944  -0.1981  -0.1966   0.0262  -0.0088   0.1610
  0.0888  -0.2178  -0.1816   0.0476  -0.0053   0.1552
  0.0480  -0.2446  -0.1870   0.0334  -0.0264   0.1679
  0.0385  -0.1474  -0.1930   0.0138  -0.0248   0.1939
  0.0310  -0.1600  -0.2006  -0.0276  -0.0277   0.1707
  0.0473  -0.1070  -0.2006  -0.0056  -0.0252   0.1866
  0.0372  -0.0602  -0.2367  -0.0070  -0.0346   0.1239
  0.0026   0.0034  -0.2620   0.0018  -0.0565   0.1213
  0.0012   0.0058  -0.2649  -0.0035  -0.0504   0.1250
 -0.0266  -0.0180  -0.2660  -0.0066  -0.0717   0.1126
 -0.0305   0.0202  -0.2813   0.0144  -0.0855   0.1012
 -0.0409   0.0476  -0.2787  -0.0127  -0.0962   0.0802
 -0.0491   0.0538  -0.2708  -0.0185  -0.1161   0.0887
 -0.0606   0.0672  -0.2770  -0.0288  -0.1232   0.0822
 -0.0606   0.0700  -0.2559  -0.0343  -0.1285   0.0879
 -0.0658   0.1036  -0.2855  -0.0488  -0.1497   0.0947
 -0.0660   0.1050  -0.2857  -0.0334  -0.1400   0.0887
 -0.0538   0.0745  -0.2563  -0.0459  -0.1164   0.0877
 -0.0087   0.0944  -0.2478  -0.0359  -0.0800   0.1052
 -0.0385   0.0497  -0.2613  -0.0532  -0.1386   0.0736
 -0.0488   0.0283  -0.2290  -0.0169  -0.1188   0.0946
 -0.0357   0.0399  -0.2419  -0.0211  -0.1343   0.0786
 -0.0224   0.0111  -0.2316  -0.0260  -0.1281   0.0658
 -0.0114   0.0485  -0.1952  -0.0253  -0.1140   0.1118
 -0.0011   0.0231  -0.2285  -0.0298  -0.0755   0.0801
 -0.0235   0.0562  -0.2540  -0.0444  -0.0891   0.0838
 -0.0266   0.0846  -0.2468  -0.0587  -0.0858   0.0941
 -0.0260   0.0451  -0.2407  -0.0795  -0.0893   0.0780
 -0.0126   0.0878  -0.2253  -0.0560  -0.0700   0.0978
 -0.0038   0.0947  -0.2220  -0.0672  -0.0651   0.0654
  0.0143   0.0863  -0.1959  -0.0728  -0.0529   0.0564
  0.0143   0.1388  -0.2098  -0.0763  -0.0508   0.0861
 -0.0003   0.1517  -0.2243  -0.0953  -0.0506   0.0620
 -0.0034   0.1469  -0.2237  -0.1011  -0.0627   0.0762
 -0.0029   0.1748  -0.2077  -0.0506  -0.0489   0.0575
 -0.0082   0.1537  -0.2049  -0.0783  -0.0577   0.0292
 -0.0015   0.1615  -0.2078  -0.0697  -0.0564   0.0584
 -0.0068   0.1390  -0.1958  -0.0988  -0.0542   0.0494
 -0.0078   0.1214  -0.1917  -0.0715  -0.0439   0.0569
 -0.0101   0.1186  -0.1813  -0.1002  -0.0516   0.0399
 -0.0250   0.1432  -0.1894  -0.0986  -0.0499   0.0765
 -0.0347   0.1161  -0.1921  -0.1190  -0.0546   0.0399
 -0.0212   0.1441  -0.1840  -0.0893  -0.0479   0.0709
 -0.0306   0.1467  -0.1869  -0.0973  -0.0519   0.0376
 -0.0398   0.1475  -0.1777  -0.0894  -0.0637   0.0382
 -0.0404   0.1724  -0.1771  -0.1107  -0.0604   0.0320
 -0.0411   0.1532  -0.1802  -0.1190  -0.0579   0.0544
 -0.0489   0.1415  -0.1806  -0.1222  -0.0654   0.0615
 -0.0487   0.1379  -0.1678  -0.1078  -0.0633   0.0496
 -0.0451   0.1335  -0.1432  -0.1181  -0.0542   0.0435
 -0.0502   0.1353  -0.1408  -0.1009  -0.0512   0.0556
 -0.0467   0.1455  -0.1409  -0.1180  -0.0523   0.0447
 -0.0531   0.1367  -0.1436  -0.1244  -0.0466   0.0577
 -0.0601   0.1751  -0.1519  -0.1155  -0.0415   0.0484
 -0.0636   0.1414  -0.1429  -0.1176  -0.0588   0.0256
 -0.0594   0.1829  -0.1474  -0.1012  -0.0574   0.0449
 -0.0695   0.1713  -0.1342  -0.1254  -0.0714   0.0210
 -0.0764   0.1996  -0.1181  -0.1065  -0.0742   0.0508
 -0.0631   0.1536  -0.1231  -0.0856  -0.0654   0.0012
 -0.0803   0.1833  -0.1040  -0.1362  -0.0529   0.0461
 -0.1113   0.2260  -0.1155  -0.1580  -0.0735   0.0608
 -0.0988   0.2640  -0.1291  -0.1440  -0.0787   0.0352
 -0.1049   0.3124  -0.1252  -0.1596  -0.0766   0.0235
 -0.1107   0.3086  -0.1108  -0.1740  -0.0865   0.0176
 -0.1123   0.3133  -0.1004  -0.1551  -0.0894   0.0091
 -0.1155   0.3258  -0.0942  -0.1752  -0.0912   0.0093
 -0.1080   0.3690  -0.1014  -0.1780  -0.0951   0.0132
 -0.1231   0.3534  -0.0977  -0.1970  -0.0938   0.0005
 -0.1257   0.3915  -0.1131  -0.2064  -0.0943  -0.0024
 -0.1297   0.3775  -0.1123  -0.2279  -0.0974  -0.0024
 -0.1329   0.4035  -0.1006  -0.1799  -0.1032  -0.0001
 -0.1300   0.3999  -0.1028  -0.2023  -0.0976  -0.0197
 -0.1258   0.3898  -0.0926  -0.1935  -0.0882  -0.0075
 -0.1328   0.3781  -0.0845  -0.1649  -0.0882  -0.0223
 -0.1309   0.4130  -0.0922  -0.2000  -0.1028  -0.0238
 -0.1284   0.4425  -0.0904  -0.1871  -0.0952  -0.0111
 -0.1420   0.4302  -0.0942  -0.1847  -0.0955  -0.0412
 -0.1448   0.4082  -0.0952  -0.1987  -0.0954  -0.0408
 -0.1339   0.4270  -0.0884  -0.1694  -0.0990  -0.0317
 -0.1392   0.4305  -0.0887  -0.1815  -0.0869  -0.0439
 -0.1418   0.4047  -0.0881  -0.1882  -0.0965  -0.0388
 -0.1489   0.4412  -0.0776  -0.1695  -0.0794  -0.0453
 -0.1520   0.3816  -0.0634  -0.1852  -0.0810  -0.0710
 -0.1449   0.4028  -0.0668  -0.1588  -0.0819  -0.0462
 -0.1440   0.3992  -0.0667  -0.1737  -0.0897  -0.0636
 -0.1434   0.3965  -0.0646  -0.1712  -0.0869  -0.0544
 -0.1595   0.4305  -0.0704  -0.1493  -0.0893  -0.0723
 -0.1417   0.4028  -0.0713  -0.1374  -0.0981  -0.0881
 -0.1366   0.4195  -0.0557  -0.1041  -0.0908  -0.0754
 -0.1409   0.4219  -0.0608  -0.1235  -0.0851  -0.0853
 -0.1416   0.4077  -0.0543  -0.1240  -0.0892  -0.0737
 -0.1417   0.4426  -0.0606  -0.1446  -0.0865  -0.0865
 -0.1322   0.3831  -0.0572  -0.1581  -0.0912  -0.0951
 -0.1152   0.3595  -0.0350  -0.1166  -0.0639  -0.0617
 -0.1055   0.2944  -0.0061  -0.1017  -0.0591  -0.0933
 -0.1136   0.2155   0.0097  -0.0963  -0.0346  -0.0611
 -0.1056   0.2141   0.0145  -0.1317  -0.0165  -0.0605
 -0.0861   0.1544   0.0512  -0.0609  -0.0190  -0.0772
 -0.1075   0.1359   0.0262  -0.1025  -0.0178  -0.0439
 -0.0873   0.0503   0.0405  -0.1230  -0.0149  -0.0227
 -0.0090   0.0190   0.1159  -0.0152   0.0228  -0.0472
 -0.0045  -0.0454   0.1302   0.0077   0.0186  -0.0790
 -0.0099  -0.0325   0.1381   0.0532   0.0108  -0.0466
 -0.0049  -0.0712   0.1473   0.0404   0.0136  -0.0613
  0.0104  -0.0718   0.1575   0.0397   0.0322  -0.0492
  0.0157  -0.0522   0.1476  -0.0215   0.0334   0.0010
  0.0254  -0.0358   0.1456  -0.0393   0.0320  -0.0132
  0.0208  -0.0532   0.1280  -0.0286   0.0276  -0.0100
  0.0095  -0.0320   0.1372   0.0140   0.0252  -0.0015
  0.0090  -0.0545   0.1310   0.0316   0.0282  -0.0583
  0.0140  -0.0515   0.1455   0.0510   0.0194  -0.0200
 -0.0003  -0.0425   0.1287   0.0284   0.0232  -0.0577
  0.0065  -0.0423   0.1413   0.0235   0.0188  -0.0416
  0.0062  -0.0417   0.1316  -0.0007   0.0256  -0.0529
  0.0177  -0.0429   0.1482  -0.0014   0.0453  -0.0432
  0.0181  -0.0414   0.1474   0.0021   0.0417  -0.0429
  0.0093  -0.0484   0.1510   0.0002   0.0364  -0.0379
  0.0078  -0.0587   0.1560   0.0176   0.0227  -0.0656
  0.0004  -0.0391   0.1574   0.0246   0.0244  -0.0527
  0.0113  -0.0612   0.1683   0.0251   0.0184  -0.0841
  0.0160  -0.0539   0.1710   0.0388   0.0374  -0.0656
  0.0202  -0.0488   0.1685   0.0215   0.0497  -0.0806
  0.0266  -0.0753   0.1822   0.0186   0.0554  -0.0577
  0.0091  -0.0614   0.1737   0.0548   0.0461  -0.0869
  0.0230  -0.1075   0.2007   0.0690   0.0501  -0.0828
  0.0315  -0.1139   0.2206   0.0571   0.0713  -0.0673
  0.0309  -0.1848   0.2575   0.0458   0.0706  -0.0883
  0.0417  -0.2249   0.2893   0.2165   0.0705  -0.1160
  0.0413  -0.2243   0.2646   0.1165   0.0737  -0.1016
  0.0400  -0.1825   0.2498   0.1019   0.0832  -0.0698
  0.0462  -0.1845   0.2428   0.1438   0.0831  -0.0840
  0.0576  -0.1951   0.2529   0.1673   0.0948  -0.1073
  0.0636  -0.2342   0.2699   0.1667   0.0980  -0.1263
  0.0634  -0.2167   0.2809   0.2219   0.0871  -0.1091
  0.0753  -0.2175   0.2977   0.2149   0.1077  -0.1453
  0.1159  -0.2804   0.3238   0.2038   0.1303  -0.1344
  0.0886  -0.2745   0.3185   0.2230   0.1257  -0.1189
  0.0891  -0.2883   0.3303   0.2050   0.1299  -0.1322
  0.0887  -0.2836   0.3206   0.1843   0.1338  -0.0945
  0.0872  -0.2831   0.3500   0.2337   0.1426  -0.1150
  0.0760  -0.2966   0.3205   0.1777   0.1322  -0.1270
  0.1043  -0.3207   0.3425   0.1838   0.1443  -0.0983
  0.0785  -0.3115   0.3158   0.1267   0.1658  -0.0571
  0.0781  -0.3728   0.3290   0.1065   0.1660  -0.0556
  0.1126  -0.3796   0.3746   0.2461   0.1700  -0.0953
  0.1130  -0.3671   0.3792   0.2274   0.1798  -0.0782
  0.1323  -0.4079   0.4031   0.2538   0.1849  -0.1229
  0.1145  -0.4019   0.3991   0.2970   0.1838  -0.1182
  0.1155  -0.3849   0.3804   0.2430   0.1913  -0.0964
  0.1262  -0.3705   0.3959   0.2541   0.2037  -0.1072
  0.1311  -0.4049   0.3784   0.2313   0.2019  -0.1022
  0.1254  -0.4525   0.3934   0.2361   0.2192  -0.0763
  0.1311  -0.4457   0.3996   0.2540   0.2223  -0.0635
  0.1141  -0.4529   0.4032   0.2151   0.2497  -0.0485
  0.1204  -0.4917   0.4061   0.2324   0.2264  -0.0878
  0.1124  -0.5784   0.4842   0.3657   0.1566  -0.1297
  0.1533  -0.5817   0.5177   0.3574   0.2108  -0.1062
  0.1930  -0.5600   0.5252   0.3256   0.2433  -0.0849
  0.1900  -0.5769   0.5256   0.3212   0.2535  -0.0884
  0.1812  -0.5555   0.5144   0.3116   0.2570  -0.1124
  0.1886  -0.6031   0.5225   0.3296   0.2619  -0.1128
  0.2593  -0.6311   0.5684   0.3013   0.2862  -0.1001
  0.2683  -0.7032   0.5991   0.3737   0.3091  -0.0824
