  0.2143  -0.7844   0.1976   0.0976   0.2620   0.4578
  0.3156  -1.4411   0.1511   0.2880   0.3509   0.8350
  0.3094  -1.3171   0.1599   0.2770   0.3370   0.7588
  0.3155  -1.4504   0.1548   0.3263   0.3346   0.8185
  0.3086  -1.4462   0.1532   0.2964   0.3213   0.8107
  0.3007  -1.4746   0.1385   0.2841   0.3241   0.7961
  0.2879  -1.5234   0.1415   0.2393   0.2980   0.7835
  0.3020  -1.5657   0.1518   0.3142   0.3061   0.8179
  0.3017  -1.5993   0.1510   0.2583   0.2906   0.8398
  0.2964  -1.6409   0.1742   0.3271   0.2958   0.8627
  0.2970  -1.6173   0.1799   0.3265   0.2886   0.8368
  0.2950  -1.7053   0.1930   0.3533   0.2864   0.8646
  0.3043  -1.8518   0.1953   0.3272   0.2885   0.9189
  0.2773  -2.0065   0.2311   0.4040   0.2821   0.9583
  0.2945  -1.9097   0.2193   0.3916   0.2830   0.9334
  0.2961  -1.9474   0.2356   0.4084   0.3004   0.9626
  0.3071  -1.9156   0.2311   0.3798   0.2970   0.9459
  0.2721  -1.8608   0.2691   0.3387   0.2838   0.9411
  0.2693  -1.1061   0.2552   0.1234   0.3420   0.9466
  0.3437  -0.6812   0.2974   0.3563   0.4671   0.9288
  0.4036  -0.7602   0.2262   0.1363   0.4079   0.8330
  0.3881  -0.1331   0.2287  -0.0882   0.4380   0.9177
  0.1596   0.3377   0.0555  -0.5318   0.2762   1.2553
  0.0497   0.0993  -0.0500  -0.5701   0.1718   1.1908
  0.2028   0.1902   0.0996  -0.4740   0.3856   0.5712
  0.1358   2.0148   0.0629   0.0200   0.5636  -0.0751
  0.4204   0.5118   0.2256   0.5210   0.5200  -0.1506
 -0.1367  -0.0666   0.2615  -0.0199   0.1051   0.0913
 -0.2861   0.7075   0.0330  -0.0981  -0.0377   0.0074
 -0.0184   0.6296   0.1496  -0.1482   0.0716  -0.1271
 -0.0142   0.6347   0.0998  -0.1084   0.0636  -0.0523
  0.0412   0.5702   0.0902  -0.3098   0.0475  -0.0667
 -0.0645   0.5937   0.1269  -0.2483   0.0016  -0.0892
  0.0195   0.6516   0.0794  -0.3375   0.0373  -0.1182
 -0.0067   0.6611   0.1555  -0.2789   0.0635  -0.1365
 -0.0060   0.5323   0.1607  -0.2571   0.0340  -0.1122
 -0.0149   0.5324   0.1752  -0.2772   0.0292  -0.1304
 -0.0132   0.4377   0.1506  -0.3145  -0.0028  -0.0970
 -0.0469   0.5331   0.1460  -0.3299  -0.0230  -0.1157
 -0.0217   0.4995   0.1372  -0.3700  -0.0107  -0.1079
 -0.0288   0.5622   0.1185  -0.3225  -0.0116  -0.1749
 -0.0281   0.6010   0.1407  -0.2976  -0.0018  -0.2355
  0.0115   0.5484   0.1767  -0.1801   0.0457  -0.2577
  0.0425   0.4367   0.1775  -0.1883   0.0809  -0.2228
  0.0024   0.4615   0.1714  -0.1550   0.0513  -0.2445
  0.0211   0.4824   0.1831  -0.1803   0.0667  -0.2896
  0.0108   0.4595   0.1905  -0.1292   0.0601  -0.2442
  0.0160   0.4518   0.1881  -0.1264   0.0607  -0.2408
  0.0096   0.4617   0.1953  -0.1056   0.0652  -0.2243
  0.0214   0.4009   0.1861  -0.1813   0.0680  -0.2090
  0.0276   0.4519   0.1941  -0.1429   0.0806  -0.2640
  0.0211   0.4076   0.1847  -0.1615   0.0652  -0.2274
  0.0204   0.4638   0.2002  -0.1369   0.0579  -0.2515
 -0.0005   0.4391   0.1938  -0.1330   0.0433  -0.2473
 -0.0058   0.4359   0.1950  -0.1635   0.0455  -0.2294
  0.0015   0.4745   0.1866  -0.1406   0.0431  -0.2806
 -0.0145   0.4740   0.1772  -0.1563   0.0196  -0.2648
 -0.0001   0.4503   0.1753  -0.1598   0.0324  -0.2568
  0.0197   0.3802   0.1904  -0.0991   0.0595  -0.2335
  0.0309   0.3669   0.1822  -0.0919   0.0654  -0.2489
  0.0250   0.3752   0.1569  -0.1032   0.0389  -0.2459
  0.0656   0.3967   0.0759  -0.1901   0.0577  -0.1837
  0.0100   0.4088   0.1227  -0.2185   0.0034  -0.0733
 -0.0550   0.4050   0.1216  -0.2692  -0.0260  -0.0658
 -0.0394   0.3973   0.0950  -0.2212   0.0227  -0.1713
 -0.0056   0.3727   0.1141  -0.2165   0.0380  -0.2114
 -0.0323   0.4178   0.1099  -0.1996   0.0123  -0.2259
 -0.0418   0.3807   0.0946  -0.1477  -0.0160  -0.2215
 -0.0385   0.3559   0.1008  -0.0922  -0.0092  -0.2014
 -0.0449   0.3075   0.0933  -0.0820  -0.0305  -0.1887
 -0.0570   0.2927   0.0893  -0.0782  -0.0472  -0.1993
 -0.0636   0.2632   0.0979  -0.0693  -0.0570  -0.1992
 -0.0689   0.2629   0.0972  -0.0610  -0.0725  -0.2021
 -0.0689   0.2528   0.0825  -0.0699  -0.0637  -0.2068
 -0.0804   0.2676   0.0890  -0.0644  -0.0741  -0.2087
 -0.0714   0.2481   0.0822  -0.0501  -0.0748  -0.2041
 -0.0829   0.2156   0.0828  -0.0398  -0.0775  -0.1863
 -0.0705   0.2034   0.0747  -0.0373  -0.0766  -0.1913
 -0.0635   0.1495   0.0798  -0.0317  -0.0702  -0.1926
 -0.0624   0.1188   0.0670  -0.0246  -0.0827  -0.1931
 -0.0786   0.0974   0.0603  -0.0299  -0.1107  -0.1618
 -0.0602   0.0627   0.0674   0.0160  -0.1104  -0.1667
 -0.0580   0.0395   0.0743   0.0153  -0.0985  -0.1528
 -0.0519   0.0049   0.0675   0.0389  -0.1107  -0.1517
 -0.0378   0.0031   0.0683   0.0255  -0.0852  -0.1508
 -0.0519  -0.0207   0.0550   0.0365  -0.1123  -0.1561
 -0.0422  -0.0112   0.0556   0.0318  -0.0994  -0.1621
 -0.0484  -0.0762   0.0445   0.0400  -0.0967  -0.1561
 -0.0589  -0.0656   0.0309   0.0152  -0.0966  -0.1284
 -0.0404  -0.0779   0.0369   0.0494  -0.0838  -0.1489
 -0.0481  -0.0888   0.0347   0.0248  -0.0864  -0.1421
 -0.0281  -0.0727   0.0503   0.0179  -0.0779  -0.1566
 -0.0387  -0.0821   0.0549   0.0374  -0.0829  -0.1194
 -0.0356  -0.1057   0.0464   0.0717  -0.0783  -0.1224
 -0.0345  -0.1014   0.0474   0.0778  -0.0737  -0.1217
 -0.0327  -0.1217   0.0452   0.0786  -0.0864  -0.1264
 -0.0481  -0.1180   0.0349   0.0721  -0.0979  -0.1162
 -0.0345  -0.1344   0.0355   0.0714  -0.0895  -0.1273
 -0.0268  -0.1680   0.0502   0.0743  -0.0582  -0.1175
 -0.0062  -0.1478   0.0308   0.0408  -0.0466  -0.1245
 -0.0490  -0.1614   0.0249   0.0497  -0.0886  -0.1190
 -0.0236  -0.1545   0.0147   0.0604  -0.0779  -0.1410
 -0.0525  -0.1901   0.0156   0.0422  -0.0962  -0.1074
 -0.0431  -0.1976   0.0097   0.0658  -0.0975  -0.1197
 -0.0493  -0.1881   0.0097   0.0637  -0.1087  -0.1185
 -0.0302  -0.2132   0.0204   0.0802  -0.0751  -0.1386
 -0.0342  -0.2423   0.0222   0.0838  -0.0762  -0.1063
 -0.0308  -0.2078   0.0190   0.0787  -0.0922  -0.1182
 -0.0540  -0.2303   0.0062   0.0517  -0.0998  -0.0848
 -0.0416  -0.2002   0.0025   0.0264  -0.0969  -0.1098
 -0.0569  -0.1728  -0.0035   0.0268  -0.1041  -0.1256
 -0.0549  -0.1997  -0.0029   0.0218  -0.1053  -0.1086
 -0.0499  -0.1906   0.0139   0.0400  -0.1021  -0.1024
 -0.0508  -0.2022   0.0117   0.0673  -0.1098  -0.1165
 -0.0491  -0.1708   0.0135   0.0473  -0.1094  -0.1172
 -0.0493  -0.2180   0.0069   0.0647  -0.1271  -0.1180
 -0.0416  -0.1876   0.0308   0.0596  -0.1115  -0.0972
 -0.0370  -0.2544   0.0274   0.1090  -0.1195  -0.1049
 -0.0455  -0.3023   0.0325   0.1271  -0.1201  -0.0786
 -0.0275  -0.3256   0.0339   0.1282  -0.0952  -0.0871
 -0.0154  -0.3670   0.0682   0.1523  -0.0683  -0.0841
 -0.0192  -0.3940   0.0357   0.1474  -0.0786  -0.1003
 -0.0310  -0.3691   0.0247   0.1308  -0.0924  -0.0826
 -0.0141  -0.4619   0.0122   0.1382  -0.0737  -0.0934
 -0.0146  -0.4734   0.0300   0.1357  -0.0544  -0.0727
  0.0450  -0.5107   0.0546   0.1410   0.0008  -0.0879
  0.0022  -0.5454   0.0459   0.1558  -0.0359  -0.0556
  0.0147  -0.5171   0.0427   0.1152  -0.0445  -0.0761
 -0.0072  -0.5679   0.0500   0.1126  -0.0535  -0.0461
 -0.0046  -0.5307   0.0323   0.0888  -0.0644  -0.0809
 -0.0213  -0.5376   0.0258   0.0861  -0.0697  -0.0570
 -0.0032  -0.5148   0.0316   0.1099  -0.0614  -0.0589
 -0.0073  -0.4957   0.0597   0.1730  -0.0572  -0.0464
 -0.0075  -0.5518   0.0372   0.2458  -0.0511  -0.0581
 -0.0067  -0.5602   0.0484   0.2175  -0.0422  -0.0208
  0.0067  -0.5337   0.0417   0.1871  -0.0374  -0.0550
 -0.0217  -0.5574   0.0472   0.2339  -0.0383  -0.0230
  0.0025  -0.5758   0.0327   0.2564  -0.0327  -0.0507
 -0.0221  -0.5589   0.0499   0.2861  -0.0469  -0.0199
 -0.0008  -0.6059   0.0211   0.2758  -0.0412  -0.0502
 -0.0396  -0.5511   0.0472   0.2640  -0.0614  -0.0271
  0.0365  -0.6590  -0.0142   0.2868  -0.0348  -0.0570
  0.0976  -0.5799  -0.0585   0.2257   0.0002   0.0105
  0.1315  -0.3965  -0.0972   0.1581   0.0284  -0.0968
 -0.2046  -0.0951   0.0703  -0.0518  -0.2344  -0.0077
 -0.3046  -0.6585   0.0909   0.2471  -0.3263  -0.0523
 -0.0381   0.9099  -0.0534  -0.4729  -0.0286   0.1936
 -0.2589   3.3113  -0.3141  -0.9302   0.0094   0.2236
 -0.3173   2.4587  -0.3374   0.0878   0.1051   0.8052
 -0.2265   1.6809  -0.4272   0.1992  -0.0795   1.2515
 -0.1096   1.5414  -0.4059  -0.1804  -0.1165   1.0816
 -0.1820   1.5449  -0.2945  -0.3411  -0.0283   0.5046
 -0.1049   0.9823  -0.3696  -0.2316  -0.0865  -0.0611
 -0.0854   0.9219  -0.2865  -0.1869  -0.0180  -0.0545
 -0.0756   0.7884  -0.3429  -0.1154  -0.0480  -0.1355
 -0.0735   0.7274  -0.3030  -0.1246  -0.0362  -0.0814
 -0.0631   0.6405  -0.3231  -0.0777  -0.0639  -0.1317
 -0.0664   0.6143  -0.2835  -0.0816  -0.0517  -0.1022
 -0.0521   0.5697  -0.2924  -0.0678  -0.0334  -0.1629
 -0.0533   0.5066  -0.2680  -0.1308  -0.0256  -0.1258
 -0.0278   0.3799  -0.2552  -0.0855  -0.0216  -0.1357
 -0.0263   0.3826  -0.2376  -0.0408  -0.0155  -0.1011
 -0.0376   0.2786  -0.2600   0.0040  -0.0266  -0.1432
 -0.0349   0.2972  -0.2567  -0.0565  -0.0263  -0.1128
 -0.0364   0.2583  -0.2753  -0.0376  -0.0514  -0.1359
 -0.0461   0.2970  -0.2625  -0.0369  -0.0641  -0.1368
 -0.0343   0.2452  -0.2700  -0.0044  -0.0497  -0.1361
 -0.0509   0.1987  -0.2686   0.0501  -0.0584  -0.1262
 -0.0500   0.2096  -0.2732   0.0377  -0.0654  -0.1503
 -0.0470   0.2421  -0.2650   0.0209  -0.0654  -0.1540
 -0.0431   0.1918  -0.2768   0.0199  -0.0754  -0.1425
 -0.0419   0.1873  -0.2689   0.0023  -0.0835  -0.1026
 -0.0309   0.1506  -0.2598   0.0203  -0.0769  -0.1157
 -0.0299   0.1811  -0.2450   0.0184  -0.0800  -0.0963
 -0.0285   0.1588  -0.2618  -0.0204  -0.0926  -0.1102
 -0.0429   0.1411  -0.2478  -0.0004  -0.0971  -0.0888
 -0.0243   0.1353  -0.2465  -0.0056  -0.1019  -0.0952
 -0.0465   0.1009  -0.2489   0.0341  -0.1006  -0.0835
 -0.0169   0.1113  -0.2395   0.0137  -0.0797  -0.0997
 -0.0195   0.1131  -0.2500   0.0100  -0.0736  -0.0985
 -0.0055   0.0786  -0.2269   0.0326  -0.0573  -0.1179
 -0.0052   0.0493  -0.2315   0.0748  -0.0561  -0.0944
 -0.0094   0.0424  -0.2328   0.0870  -0.0718  -0.1090
 -0.0215   0.0402  -0.2535   0.0494  -0.0741  -0.0810
 -0.0178   0.0170  -0.2419   0.0498  -0.0763  -0.1202
 -0.0114   0.0706  -0.2689   0.0154  -0.0725  -0.0883
 -0.0258  -0.0185  -0.2359   0.0171  -0.0771  -0.0511
 -0.1446   0.0885  -0.3176   0.0436  -0.1321   0.0819
 -0.1138   0.0569  -0.3488   0.0035  -0.1350   0.0480
  0.0095   0.0569  -0.2559  -0.0913  -0.0170  -0.0568
 -0.0236   0.0278  -0.2957  -0.0270  -0.0541  -0.0455
 -0.0242  -0.0358  -0.2627   0.0158  -0.0629  -0.0417
 -0.0288  -0.0459  -0.2790   0.0424  -0.0649  -0.0420
 -0.0208  -0.0570  -0.2686   0.0349  -0.0502  -0.0424
 -0.0196  -0.0642  -0.2789   0.0544  -0.0723  -0.0337
 -0.0142  -0.1269  -0.2585   0.1132  -0.0641  -0.0224
