 -0.1785   0.0994   0.0372   0.0096  -0.1594  -0.0270
 -0.2724  -0.1089  -0.1075   0.2394  -0.2853   0.0656
 -0.2330  -0.0482  -0.0654   0.2009  -0.2441  -0.0254
 -0.2334  -0.0728  -0.0615   0.1735  -0.2549   0.0448
 -0.2279  -0.0103  -0.0503   0.1257  -0.2529   0.0146
 -0.2266  -0.0525  -0.0396   0.2347  -0.2598   0.0286
 -0.2201  -0.0256  -0.0412   0.2166  -0.2611   0.0048
 -0.2351  -0.0661  -0.0523   0.2808  -0.2681   0.0213
 -0.2064  -0.0808  -0.0687   0.3045  -0.2808   0.0499
 -0.2373  -0.0880  -0.0720   0.3054  -0.3058  -0.0588
 -0.2622  -0.0708  -0.0459   0.2483  -0.2956   0.0566
 -0.2586  -0.0228  -0.0505   0.1988  -0.3039  -0.0085
 -0.2522  -0.0121  -0.0227   0.2045  -0.2924  -0.0060
 -0.2494   0.0013  -0.0335   0.2924  -0.2994  -0.0158
 -0.2294   0.0353  -0.0268   0.3029  -0.2686  -0.0738
 -0.2217   0.0415  -0.0171   0.2527  -0.2557  -0.0215
 -0.2054   0.1082  -0.0108   0.1603  -0.2454  -0.0666
 -0.1927   0.1110  -0.0290   0.2243  -0.2400  -0.0452
 -0.2133   0.1628  -0.0367   0.1139  -0.2458  -0.0816
 -0.2139   0.0817  -0.0256   0.2625  -0.2626  -0.0422
 -0.1911   0.0868  -0.0685   0.2618  -0.2638  -0.0742
 -0.1650  -0.0088  -0.0718   0.2897  -0.2382  -0.0730
 -0.1994   0.0363  -0.0614   0.2243  -0.2160  -0.0724
 -0.2051   0.0295  -0.0516   0.2884  -0.2278  -0.1083
 -0.2261   0.1080  -0.0573   0.2938  -0.2463  -0.0909
 -0.1755  -0.0225  -0.0434   0.3155  -0.2391  -0.0441
 -0.2054  -0.0815  -0.0784   0.2871  -0.2480  -0.0019
 -0.2775   0.0965  -0.1274   0.2822  -0.3013  -0.0381
 -0.2474   0.0788  -0.0786   0.2218  -0.2535  -0.0788
 -0.2261   0.1111  -0.0542   0.2054  -0.2639  -0.0414
 -0.1929   0.1156  -0.0399   0.0819  -0.2368  -0.0581
 -0.1869   0.1090  -0.0174   0.1686  -0.2455  -0.0368
 -0.1645   0.1635   0.0104  -0.0875  -0.2113  -0.0498
 -0.1714   0.1293   0.0093   0.0683  -0.2142  -0.0136
 -0.1827   0.1512  -0.0036   0.0154  -0.2111  -0.0488
 -0.1788   0.1316   0.0075   0.0965  -0.2192  -0.0437
 -0.1675   0.1565   0.0112   0.0195  -0.2137  -0.0656
 -0.1539   0.1440   0.0131   0.0500  -0.2016  -0.0842
 -0.1573   0.1776   0.0033  -0.0624  -0.1726  -0.0587
 -0.1396   0.1781   0.0138   0.0121  -0.1529  -0.0748
 -0.1380   0.2144   0.0330   0.0119  -0.1665  -0.0615
 -0.1546   0.1678   0.0197   0.0970  -0.1718  -0.0777
 -0.1527   0.2011   0.0265   0.0381  -0.1709  -0.0496
 -0.1428   0.2003   0.0228   0.0990  -0.1571  -0.1225
 -0.1050   0.2260   0.0582  -0.0691  -0.1230  -0.0406
 -0.0681   0.2248   0.0858  -0.2091  -0.0819  -0.0583
 -0.0500   0.2287   0.1015  -0.1292  -0.0849  -0.0304
 -0.0251   0.2230   0.1232  -0.3381  -0.0589  -0.0284
  0.0764   0.2608   0.2111  -0.1898   0.0430  -0.0279
  0.0757   0.2606   0.1993  -0.2340   0.0552  -0.0591
  0.0450   0.2164   0.1767  -0.0919   0.0206  -0.0289
  0.0009   0.2564   0.1381  -0.1147   0.0009  -0.1195
  0.0066   0.2686   0.1568  -0.0882  -0.0032  -0.1134
 -0.0172   0.2695   0.1334  -0.1276  -0.0154  -0.1275
 -0.0181   0.2813   0.1602  -0.1224  -0.0115  -0.1142
  0.0086   0.2940   0.1632  -0.2257   0.0180  -0.0767
  0.0463   0.2869   0.1897  -0.2714   0.0563  -0.0874
  0.0665   0.2764   0.2149  -0.1944   0.0305  -0.0282
  0.0253   0.2892   0.1929  -0.2283   0.0338  -0.0824
  0.0318   0.2598   0.1902  -0.1924   0.0518  -0.0672
  0.0074   0.2938   0.1763  -0.0810   0.0220  -0.0791
 -0.0253   0.2986   0.1175  -0.0027   0.0160  -0.1604
 -0.0204   0.3249   0.1366  -0.1231   0.0276  -0.1298
  0.0114   0.2979   0.1641  -0.3226   0.0585  -0.1241
  0.0790   0.2927   0.2283  -0.4038   0.1208  -0.0738
  0.1559   0.3467   0.2533  -0.5036   0.1991  -0.0404
  0.1852   0.3534   0.2666  -0.3581   0.2121  -0.0829
  0.1786   0.3843   0.2614  -0.4535   0.2129  -0.0621
  0.1627   0.3337   0.2426  -0.3577   0.2004  -0.0670
  0.1791   0.3632   0.2637  -0.5946   0.2158  -0.0322
  0.1690   0.3346   0.2578  -0.5089   0.2327  -0.0509
  0.1873   0.3672   0.2668  -0.5499   0.2519  -0.0420
  0.2384   0.3608   0.2920  -0.5331   0.3154  -0.0716
  0.2644   0.3559   0.3992  -0.7451   0.2895  -0.0169
  0.2223   0.2347   0.3856  -0.6347   0.2512  -0.0392
  0.1752   0.2627   0.3447  -0.5342   0.2411   0.0340
  0.1453   0.2769   0.2979  -0.4695   0.2410  -0.0687
  0.1254   0.2455   0.3030  -0.5025   0.2339  -0.0053
  0.1187   0.2528   0.3016  -0.4112   0.2332  -0.0773
  0.0950   0.2888   0.2853  -0.3765   0.2214  -0.0529
  0.0910   0.2825   0.2870  -0.3402   0.2274  -0.0543
  0.0907   0.3217   0.2932  -0.3615   0.2135  -0.0625
  0.1439   0.3081   0.3441  -0.4865   0.2184  -0.0022
  0.1856   0.3356   0.3790  -0.4981   0.2369  -0.0100
  0.1603   0.3808   0.3539  -0.6386   0.2598   0.0169
  0.1280   0.2941   0.3070  -0.4809   0.2367   0.0428
  0.1222   0.3200   0.3079  -0.4251   0.2182   0.0189
  0.1180   0.3281   0.2826  -0.4475   0.2232  -0.0465
  0.1221   0.3359   0.3219  -0.4760   0.2158   0.0141
  0.1510   0.3320   0.3293  -0.6121   0.2454  -0.0219
  0.1639   0.3311   0.3605  -0.6355   0.2704  -0.0013
  0.1944   0.4230   0.4121  -0.8914   0.3060   0.0081
  0.2191   0.3477   0.4256  -0.7438   0.3154   0.0291
  0.2157   0.4002   0.4179  -0.8234   0.3032   0.0156
  0.2238   0.3439   0.3959  -0.6221   0.3153  -0.0039
  0.2042   0.3749   0.4292  -1.0804   0.3378   0.0052
  0.2051   0.2616   0.4003  -0.7181   0.3200   0.0673
  0.2106   0.3657   0.4055  -0.8975   0.3626   0.0300
  0.2837   0.3743   0.4313  -0.9100   0.4530  -0.0034
  0.2839   0.3458   0.4213  -0.9322   0.4283   0.0245
  0.2997   0.3191   0.4669  -0.9144   0.4470   0.0183
  0.2878   0.3422   0.4559  -0.9591   0.4254   0.0224
  0.3016   0.3119   0.4879  -0.9666   0.4563   0.0505
  0.3074   0.3632   0.4587  -0.9704   0.4266   0.0414
  0.3133   0.2523   0.5039  -1.0217   0.4886   0.0448
  0.3048   0.3256   0.4610  -0.9340   0.4462   0.0684
  0.3100   0.1838   0.4538  -0.8775   0.5257   0.0616
  0.1946   0.2027   0.2061  -0.2914   0.1964   0.1401
  0.0750  -0.0405   0.0055   0.4910  -0.0303  -0.0467
  0.0554  -0.2948   0.0114   0.4040   0.1332  -0.0538
  0.0615  -0.2865  -0.0650   0.3841   0.1607  -0.0134
  0.0549  -0.1596  -0.0625   0.2085   0.1076  -0.0432
  0.0249  -0.3028  -0.0583   0.0909   0.0706   0.0178
  0.0192  -0.2643  -0.0976   0.3855   0.0601   0.0311
 -0.0671  -0.1639  -0.1333   0.3755   0.0332  -0.0504
 -0.0358  -0.1122  -0.1066   0.2476   0.0853  -0.0109
 -0.0142  -0.0444  -0.1827   0.2807   0.0446  -0.0225
  0.0128  -0.1024  -0.1296   0.3860   0.0883  -0.1059
  0.0127  -0.1902  -0.1485   0.2295   0.1070   0.0094
  0.1166   0.0111  -0.1302   0.2889   0.1034   0.0823
  0.1488   0.0301  -0.1473   0.5734   0.0261  -0.0267
  0.1063  -0.1247  -0.2020   0.4915   0.0418  -0.2006
  0.1019  -0.0965  -0.1880   0.3943   0.0450  -0.1473
  0.1038  -0.1735  -0.1942   0.4112   0.0747  -0.0876
  0.1018  -0.0889  -0.1871   0.2913   0.0692  -0.0244
  0.0968  -0.0625  -0.1778   0.1629   0.0735  -0.0074
  0.0992  -0.0619  -0.1659   0.3012   0.0561  -0.1307
  0.1114  -0.0915  -0.1391   0.2859   0.0806  -0.0675
  0.1260  -0.1035  -0.1404   0.2981   0.0688  -0.0577
  0.1231  -0.1118  -0.1455   0.2485   0.0716   0.0295
  0.1233  -0.1060  -0.1410   0.2859   0.0481  -0.0222
  0.1264  -0.1314  -0.1428   0.2482   0.0336  -0.0293
  0.1324  -0.0902  -0.1469   0.1790   0.0148   0.0437
  0.1122  -0.1041  -0.1488   0.2756   0.0005  -0.0806
  0.1165  -0.0950  -0.1381   0.2563  -0.0082  -0.0178
  0.1256  -0.0912  -0.1602   0.2076  -0.0104  -0.0184
  0.1236  -0.1301  -0.1936   0.1120  -0.0032  -0.0548
  0.1445  -0.1002  -0.1962  -0.0065   0.0407   0.0564
  0.1346  -0.1241  -0.2052   0.1169   0.0254  -0.0636
  0.1423  -0.0896  -0.1910   0.0276   0.0515   0.0008
  0.1653  -0.0242  -0.2352  -0.0098   0.0867  -0.0002
  0.1456  -0.0370  -0.2374  -0.0167   0.0934  -0.0851
  0.1400   0.0586  -0.2543  -0.2117   0.0921   0.0502
  0.1412   0.0489  -0.2669  -0.0865   0.0995  -0.1186
  0.1459   0.0393  -0.2563  -0.1359   0.0829  -0.0051
  0.1386   0.0224  -0.2610  -0.0245   0.1052  -0.0478
  0.1339  -0.0101  -0.2440   0.0184   0.0767  -0.0622
  0.1576  -0.0133  -0.2330  -0.0211   0.1012  -0.0056
  0.1574  -0.0143  -0.2216   0.0977   0.0937  -0.0910
  0.1575  -0.0529  -0.2151  -0.0126   0.1214   0.0428
  0.1394  -0.0272  -0.2363   0.0363   0.1175  -0.0442
  0.1296  -0.0838  -0.2365   0.0543   0.1461   0.0197
  0.1053  -0.1063  -0.2473   0.0722   0.1142   0.0291
  0.1211  -0.0808  -0.2561   0.0811   0.1180  -0.0329
  0.1239  -0.1103  -0.2381   0.0788   0.1072  -0.0069
  0.1321  -0.0974  -0.2654   0.0253   0.1280   0.0387
  0.0394  -0.0639  -0.1048   0.1473  -0.0246  -0.0082
  0.0002  -0.1667  -0.0363   0.1061  -0.0890   0.0860
  0.0384  -0.3676  -0.1338   0.1884  -0.0297   0.1874
 -0.0096  -0.4269  -0.1290   0.4339  -0.1040   0.1076
 -0.0013  -0.4517  -0.1607   0.3249  -0.0762   0.1478
  0.0590  -0.4432  -0.1621   0.1705   0.0164   0.1618
  0.0353  -0.4610  -0.1872   0.2282   0.0107   0.1075
  0.0516  -0.4837  -0.1478   0.1982   0.0206   0.1191
 -0.0118  -0.7506  -0.1704   0.3807  -0.0378   0.2727
 -0.0770  -0.9568  -0.1979   0.6069  -0.0873   0.2312
 -0.0589  -0.8825  -0.2010   0.4592  -0.0906   0.3131
 -0.0797  -0.7330  -0.2064   0.3683  -0.0818   0.2246
 -0.1072  -0.6720  -0.2329   0.3485  -0.1039   0.1689
 -0.0854  -0.6603  -0.2049   0.3116  -0.0592   0.2162
 -0.0665  -0.6019  -0.2034   0.3824  -0.0388   0.1990
 -0.0995  -0.6122  -0.1992   0.3622  -0.0674   0.1356
 -0.1037  -0.5660  -0.1947   0.2575  -0.0909   0.2689
 -0.1094  -0.5393  -0.1797   0.2256  -0.0775   0.1873
 -0.1303  -0.5226  -0.1759   0.1861  -0.0981   0.2159
 -0.1198  -0.5284  -0.1677   0.1724  -0.0775   0.2070
 -0.1319  -0.5254  -0.1609   0.2433  -0.0741   0.1779
 -0.1316  -0.5297  -0.1472   0.3186  -0.0595   0.2224
 -0.1276  -0.5105  -0.1977   0.3358  -0.0982   0.1884
 -0.0645  -0.4894  -0.2302   0.3164  -0.0285   0.1533
 -0.1917  -0.4021  -0.1986   0.3769  -0.2742   0.1625
 -0.2944  -0.3163   0.0151   0.6227  -0.5087   0.1249
 -0.2982  -0.3026   0.0790   0.5847  -0.4370   0.1121
 -0.2693  -0.3157  -0.0787   0.4764  -0.3852   0.1616
 -0.1852  -0.2515  -0.1506   0.4058  -0.3277   0.0927
 -0.2085  -0.2448  -0.1414   0.3602  -0.3262   0.0294
 -0.1338  -0.2751  -0.1998   0.3395  -0.2033   0.1171
 -0.1738  -0.3199  -0.2157   0.3822  -0.2076   0.0440
 -0.1833  -0.4201  -0.1657   0.4491  -0.2051   0.0988
 -0.1580  -0.3225  -0.1887   0.4509  -0.1754   0.0915
 -0.0704  -0.2443  -0.2249   0.3544  -0.0997   0.0465
 -0.0880  -0.2939  -0.2284   0.4350  -0.1129   0.0008
 -0.0799  -0.2695  -0.2217   0.3451  -0.0951   0.0325
 -0.1040  -0.2642  -0.2232   0.3697  -0.1129   0.0218
 -0.0901  -0.2770  -0.2185   0.3762  -0.0916  -0.0255
 -0.1319  -0.3138  -0.2126   0.3664  -0.1347   0.1151
