  0.0598   0.2195   0.0169  -0.1373  -0.0957  -0.4472
  0.0567   0.3149   0.0119  -0.2141  -0.1250  -0.4072
  0.0509   0.2849   0.0026  -0.2252  -0.1200  -0.4183
  0.0525   0.2740   0.0115  -0.2176  -0.1284  -0.3970
  0.0523   0.2685   0.0113  -0.1562  -0.1297  -0.3836
  0.0521   0.2809   0.0099  -0.1301  -0.1220  -0.3910
  0.0491   0.2738   0.0008  -0.0890  -0.1151  -0.4076
  0.0419   0.2458   0.0024  -0.0643  -0.1036  -0.4006
  0.0408   0.2385   0.0034  -0.0312  -0.0930  -0.4046
  0.0428   0.2618  -0.0003  -0.0336  -0.0940  -0.3951
  0.0464   0.2552   0.0010  -0.0120  -0.0789  -0.3847
  0.0432   0.2732  -0.0012  -0.0187  -0.0730  -0.3599
  0.0510   0.2860   0.0076  -0.0209  -0.0682  -0.3701
  0.0644   0.2035   0.0188  -0.1026  -0.0610  -0.3333
  0.0575   0.1828   0.0045  -0.1357  -0.0624  -0.3247
  0.0559   0.2334   0.0020  -0.1138  -0.0652  -0.3626
  0.0545   0.2192   0.0013  -0.0906  -0.0625  -0.3550
  0.0519   0.1920   0.0015  -0.0614  -0.0470  -0.3511
  0.0531   0.1773  -0.0106  -0.0497  -0.0413  -0.3452
  0.0578   0.1564  -0.0277  -0.0778  -0.0541  -0.3285
  0.0521   0.1381  -0.0301  -0.1087  -0.0405  -0.3098
  0.0572   0.1235  -0.0313  -0.1030  -0.0419  -0.2970
  0.0502   0.1323  -0.0372  -0.1139  -0.0406  -0.3012
  0.0425   0.1166  -0.0368  -0.0887  -0.0447  -0.3110
  0.0407   0.0592  -0.0396  -0.0432  -0.0284  -0.2842
  0.0329   0.0461  -0.0527  -0.0383  -0.0185  -0.2643
  0.0256   0.0410  -0.0450  -0.0421  -0.0191  -0.2806
  0.0284   0.0255  -0.0376  -0.0254  -0.0150  -0.2721
  0.0268   0.0323  -0.0278  -0.0135  -0.0221  -0.2638
  0.0322   0.0335  -0.0253  -0.0062  -0.0236  -0.2379
  0.0341   0.0337  -0.0130  -0.0223  -0.0270  -0.2267
  0.0308   0.0609  -0.0163  -0.0231  -0.0248  -0.2474
  0.0285  -0.0039  -0.0051   0.0023  -0.0262  -0.2487
  0.0252  -0.0879   0.0109   0.0162  -0.0324  -0.2219
  0.0209  -0.1019   0.0174   0.0197  -0.0275  -0.2037
  0.0187  -0.1056   0.0213   0.0452  -0.0259  -0.2014
  0.0131  -0.1045   0.0170   0.0531  -0.0288  -0.1925
  0.0152  -0.0971   0.0247   0.0465  -0.0293  -0.2012
  0.0177  -0.0916   0.0236   0.0502  -0.0275  -0.1987
  0.0164  -0.0946   0.0230   0.0684  -0.0256  -0.1859
  0.0195  -0.0969   0.0368   0.0528  -0.0318  -0.1638
  0.0142  -0.0849   0.0307   0.0369  -0.0235  -0.1796
  0.0060  -0.0709   0.0283   0.0178  -0.0147  -0.1850
  0.0071  -0.0717   0.0229   0.0340  -0.0162  -0.1810
  0.0137  -0.0837   0.0301   0.0501  -0.0191  -0.1520
  0.0115  -0.0617   0.0282   0.0467  -0.0136  -0.1448
  0.0074  -0.0415   0.0290   0.0472  -0.0047  -0.1411
  0.0075  -0.0383   0.0332   0.0301  -0.0028  -0.1396
  0.0141  -0.0436   0.0276   0.0619  -0.0100  -0.1506
  0.0119  -0.0627   0.0429   0.0498  -0.0197  -0.1436
  0.0138  -0.0644   0.0431   0.0283  -0.0244  -0.1321
  0.0065  -0.0458   0.0389   0.0551  -0.0178  -0.1177
  0.0076  -0.0313   0.0343   0.0661  -0.0230  -0.1128
  0.0068  -0.0300   0.0400   0.0689  -0.0104  -0.1160
  0.0086  -0.0380   0.0351   0.0818  -0.0084  -0.1080
  0.0044  -0.0418   0.0343   0.0871  -0.0069  -0.0928
  0.0023  -0.0560   0.0433   0.0803  -0.0050  -0.0672
  0.0001  -0.0583   0.0358   0.0820  -0.0030  -0.0546
  0.0012  -0.0501   0.0388   0.0793  -0.0024  -0.0497
 -0.0009  -0.0481   0.0412   0.0634   0.0010  -0.0565
 -0.0013  -0.0410   0.0384   0.0432   0.0047  -0.0491
 -0.0023  -0.0489   0.0419   0.0545   0.0157  -0.0396
 -0.0044  -0.0566   0.0394   0.0250   0.0173  -0.0446
  0.0015  -0.0529   0.0394   0.0495   0.0222  -0.0343
 -0.0064  -0.0751   0.0271   0.0425   0.0200  -0.0044
 -0.0125  -0.0999   0.0254   0.0356   0.0194   0.0123
 -0.0151  -0.1047   0.0228   0.0014   0.0268   0.0072
 -0.0168  -0.0944   0.0225   0.0167   0.0270   0.0108
 -0.0207  -0.1027   0.0209   0.0459   0.0323   0.0197
 -0.0290  -0.0937   0.0180   0.0005   0.0306   0.0156
 -0.0319  -0.0886   0.0087  -0.0086   0.0277   0.0215
 -0.0317  -0.0877   0.0103  -0.0017   0.0312   0.0385
 -0.0220  -0.0981   0.0126   0.0309   0.0210   0.0661
 -0.0241  -0.0797   0.0117   0.0432   0.0297   0.0772
 -0.0221  -0.0513   0.0096   0.0266   0.0233   0.0773
 -0.0145  -0.0711   0.0134  -0.0194   0.0218   0.1104
 -0.0146  -0.0723   0.0075   0.0057   0.0156   0.1314
 -0.0189  -0.0672  -0.0015   0.0274   0.0155   0.1488
 -0.0195  -0.0679   0.0058   0.0039   0.0159   0.1580
 -0.0195  -0.0656   0.0172   0.0030   0.0206   0.1399
 -0.0139  -0.0426   0.0078   0.0196   0.0345   0.1275
 -0.0258  -0.0302  -0.0058   0.0386   0.0410   0.1341
 -0.0308  -0.0205  -0.0103   0.0705   0.0323   0.1465
 -0.0372  -0.0095  -0.0067   0.0539   0.0465   0.1656
 -0.0405  -0.0045  -0.0000   0.0475   0.0500   0.1672
 -0.0521  -0.0134   0.0069  -0.0082   0.0625   0.1589
 -0.0489  -0.0218  -0.0089   0.0012   0.0557   0.1642
 -0.0460  -0.0226  -0.0160  -0.0226   0.0510   0.1672
 -0.0437  -0.0121  -0.0154  -0.0191   0.0450   0.1737
 -0.0429  -0.0178  -0.0144  -0.0263   0.0382   0.1753
 -0.0415  -0.0156  -0.0171  -0.0214   0.0385   0.1914
 -0.0359  -0.0359  -0.0211  -0.0295   0.0313   0.2324
 -0.0396  -0.0283  -0.0092  -0.0524   0.0252   0.2169
 -0.0302  -0.0365  -0.0158  -0.0522   0.0213   0.2764
 -0.0296  -0.0460  -0.0053  -0.0941   0.0112   0.2793
 -0.0235  -0.0368  -0.0085  -0.0856  -0.0086   0.2510
 -0.0252  -0.0450  -0.0111  -0.0712  -0.0013   0.2683
 -0.0267  -0.0425  -0.0151  -0.0193   0.0084   0.2685
 -0.0274  -0.0368  -0.0116  -0.0059   0.0040   0.2900
 -0.0261  -0.0367  -0.0004   0.0037   0.0039   0.3230
 -0.0228  -0.0276  -0.0075   0.0127   0.0132   0.3304
 -0.0224  -0.0125  -0.0055   0.0329   0.0117   0.3020
 -0.0195  -0.0303  -0.0125   0.0272   0.0077   0.3262
 -0.0244  -0.0258  -0.0094   0.0386   0.0146   0.3611
 -0.0208  -0.0107  -0.0075   0.0074   0.0207   0.3596
 -0.0216  -0.0212  -0.0044   0.0106   0.0245   0.3432
 -0.0304  -0.0249  -0.0152   0.0272   0.0398   0.3547
 -0.0277  -0.0323  -0.0121   0.0491   0.0430   0.3774
 -0.0304  -0.0509  -0.0145   0.0405   0.0496   0.3980
 -0.0320  -0.0609  -0.0080   0.0279   0.0554   0.4104
 -0.0350  -0.0653  -0.0092   0.0152   0.0576   0.4054
 -0.0432  -0.0739  -0.0040   0.0313   0.0718   0.4007
 -0.0451  -0.0929  -0.0283   0.0431   0.0792   0.4122
 -0.0351  -0.0788  -0.0465   0.0440   0.0761   0.4077
 -0.0358  -0.0844  -0.0375   0.0538   0.0748   0.4197
 -0.0326  -0.1020  -0.0398   0.0781   0.0801   0.4513
 -0.0286  -0.1007  -0.0425   0.0890   0.0825   0.4711
 -0.0403  -0.1016  -0.0587   0.0536   0.1008   0.4548
 -0.0368  -0.0998  -0.0628   0.0497   0.1024   0.4657
 -0.0353  -0.1180  -0.0694   0.0857   0.0988   0.4958
 -0.0420  -0.1012  -0.0650   0.0565   0.1091   0.5004
 -0.0395  -0.1100  -0.0677   0.0412   0.1075   0.5029
 -0.0444  -0.1089  -0.0640   0.0259   0.1122   0.5033
 -0.0491  -0.1100  -0.0746   0.0135   0.1077   0.5134
