 -0.0132  -0.1882  -0.0278  -0.4155  -0.0165   0.1713
 -0.0339  -0.1842  -0.0178  -0.3247   0.0060   0.1386
 -0.0097  -0.2095  -0.0104  -0.3351  -0.0473   0.1444
 -0.0184  -0.2044  -0.0167  -0.3794   0.0034   0.1539
 -0.0379  -0.1906  -0.0183  -0.2989   0.0378   0.1183
 -0.0334  -0.2253  -0.0126  -0.3380   0.0003   0.1390
 -0.0375  -0.2071  -0.0338  -0.4198   0.0457   0.1637
 -0.0208  -0.2314  -0.0161  -0.3039  -0.0134   0.1373
 -0.0354  -0.2286  -0.0338  -0.4215  -0.0039   0.1705
 -0.0167  -0.2234  -0.0185  -0.3399  -0.0250   0.1427
 -0.0243  -0.1999  -0.0234  -0.3524  -0.0028   0.1442
 -0.0274  -0.1991  -0.0358  -0.3257   0.0011   0.1364
 -0.0342  -0.2127  -0.0284  -0.3515  -0.0031   0.1474
 -0.0429  -0.1846  -0.0388  -0.3568   0.0167   0.1580
 -0.0494  -0.1919  -0.0385  -0.3655   0.0239   0.1611
 -0.0282  -0.2014  -0.0278  -0.3188  -0.0030   0.1384
 -0.0263  -0.2052  -0.0308  -0.3515   0.0084   0.1502
 -0.0366  -0.1756  -0.0407  -0.3515  -0.0153   0.1455
 -0.0460  -0.1672  -0.0612  -0.3865   0.0159   0.1606
 -0.0143  -0.2002  -0.0219  -0.2756  -0.0462   0.1248
 -0.0396  -0.2103  -0.0715  -0.4714   0.0020   0.1861
 -0.0382  -0.2164  -0.0534  -0.3934  -0.0190   0.1537
 -0.0180  -0.2181  -0.0619  -0.4921  -0.0376   0.1822
 -0.0449  -0.2062  -0.0695  -0.3859   0.0176   0.1572
 -0.0062  -0.2368  -0.0153  -0.3663  -0.1118   0.1504
 -0.0640  -0.1851  -0.0972  -0.5670   0.0259   0.2211
 -0.0386  -0.2257  -0.0610  -0.4119  -0.0725   0.1749
 -0.0365  -0.1556  -0.0959  -0.4545   0.0319   0.1763
  0.0036  -0.2226  -0.0358  -0.3165  -0.0855   0.1262
 -0.0123  -0.1186  -0.0650  -0.4230  -0.0001   0.1539
  0.0021  -0.1706  -0.0318  -0.3008  -0.0704   0.1087
  0.0202  -0.1355  -0.0334  -0.4108  -0.0752   0.1381
 -0.0058  -0.1225  -0.0562  -0.3607  -0.0094   0.1324
  0.0137  -0.1268  -0.0321  -0.3731  -0.0703   0.1369
 -0.0250  -0.1022  -0.0782  -0.3817   0.0378   0.1367
  0.0277  -0.1240  -0.0157  -0.2589  -0.0879   0.1013
 -0.0098  -0.1028  -0.0695  -0.3860   0.0147   0.1370
  0.0258  -0.1268  -0.0212  -0.2578  -0.0757   0.1018
  0.0012  -0.0414  -0.0569  -0.2935   0.0536   0.1123
  0.0247  -0.1301  -0.0102  -0.2365  -0.0910   0.0958
 -0.0008  -0.0560  -0.0614  -0.3448   0.0191   0.1284
  0.0108  -0.1036  -0.0262  -0.2136  -0.0314   0.0950
  0.0205  -0.0971  -0.0393  -0.3292  -0.0437   0.1320
 -0.0081  -0.0579  -0.0599  -0.2902   0.0016   0.1094
  0.0037  -0.0299  -0.0530  -0.2431  -0.0249   0.0869
 -0.0011  -0.0464  -0.0447  -0.2482  -0.0174   0.0847
  0.0053  -0.0279  -0.0440  -0.2505  -0.0047   0.0889
  0.0025  -0.0233  -0.0402  -0.2432   0.0123   0.0879
  0.0128  -0.0069  -0.0588  -0.2445   0.0252   0.0777
  0.0211  -0.0656  -0.0346  -0.2621  -0.0649   0.0954
  0.0020  -0.0280  -0.0631  -0.3234   0.0100   0.1151
  0.0120  -0.0748  -0.0284  -0.2212  -0.0370   0.0796
  0.0308  -0.0324  -0.0248  -0.2377  -0.0407   0.0767
  0.0097  -0.0225  -0.0363  -0.2015  -0.0051   0.0693
  0.0060  -0.0440  -0.0391  -0.1927  -0.0060   0.0853
  0.0013  -0.0294  -0.0418  -0.1915   0.0220   0.0735
 -0.0041  -0.0371  -0.0482  -0.1824   0.0043   0.0660
  0.0136  -0.0525  -0.0341  -0.2180  -0.0385   0.0727
  0.0212  -0.0297  -0.0304  -0.1743  -0.0153   0.0665
  0.0108  -0.0465  -0.0334  -0.1573  -0.0192   0.0590
  0.0182  -0.0179  -0.0415  -0.1553  -0.0005   0.0450
  0.0069  -0.0102  -0.0346  -0.1297   0.0141   0.0367
  0.0077  -0.0321  -0.0331  -0.1894  -0.0162   0.0653
  0.0116  -0.0418  -0.0241  -0.1730  -0.0202   0.0628
  0.0095  -0.0175  -0.0299  -0.1410   0.0107   0.0532
  0.0036  -0.0398  -0.0267  -0.1211  -0.0086   0.0436
  0.0045  -0.0201  -0.0196  -0.1187  -0.0008   0.0421
  0.0048  -0.0210  -0.0228  -0.1255  -0.0194   0.0397
  0.0091  -0.0109  -0.0341  -0.1564  -0.0025   0.0482
  0.0080  -0.0163  -0.0287  -0.1080  -0.0086   0.0314
  0.0156   0.0067  -0.0233  -0.0937   0.0088   0.0224
  0.0033   0.0063  -0.0135  -0.0737   0.0167   0.0087
  0.0277   0.0138  -0.0039  -0.0922  -0.0042   0.0168
  0.0246  -0.0086  -0.0114  -0.0914  -0.0036   0.0209
  0.0223  -0.0112  -0.0169  -0.0777   0.0056   0.0283
  0.0007  -0.0432  -0.0311  -0.1615  -0.0154   0.0606
 -0.0146  -0.0240  -0.0386  -0.2243   0.0438   0.0823
 -0.0107  -0.0338  -0.0229  -0.1662   0.0317   0.0623
  0.0011  -0.0256  -0.0085  -0.1441  -0.0087   0.0545
  0.0072  -0.0202  -0.0067  -0.0977   0.0199   0.0377
  0.0100  -0.0304  -0.0057  -0.0973  -0.0027   0.0375
 -0.0077  -0.0241  -0.0219  -0.1352   0.0382   0.0446
  0.0186  -0.0452   0.0122  -0.0839  -0.0614   0.0214
 -0.0015  -0.0121  -0.0281  -0.1512   0.0384   0.0535
  0.0057  -0.0429  -0.0023  -0.0366  -0.0359   0.0239
  0.0253  -0.0471   0.0135  -0.1189  -0.0719   0.0378
  0.0074   0.0260  -0.0120  -0.1196   0.0418   0.0328
  0.0374  -0.0258   0.0332  -0.0074  -0.0539   0.0108
  0.0324   0.0004   0.0247  -0.0388  -0.0583   0.0092
  0.0124   0.0380   0.0086   0.0153   0.0492  -0.0059
  0.0251   0.0033   0.0170  -0.0178  -0.0282   0.0021
  0.0032   0.0280  -0.0067  -0.0430   0.0364   0.0029
  0.0054   0.0089  -0.0007  -0.0307   0.0081   0.0114
  0.0094   0.0324  -0.0058  -0.0274   0.0295   0.0037
  0.0249   0.0314   0.0196   0.0894   0.0105  -0.0332
  0.0058   0.0471   0.0017   0.0322   0.0458  -0.0132
  0.0148   0.0279   0.0190   0.0856  -0.0015  -0.0340
  0.0044   0.0622   0.0058   0.0854   0.0447  -0.0333
  0.0056   0.0270   0.0259   0.1332  -0.0001  -0.0486
  0.0017   0.0454   0.0190   0.1376   0.0365  -0.0502
  0.0180   0.0433   0.0302   0.1136   0.0015  -0.0513
  0.0190   0.0613   0.0220   0.1276   0.0077  -0.0513
  0.0140   0.0589   0.0341   0.2188   0.0138  -0.0754
  0.0127   0.0981   0.0198   0.2025   0.0360  -0.0786
  0.0081   0.0804   0.0260   0.2194   0.0284  -0.0795
  0.0162   0.0742   0.0415   0.1142  -0.0468  -0.0423
  0.0155   0.0834   0.0218   0.0251   0.0323  -0.0171
  0.0317   0.0822   0.0454   0.2340  -0.0107  -0.0823
  0.0066   0.1160   0.0252   0.2468   0.0169  -0.1008
  0.0322   0.1124   0.0560   0.2833  -0.0125  -0.1134
  0.0122   0.1226   0.0223   0.1558   0.0189  -0.0759
  0.0033   0.1114   0.0239   0.2147   0.0352  -0.0834
 -0.0042   0.1056   0.0228   0.1804   0.0397  -0.0778
 -0.0083   0.1036   0.0117   0.1698   0.0392  -0.0813
 -0.0033   0.1033   0.0127   0.1850   0.0346  -0.0804
  0.0007   0.0996   0.0132   0.1928   0.0290  -0.0801
 -0.0001   0.1062   0.0166   0.1670   0.0256  -0.0768
  0.0003   0.0915   0.0208   0.1403   0.0395  -0.0697
  0.0015   0.0888   0.0201   0.2262   0.0155  -0.0972
  0.0062   0.0704   0.0243   0.1801   0.0381  -0.0689
 -0.0109  -0.0396   0.0339   0.0418   0.0340   0.0139
 -0.0001  -0.0118   0.0396   0.1000  -0.0564  -0.0231
 -0.0018   0.0434   0.0201   0.1233   0.0103  -0.0387
 -0.0169   0.0250   0.0123   0.1570   0.0001  -0.0422
 -0.0217   0.0700   0.0017   0.1252   0.0439  -0.0347
 -0.0227   0.0610   0.0027   0.1989   0.0189  -0.0679
 -0.0228   0.0650  -0.0149   0.1536   0.0456  -0.0531
 -0.0119   0.0523  -0.0015   0.2135   0.0214  -0.0704
 -0.0111   0.0586   0.0136   0.1660   0.0253  -0.0548
 -0.0173   0.0317   0.0203   0.1981   0.0151  -0.0636
 -0.0131   0.0512   0.0097   0.1729   0.0253  -0.0579
 -0.0054   0.0521   0.0124   0.1676   0.0093  -0.0636
 -0.0085   0.0592   0.0096   0.2118   0.0224  -0.0687
 -0.0105   0.0520   0.0126   0.2332   0.0146  -0.0731
 -0.0019   0.0775   0.0110   0.2385   0.0367  -0.0862
 -0.0084   0.0678   0.0227   0.2298   0.0150  -0.0846
  0.0038   0.0774   0.0288   0.2421  -0.0070  -0.0902
  0.0065   0.0894   0.0145   0.2486   0.0173  -0.0997
  0.0069   0.0864   0.0380   0.2963  -0.0077  -0.1115
  0.0188   0.0893   0.0339   0.2978  -0.0055  -0.1263
  0.0022   0.0969   0.0223   0.2990   0.0244  -0.1256
  0.0109   0.0815   0.0456   0.3101  -0.0191  -0.1331
  0.0234   0.1047   0.0496   0.2456  -0.0018  -0.1129
  0.0225   0.0836   0.0567   0.3116  -0.0166  -0.1295
  0.0059   0.0897   0.0451   0.2661  -0.0094  -0.1071
 -0.0013   0.1156   0.0311   0.2810   0.0200  -0.1151
  0.0109   0.0999   0.0463   0.3533   0.0097  -0.1269
  0.0077   0.1161   0.0402   0.3749   0.0081  -0.1408
  0.0070   0.1209   0.0518   0.4094   0.0095  -0.1598
 -0.0005   0.1125   0.0424   0.3965   0.0156  -0.1543
 -0.0020   0.1241   0.0399   0.4323   0.0158  -0.1688
 -0.0198   0.1369   0.0268   0.4078   0.0434  -0.1608
 -0.0177   0.1100   0.0342   0.4340   0.0265  -0.1640
 -0.0199   0.1349   0.0212   0.4231   0.0275  -0.1575
 -0.0145   0.1205   0.0321   0.4461   0.0186  -0.1670
 -0.0287   0.1413   0.0256   0.4926   0.0092  -0.1838
 -0.0221   0.1392   0.0277   0.4848   0.0233  -0.1810
 -0.0136   0.1621   0.0435   0.5275   0.0170  -0.1999
 -0.0191   0.1482   0.0394   0.5316   0.0168  -0.1942
 -0.0147   0.1573   0.0334   0.4947   0.0148  -0.1898
 -0.0092   0.1647   0.0397   0.4632   0.0184  -0.1828
  0.0068   0.1647   0.0583   0.4855   0.0077  -0.1856
  0.0044   0.1688   0.0558   0.5378   0.0077  -0.1985
 -0.0034   0.1833   0.0492   0.4869   0.0048  -0.1909
  0.0020   0.1773   0.0631   0.5147   0.0197  -0.1920
  0.0120   0.1909   0.0768   0.4634   0.0005  -0.1745
  0.0037   0.1748   0.0654   0.3943   0.0147  -0.1540
  0.0130   0.1755   0.0744   0.4392  -0.0009  -0.1694
  0.0305   0.1786   0.0932   0.4090  -0.0246  -0.1689
  0.0344   0.1995   0.1123   0.4311  -0.0180  -0.1650
  0.0304   0.2039   0.0964   0.3886   0.0184  -0.1548
  0.0509   0.1483   0.1193   0.3731  -0.0812  -0.1457
  0.0174   0.2157   0.0720   0.3251   0.0495  -0.1335
  0.0443   0.1634   0.1064   0.3906  -0.0549  -0.1474
  0.0078   0.1689   0.0644   0.2492   0.0165  -0.0983
  0.0310   0.1173   0.1032   0.3551  -0.0714  -0.1276
