  0.2898   0.4651   0.0110  -0.5474  -0.0544   0.2388
  0.3692   0.4865  -0.0124  -0.6418  -0.0984   0.2619
  0.3786   0.3301  -0.0250  -0.7425  -0.0725   0.3390
  0.3462   0.3941  -0.0197  -0.7869  -0.0389   0.3657
  0.3553   0.4242   0.0144  -0.7502  -0.0719   0.3371
  0.3577   0.4714   0.0046  -0.7534  -0.0280   0.3284
  0.3580   0.4606   0.0346  -0.7517  -0.0595   0.3405
  0.3377   0.4901   0.0169  -0.7566  -0.0576   0.3430
  0.3389   0.4783   0.0143  -0.7545  -0.0459   0.3456
  0.3407   0.4520   0.0356  -0.7418  -0.0589   0.3317
  0.3380   0.4702   0.0284  -0.7507  -0.0503   0.3245
  0.3308   0.4732   0.0360  -0.7804  -0.0588   0.3341
  0.3322   0.4644   0.0278  -0.7673  -0.0495   0.3205
  0.3226   0.4672   0.0271  -0.7433  -0.0489   0.3159
  0.3180   0.4992   0.0251  -0.7126  -0.0369   0.3118
  0.3214   0.4973   0.0208  -0.7378  -0.0313   0.3330
  0.3308   0.4915   0.0324  -0.7410  -0.0415   0.3267
  0.3318   0.4361   0.0361  -0.7444  -0.0629   0.3353
  0.3369   0.4098   0.0349  -0.7307  -0.0585   0.3266
  0.3089   0.3924   0.0315  -0.7035  -0.0631   0.3189
  0.2959   0.4084   0.0229  -0.6980  -0.0426   0.3062
  0.2730   0.3340   0.0162  -0.6713  -0.0642   0.3103
  0.2812   0.3391   0.0116  -0.6981  -0.0672   0.3178
  0.2766   0.3387   0.0137  -0.6834  -0.0637   0.3029
  0.2728   0.3551   0.0080  -0.6670  -0.0535   0.2971
  0.2513   0.3092  -0.0006  -0.6123  -0.0478   0.2745
  0.2264   0.3181   0.0013  -0.5883  -0.0447   0.2715
  0.2315   0.3226   0.0170  -0.6051  -0.0562   0.2727
  0.2230   0.2917   0.0128  -0.5574  -0.0497   0.2609
  0.2012   0.2782   0.0118  -0.4889  -0.0477   0.2342
  0.2204   0.3033   0.0111  -0.5212  -0.0623   0.2402
  0.2244   0.2979   0.0221  -0.4772  -0.0579   0.2146
  0.1935   0.1951   0.0014  -0.3819  -0.0569   0.1826
  0.1693   0.2038   0.0015  -0.3421  -0.0449   0.1583
  0.1444   0.2019  -0.0022  -0.3355  -0.0392   0.1480
  0.1347   0.1731  -0.0073  -0.3501  -0.0399   0.1642
  0.1557   0.1873   0.0050  -0.3259  -0.0403   0.1482
  0.1296   0.2186   0.0176  -0.2572  -0.0146   0.1075
  0.1174   0.2465   0.0253  -0.1895  -0.0143   0.0582
  0.0895   0.1342   0.0056  -0.1019  -0.0093   0.0357
  0.0855   0.1022   0.0100  -0.0856  -0.0212   0.0433
  0.1081   0.1695   0.0289  -0.1019  -0.0286   0.0246
  0.1192   0.2283   0.0287  -0.1008  -0.0295   0.0172
  0.1177   0.2500   0.0268  -0.0911  -0.0186   0.0155
  0.1171   0.2437   0.0356  -0.0804  -0.0198   0.0293
  0.1185   0.2329   0.0341  -0.0851  -0.0240   0.0474
  0.1194   0.2489   0.0318  -0.0889  -0.0194   0.0417
  0.1160   0.2283   0.0296  -0.0883  -0.0271   0.0300
  0.1130   0.2317   0.0195  -0.0765  -0.0244   0.0308
  0.1075   0.2432   0.0248  -0.0609  -0.0195   0.0171
  0.1017   0.2542   0.0177  -0.0573  -0.0006   0.0015
  0.0924   0.2374   0.0160  -0.0492   0.0010   0.0001
  0.0922   0.2082   0.0164  -0.0347   0.0097  -0.0103
  0.0959   0.1614   0.0228  -0.0079   0.0064  -0.0131
  0.0956   0.1852   0.0406  -0.0350  -0.0057  -0.0134
  0.1010   0.2046   0.0398  -0.0505  -0.0060  -0.0263
  0.1006   0.2096   0.0399  -0.0372  -0.0007  -0.0342
  0.0976   0.2361   0.0332  -0.0129   0.0094  -0.0381
  0.0974   0.2226   0.0424   0.0090   0.0038  -0.0200
  0.0991   0.1873   0.0411   0.0257   0.0150  -0.0219
  0.0772   0.1397   0.0288   0.0379   0.0166  -0.0325
  0.0744   0.1391   0.0342   0.0305   0.0078  -0.0239
  0.0961   0.1511   0.0460   0.0393  -0.0010  -0.0454
  0.0696   0.1408   0.0301   0.0426   0.0134  -0.0594
  0.0580   0.1101   0.0199   0.0581   0.0171  -0.0566
  0.0344   0.0802   0.0054   0.0411   0.0207  -0.0380
  0.0476   0.0090  -0.0073   0.0685   0.0015  -0.0416
  0.0250  -0.0311  -0.0057   0.0474   0.0122  -0.0077
  0.0407  -0.0818   0.0025   0.0918  -0.0072  -0.0131
  0.0197  -0.0917  -0.0067   0.0730  -0.0065  -0.0068
 -0.0067  -0.0958  -0.0064   0.0723   0.0178  -0.0063
  0.0158  -0.1086  -0.0036   0.0857   0.0126  -0.0380
 -0.0065  -0.1131  -0.0065   0.0631   0.0138  -0.0274
 -0.0247  -0.1126  -0.0163   0.0958   0.0184  -0.0201
 -0.0294  -0.1297  -0.0111   0.0735   0.0145   0.0004
 -0.0613  -0.1232  -0.0332   0.1023   0.0240  -0.0168
 -0.0595  -0.1419  -0.0393   0.1299   0.0194  -0.0299
 -0.0405  -0.1594  -0.0284   0.0962   0.0179  -0.0108
 -0.0395  -0.1632  -0.0161   0.1184   0.0113  -0.0178
 -0.0489  -0.1522  -0.0191   0.0936   0.0200  -0.0216
 -0.0294  -0.1792  -0.0049   0.1243   0.0086  -0.0301
 -0.0298  -0.1647   0.0007   0.1502   0.0186  -0.0433
 -0.0292  -0.1919  -0.0025   0.1794   0.0111  -0.0458
 -0.0626  -0.1705  -0.0213   0.1076   0.0121  -0.0154
 -0.0490  -0.1624  -0.0004   0.1832   0.0157  -0.0502
 -0.0538  -0.1970  -0.0129   0.1792   0.0198  -0.0455
 -0.0530  -0.2169  -0.0008   0.1632  -0.0082  -0.0442
 -0.0559  -0.1935  -0.0075   0.1571   0.0040  -0.0683
 -0.0623  -0.1813  -0.0073   0.1703   0.0131  -0.0751
 -0.0707  -0.1714  -0.0098   0.1767   0.0264  -0.0711
 -0.0597  -0.1963  -0.0097   0.1923   0.0292  -0.0433
 -0.0461  -0.2085  -0.0070   0.2073   0.0253  -0.0610
 -0.0422  -0.2071  -0.0040   0.2224   0.0265  -0.0714
 -0.0569  -0.1741  -0.0155   0.2423   0.0276  -0.0818
 -0.0852  -0.1946  -0.0289   0.2107   0.0285  -0.0560
 -0.0868  -0.1997  -0.0232   0.2281   0.0229  -0.0627
 -0.0857  -0.1940  -0.0171   0.2327   0.0244  -0.0687
 -0.0878  -0.1892  -0.0174   0.2314   0.0260  -0.0754
 -0.0901  -0.2204  -0.0200   0.2474   0.0116  -0.0760
 -0.0988  -0.1875  -0.0148   0.2576   0.0148  -0.0809
 -0.1004  -0.2040  -0.0205   0.2466   0.0088  -0.0773
 -0.0748  -0.2182  -0.0063   0.2374   0.0004  -0.0737
 -0.0928  -0.2041  -0.0162   0.1941   0.0205  -0.0738
 -0.1093  -0.2176  -0.0107   0.1881   0.0144  -0.0972
 -0.1142  -0.2101  -0.0202   0.1709   0.0352  -0.0821
 -0.0895  -0.1963   0.0031   0.2391   0.0264  -0.0925
 -0.0924  -0.2098  -0.0100   0.2251   0.0295  -0.0755
 -0.0929  -0.2084  -0.0131   0.2507   0.0203  -0.1004
 -0.1014  -0.2087  -0.0113   0.2366   0.0253  -0.0926
 -0.1236  -0.2225  -0.0268   0.2225   0.0236  -0.0812
 -0.1023  -0.2402  -0.0192   0.2350   0.0170  -0.0637
 -0.0995  -0.2137  -0.0091   0.2615   0.0157  -0.0848
 -0.1094  -0.2117  -0.0167   0.2351   0.0236  -0.0891
 -0.0988  -0.2227  -0.0187   0.2261   0.0299  -0.0919
 -0.1313  -0.2125  -0.0240   0.2247   0.0308  -0.0935
 -0.0977  -0.2193  -0.0051   0.2660   0.0223  -0.1058
 -0.0772  -0.2475  -0.0025   0.2791   0.0221  -0.1035
 -0.0929  -0.2236  -0.0079   0.3095   0.0247  -0.1118
 -0.0777  -0.2428   0.0034   0.3156   0.0225  -0.1049
 -0.1129  -0.2382  -0.0281   0.2372   0.0216  -0.0807
 -0.1094  -0.2528  -0.0146   0.2876   0.0226  -0.1047
 -0.1108  -0.2457  -0.0059   0.2693   0.0185  -0.1035
 -0.1014  -0.2697   0.0022   0.2981   0.0166  -0.1119
 -0.1267  -0.2445  -0.0122   0.2588   0.0183  -0.0939
 -0.1398  -0.2335  -0.0121   0.1811   0.0304  -0.0491
 -0.1363  -0.2225  -0.0125   0.2043   0.0299  -0.0758
 -0.1758  -0.2509  -0.0271   0.2256   0.0406  -0.0902
 -0.1469  -0.2512  -0.0031   0.2508   0.0470  -0.1030
 -0.1379  -0.2567  -0.0062   0.2257   0.0394  -0.0883
 -0.1405  -0.2709  -0.0135   0.2177   0.0365  -0.0834
 -0.1373  -0.2700  -0.0064   0.2659   0.0396  -0.1037
 -0.1349  -0.2600  -0.0025   0.2580   0.0373  -0.0991
 -0.1553  -0.2879  -0.0071   0.2792   0.0382  -0.1055
 -0.1447  -0.2565  -0.0081   0.2960   0.0392  -0.1200
 -0.1368  -0.2540  -0.0114   0.3006   0.0407  -0.1208
 -0.1546  -0.2412  -0.0246   0.2522   0.0401  -0.0988
 -0.1648  -0.2458  -0.0246   0.2584   0.0451  -0.0955
 -0.1713  -0.2488  -0.0304   0.2646   0.0460  -0.0925
 -0.1597  -0.2677  -0.0155   0.2663   0.0387  -0.0911
 -0.1881  -0.2393  -0.0355   0.2050   0.0392  -0.0748
 -0.1715  -0.2663  -0.0230   0.2223   0.0478  -0.0814
 -0.1839  -0.2463  -0.0162   0.2536   0.0437  -0.1007
 -0.1792  -0.3026  -0.0082   0.2300   0.0406  -0.0738
 -0.1611  -0.3969   0.0183   0.2722   0.0513  -0.0789
 -0.1793  -0.3199  -0.0014   0.2593   0.0421  -0.0830
 -0.1674  -0.3110   0.0038   0.2655   0.0440  -0.0874
 -0.1688  -0.3208   0.0007   0.2709   0.0419  -0.0904
 -0.1695  -0.2928  -0.0021   0.2789   0.0431  -0.0896
 -0.1843  -0.3294  -0.0138   0.2883   0.0366  -0.0900
 -0.1815  -0.2877  -0.0209   0.3196   0.0387  -0.1107
 -0.1843  -0.3018  -0.0210   0.3503   0.0354  -0.1177
 -0.1715  -0.3016  -0.0166   0.3135   0.0389  -0.1005
 -0.1940  -0.3158  -0.0221   0.3413   0.0273  -0.1087
 -0.1722  -0.3035  -0.0037   0.3099   0.0253  -0.0933
 -0.1667  -0.3565  -0.0116   0.3274   0.0257  -0.0984
 -0.1743  -0.2929  -0.0142   0.2887   0.0359  -0.0844
 -0.1690  -0.3170   0.0025   0.3179   0.0314  -0.0986
 -0.1879  -0.3112  -0.0117   0.2671   0.0298  -0.0745
 -0.1955  -0.3278  -0.0130   0.2817   0.0355  -0.0792
 -0.1974  -0.3282  -0.0178   0.2642   0.0269  -0.0827
 -0.2079  -0.3434  -0.0137   0.2569   0.0322  -0.0788
 -0.1951  -0.3131  -0.0039   0.2726   0.0333  -0.0899
 -0.2256  -0.3680  -0.0265   0.2395   0.0324  -0.0554
 -0.2039  -0.3147  -0.0055   0.2915   0.0355  -0.0974
 -0.1839  -0.3715   0.0134   0.3081   0.0233  -0.0969
 -0.1718  -0.3158   0.0109   0.3240   0.0011  -0.1265
 -0.1852  -0.3958   0.0178   0.2939  -0.0041  -0.0995
 -0.1733  -0.2732   0.0057   0.3033  -0.0071  -0.1237
 -0.1827  -0.4535   0.0126   0.3296   0.0074  -0.0817
 -0.0855   0.7654   0.0958   0.2820  -0.0175  -0.3493
 -0.0260   1.8213   0.0546   0.0878  -0.0606  -0.5122
 -0.0695   1.4001  -0.0071  -0.0221  -0.0603  -0.4099
 -0.0970   1.3371  -0.0172   0.0173  -0.0527  -0.4061
 -0.0960   1.2650  -0.0195   0.0347  -0.0488  -0.4023
 -0.1161   1.0708   0.0106   0.1137  -0.0166  -0.3872
 -0.1412   0.9312  -0.0070   0.1869   0.0024  -0.3978
