  0.1832   0.1134   0.1676   0.1009   0.3641   0.0070
  0.1688   0.3017   0.0716   0.1126   0.3685  -0.1086
  0.2081   0.2777   0.1321   0.1051   0.3703  -0.0856
  0.2054   0.2884   0.1211  -0.0141   0.3758  -0.0535
  0.1959   0.2347   0.1280   0.0208   0.3795  -0.0419
  0.1903   0.2457   0.1188   0.0342   0.3919  -0.0570
  0.2262   0.2163   0.1548   0.0736   0.3987  -0.0521
  0.2252   0.1714   0.1520   0.0963   0.3748  -0.0580
  0.2307   0.1526   0.1683   0.1001   0.3659  -0.0588
  0.1980   0.0481   0.1340   0.1394   0.3484  -0.0334
  0.1522  -0.1129   0.0844   0.1936   0.3128   0.0259
  0.1502  -0.1011   0.0813   0.1917   0.3175   0.0071
  0.1433  -0.0239   0.1145   0.1815   0.2843  -0.0171
  0.1490   0.0270   0.1166   0.1485   0.2928  -0.0244
  0.1320  -0.0480   0.0976   0.1759   0.2769  -0.0003
  0.1426  -0.0406   0.1086   0.1827   0.2821  -0.0048
  0.1318  -0.0596   0.1100   0.1802   0.2677  -0.0014
  0.1387  -0.0527   0.1184   0.1924   0.2692  -0.0041
  0.1466  -0.0384   0.1335   0.1919   0.2698  -0.0084
  0.1407  -0.0812   0.1186   0.1908   0.2586   0.0121
  0.1371  -0.0674   0.1316   0.2248   0.2793  -0.0022
  0.1409  -0.0316   0.1322   0.2077   0.2630  -0.0183
  0.1333  -0.0738   0.1332   0.1840   0.2561  -0.0001
  0.1253  -0.0499   0.1219   0.1727   0.2537  -0.0080
  0.1160  -0.0447   0.1373   0.1606   0.2461   0.0001
  0.1172  -0.1329   0.0900   0.1918   0.2478   0.0102
  0.0985  -0.2270   0.0568   0.2429   0.2280   0.0299
  0.1015  -0.1941   0.0496   0.2403   0.2272   0.0264
  0.1059  -0.2365   0.0589   0.2543   0.2204   0.0327
  0.1089  -0.2579   0.0884   0.2921   0.1941   0.0188
  0.1047  -0.2762   0.0953   0.3113   0.1859   0.0234
  0.1201  -0.2905   0.0960   0.3254   0.1936   0.0174
  0.1097  -0.3396   0.1235   0.3342   0.1573   0.0181
  0.0855  -0.4151   0.0872   0.2889   0.1332   0.0777
  0.0900  -0.5183   0.0817   0.2719   0.1534   0.1348
  0.0624  -0.5528   0.0628   0.1812   0.1321   0.2024
  0.0830  -0.4750   0.1038   0.2287   0.1292   0.1574
  0.0722  -0.4311   0.1206   0.1793   0.1270   0.1498
  0.0805  -0.4461   0.1382   0.2168   0.1316   0.1418
  0.0558  -0.4457   0.1158   0.1836   0.1247   0.1536
  0.0623  -0.4241   0.1457   0.1817   0.1424   0.1498
  0.0492  -0.4280   0.1173   0.1145   0.1287   0.1749
  0.0726  -0.4170   0.1348   0.1917   0.1384   0.1366
  0.0518  -0.4156   0.0882   0.0200   0.1285   0.2231
  0.0459  -0.4294   0.0758  -0.0362   0.1391   0.2565
  0.0317  -0.3314   0.0798  -0.0696   0.1175   0.2538
  0.0615  -0.3524   0.0844  -0.1440   0.1257   0.2906
  0.0091  -0.3336   0.0496   0.1070   0.0987   0.1644
  0.1796   0.1283   0.3937   0.6460   0.2017  -0.2368
  0.2549   0.2335   0.5511   0.3864   0.2471  -0.2141
  0.1821   0.2477   0.4483   0.3185   0.1597  -0.1875
  0.2074   0.1838   0.4736   0.2085   0.1514  -0.1286
  0.1839   0.1697   0.4281   0.1199   0.1437  -0.0758
  0.1342   0.5455   0.4959  -0.1773   0.0556  -0.0406
  0.0828   0.4843   0.3989  -0.1933   0.0431  -0.0191
  0.1427   0.5131   0.4082  -0.1811   0.0759  -0.0151
  0.0926   0.4264   0.3473  -0.2197   0.0824   0.0204
  0.1137   0.5844   0.3480  -0.2377   0.1222  -0.0125
  0.0877   0.6892   0.3666  -0.3821   0.0869   0.0363
  0.1617   0.5724   0.4041  -0.3121   0.1358   0.0288
  0.0765   0.5313   0.3598  -0.3445   0.0890   0.0769
 -0.0295   0.4797   0.3787  -0.2984   0.0611   0.0667
  0.0668   0.3732   0.4579  -0.2697   0.0859   0.0914
  0.0483   0.3556   0.4053  -0.2455   0.0916   0.0699
  0.0214   0.4033   0.4335  -0.2112   0.0159   0.0450
  0.0380   0.3240   0.4290  -0.1666   0.0403   0.0424
  0.0764   0.1817   0.4237  -0.0616   0.0485   0.0481
  0.1014   0.0678   0.4120   0.0403   0.0739   0.0187
  0.0962   0.0181   0.3787   0.0515   0.0695   0.0399
  0.0954  -0.0010   0.3674   0.0636   0.0684   0.0412
  0.0756  -0.0809   0.3594   0.0697   0.0824   0.0957
  0.0499  -0.0821   0.3631   0.1000   0.0643   0.0678
  0.0991  -0.1996   0.3650   0.1247   0.1020   0.1021
  0.0710  -0.2354   0.2882   0.2127   0.1151   0.0672
  0.0661  -0.2415   0.2653   0.1368   0.0914   0.1106
  0.0673  -0.2949   0.2567   0.1478   0.0838   0.1098
  0.0691  -0.3009   0.2746   0.1202   0.0812   0.1547
  0.0768  -0.3335   0.2828   0.2027   0.0785   0.1046
  0.0694  -0.3427   0.2329   0.1741   0.0832   0.1434
  0.0393  -0.4212   0.1765  -0.1194   0.0969   0.3043
  0.0664  -0.4391   0.1786  -0.0282   0.1097   0.2855
  0.0725  -0.4493   0.1779  -0.0910   0.1193   0.2976
  0.1109  -0.4490   0.2128  -0.0487   0.1312   0.3028
  0.1006  -0.4602   0.1978  -0.0525   0.1802   0.2859
  0.1067  -0.4470   0.1547  -0.0881   0.1483   0.3384
  0.1330  -0.5897   0.0454  -0.3159   0.0282   0.3637
  0.0867   0.4670   0.4813  -0.6705   0.1590   0.2652
  0.0622   0.3898   0.3782  -0.7097   0.1281   0.2948
  0.0401   0.4261   0.3967  -0.7022   0.1118   0.2748
  0.0042   0.4760   0.3365  -0.7208   0.0917   0.2624
  0.0071   0.4510   0.3879  -0.7261   0.1147   0.2949
  0.0158   0.4732   0.3553  -0.5246   0.0713   0.1241
  0.0648   0.8871   0.1189   0.2581  -0.0931  -0.3623
 -0.0447   0.1168   0.0387  -0.4471  -0.0989   0.2287
 -0.0252   0.1130  -0.0104  -0.2277  -0.0734   0.0948
 -0.1080  -0.0154   0.0547  -0.5754  -0.0754   0.3132
  0.1162   1.4603  -0.3094   1.0028  -0.2527  -0.9371
  0.0763   0.3663  -0.2600   0.2843  -0.1630  -0.2201
 -0.0969  -0.2287  -0.1423  -0.3838  -0.0733   0.2603
 -0.0927   0.0104  -0.2185  -0.1198  -0.0667   0.0902
 -0.0772  -0.0821  -0.1415  -0.2108  -0.0549   0.1278
  0.2101   0.2890  -0.3875   0.0716   0.0448  -0.1375
  0.0429   0.1510  -0.4994   0.0727  -0.0534  -0.1396
 -0.0131   0.1711  -0.5256   0.1288  -0.0924  -0.1651
 -0.0036   0.1916  -0.5209   0.0453  -0.0797  -0.1558
 -0.0314   0.1373  -0.5198   0.1103  -0.0863  -0.1457
 -0.0302   0.0849  -0.5037   0.0520  -0.0706  -0.1210
 -0.0340   0.0058  -0.5221   0.1145  -0.1141  -0.1075
 -0.0493  -0.0252  -0.5061   0.0784  -0.0907  -0.0922
 -0.0677  -0.1058  -0.5220   0.1563  -0.1049  -0.0809
 -0.0711  -0.0700  -0.4764   0.0544  -0.0856  -0.0564
 -0.0524   0.0118  -0.3983   0.0217  -0.0734  -0.0618
 -0.0190  -0.1074  -0.3817   0.0856  -0.0474  -0.0714
 -0.0272  -0.1664  -0.3866   0.1050  -0.0516  -0.0442
 -0.0180  -0.1848  -0.3941   0.0945  -0.0324  -0.0509
 -0.0582  -0.1660  -0.4792   0.2275  -0.0384  -0.1024
 -0.0693  -0.2173  -0.4805   0.1068  -0.0871  -0.0573
 -0.0620  -0.2362  -0.4743   0.2016  -0.0615  -0.0900
 -0.0682  -0.2741  -0.4337  -0.0445  -0.1111   0.0614
 -0.0562  -0.4619  -0.3789  -0.3338  -0.1369   0.2646
 -0.0557  -0.4521  -0.4130  -0.2936  -0.1247   0.2411
 -0.0530  -0.5002  -0.3996  -0.1933  -0.0945   0.2230
 -0.0500  -0.5197  -0.4356   0.0492  -0.0910   0.1110
 -0.0704  -0.5377  -0.4213  -0.0499  -0.1106   0.1769
 -0.0437  -0.5350  -0.4298  -0.0192  -0.1148   0.1488
 -0.0748  -0.5342  -0.3981  -0.0628  -0.1167   0.1880
 -0.0500  -0.5435  -0.4456   0.0176  -0.1150   0.1356
 -0.1310  -0.4096  -0.4117  -0.2242  -0.1223   0.2334
 -0.1157  -0.0096  -0.3918  -0.2575  -0.1134   0.0708
 -0.1289  -0.0300  -0.3575  -0.2888  -0.1114   0.0932
 -0.1344  -0.0754  -0.3442  -0.1892  -0.1253   0.0587
 -0.0959  -0.1070  -0.3146  -0.2434  -0.1029   0.1112
 -0.0875  -0.0512  -0.3562  -0.0064  -0.1254  -0.0572
 -0.1258   0.1558  -0.3893  -0.0475  -0.1670  -0.0678
 -0.1704   0.1396  -0.3563  -0.4925  -0.0830   0.1580
 -0.1631   0.1171  -0.3777  -0.2851  -0.1017   0.0499
 -0.1672   0.1260  -0.3318  -0.3583  -0.0868   0.0866
 -0.1272  -0.0317  -0.3542  -0.2759  -0.1150   0.0885
 -0.1132  -0.1788  -0.3004  -0.3289  -0.1301   0.1666
 -0.1181  -0.1563  -0.2923  -0.2834  -0.1550   0.1403
 -0.1307  -0.2075  -0.2858  -0.2996  -0.1401   0.1669
 -0.1751  -0.1146  -0.3346  -0.0329  -0.2132   0.0010
 -0.1672   0.0630  -0.3975   0.3261  -0.2273  -0.2763
 -0.1802   0.1500  -0.4295   0.4638  -0.2197  -0.3849
 -0.1420   0.1578  -0.3748   0.4106  -0.2101  -0.4008
 -0.1902   0.0992  -0.3890   0.4408  -0.2539  -0.3762
 -0.1985   0.7346  -0.2970   0.4048  -0.2485  -0.6470
 -0.1992   1.1176  -0.2273   0.3692  -0.2638  -0.7477
 -0.2052   0.2589  -0.1924   0.1252  -0.2694  -0.3104
 -0.1761   0.1283  -0.0922   0.2367  -0.3044  -0.3272
 -0.1292   0.0983  -0.0653   0.0959  -0.3028  -0.2387
 -0.1095   0.0128  -0.0913   0.1801  -0.2736  -0.2508
 -0.1130  -0.1928  -0.0163   0.3864  -0.2899  -0.2683
 -0.1224  -0.1731  -0.0737   0.2571  -0.2898  -0.2235
 -0.1305  -0.2724  -0.0439   0.3472  -0.3135  -0.2441
 -0.1475  -0.3707  -0.0471   0.4115  -0.3357  -0.1984
 -0.1961  -0.0205  -0.1045   0.0707  -0.3371  -0.2008
 -0.2875   0.0312  -0.1241   0.0012  -0.3273  -0.1503
 -0.2791   0.1563  -0.1183  -0.2096  -0.3641  -0.0837
 -0.2269   0.3020  -0.1505  -0.2013  -0.3499  -0.1503
 -0.2222   0.5135  -0.1169  -0.1711  -0.3220  -0.2132
 -0.2204   0.3790  -0.0929  -0.1549  -0.3668  -0.2057
 -0.2893   0.2806  -0.0647  -0.2036  -0.3999  -0.1340
 -0.2860   0.3197  -0.0183  -0.2141  -0.4211  -0.1439
 -0.2525   0.2819   0.0300  -0.2916  -0.4077  -0.0914
 -0.2555   0.4179   0.0362  -0.3693  -0.4179  -0.1140
 -0.2582   0.2970   0.0036  -0.2658  -0.4282  -0.1267
 -0.2616   0.3828   0.0303  -0.1895  -0.4105  -0.1881
 -0.2585   0.3461   0.0463  -0.2353  -0.4176  -0.1647
 -0.2392   0.3520   0.0743  -0.2432  -0.4064  -0.1631
 -0.2292   0.2972   0.0755  -0.2205  -0.4029  -0.1517
 -0.2334   0.2940   0.0470  -0.1747  -0.3875  -0.1744
 -0.1769   0.2315   0.1377  -0.1207  -0.3437  -0.1655
 -0.1106   0.2163   0.2263  -0.0959  -0.2642  -0.1767
 -0.1439   0.2494   0.1725  -0.0737  -0.2959  -0.1925
 -0.1473   0.2435   0.2010  -0.2031  -0.3026  -0.1160
