  0.0781   0.1492  -0.1071  -0.1477   0.0224  -0.1993
  0.0764   0.0458  -0.1130  -0.1283   0.0133  -0.1996
  0.0657   0.0500  -0.1158  -0.1474   0.0241  -0.2039
  0.0660   0.1094  -0.1039  -0.2215   0.0278  -0.2182
  0.0713   0.1008  -0.1029  -0.1560   0.0223  -0.1717
  0.0581   0.1113  -0.1071  -0.1503   0.0282  -0.1898
  0.0730   0.1419  -0.1226  -0.2046   0.0324  -0.1845
  0.0926   0.1032  -0.1443  -0.1493   0.0339  -0.1731
  0.0941   0.1314  -0.1328  -0.1339   0.0349  -0.1784
  0.0905   0.1520  -0.1151  -0.1412   0.0274  -0.1569
  0.0836   0.1243  -0.1265  -0.1208   0.0290  -0.1637
  0.0926   0.1691  -0.1224  -0.1806   0.0352  -0.1749
  0.0863   0.1439  -0.1074  -0.1028   0.0234  -0.1275
  0.0768   0.1402  -0.1133  -0.1097   0.0203  -0.1532
  0.0738   0.1525  -0.0960  -0.1275   0.0203  -0.1593
  0.0731   0.1304  -0.0886  -0.0662   0.0159  -0.1188
  0.0711   0.1319  -0.0906  -0.1164   0.0283  -0.1568
  0.0699   0.1741  -0.0887  -0.1552   0.0218  -0.1521
  0.0677   0.1534  -0.0880  -0.1026   0.0191  -0.1271
  0.0657   0.1730  -0.0949  -0.1411   0.0234  -0.1361
  0.0630   0.2100  -0.0805  -0.1600   0.0219  -0.1315
  0.0547   0.1696  -0.0652  -0.0706   0.0089  -0.0953
  0.0495   0.1619  -0.0756  -0.1190   0.0193  -0.1318
  0.0508   0.2084  -0.0634  -0.1083   0.0047  -0.0995
  0.0441   0.1947  -0.0545  -0.0458  -0.0065  -0.0647
  0.0433   0.1681  -0.0641  -0.0859   0.0104  -0.1000
  0.0469   0.2023  -0.0527  -0.1375   0.0121  -0.1307
  0.0543   0.2358  -0.0634  -0.1289   0.0161  -0.1084
  0.0583   0.2313  -0.0714  -0.1103   0.0120  -0.0824
  0.0463   0.1868  -0.0679  -0.0857   0.0120  -0.0847
  0.0507   0.2168  -0.0784  -0.1220   0.0227  -0.0922
  0.0572   0.2446  -0.0681  -0.1457   0.0235  -0.0983
  0.0541   0.3013  -0.0857  -0.1931   0.0324  -0.0787
  0.0502   0.3262  -0.0640  -0.1759   0.0270  -0.0637
  0.0491   0.2775  -0.0548  -0.1236   0.0219  -0.0657
  0.0396   0.2331  -0.0614  -0.1050   0.0229  -0.0683
  0.0322   0.2247  -0.0462  -0.1230   0.0204  -0.0826
  0.0297   0.2568  -0.0313  -0.1523   0.0148  -0.0762
  0.0240   0.2328  -0.0198  -0.1068   0.0101  -0.0421
  0.0165   0.1731  -0.0326  -0.0652   0.0122  -0.0525
  0.0182   0.1563  -0.0321  -0.1096   0.0130  -0.0988
  0.0213   0.1661  -0.0241  -0.1016   0.0107  -0.0894
  0.0210   0.1461  -0.0199  -0.0193   0.0096  -0.0296
  0.0124   0.1121  -0.0325  -0.0218   0.0129  -0.0504
  0.0190   0.1535  -0.0339  -0.0789   0.0153  -0.0707
  0.0255   0.1700  -0.0194  -0.1031   0.0095  -0.0687
  0.0247   0.1269  -0.0132  -0.0370   0.0047  -0.0394
  0.0203   0.0905  -0.0142   0.0016   0.0060  -0.0539
  0.0172   0.1038  -0.0156  -0.0583   0.0103  -0.0776
  0.0100   0.1073   0.0040  -0.0302   0.0010  -0.0444
  0.0035   0.0497   0.0050   0.0233  -0.0022  -0.0401
  0.0007   0.0605  -0.0020  -0.0160   0.0019  -0.0619
  0.0132   0.1014   0.0048  -0.0689   0.0032  -0.0745
  0.0172   0.0928   0.0106  -0.0435   0.0026  -0.0441
  0.0090   0.0465   0.0025   0.0246  -0.0018  -0.0349
  0.0046   0.0400  -0.0054  -0.0278   0.0034  -0.0698
 -0.0040   0.0699   0.0014  -0.0467   0.0044  -0.0646
 -0.0060   0.0534   0.0108   0.0011  -0.0057  -0.0292
 -0.0032  -0.0020   0.0190   0.0801  -0.0125  -0.0164
 -0.0060  -0.0078   0.0120   0.0341  -0.0033  -0.0431
  0.0020   0.0192   0.0088  -0.0041   0.0020  -0.0434
  0.0194   0.0216  -0.0135  -0.0238   0.0037  -0.0449
  0.0186   0.0137  -0.0152   0.0282   0.0008  -0.0229
  0.0113  -0.0304  -0.0152   0.0741   0.0043  -0.0172
  0.0090  -0.0307  -0.0219   0.0399   0.0107  -0.0432
  0.0062  -0.0162  -0.0102   0.0018   0.0070  -0.0454
  0.0044  -0.0291  -0.0027   0.0532   0.0009  -0.0089
 -0.0016  -0.0772  -0.0024   0.0937   0.0005  -0.0118
  0.0013  -0.0827  -0.0032   0.0734   0.0043  -0.0316
 -0.0020  -0.0472  -0.0035   0.0168   0.0068  -0.0551
 -0.0017  -0.0317   0.0029   0.0368   0.0004  -0.0148
  0.0005  -0.0869  -0.0014   0.1067  -0.0026  -0.0026
  0.0080  -0.0849  -0.0080   0.0632   0.0011  -0.0327
  0.0078  -0.0251  -0.0066   0.0164   0.0066  -0.0391
  0.0048  -0.0163  -0.0044   0.0372   0.0073  -0.0137
  0.0033  -0.0347   0.0080   0.0676  -0.0010   0.0081
  0.0013  -0.0520  -0.0012   0.0764   0.0015   0.0063
  0.0010  -0.0375  -0.0104   0.0619   0.0018   0.0018
 -0.0032  -0.0097  -0.0076   0.0481   0.0078   0.0034
 -0.0009   0.0104  -0.0022   0.0396   0.0070   0.0106
  0.0032   0.0135   0.0030   0.0528   0.0021   0.0284
  0.0009  -0.0193  -0.0021   0.0938  -0.0004   0.0401
  0.0009  -0.0262  -0.0051   0.0796   0.0063   0.0285
  0.0001  -0.0074  -0.0150   0.0120   0.0078  -0.0063
  0.0012  -0.0018  -0.0107   0.0236   0.0088   0.0156
 -0.0097  -0.0214   0.0060   0.0485  -0.0003   0.0210
 -0.0128  -0.0637   0.0204   0.0635  -0.0048   0.0331
 -0.0126  -0.0857   0.0220   0.0492  -0.0040   0.0192
 -0.0139  -0.0907   0.0117   0.0583  -0.0081   0.0005
 -0.0118  -0.0663   0.0164   0.0518  -0.0063   0.0270
 -0.0160  -0.0791   0.0218   0.0777  -0.0104   0.0501
 -0.0233  -0.1073   0.0165   0.0902  -0.0095   0.0381
 -0.0224  -0.0578   0.0235   0.0113  -0.0102   0.0134
 -0.0199  -0.0742   0.0317   0.0780  -0.0151   0.0507
 -0.0213  -0.1058   0.0228   0.0899  -0.0085   0.0372
 -0.0210  -0.0747   0.0180   0.0346  -0.0083   0.0298
 -0.0208  -0.0492   0.0278   0.0192  -0.0078   0.0406
 -0.0276  -0.0803   0.0260   0.0818  -0.0067   0.0630
 -0.0206  -0.0842   0.0171   0.0549  -0.0033   0.0411
 -0.0181  -0.0595   0.0267   0.0069  -0.0019   0.0213
 -0.0220  -0.0613   0.0318   0.0340  -0.0080   0.0502
 -0.0229  -0.1079   0.0287   0.0871  -0.0081   0.0695
 -0.0286  -0.1023   0.0251   0.0500  -0.0038   0.0491
 -0.0338  -0.0837   0.0328   0.0394  -0.0075   0.0610
 -0.0340  -0.1169   0.0363   0.0905  -0.0112   0.0934
 -0.0324  -0.1234   0.0305   0.0696  -0.0107   0.0647
 -0.0312  -0.0687   0.0355   0.0223  -0.0069   0.0554
 -0.0356  -0.1333   0.0339   0.1125  -0.0092   0.0990
 -0.0349  -0.1228   0.0245   0.0564  -0.0074   0.0730
 -0.0276  -0.0864   0.0374   0.0214  -0.0128   0.0656
 -0.0281  -0.0968   0.0403   0.0574  -0.0125   0.0875
 -0.0275  -0.1284   0.0331   0.0747  -0.0115   0.0836
 -0.0239  -0.1251   0.0316   0.0779  -0.0102   0.0740
 -0.0185  -0.0933   0.0363   0.0378  -0.0121   0.0792
 -0.0218  -0.1049   0.0401   0.0869  -0.0135   0.1070
 -0.0216  -0.1396   0.0252   0.1132  -0.0013   0.0940
 -0.0257  -0.0921   0.0279   0.0474  -0.0041   0.0766
 -0.0256  -0.0938   0.0392   0.0604  -0.0150   0.1007
 -0.0301  -0.1358   0.0412   0.1077  -0.0180   0.1039
 -0.0293  -0.1217   0.0320   0.0654  -0.0129   0.0815
 -0.0327  -0.0903   0.0369   0.0304  -0.0137   0.0955
 -0.0392  -0.1401   0.0499   0.1023  -0.0157   0.1238
 -0.0421  -0.1504   0.0586   0.1036  -0.0225   0.1002
 -0.0369  -0.1028   0.0464   0.0449  -0.0164   0.0948
 -0.0401  -0.0956   0.0563   0.0644  -0.0157   0.1356
 -0.0406  -0.1869   0.0479   0.1430  -0.0110   0.1289
 -0.0416  -0.1962   0.0460   0.1059  -0.0087   0.0988
 -0.0377  -0.1426   0.0508   0.0515  -0.0121   0.1076
 -0.0438  -0.1617   0.0625   0.1253  -0.0159   0.1424
 -0.0405  -0.2091   0.0555   0.1793  -0.0169   0.1419
 -0.0334  -0.1375   0.0474   0.0635  -0.0177   0.1012
 -0.0280  -0.1181   0.0426   0.0673  -0.0141   0.1302
 -0.0632  -0.0566   0.0917   0.0591  -0.0282   0.1585
 -0.0932  -0.0084   0.1289   0.0484  -0.0422   0.1742
 -0.0759  -0.0934   0.1032   0.0789  -0.0376   0.1615
 -0.0667  -0.0566   0.1055   0.0058  -0.0263   0.1233
 -0.0590  -0.0544   0.0950  -0.0066  -0.0282   0.1194
 -0.0682  -0.0981   0.1044   0.0571  -0.0320   0.1591
 -0.0682  -0.1611   0.0886   0.0955  -0.0258   0.1531
 -0.0673  -0.1324   0.0884   0.0157  -0.0199   0.1242
 -0.0691  -0.1477   0.0966   0.0781  -0.0207   0.1719
 -0.0686  -0.1760   0.0975   0.0870  -0.0272   0.1495
 -0.0733  -0.1985   0.0921   0.0599  -0.0237   0.1306
 -0.0773  -0.1697   0.1002   0.0405  -0.0239   0.1499
 -0.0739  -0.2200   0.1137   0.1112  -0.0277   0.1630
 -0.0739  -0.2151   0.1074   0.0948  -0.0289   0.1416
 -0.0794  -0.1837   0.1058   0.0335  -0.0318   0.1388
 -0.0816  -0.2074   0.1094   0.0844  -0.0246   0.1770
 -0.0779  -0.2273   0.0960   0.1036  -0.0168   0.1695
 -0.0809  -0.2091   0.0977   0.0353  -0.0201   0.1403
 -0.0786  -0.2251   0.1044   0.0949  -0.0234   0.1825
 -0.0800  -0.2720   0.1024   0.1159  -0.0216   0.1730
