 -0.3700   2.3833   0.1863  -0.6356  -0.0576  -0.9731
 -0.3391   2.5167   0.2318  -0.8236  -0.0163  -0.9827
 -0.3537   2.4913   0.2685  -0.7281  -0.0208  -0.9770
 -0.3310   2.4291   0.3254  -0.7535  -0.0252  -0.9563
 -0.3495   2.3856   0.2750  -0.7379  -0.0459  -0.9498
 -0.3633   2.3440   0.2391  -0.7660  -0.0727  -0.9170
 -0.4321   2.3611   0.1924  -0.7065  -0.1196  -0.8917
 -0.4662   2.3925   0.2028  -0.7192  -0.1313  -0.9030
 -0.4736   2.4473   0.2055  -0.7192  -0.1341  -0.8997
 -0.4357   2.4704   0.1933  -0.6967  -0.1032  -0.9166
 -0.4724   2.4342   0.1945  -0.5863  -0.1159  -0.9406
 -0.4546   2.3225   0.1473  -0.6021  -0.1179  -0.9257
 -0.4804   2.2773   0.1305  -0.6195  -0.1339  -0.9250
 -0.4566   2.3423   0.0217  -0.5313  -0.0863  -0.9252
 -0.4133   2.2860   0.0263  -0.4680  -0.0727  -0.9150
 -0.4726   2.3283   0.0882  -0.5155  -0.1044  -0.9165
 -0.4408   2.2995   0.0571  -0.4232  -0.0862  -0.9149
 -0.4286   2.3495   0.1018  -0.4948  -0.1099  -0.9147
 -0.4195   2.3043   0.0571  -0.4919  -0.1226  -0.9026
 -0.4438   2.3334   0.0540  -0.5061  -0.1163  -0.8786
 -0.4525   2.3693   0.0744  -0.5608  -0.1240  -0.8826
 -0.4323   2.2205   0.0047  -0.4357  -0.0955  -0.8685
 -0.4573   2.2027  -0.0942  -0.3800  -0.0709  -0.8565
 -0.4397   2.1417  -0.0361  -0.3487  -0.0643  -0.8513
 -0.3962   2.0456   0.0419  -0.3350  -0.0422  -0.8197
 -0.4187   2.1331   0.0728  -0.3533  -0.0416  -0.8273
 -0.4091   2.0692   0.0932  -0.2829  -0.0411  -0.8266
 -0.4057   2.0292   0.0958  -0.2781  -0.0336  -0.8177
 -0.3640   1.9287   0.0668  -0.2332  -0.0312  -0.7942
 -0.3898   1.9584   0.0464  -0.2147  -0.0341  -0.8086
 -0.3708   1.9587   0.0335  -0.1950  -0.0088  -0.7803
 -0.3331   1.8949  -0.0005  -0.2573  -0.0026  -0.7292
 -0.2827   1.8530   0.0005  -0.2531  -0.0239  -0.7079
 -0.3119   1.8382  -0.0192  -0.1838  -0.0112  -0.7168
 -0.2779   1.7904   0.0026  -0.1443  -0.0139  -0.7076
 -0.2803   1.8729  -0.0025  -0.1240   0.0217  -0.7379
 -0.2195   1.5204   0.0145  -0.0264  -0.0035  -0.6822
 -0.1633   0.8826   0.1763   0.1649  -0.0151  -0.4776
 -0.2155   0.8043   0.3827   0.1054  -0.0299  -0.3966
 -0.2002   0.9477   0.2525   0.1310  -0.0068  -0.4366
 -0.2295   0.6833   0.3144  -0.0505  -0.0567  -0.3746
 -0.1011   0.5224   0.1724  -0.0211  -0.0281  -0.3093
 -0.0078   0.6552   0.0698   0.1296   0.0011  -0.3024
 -0.0295   0.4097   0.1098   0.1341  -0.0204  -0.2993
  0.0172   0.4917  -0.0131   0.1907  -0.0063  -0.2616
  0.0406   0.3442  -0.0249   0.1951  -0.0064  -0.2290
  0.0508   0.3855  -0.0271   0.1863  -0.0002  -0.2219
  0.0614   0.3513  -0.0255   0.2017   0.0076  -0.2279
  0.0322   0.3547   0.0485   0.1618  -0.0317  -0.1748
  0.0464   0.2535  -0.0145   0.1582  -0.0028  -0.1632
  0.0316   0.3295   0.0529   0.1784  -0.0593  -0.1813
  0.0350   0.3387  -0.0306   0.3887  -0.0291  -0.1830
  0.0333   0.5297   0.0912   0.0315  -0.1178  -0.1703
 -0.0450   0.4927   0.1441  -0.0468  -0.1531  -0.1451
  0.0112   0.3479   0.1243   0.1519  -0.1078  -0.1370
 -0.0115   0.3544   0.1557   0.1129  -0.1258  -0.1520
  0.0386   0.4924   0.2609  -0.1086  -0.2153  -0.1260
  0.0828   0.3211  -0.1772  -0.3206  -0.0971  -0.0418
  0.1232   0.0964  -0.3310  -0.0214   0.0601  -0.0826
  0.1487   0.0551  -0.1470   0.0701  -0.0108  -0.0516
  0.1539  -0.0252  -0.2252   0.0882  -0.0384  -0.0301
  0.1291   0.0075  -0.1458   0.0605  -0.0362   0.0049
  0.0713   0.0560  -0.0642   0.0973  -0.0182  -0.0282
  0.0499   0.0624  -0.0086   0.1309  -0.0134   0.0256
  0.0665   0.0125   0.0794   0.0370  -0.0165   0.0376
  0.0778  -0.0496   0.0683   0.0117  -0.0499   0.0348
  0.0246  -0.0895   0.0031   0.1567   0.0120   0.0355
  0.0285  -0.0904   0.0076   0.1655   0.0049   0.0381
 -0.0113  -0.1320   0.0189   0.2516   0.0294   0.0577
  0.0243  -0.2424   0.0178   0.2218   0.0131   0.0751
  0.0073  -0.3099   0.0141   0.2284   0.0323   0.0958
  0.0236  -0.0809  -0.0019   0.1279   0.0084   0.0863
  0.0061  -0.0686  -0.0983   0.1432   0.0053   0.0863
 -0.0030  -0.2173  -0.1237   0.1810   0.0113   0.1288
 -0.0027  -0.3819  -0.0988   0.3015   0.0643   0.1793
  0.0197  -0.3997  -0.0592   0.2964   0.0432   0.1944
  0.0359  -0.5824   0.0301   0.2943   0.0804   0.2368
  0.0349  -0.6256   0.0375   0.3867   0.0682   0.2601
  0.0727  -0.7521   0.1222   0.4130   0.1274   0.2867
  0.1510  -0.7575   0.0900   0.3685   0.1461   0.3051
  0.1427  -0.9951   0.0329   0.3584   0.1025   0.3667
  0.1792  -0.9185   0.0716   0.3596   0.1179   0.3677
  0.1579  -1.1748   0.0817   0.3303   0.1039   0.4114
  0.1974  -0.2090  -0.2068   0.3803   0.1206   0.2944
  0.2596  -0.4189  -0.5237   0.2339   0.0438   0.3965
  0.2716  -1.4167  -0.2780   0.1414   0.0264   0.5798
  0.2849  -1.3534  -0.2661   0.1347   0.0212   0.5461
  0.2454  -1.4432  -0.1666   0.0986  -0.0006   0.5935
  0.1997  -1.3122  -0.1356   0.0831   0.0262   0.5876
  0.2346  -1.4856  -0.1213   0.0798   0.0159   0.6253
  0.2226  -1.4101  -0.3245   0.1027   0.0198   0.6098
  0.2226  -1.4812  -0.2930   0.0859   0.0233   0.6466
  0.2372  -1.5468  -0.2565   0.0908   0.0432   0.6702
  0.2669  -1.6261  -0.1766   0.1031   0.0184   0.6916
  0.2151  -1.6525  -0.2717   0.0653   0.0422   0.7096
  0.3240  -1.8870  -0.0787  -0.2323  -0.0379   0.7549
  0.3353  -1.9625  -0.1186  -0.1149  -0.0141   0.7943
  0.3414  -1.9905  -0.2442   0.0667   0.0460   0.8126
  0.3223  -2.0633  -0.1115  -0.0155   0.0304   0.8369
  0.2705  -2.1816  -0.1226   0.0910   0.0359   0.8784
  0.3590  -2.1524   0.0289   0.0457   0.0182   0.8719
  0.2584  -2.1999  -0.0917   0.0689   0.0445   0.8912
  0.3804  -2.3222  -0.0116   0.0844   0.0282   0.9257
  0.2627  -2.1265  -0.1210   0.0615   0.0292   0.9119
  0.1280  -2.1263  -0.0912  -0.0698  -0.0111   0.9163
  0.2569  -2.4155  -0.0802   0.1399   0.0560   0.9608
  0.2453  -2.4321   0.0768   0.1981   0.0824   0.9832
  0.3129  -2.5140   0.0539   0.0203   0.0462   1.0117
  0.4034  -2.6111  -0.1643   0.0545   0.0391   1.0367
  0.3756  -2.7022  -0.1335   0.0732   0.0430   1.0539
  0.3736  -2.6258  -0.1397   0.0361   0.0418   1.0261
  0.3707  -2.6581  -0.1309   0.0447   0.0535   1.0343
  0.3794  -2.6803  -0.1405   0.0757   0.0571   1.0636
  0.3670  -2.6726  -0.1266   0.0699   0.0568   1.0848
  0.3959  -2.7138  -0.1468   0.0834   0.0550   1.1047
  0.3982  -2.7430  -0.1312   0.0663   0.0518   1.1164
  0.4226  -2.8193  -0.1580   0.1226   0.0623   1.1398
  0.3392  -2.6626  -0.0315   0.1522   0.0627   1.1282
  0.3328  -2.6074   0.0604   0.1443   0.0734   1.1297
  0.4008  -2.7435  -0.0098   0.1578   0.0756   1.1532
  0.4289  -2.8490  -0.0108   0.2120   0.0994   1.1938
  0.4261  -2.9503   0.0074   0.2869   0.1053   1.2182
  0.4124  -2.9319  -0.0005   0.2532   0.0910   1.2223
  0.4262  -2.9596  -0.0048   0.2167   0.0830   1.2494
