  0.2917   2.8753   0.0290  -0.6720   0.1368  -0.8859
  0.2432   3.6348   0.0357  -0.8427   0.1309  -1.1029
  0.2678   3.4372   0.0416  -0.8786   0.1304  -1.0682
  0.2813   3.4111   0.0298  -0.8473   0.1203  -1.0434
  0.2844   3.2526   0.0112  -0.7607   0.1249  -1.0056
  0.2763   3.2315  -0.0045  -0.7700   0.1099  -1.0106
  0.2946   3.0632   0.0180  -0.7834   0.1263  -0.9676
  0.2991   3.1800  -0.0551  -0.7638   0.0990  -1.0147
  0.2992   3.0853  -0.0993  -0.7507   0.0968  -1.0291
  0.3314   3.0547  -0.0280  -0.7549   0.1217  -1.0099
  0.3321   2.9951  -0.0230  -0.7244   0.1319  -0.9278
  0.3278   2.9689  -0.0250  -0.6912   0.1369  -0.9567
  0.3301   2.9075  -0.0388  -0.6403   0.1385  -0.9554
  0.3240   2.9255  -0.0282  -0.6767   0.1340  -0.9357
  0.3116   2.8636  -0.0142  -0.7236   0.1315  -0.9476
  0.3281   2.8514   0.0241  -0.7526   0.1361  -0.9472
  0.3277   2.7765   0.0233  -0.6907   0.1424  -0.8937
  0.3105   2.6628   0.0510  -0.6433   0.1524  -0.8822
  0.3045   2.5202   0.1098  -0.6519   0.1698  -0.8411
  0.3624   2.5297   0.1573  -0.6524   0.2066  -0.8672
  0.3918   2.4590   0.1881  -0.5988   0.2203  -0.8258
  0.3617   2.3233   0.1750  -0.5950   0.2029  -0.7780
  0.3578   2.2473   0.1436  -0.5673   0.1981  -0.7923
  0.3425   2.1243   0.1388  -0.4971   0.1992  -0.7443
  0.3490   1.9395   0.1488  -0.4732   0.1955  -0.6441
  0.3596   1.9996   0.1346  -0.5098   0.1890  -0.7041
  0.3372   2.0406   0.1309  -0.5460   0.1789  -0.7050
  0.3478   2.0340   0.1412  -0.5084   0.1852  -0.6742
  0.3561   2.0108   0.1291  -0.5032   0.1912  -0.7157
  0.3384   1.9733   0.1073  -0.4603   0.1794  -0.6840
  0.3362   1.9444   0.1188  -0.4776   0.1679  -0.6708
  0.3365   2.0017   0.1467  -0.5651   0.1776  -0.7073
  0.3479   1.9618   0.1475  -0.5440   0.1856  -0.7212
  0.3442   1.9438   0.1369  -0.4843   0.1841  -0.6944
  0.3389   1.8441   0.1230  -0.4119   0.1905  -0.6477
  0.3295   1.8430   0.1257  -0.4375   0.1931  -0.6648
  0.3256   1.7156   0.1628  -0.4630   0.2108  -0.5975
  0.3220   1.5350   0.1890  -0.4499   0.2125  -0.5697
  0.3217   1.4585   0.2052  -0.3920   0.2261  -0.5516
  0.2986   1.3520   0.1937  -0.3099   0.2260  -0.4868
  0.2837   1.3537   0.1603  -0.2987   0.2185  -0.5166
  0.2908   1.3013   0.1750  -0.3064   0.2333  -0.5094
  0.2819   1.2882   0.1359  -0.2643   0.2100  -0.4746
  0.2641   1.2957   0.0945  -0.2883   0.1889  -0.4646
  0.2540   1.2706   0.0826  -0.2578   0.1821  -0.4800
  0.2549   1.2887   0.0971  -0.2847   0.1913  -0.4996
  0.2603   1.2567   0.1086  -0.3100   0.2040  -0.4480
  0.2652   1.1103   0.1038  -0.2100   0.2184  -0.4518
  0.2585   1.1155   0.1144  -0.1666   0.2215  -0.4935
  0.2467   1.0949   0.0956  -0.1872   0.1821  -0.4578
  0.2458   1.0417   0.1232  -0.2183   0.1893  -0.4545
  0.2368   1.0410   0.1237  -0.2046   0.1794  -0.4019
  0.2023   1.1803   0.0257  -0.2147   0.1253  -0.4542
  0.2073   1.1487   0.0563  -0.2422   0.1319  -0.4631
  0.1938   1.0684   0.0487  -0.2859   0.1319  -0.4147
  0.1904   1.0026   0.0343  -0.2188   0.1424  -0.4119
  0.1748   0.9732   0.0221  -0.1820   0.1089  -0.4110
  0.1571   0.9091   0.0128  -0.1790   0.0815  -0.3841
  0.2144   0.9652   0.0198  -0.1759   0.1226  -0.3818
  0.2351   1.0823   0.0279  -0.2376   0.1305  -0.4183
  0.2388   1.0358   0.0178  -0.2343   0.1118  -0.3826
  0.2404   1.0457   0.0200  -0.1894   0.1125  -0.3787
  0.2150   0.9922  -0.0059  -0.1753   0.1008  -0.3479
  0.2100   0.9611  -0.0085  -0.1816   0.0996  -0.3727
  0.1881   0.8520  -0.0584  -0.1663   0.0673  -0.3401
  0.1930   0.8746  -0.0658  -0.2024   0.0622  -0.3398
  0.1927   0.8459  -0.0651  -0.1644   0.0574  -0.3385
  0.2066   0.7976  -0.0509  -0.1846   0.0655  -0.3147
  0.2002   0.7430  -0.0779  -0.1294   0.0684  -0.3010
  0.1854   0.7368  -0.1084  -0.0682   0.0526  -0.3253
  0.2010   0.7491  -0.0784  -0.0974   0.0629  -0.3138
  0.1683   0.7333  -0.1043  -0.0920   0.0337  -0.2726
  0.1519   0.7862  -0.1255  -0.1376   0.0227  -0.2937
  0.1470   0.7713  -0.1045  -0.1554   0.0349  -0.3203
  0.1586   0.7526  -0.0891  -0.1206   0.0433  -0.2812
  0.1812   0.7218  -0.0692  -0.0752   0.0556  -0.2991
  0.1982   0.7272  -0.0680  -0.0675   0.0636  -0.3008
  0.1879   0.7138  -0.0649  -0.1130   0.0387  -0.2669
  0.1944   0.7210  -0.0714  -0.1433   0.0351  -0.2980
  0.1872   0.6706  -0.0629  -0.1122   0.0275  -0.2708
  0.1909   0.6154  -0.0478  -0.0591   0.0383  -0.2474
  0.1844   0.6309  -0.0647  -0.0935   0.0403  -0.2686
  0.1791   0.6119  -0.0684  -0.0907   0.0369  -0.2609
  0.1677   0.5684  -0.0835  -0.1055   0.0330  -0.2687
  0.1480   0.5403  -0.0740  -0.0193   0.0518  -0.2415
  0.1530   0.4713  -0.0479   0.0204   0.0606  -0.2218
  0.1500   0.4371  -0.0352   0.0020   0.0475  -0.2333
  0.1344   0.3783  -0.0402   0.0054   0.0464  -0.2079
  0.1172   0.3124  -0.0575   0.0158   0.0333  -0.1948
  0.1196   0.3412  -0.0387  -0.0064   0.0204  -0.1850
  0.1171   0.3123  -0.0415   0.0039   0.0210  -0.1702
  0.0958   0.2972  -0.0516   0.0325   0.0223  -0.1669
  0.0839   0.2970  -0.0863   0.0270   0.0068  -0.1777
  0.0739   0.2813  -0.1063   0.0132  -0.0001  -0.2080
  0.0687   0.2472  -0.1003   0.0192  -0.0035  -0.1580
  0.0614   0.1588  -0.0904   0.0748   0.0085  -0.1648
  0.0565   0.1399  -0.0952   0.0854   0.0021  -0.1551
  0.0279   0.0778  -0.1022   0.0613  -0.0132  -0.1064
  0.0363   0.0817  -0.0773   0.0524  -0.0090  -0.1045
  0.0308   0.0807  -0.0870   0.0654  -0.0084  -0.0996
  0.0408   0.0620  -0.0844   0.0847  -0.0078  -0.1133
  0.0417   0.0528  -0.0696   0.0549  -0.0061  -0.0953
  0.0402   0.0412  -0.0811   0.0350  -0.0089  -0.1140
  0.0552   0.0164  -0.0655  -0.0195  -0.0139  -0.0970
  0.0510  -0.0059  -0.0788  -0.0209  -0.0181  -0.0821
  0.0293  -0.0446  -0.0887  -0.0324  -0.0294  -0.0439
  0.0362  -0.0450  -0.0798  -0.0270  -0.0152  -0.0579
  0.0418  -0.0774  -0.0813   0.0329  -0.0076  -0.0537
  0.0557  -0.0636  -0.0668   0.0262   0.0066  -0.0563
  0.0498  -0.0704  -0.0838   0.0677   0.0046  -0.0655
  0.0492  -0.0488  -0.0776   0.0565   0.0134  -0.0549
  0.0465  -0.0660  -0.0659   0.0531   0.0284  -0.0727
  0.0563  -0.0488  -0.0582   0.0143   0.0306  -0.0753
  0.0527  -0.1015  -0.0642   0.0609   0.0261  -0.0247
  0.0495  -0.1281  -0.0622   0.0699   0.0219  -0.0213
  0.0539  -0.1186  -0.0589   0.0667   0.0212  -0.0592
  0.0547  -0.1508  -0.0552   0.0668   0.0171  -0.0616
  0.0476  -0.1472  -0.0579   0.0628   0.0158  -0.0440
  0.0261  -0.1475  -0.0657   0.0942   0.0176  -0.0024
  0.0337  -0.1536  -0.0663   0.1320   0.0222  -0.0491
  0.0328  -0.1519  -0.0666   0.1364   0.0059  -0.0234
  0.0164  -0.2134  -0.0599   0.1812  -0.0046   0.0267
  0.0102  -0.2326  -0.0508   0.1336  -0.0018  -0.0058
  0.0164  -0.2333  -0.0303   0.1101  -0.0031   0.0157
  0.0221  -0.2404  -0.0187   0.1671   0.0007   0.0422
  0.0085  -0.2331  -0.0363   0.1875  -0.0153   0.0512
 -0.0042  -0.2476  -0.0314   0.1619  -0.0384   0.0538
  0.0073  -0.2500  -0.0112   0.1209  -0.0308   0.0822
  0.0261  -0.2977   0.0025   0.0913  -0.0279   0.0756
  0.0278  -0.3069   0.0080   0.0758  -0.0334   0.0758
  0.0318  -0.3381   0.0048   0.0955  -0.0338   0.0875
  0.0109  -0.3289  -0.0111   0.1309  -0.0462   0.1094
 -0.0032  -0.3245  -0.0145   0.1255  -0.0391   0.0830
  0.0110  -0.2989  -0.0081   0.0803  -0.0297   0.0679
  0.0152  -0.2945  -0.0044   0.0657  -0.0259   0.0797
  0.0223  -0.2822   0.0060   0.0437  -0.0203   0.0937
  0.0207  -0.3110   0.0029   0.0897  -0.0134   0.0832
  0.0022  -0.3182  -0.0127   0.1683  -0.0157   0.0938
  0.0097  -0.3110  -0.0043   0.1160  -0.0231   0.0949
  0.0090  -0.2921  -0.0143   0.1399  -0.0226   0.1122
  0.0004  -0.3091  -0.0253   0.1315  -0.0247   0.0835
 -0.0011  -0.3471  -0.0272   0.1610  -0.0245   0.0911
 -0.0017  -0.3387  -0.0230   0.1166  -0.0327   0.1036
  0.0033  -0.3582  -0.0273   0.1331  -0.0386   0.1044
  0.0137  -0.3545  -0.0050   0.0683  -0.0362   0.1071
 -0.0074  -0.4187  -0.0136   0.1184  -0.0369   0.1461
 -0.0215  -0.4574  -0.0173   0.1007  -0.0359   0.1580
 -0.0053  -0.4836  -0.0124   0.1237  -0.0457   0.1455
 -0.0008  -0.5391  -0.0024   0.0818  -0.0558   0.1729
 -0.0087  -0.6169  -0.0154   0.1384  -0.0506   0.1958
 -0.0191  -0.6128  -0.0082   0.1906  -0.0298   0.2283
 -0.0086  -0.6337   0.0054   0.1875  -0.0503   0.1758
  0.0007  -0.6542   0.0093   0.1696  -0.0473   0.1934
 -0.0194  -0.7663   0.0160   0.1965  -0.0507   0.2816
 -0.0576  -0.9116  -0.0054   0.2226  -0.0634   0.3337
 -0.0915  -0.9615  -0.0170   0.2357  -0.0841   0.3502
 -0.1194  -0.9709  -0.0107   0.2691  -0.0755   0.3480
 -0.1408  -1.0224  -0.0189   0.2886  -0.0915   0.3780
 -0.1428  -1.0662  -0.0120   0.3048  -0.0880   0.4191
 -0.1466  -1.0628  -0.0123   0.3075  -0.0603   0.4445
 -0.1555  -1.0703  -0.0153   0.2815  -0.0741   0.4096
 -0.1567  -1.0812  -0.0134   0.2478  -0.0787   0.4205
 -0.1587  -1.0869  -0.0081   0.2434  -0.0750   0.4452
 -0.1593  -1.1032  -0.0070   0.2286  -0.0878   0.4651
 -0.1831  -1.1322  -0.0289   0.2620  -0.1227   0.4307
 -0.1753  -1.1280  -0.0212   0.2294  -0.1082   0.4650
 -0.1779  -1.1359  -0.0343   0.2713  -0.1181   0.4593
 -0.1860  -1.1177  -0.0360   0.3210  -0.1178   0.4655
 -0.1960  -1.1349  -0.0526   0.3268  -0.1187   0.4544
 -0.1869  -1.1549  -0.0396   0.3047  -0.1012   0.4684
 -0.1899  -1.1668  -0.0339   0.3327  -0.1029   0.4862
 -0.1829  -1.1710  -0.0372   0.3134  -0.1145   0.4707
 -0.1915  -1.1794  -0.0519   0.3134  -0.1245   0.4890
 -0.1869  -1.1697  -0.0506   0.2978  -0.1272   0.4752
 -0.1808  -1.1698  -0.0396   0.2812  -0.1293   0.4854
 -0.1932  -1.1391  -0.0528   0.2628  -0.1295   0.4875
 -0.1917  -1.1216  -0.0744   0.2604  -0.1410   0.4512
 -0.1795  -1.1294  -0.0611   0.2577  -0.1306   0.4910
 -0.1740  -1.0884  -0.0918   0.2667  -0.1334   0.4312
 -0.1990  -1.1020  -0.1159   0.3305  -0.1399   0.4458
 -0.2266  -1.1339  -0.1162   0.3232  -0.1554   0.4747
 -0.2380  -1.1184  -0.1044   0.2562  -0.1576   0.4429
 -0.2347  -1.1205  -0.1168   0.2505  -0.1469   0.3985
 -0.2403  -1.1100  -0.1153   0.1783  -0.1687   0.4268
 -0.2346  -1.1303  -0.1162   0.2350  -0.1800   0.4264
 -0.2444  -1.1343  -0.1154   0.2461  -0.1731   0.4752
 -0.2538  -1.1767  -0.1143   0.2258  -0.1674   0.4352
 -0.2569  -1.1573  -0.1321   0.2110  -0.1726   0.4387
 -0.2693  -1.1523  -0.1252   0.1980  -0.1555   0.4673
 -0.2638  -1.1643  -0.1350   0.2501  -0.1543   0.4557
 -0.2766  -1.2133  -0.1182   0.2389  -0.1553   0.4825
 -0.2723  -1.1533  -0.1372   0.1907  -0.1647   0.4815
 -0.2757  -1.1518  -0.1086   0.1720  -0.1714   0.4171
 -0.2965  -1.0094   0.0176   0.1594  -0.1429   0.3533
 -0.2702  -1.1725   0.0471   0.1754  -0.1250   0.5078
 -0.3025  -1.2983   0.0874   0.1779  -0.1067   0.5335
 -0.3054  -1.2540   0.0719   0.1227  -0.1104   0.5222
 -0.3067  -1.2854   0.0764   0.0865  -0.0939   0.5235
 -0.3066  -1.3147   0.0863   0.1462  -0.0914   0.5316
 -0.3059  -1.3307   0.0885   0.1751  -0.0906   0.5449
 -0.3052  -1.3152   0.0874   0.1519  -0.0933   0.5262
 -0.3176  -1.3308   0.0769   0.1580  -0.0933   0.5404
 -0.3323  -1.3240   0.0564   0.2121  -0.0962   0.5593
 -0.3304  -1.3225   0.0580   0.1734  -0.0954   0.5578
 -0.3382  -1.3367   0.0634   0.1905  -0.0987   0.5528
 -0.3444  -1.3361   0.0703   0.1665  -0.0976   0.5797
 -0.3531  -1.3571   0.0475   0.2618  -0.1112   0.5745
 -0.3589  -1.3564   0.0473   0.2436  -0.1061   0.5509
 -0.3549  -1.3813   0.0602   0.2354  -0.1088   0.5715
 -0.3654  -1.3791   0.0548   0.2431  -0.1037   0.5611
 -0.3657  -1.3804   0.0588   0.2030  -0.1086   0.5787
 -0.3596  -1.3908   0.0615   0.2304  -0.0998   0.5644
 -0.3520  -1.3797   0.0539   0.2307  -0.1004   0.5842
 -0.3548  -1.3891   0.0593   0.2511  -0.1022   0.5830
 -0.3688  -1.3987   0.0499   0.2393  -0.1055   0.5913
 -0.3754  -1.4065   0.0527   0.2513  -0.1054   0.5682
 -0.3753  -1.4412   0.0664   0.2375  -0.1048   0.5993
 -0.3732  -1.4247   0.0583   0.2758  -0.1059   0.6034
 -0.3740  -1.4387   0.0581   0.2822  -0.1035   0.6106
 -0.3721  -1.4680   0.0715   0.2734  -0.1025   0.6082
 -0.3714  -1.4748   0.0724   0.2633  -0.1057   0.6073
 -0.3784  -1.4834   0.0745   0.2622  -0.1039   0.6431
 -0.3858  -1.4752   0.0697   0.2713  -0.1077   0.6232
 -0.3726  -1.4836   0.0843   0.2498  -0.1033   0.6319
 -0.3792  -1.4875   0.0755   0.2626  -0.1023   0.6277
 -0.3771  -1.4734   0.0742   0.2589  -0.1010   0.6453
 -0.3673  -1.4427   0.0885   0.2257  -0.0996   0.6378
 -0.3853  -1.4312   0.0684   0.2576  -0.1222   0.5936
 -0.3823  -1.4717   0.0835   0.2418  -0.1167   0.6290
 -0.3795  -1.5137   0.0975   0.2049  -0.1256   0.6706
 -0.3989  -1.5355   0.0915   0.2866  -0.1216   0.6536
 -0.4068  -1.5152   0.0901   0.2841  -0.1137   0.6232
 -0.4139  -1.5494   0.0904   0.2772  -0.1251   0.6492
 -0.4215  -1.5233   0.0815   0.3064  -0.1174   0.6364
 -0.4083  -1.5420   0.0797   0.2792  -0.1297   0.6529
 -0.4171  -1.5186   0.0905   0.2874  -0.1161   0.6364
