  0.0114  -0.2172   0.0001  -0.3992  -0.0265   0.0102
  0.0239  -0.2279  -0.0088  -0.2817  -0.0486  -0.0689
  0.1618   0.1391  -0.0154  -0.3045   0.0592  -0.1818
  0.1383   0.3294  -0.0578  -0.1700   0.1211   0.0824
  0.0832   0.3255  -0.0549  -0.1159   0.0798   0.0808
  0.0526   0.1738  -0.0420  -0.1452   0.0517   0.0445
 -0.0007  -0.0527  -0.0209  -0.2335   0.0101   0.0523
  0.0174  -0.0976  -0.0105  -0.1612  -0.0210  -0.0175
  0.0077  -0.0756  -0.0195  -0.0163  -0.0153  -0.0662
  0.0000  -0.0499  -0.0198  -0.1253  -0.0414   0.1068
  0.0207  -0.0437   0.0074  -0.0366  -0.0196  -0.0138
  0.0114  -0.0265  -0.0174  -0.0521  -0.0227   0.0707
  0.0046  -0.0424   0.0093  -0.1158   0.0039   0.0070
  0.0043  -0.0725   0.0183  -0.0242   0.0089  -0.0405
  0.0102  -0.0912   0.0100  -0.0508   0.0158  -0.0046
  0.0051  -0.0798   0.0053  -0.0851   0.0184   0.0312
  0.0097  -0.0866   0.0076  -0.0623   0.0226  -0.0068
 -0.0000  -0.0945   0.0110  -0.1390   0.0220  -0.0092
  0.0012  -0.1018   0.0292  -0.1366   0.0639  -0.0122
 -0.0091  -0.1135   0.0027  -0.1212   0.0404  -0.0007
 -0.0504  -0.0339   0.0452  -0.1329  -0.0055  -0.0184
  0.0054  -0.0105   0.0472  -0.1355   0.0444   0.0203
 -0.0090  -0.0282   0.0431  -0.0846  -0.0075  -0.0150
 -0.0085  -0.0144   0.0388  -0.0252  -0.0180  -0.0208
  0.0108   0.0310   0.0322  -0.0882   0.0088  -0.0086
  0.0045   0.0016   0.0226  -0.0845  -0.0030   0.0503
 -0.0050  -0.0496  -0.0330  -0.2953  -0.0206   0.0300
 -0.0055  -0.0787  -0.0332  -0.2020  -0.0352  -0.0564
 -0.0075  -0.1103  -0.0438  -0.1995   0.0111   0.0043
 -0.0154  -0.1272  -0.0362  -0.1798   0.0070  -0.0343
 -0.0328  -0.1262  -0.0157  -0.1934   0.0209  -0.0082
 -0.0349  -0.1128  -0.0700  -0.1663  -0.0177   0.0042
 -0.0247  -0.0999  -0.0649  -0.1142  -0.0665  -0.0225
 -0.0226  -0.0997  -0.0419  -0.0729  -0.0621   0.0146
 -0.0226  -0.0904  -0.0518  -0.0787  -0.0530  -0.0093
 -0.0094  -0.0926  -0.0474  -0.0802  -0.0486   0.0191
 -0.0166  -0.0807  -0.0456  -0.0917  -0.0436   0.0177
 -0.0031  -0.0838  -0.0440  -0.0750  -0.0560  -0.0178
 -0.0077  -0.0870  -0.0414  -0.0843  -0.0493  -0.0048
 -0.0119  -0.1002  -0.0483  -0.1124  -0.0351  -0.0162
 -0.0162  -0.1049  -0.0501  -0.1269  -0.0430  -0.0099
  0.0029  -0.1119  -0.0461  -0.1592  -0.0401  -0.0282
 -0.0085  -0.1363  -0.0270  -0.1114  -0.0464  -0.0320
  0.0005  -0.1290  -0.0095  -0.0912  -0.0519  -0.0353
 -0.0194  -0.1581   0.0112  -0.0227  -0.0843  -0.0132
 -0.0221  -0.1474   0.0237  -0.0025  -0.0822  -0.0058
 -0.0075  -0.1579   0.0410  -0.0954  -0.0239  -0.0031
 -0.0106  -0.1478   0.0330  -0.1338  -0.0054   0.0100
 -0.0035  -0.1551   0.0208  -0.0973  -0.0178  -0.0305
 -0.0054  -0.1571   0.0146  -0.1069  -0.0088  -0.0259
 -0.0073  -0.1507   0.0105  -0.1210  -0.0163  -0.0302
 -0.0365  -0.1542   0.0488  -0.1426  -0.0573  -0.0460
 -0.0260  -0.1696   0.0364  -0.1042  -0.0383  -0.0353
 -0.0174  -0.1571   0.0341  -0.0575  -0.0401  -0.0325
 -0.0213  -0.1393   0.0306   0.0113  -0.0591  -0.0008
 -0.0119  -0.1370   0.0031   0.0766  -0.0602  -0.0156
  0.1010   0.1654  -0.1455   0.6751   0.0623   0.0784
  0.1055   1.3726  -0.0775   1.6354   0.2488  -0.2067
 -0.0212   1.1097  -0.0435   1.3618   0.3062  -0.0210
 -0.0655   0.3910   0.0729   0.5683   0.2354   0.2217
 -0.0561   0.2929   0.1054   0.5953   0.1948  -0.0150
 -0.0543   0.2393   0.1178   0.5843   0.1615   0.0195
 -0.0413   0.2117   0.0944   0.5657   0.1342  -0.0079
 -0.0218   0.2404   0.0541   0.5185   0.0844  -0.0271
  0.0204   0.4124   0.0378   0.3371   0.0809  -0.0274
  0.0595   0.5846   0.0576  -0.2318   0.1277   0.0212
 -0.0330   0.3680   0.0182  -0.1251   0.0278  -0.0945
 -0.0419   0.3027   0.0203   0.0211  -0.0298  -0.0665
 -0.0236   0.2564   0.0308   0.1603  -0.0567  -0.0204
 -0.0468   0.2301   0.0295   0.1238  -0.0610   0.0002
 -0.0390   0.2033   0.0200   0.0775  -0.0372   0.0107
 -0.0397   0.1212  -0.0218   0.0639  -0.0886  -0.0031
 -0.0630   0.0367  -0.0516  -0.3197  -0.1571   0.0956
  0.0023  -0.1527  -0.0039   0.0626  -0.0834  -0.0362
  0.0359  -0.2240  -0.0014   0.1556  -0.0585  -0.0225
  0.0279  -0.0977   0.0080   0.1879  -0.0738   0.0409
  0.0129   0.0077   0.0030   0.1469  -0.0997   0.0435
