  0.0201  -0.0719   0.0273   0.0290   0.0076   0.0264
  0.0051  -0.0964   0.0310   0.0461  -0.0030   0.0072
  0.0144  -0.0595   0.0147   0.0624  -0.0002   0.0200
  0.0008  -0.0677   0.0297   0.0610  -0.0017   0.0713
  0.0217  -0.0782   0.0264   0.0334  -0.0024  -0.0570
  0.0147  -0.0204   0.0060   0.0230   0.0177   0.0365
  0.0143  -0.0693   0.0039  -0.0091   0.0307   0.0046
  0.0147  -0.0129  -0.0044   0.0154   0.0235   0.0440
  0.0211  -0.0669  -0.0044   0.0224   0.0251  -0.0192
  0.0219  -0.0279  -0.0116   0.0053   0.0320  -0.0515
  0.0106  -0.0235   0.0034  -0.0108   0.0312   0.0604
  0.0161  -0.0551   0.0021  -0.0257   0.0193  -0.0735
  0.0107  -0.0177   0.0208  -0.0098   0.0158   0.1201
  0.0138  -0.0798   0.0188  -0.0283   0.0184  -0.0211
  0.0284  -0.0710   0.0029  -0.0195   0.0091  -0.0092
  0.0252  -0.0482   0.0094  -0.0096   0.0081   0.0837
  0.0220  -0.0829   0.0106   0.0095   0.0088   0.0374
  0.0125  -0.1108   0.0336  -0.0014  -0.0023  -0.0590
  0.0212  -0.0608   0.0516   0.0175   0.0122   0.1137
  0.0235  -0.1411   0.0448   0.0018  -0.0027  -0.0698
  0.0339  -0.1496   0.0501  -0.0326  -0.0066  -0.0434
  0.0216  -0.1305   0.0400   0.0144  -0.0027   0.2244
  0.0346  -0.1896   0.0410   0.0942   0.0017   0.1022
  0.0185  -0.1634   0.0382   0.0609  -0.0045  -0.0336
  0.0106  -0.1120   0.0364   0.0539   0.0047   0.1563
 -0.0040  -0.0951   0.0274   0.0734   0.0007   0.0793
  0.0096  -0.0842   0.0316   0.0684   0.0130  -0.0154
  0.0021  -0.0390   0.0280   0.0491   0.0093   0.0485
  0.0030  -0.0954   0.0374   0.0181   0.0004  -0.0639
 -0.0100   0.0298   0.0348  -0.0072   0.0029  -0.0081
 -0.0241  -0.0004   0.0685  -0.0229   0.0113   0.0050
 -0.0058   0.0146   0.0103  -0.0569  -0.0016  -0.0482
  0.0146   0.0660  -0.0339  -0.0408   0.0015   0.0767
 -0.0002   0.0698  -0.0152  -0.0534   0.0100  -0.0571
  0.0130   0.1029  -0.0251  -0.0773   0.0163  -0.0057
  0.0190   0.0932  -0.0102  -0.0674   0.0156  -0.0025
  0.0161   0.0515  -0.0105  -0.0914   0.0105  -0.0704
 -0.0104   0.0344   0.0119  -0.0702   0.0104   0.0461
  0.0315   0.0476  -0.0384  -0.0258   0.0096  -0.0846
  0.0668   0.0368  -0.0668   0.0091   0.0049  -0.0154
  0.0295   0.1031  -0.0477   0.0112  -0.0027  -0.0158
  0.0415   0.1078  -0.0596   0.0156  -0.0073  -0.1119
  0.0267   0.0714  -0.0182  -0.0048  -0.0128   0.0765
  0.0290   0.0469  -0.0197  -0.0243  -0.0161  -0.1186
  0.0173   0.1174  -0.0031  -0.0114  -0.0158   0.0503
  0.0185   0.1075  -0.0195  -0.0186  -0.0117  -0.0373
  0.0139   0.1094  -0.0216  -0.0065  -0.0074  -0.0114
  0.0146   0.1112  -0.0161   0.0282  -0.0226  -0.1133
 -0.0018   0.0885   0.0073   0.0462  -0.0220  -0.0462
 -0.0228   0.0955   0.0063   0.0134  -0.0254   0.0679
 -0.0251   0.0783   0.0134   0.0343  -0.0125   0.0418
 -0.0151   0.0812   0.0071   0.0131  -0.0231  -0.0158
  0.0049   0.0674  -0.0046   0.0242  -0.0056  -0.0018
  0.0116  -0.0166  -0.0071  -0.0014   0.0075   0.0115
 -0.0194  -0.0063  -0.0093  -0.0082  -0.0058   0.0631
 -0.0223  -0.0139  -0.0152   0.0073  -0.0024  -0.0060
 -0.0292   0.0369  -0.0166  -0.0399  -0.0043  -0.0298
 -0.0103   0.0904  -0.0195  -0.0726   0.0015  -0.0347
 -0.0203   0.2023  -0.0386  -0.0365   0.0060  -0.1085
 -0.0230   0.0839  -0.0272  -0.0555   0.0024   0.0463
 -0.0239   0.0752  -0.0263  -0.0472  -0.0004  -0.1415
 -0.0258   0.0844  -0.0166  -0.0595   0.0028   0.1119
 -0.0400   0.0308  -0.0106  -0.0661   0.0058  -0.0586
 -0.0298   0.0439  -0.0092  -0.0698   0.0013  -0.0642
 -0.0327   0.0827   0.0015  -0.0402  -0.0160   0.0354
 -0.0208   0.0275   0.0068  -0.0634  -0.0139  -0.0862
 -0.0276   0.0445   0.0238  -0.0425  -0.0162  -0.0412
 -0.0319  -0.0520  -0.0120  -0.0838  -0.0067   0.0019
 -0.0677   0.0445  -0.0154  -0.0346  -0.0066  -0.1481
 -0.0621   0.0377   0.0135   0.0005  -0.0113   0.0361
 -0.0325  -0.1113   0.0027   0.0992  -0.0150   0.1490
 -0.0625  -0.0431   0.0136   0.1031  -0.0276   0.0658
 -0.0498  -0.0886   0.0204   0.1135  -0.0217   0.0113
 -0.0333  -0.0107  -0.0175   0.0584  -0.0128  -0.0121
 -0.0226  -0.0751  -0.0303   0.0861  -0.0057   0.0580
 -0.0454  -0.0906  -0.0447   0.0381  -0.0295  -0.0551
  0.0103   0.0103  -0.0875   0.0943   0.0104  -0.0950
  0.0072   0.2080  -0.0772  -0.1021  -0.0105  -0.0446
