 -0.0152  -0.7000   0.0813   2.9302   0.0399  -0.7664
 -0.0200  -0.2970   0.1618   3.9324   0.0308  -1.1094
  0.0457  -0.8476   0.0833   2.2974   0.0690  -0.3332
  0.0725  -0.8468   0.0772   2.3090   0.0732  -0.3846
  0.0804  -0.8572   0.1085   2.3727   0.0441  -0.4100
  0.0853  -0.8354   0.1033   2.3346   0.0590  -0.4207
  0.0585  -0.9322   0.0419   2.1916   0.0487  -0.3562
  0.0497  -0.9775   0.0608   2.2312   0.0435  -0.3587
  0.0379  -0.9786   0.0405   2.1449   0.0453  -0.3444
  0.0494  -0.9240   0.0938   2.1434   0.0457  -0.3430
  0.0747  -0.9506   0.0676   1.9624   0.0758  -0.2935
  0.0677  -0.8044   0.1474   1.9907   0.0443  -0.3306
  0.1230  -1.1106  -0.1843   1.7272   0.1738  -0.2471
  0.0320  -1.3047  -0.3216   1.7897   0.1325  -0.2596
 -0.0133  -1.3693  -0.2146   1.8119   0.0586  -0.2175
 -0.0436  -1.3791  -0.1807   1.7556   0.0815  -0.1938
 -0.0593  -1.3477  -0.0332   1.7462   0.0867  -0.1850
 -0.0420  -1.2930  -0.0880   1.6812   0.0874  -0.1934
 -0.0458  -1.2735  -0.0288   1.7227   0.0816  -0.1920
 -0.0360  -1.1982  -0.0240   1.7094   0.0802  -0.2209
 -0.0597  -1.1439   0.0017   1.6270   0.0916  -0.2006
 -0.0838  -1.2051  -0.1131   1.6038   0.0973  -0.2037
 -0.0854  -1.2909  -0.1293   1.6411   0.0801  -0.2111
 -0.1105  -1.1763  -0.0970   1.5504   0.0525  -0.2157
 -0.1688  -0.9158  -0.0354   1.4425  -0.0151  -0.2182
 -0.1583  -0.9769  -0.0354   1.5252   0.0278  -0.2507
 -0.1665  -0.9596   0.0531   1.5725   0.0429  -0.2391
 -0.1617  -0.9474  -0.0245   1.6230   0.0059  -0.2696
 -0.2047  -0.9973   0.0637   1.7720   0.0099  -0.2686
 -0.1558  -0.8742  -0.0158   1.6230   0.0116  -0.2887
 -0.2048  -0.8913   0.2141   1.6937   0.0290  -0.2584
 -0.1228  -0.7595  -0.4992   1.4019  -0.1319  -0.2202
 -0.0920  -0.7129  -0.4303   1.5089  -0.0822  -0.2145
 -0.1606  -0.6256  -0.0485   1.3247  -0.0204  -0.1992
 -0.1290  -0.6730  -0.1268   1.3772  -0.0879  -0.2288
 -0.1278  -0.7494   0.0124   1.3819  -0.0773  -0.2171
 -0.0776  -0.7329  -0.0440   1.3309  -0.0793  -0.2022
 -0.0868  -0.7434   0.0229   1.4032  -0.0707  -0.2294
 -0.0495  -0.6734  -0.0195   1.3228  -0.0715  -0.1975
 -0.0669  -0.6200   0.0243   1.2728  -0.0567  -0.2131
 -0.0695  -0.6104  -0.0373   1.2586  -0.0699  -0.1923
 -0.1443  -0.5800  -0.0774   1.2661  -0.1075  -0.2195
 -0.1596  -0.6024  -0.1635   1.2144  -0.1036  -0.1797
 -0.1958  -0.6364  -0.1103   1.2779  -0.1010  -0.2393
 -0.1693  -0.7367  -0.1076   1.3703  -0.1353  -0.1746
 -0.1650  -0.1895  -0.1604  -0.0925  -0.0532  -0.0069
 -0.1425   1.4443  -0.2062  -0.9738   0.0019  -0.1272
 -0.1054   1.5923  -0.0527  -0.5946   0.0322  -0.2703
 -0.1296   1.5613  -0.1110  -0.7656   0.0169  -0.2810
 -0.1656   1.2739  -0.1561  -0.6320   0.0360  -0.2352
 -0.1356   1.4015  -0.1397  -0.6927  -0.0066  -0.2666
 -0.1182   1.4400  -0.1259  -0.5145  -0.0016  -0.3136
 -0.1057   1.4787  -0.1487  -0.5367   0.0027  -0.3262
 -0.1042   1.4199  -0.1220  -0.4393  -0.0013  -0.3399
 -0.0979   1.4917  -0.1384  -0.5314  -0.0025  -0.3431
 -0.0487   1.1820  -0.0865  -0.0160  -0.0298  -0.4196
 -0.0644   0.7020  -0.2167   1.0314  -0.0685  -0.5423
 -0.0814   0.3624  -0.1821   0.5362  -0.0879  -0.2990
 -0.0624   0.2399  -0.1933  -0.1224  -0.0537  -0.1238
 -0.0604   0.5344  -0.1559   0.0174  -0.0688  -0.1953
 -0.0159   0.4826  -0.2219  -0.0445  -0.0844  -0.1590
 -0.0477   0.2480  -0.2407  -0.0713  -0.1227  -0.0577
  0.0083   0.4652  -0.2114   0.0056  -0.0832  -0.2021
  0.0292   0.4283  -0.1740  -0.2644  -0.1039  -0.1873
 -0.0458   0.3327  -0.2429  -0.1849  -0.0921  -0.1217
  0.0100   0.1551  -0.2248  -0.0836  -0.1208  -0.1238
  0.0273   0.2514  -0.3979   0.3302   0.0765  -0.2833
 -0.2260   0.0399  -0.1390  -0.2359  -0.1983  -0.0721
 -0.0764  -0.1761  -0.1083  -0.9227   0.0139  -0.0574
 -0.0099  -0.4435  -0.0850  -0.4614   0.0485   0.1055
  0.0009  -0.5467   0.1458   0.8927   0.0199   0.0088
  0.1299  -0.0731   0.1887   0.6357   0.0750  -0.3927
  0.0976  -0.0808   0.0350   0.1447   0.0509  -0.1974
  0.0512  -0.2192  -0.0221   0.8208   0.0072  -0.3047
  0.0234  -0.0799  -0.1162   0.5687   0.0475  -0.1194
  0.0598   0.1204  -0.1375   0.6514   0.0974  -0.4491
 -0.0295  -0.3314  -0.2045  -0.2383  -0.0083  -0.0947
 -0.0473  -0.0542  -0.1441  -0.3474   0.0009   0.0999
 -0.0288   0.7266  -0.3046  -1.3571  -0.0682   0.1816
  0.0086   0.8715  -0.2272  -1.0547  -0.0191   0.0513
 -0.0111   0.7429  -0.2568  -0.9453  -0.0554   0.0234
  0.0162   0.5396  -0.0774  -0.7064  -0.0311   0.0257
  0.0132   0.5170  -0.0627  -0.6374  -0.0386  -0.0105
  0.0271   0.4259   0.0017  -0.4967  -0.0129  -0.0144
  0.0706   0.5243  -0.0084  -0.3738  -0.0502  -0.0707
  0.0707   0.2706   0.0586  -0.2040  -0.1039  -0.0658
  0.1054   0.3178   0.0207  -0.3134  -0.0385  -0.0381
  0.1027   0.3256   0.0407  -0.3127  -0.0113  -0.0342
  0.0805   0.4130  -0.0000  -0.3207  -0.0032  -0.0427
  0.0762   0.3426   0.0451  -0.2507  -0.0134  -0.0660
  0.0609   0.3672  -0.0048  -0.2036  -0.0086  -0.1061
  0.0853   0.3075   0.1439  -0.1579   0.0039  -0.0997
  0.0975   0.3586   0.1069  -0.1702   0.0075  -0.1133
  0.0762   0.3083   0.1320  -0.1692  -0.0046  -0.1161
  0.0888   0.3832   0.0811  -0.1971  -0.0017  -0.1144
  0.0684   0.2606   0.1493  -0.2470  -0.0126  -0.0783
  0.0855   0.3399   0.0687  -0.2481   0.0026  -0.0858
  0.0463   0.2427   0.2013  -0.2691  -0.0143  -0.0604
  0.0645   0.3062  -0.1648  -0.2516  -0.0016  -0.0641
  0.1301  -0.1718  -0.7045  -0.3775   0.3680   0.0840
 -0.2390  -0.1481   0.4488  -0.4493  -0.0887   0.1361
 -0.0233  -0.0690   0.1585  -0.1008   0.0591   0.0521
 -0.1266   1.2139   0.0661  -0.7924  -0.0977  -0.2097
 -0.1000   2.4368  -0.1703  -1.8673  -0.0587  -0.0254
 -0.0921   1.5663  -0.0045  -0.9369  -0.0842  -0.1033
 -0.0595   1.4424  -0.0117  -0.8172  -0.0714  -0.1565
 -0.0564   1.2585   0.0731  -0.6689  -0.0598  -0.1492
 -0.0425   1.2341   0.0250  -0.7279  -0.0462  -0.1183
 -0.0312   1.1802   0.1009  -0.6345  -0.0466  -0.1123
 -0.0254   1.1458   0.0478  -0.7299  -0.0542  -0.0883
 -0.0390   0.9761   0.0970  -0.5814  -0.0672  -0.0767
 -0.0712   0.9586   0.0005  -0.6849  -0.0651  -0.0549
 -0.0678   0.9445   0.0561  -0.6051  -0.0673  -0.0534
 -0.0677   0.9642  -0.0014  -0.7193  -0.0693  -0.0439
 -0.0571   0.9360   0.0666  -0.5546  -0.0624  -0.0610
 -0.0612   0.9035   0.0354  -0.6992  -0.0736  -0.0384
 -0.0551   0.8863   0.0703  -0.5252  -0.0524  -0.0656
 -0.0838   0.9013  -0.0033  -0.7282  -0.0768  -0.0223
 -0.0624   0.9054   0.0763  -0.5017  -0.0563  -0.0693
 -0.0877   0.8964  -0.0028  -0.7864  -0.0670   0.0043
 -0.0632   0.8536   0.0841  -0.3700  -0.0577  -0.1085
 -0.0729   0.3955  -0.0050  -0.1675  -0.0326  -0.0043
 -0.0688   0.3289   0.0191  -0.4468  -0.0456   0.1789
 -0.0747  -0.4818  -0.1809  -0.8158   0.0093   0.3575
  0.1790  -0.4050  -0.0535  -1.0214   0.0213   0.3593
 -0.0883   0.0718  -0.2110  -0.7481  -0.0881   0.4924
  0.0092  -0.1040   0.0124  -1.1703   0.0820   0.4267
 -0.0130  -0.0001  -0.3397  -0.7937  -0.1376   0.3444
  0.2930  -0.0306   0.2427  -0.9014   0.2278   0.3455
  0.3342   0.1921   0.2352  -0.5867   0.0968   0.2007
  0.2547  -0.0502   0.2528  -0.8753   0.0977   0.3058
  0.0926   0.0713   0.0165  -0.7037   0.0031   0.2459
  0.2066   0.1554  -0.2060  -0.8085   0.0197   0.2136
  0.2205   0.1236   0.1749  -0.5775   0.0917   0.1812
  0.1361   0.1249   0.0757  -0.6934   0.0575   0.2013
  0.2145   0.1158   0.1451  -0.5659   0.0959   0.1825
  0.1657   0.1625   0.1152  -0.6814   0.0763   0.1952
  0.2173   0.0808   0.1440  -0.5267   0.0867   0.1745
  0.1043   0.6559   0.0524  -1.0531   0.0371   0.2090
  0.1228   0.4157   0.0608  -0.8435   0.0481   0.2138
 -0.1290  -2.2568   0.0137  -0.8098  -0.0133   0.9653
 -0.0448  -0.8374   0.1284  -0.9669   0.0437   0.6852
 -0.0177  -0.8475   0.1228  -0.9547   0.0437   0.6155
  0.0043  -0.7073   0.1481  -0.9425   0.0587   0.5935
 -0.0308  -0.8093   0.1178  -0.9480   0.0432   0.6095
 -0.0220  -0.7154   0.1418  -0.9022   0.0418   0.5988
 -0.0372  -0.7894   0.1261  -0.8867   0.0397   0.5956
 -0.0067  -0.6955   0.1474  -0.8891   0.0518   0.5891
 -0.0069  -0.7585   0.1529  -0.8869   0.0563   0.5843
  0.0173  -0.6491   0.1576  -0.9171   0.0594   0.5825
  0.0305  -0.6356   0.1572  -0.8633   0.0625   0.5525
  0.0403  -0.5581   0.1286  -0.9170   0.0338   0.5514
  0.0326  -0.5944   0.1521  -0.9303   0.0081   0.5567
  0.0614  -0.5582   0.1838  -0.8288   0.0434   0.5204
  0.0487  -0.5708   0.1789  -0.8841   0.0319   0.5316
  0.0700  -0.5316   0.1845  -0.8141   0.0411   0.5042
  0.0605  -0.5523   0.1773  -0.8382   0.0383   0.5198
  0.0732  -0.5043   0.1736  -0.8203   0.0450   0.5028
  0.0539  -0.5432   0.1871  -0.8420   0.0328   0.5244
  0.0838  -0.5261   0.1196  -0.8278   0.0310   0.5107
  0.0280  -0.4489   0.1234  -0.8926   0.0138   0.5216
  0.0817  -0.4765   0.1119  -0.6807  -0.0681   0.4342
  0.1072  -0.4545   0.1212  -0.6009  -0.0635   0.3860
  0.0396  -0.3762   0.1708  -0.8142   0.0247   0.4527
  0.0222  -0.4364   0.1346  -0.7851   0.0091   0.4637
  0.0161  -0.4072   0.1340  -0.7932   0.0189   0.4498
  0.0064  -0.3492   0.1151  -0.7623   0.0127   0.4204
  0.0082  -0.3334   0.0928  -0.7020  -0.0022   0.4078
  0.0085  -0.4206   0.1002  -0.5881  -0.0048   0.3596
  0.0569  -0.4619  -0.0720  -0.6959   0.0128   0.3964
  0.0609  -0.5163  -0.1003  -0.7302   0.0158   0.4127
  0.0391  -0.4994  -0.0605  -0.7105   0.0013   0.4137
  0.0397  -0.5083  -0.0301  -0.7808   0.0088   0.4303
  0.0297  -0.4936  -0.0459  -0.7292  -0.0072   0.4290
  0.0457  -0.4693  -0.1224  -0.8308   0.0189   0.4397
  0.0490  -0.5224  -0.0296  -0.7847   0.0357   0.4481
