  0.7212   0.5301  -0.6065   0.1402   0.3514  -0.1719
  0.8886   0.7018  -0.7388   0.1443   0.4045  -0.2207
  0.8402   0.6635  -0.6688   0.0949   0.3682  -0.1831
  0.8675   0.6821  -0.6635   0.0748   0.3942  -0.1795
  0.8386   0.6307  -0.6241   0.0734   0.3887  -0.1706
  0.8594   0.6460  -0.6013   0.0647   0.3990  -0.1685
  0.8394   0.6472  -0.6147   0.0759   0.3892  -0.1411
  0.8625   0.6626  -0.6357   0.1049   0.3944  -0.1792
  0.8663   0.6788  -0.6245   0.0934   0.3948  -0.1734
  0.8827   0.6466  -0.5908   0.0899   0.4081  -0.1763
  0.8631   0.6391  -0.5310   0.0445   0.3963  -0.1443
  0.8325   0.6149  -0.5350   0.0560   0.3928  -0.1344
  0.8210   0.5848  -0.5123   0.0560   0.3833  -0.1305
  0.8151   0.5599  -0.4810   0.0427   0.3788  -0.1241
  0.8497   0.5122  -0.4179   0.0515   0.3902  -0.1282
  0.8351   0.5327  -0.4271   0.0468   0.3765  -0.1172
  0.8512   0.5369  -0.4240   0.0696   0.3947  -0.1235
  0.8202   0.5244  -0.4931   0.0716   0.3700  -0.1134
  0.8384   0.5607  -0.4687  -0.0036   0.3162  -0.0662
  0.8522   0.5790  -0.4448   0.0027   0.3202  -0.0786
  0.8497   0.5442  -0.4094  -0.0025   0.3225  -0.0562
  0.8207   0.5406  -0.4228   0.0190   0.3140  -0.0510
  0.8127   0.4979  -0.3414   0.0403   0.3618  -0.0776
  0.7758   0.4310  -0.2440   0.0473   0.3775  -0.0888
  0.7422   0.3852  -0.2370   0.0359   0.3886  -0.0904
  0.7250   0.3441  -0.2033   0.0455   0.3852  -0.0999
  0.7281   0.3430  -0.2175   0.0496   0.3881  -0.1077
  0.6990   0.3192  -0.2280   0.0589   0.3704  -0.1166
  0.6873   0.3376  -0.2582   0.0750   0.3541  -0.1069
  0.6849   0.3100  -0.2360   0.0924   0.3497  -0.1157
  0.5918   0.2962  -0.2582   0.0536   0.3266  -0.1049
  0.5347   0.2528  -0.2532   0.0766   0.2985  -0.1007
  0.4953   0.2287  -0.2418   0.0874   0.2871  -0.0918
  0.4339   0.1984  -0.2625   0.0802   0.2641  -0.0975
  0.4002   0.1905  -0.2953   0.0939   0.2634  -0.1004
  0.3612   0.1775  -0.2728   0.0862   0.2403  -0.0958
  0.2405   0.1491  -0.3295   0.1211   0.1874  -0.0952
  0.2000   0.1685  -0.3419   0.1043   0.1546  -0.0950
  0.1666   0.1568  -0.3636   0.1323   0.1432  -0.0974
  0.1481   0.1494  -0.3498   0.1423   0.1319  -0.0944
  0.1386   0.1537  -0.3551   0.0802   0.1181  -0.0812
  0.1397   0.1779  -0.3565   0.0640   0.1156  -0.0651
  0.1522   0.2107  -0.3740   0.0498   0.1651  -0.0408
  0.1343   0.2375  -0.3296  -0.0323   0.0396   0.0086
  0.0955   0.2610  -0.3630  -0.0700   0.0481   0.0233
  0.1057   0.2771  -0.3641  -0.0829   0.0446   0.0091
  0.0508   0.1795  -0.3730   0.0236   0.0304  -0.0176
  0.0027   0.1526  -0.3928   0.0770   0.0058  -0.0309
 -0.0898   0.1022  -0.4420   0.1454  -0.0103  -0.0561
 -0.1183   0.0985  -0.4856   0.1627  -0.0177  -0.0596
 -0.1025   0.1197  -0.4458   0.1561  -0.0121  -0.0539
 -0.0679   0.0847  -0.3628   0.1046   0.0168  -0.0451
 -0.0298   0.0183  -0.2428   0.0747   0.0347  -0.0279
 -0.0371  -0.0251  -0.1838   0.0534   0.0355  -0.0016
 -0.0310  -0.0517  -0.1378   0.0647   0.0274  -0.0129
 -0.0581  -0.0592  -0.1721   0.1148   0.0447  -0.0296
 -0.0618  -0.0558  -0.1698   0.1000   0.0433  -0.0332
 -0.0615  -0.0597  -0.1666   0.0841   0.0319  -0.0457
 -0.0757  -0.0575  -0.1612   0.0541   0.0295  -0.0380
 -0.0719  -0.0805  -0.1482   0.1030   0.0346  -0.0499
 -0.0714  -0.0807  -0.1392   0.0731   0.0322  -0.0438
 -0.0778  -0.0740  -0.1193   0.0445   0.0216  -0.0271
 -0.0742  -0.0809  -0.1095   0.0502   0.0226  -0.0358
 -0.0902  -0.0850  -0.1161   0.0487   0.0241  -0.0317
 -0.0948  -0.0713  -0.0965   0.0293   0.0264  -0.0175
 -0.1410  -0.0904  -0.1187   0.0544   0.0181  -0.0258
 -0.1530  -0.1080  -0.1382   0.0864   0.0024  -0.0305
 -0.1469  -0.1171  -0.1291   0.0682   0.0190  -0.0294
 -0.1502  -0.1240  -0.1257   0.1201   0.0094  -0.0414
 -0.1382  -0.0968  -0.0921   0.1046  -0.0036  -0.0195
 -0.1660  -0.1035  -0.0822   0.1255  -0.0161  -0.0205
 -0.1570  -0.1233  -0.0882   0.0998  -0.0079  -0.0197
 -0.1430  -0.1272  -0.0718   0.1150  -0.0055  -0.0150
 -0.1439  -0.1432  -0.0769   0.1476  -0.0134  -0.0313
 -0.1539  -0.1313  -0.0922   0.1192  -0.0057  -0.0323
 -0.1611  -0.1341  -0.0770   0.1520  -0.0179  -0.0590
 -0.1728  -0.1379  -0.0785   0.1785  -0.0046  -0.0613
 -0.1751  -0.1332  -0.0921   0.1895  -0.0137  -0.0433
 -0.1730  -0.1075  -0.0973   0.1606   0.0054  -0.0209
 -0.1657  -0.1505  -0.0840   0.1865  -0.0037  -0.0585
 -0.1654  -0.1367  -0.0927   0.1693  -0.0061  -0.0347
 -0.1581  -0.1484  -0.0514   0.1315  -0.0292  -0.0241
 -0.1572  -0.1355  -0.0764   0.1575  -0.0193  -0.0206
 -0.1235  -0.1373   0.0206   0.0382  -0.0348   0.0105
 -0.1240  -0.1400   0.0201   0.0809  -0.0312  -0.0014
 -0.1346  -0.1384   0.0253   0.0345  -0.0405   0.0193
 -0.1284  -0.1542   0.0216   0.0393  -0.0310   0.0203
 -0.1373  -0.1681   0.0251   0.0357  -0.0285   0.0096
 -0.1079  -0.1244   0.0696  -0.0209  -0.0467   0.0487
 -0.1112  -0.1512   0.0665  -0.0026  -0.0353   0.0465
 -0.1289  -0.1501   0.0690   0.0272  -0.0468   0.0239
 -0.1001  -0.1334   0.1396  -0.0943  -0.0564   0.0915
 -0.1245  -0.1698   0.1177  -0.0031  -0.0521   0.0303
 -0.1219  -0.1640   0.1028  -0.0193  -0.0623   0.0362
 -0.1377  -0.2019   0.1081   0.0438  -0.0569   0.0172
 -0.1391  -0.1629   0.1169  -0.0704  -0.0574   0.0605
 -0.1182  -0.1951   0.1888  -0.0928  -0.0779   0.0537
 -0.1186  -0.1594   0.2020  -0.1394  -0.0728   0.0796
 -0.1185  -0.1739   0.1982  -0.0706  -0.0827   0.0552
 -0.1387  -0.1962   0.1723  -0.0334  -0.0580   0.0320
 -0.1616  -0.2134   0.1399   0.0160  -0.0615   0.0230
 -0.1466  -0.1933   0.1693  -0.0312  -0.0740   0.0291
 -0.1541  -0.1884   0.1644  -0.0055  -0.0739   0.0359
 -0.1580  -0.1627   0.1866  -0.0625  -0.0785   0.0633
 -0.1535  -0.1962   0.1672   0.0408  -0.0818   0.0214
 -0.1545  -0.1507   0.1763  -0.0747  -0.0741   0.0528
 -0.1407  -0.2165   0.1888   0.0198  -0.0914   0.0257
 -0.1595  -0.1964   0.1888  -0.0023  -0.0755   0.0392
 -0.1570  -0.1872   0.1914   0.0084  -0.1009   0.0351
 -0.1719  -0.1732   0.1792  -0.0210  -0.0927   0.0638
 -0.1798  -0.1822   0.1977  -0.0169  -0.1142   0.0614
 -0.1856  -0.1611   0.1965   0.0111  -0.1011   0.0646
 -0.1832  -0.1772   0.2063  -0.0021  -0.1179   0.0415
 -0.1784  -0.1686   0.2284  -0.0021  -0.1281   0.0903
 -0.1867  -0.1774   0.2173  -0.0131  -0.1118   0.0526
 -0.1984  -0.1768   0.2183  -0.0112  -0.1187   0.0514
 -0.1820  -0.1874   0.2086  -0.0039  -0.1138   0.0198
 -0.1804  -0.1864   0.2170   0.0118  -0.1129   0.0294
 -0.1916  -0.1729   0.2282  -0.0421  -0.1045   0.0292
 -0.1953  -0.2010   0.2084  -0.0123  -0.1208   0.0239
 -0.1954  -0.1851   0.2233  -0.0447  -0.1143   0.0448
 -0.2015  -0.1817   0.2152  -0.0492  -0.1252   0.0493
 -0.1987  -0.1775   0.2281  -0.0187  -0.1335   0.0375
 -0.2082  -0.1601   0.2361  -0.0485  -0.1317   0.0555
 -0.1901  -0.1623   0.2634  -0.0863  -0.1472   0.0656
 -0.1919  -0.1587   0.2621  -0.0954  -0.1356   0.0749
 -0.1965  -0.1721   0.2570  -0.1127  -0.1429   0.0898
 -0.2160  -0.1899   0.2627  -0.0673  -0.1434   0.0843
 -0.2301  -0.1970   0.2965  -0.0849  -0.1528   0.0994
 -0.2283  -0.2118   0.2970  -0.0371  -0.1518   0.0867
 -0.2372  -0.1988   0.2721  -0.0265  -0.1439   0.0776
 -0.2374  -0.2001   0.3058  -0.0734  -0.1700   0.0788
 -0.2402  -0.2177   0.3162  -0.0526  -0.1708   0.0735
 -0.2457  -0.2230   0.3125  -0.0779  -0.1417   0.0797
 -0.2441  -0.2011   0.2703  -0.0655  -0.1479   0.0739
 -0.1917  -0.1317   0.2111  -0.0684  -0.1001   0.0619
 -0.2259  -0.1637   0.2544  -0.0823  -0.1682   0.0614
 -0.2232  -0.1391   0.2340  -0.0449  -0.1515   0.0483
 -0.2356  -0.1548   0.2461   0.0041  -0.1714   0.0285
 -0.2327  -0.1550   0.2598  -0.0364  -0.1660   0.0700
 -0.2450  -0.1528   0.2563  -0.0184  -0.1761   0.0564
 -0.2374  -0.1392   0.2825  -0.0983  -0.1878   0.0725
 -0.2481  -0.1702   0.2843  -0.0392  -0.1951   0.0476
 -0.2474  -0.1572   0.2813  -0.0868  -0.1769   0.0585
 -0.2490  -0.1777   0.3064  -0.0713  -0.1997   0.0583
 -0.2531  -0.1684   0.2988  -0.0834  -0.1984   0.0519
 -0.2651  -0.1447   0.3026  -0.1377  -0.1990   0.0826
 -0.2629  -0.1454   0.2953  -0.1090  -0.2050   0.0660
 -0.2736  -0.1304   0.3188  -0.1860  -0.2081   0.1046
 -0.2693  -0.1368   0.3045  -0.1226  -0.2006   0.0556
 -0.2789  -0.1476   0.3051  -0.0923  -0.2058   0.0579
 -0.2795  -0.1390   0.3141  -0.1251  -0.2045   0.0725
 -0.2771  -0.1413   0.3062  -0.1285  -0.2140   0.0744
 -0.2795  -0.1368   0.3200  -0.1441  -0.2118   0.0840
 -0.2796  -0.1492   0.2938  -0.1107  -0.2105   0.0685
 -0.2824  -0.1221   0.3190  -0.1577  -0.2128   0.1053
 -0.2777  -0.1526   0.3028  -0.0911  -0.2172   0.0733
 -0.2844  -0.1184   0.3117  -0.1623  -0.2041   0.1082
 -0.2752  -0.1481   0.3059  -0.1011  -0.2154   0.0635
 -0.2926  -0.1220   0.3084  -0.1448  -0.1947   0.1057
 -0.2828  -0.1556   0.3255  -0.1023  -0.2319   0.0798
 -0.2881  -0.1297   0.3130  -0.1006  -0.1990   0.0913
 -0.2944  -0.1282   0.3268  -0.1121  -0.2108   0.0852
 -0.3018  -0.1030   0.3259  -0.1527  -0.2118   0.1072
 -0.3032  -0.1121   0.3325  -0.1757  -0.2211   0.1022
 -0.2983  -0.0877   0.3485  -0.2410  -0.2124   0.1310
 -0.2900  -0.0839   0.3624  -0.2820  -0.2082   0.1293
 -0.2999  -0.0888   0.3571  -0.2190  -0.2034   0.1016
 -0.2980  -0.1107   0.3563  -0.2092  -0.1978   0.0967
 -0.2959  -0.1088   0.3412  -0.1814  -0.2045   0.0978
 -0.3128  -0.1014   0.3619  -0.1921  -0.1997   0.1061
 -0.3045  -0.0913   0.3641  -0.2453  -0.2119   0.1226
 -0.3166  -0.0915   0.3535  -0.2039  -0.2084   0.1026
 -0.3046  -0.0623   0.3585  -0.2358  -0.2099   0.1314
 -0.3199  -0.1037   0.3457  -0.1727  -0.2176   0.1002
 -0.3094  -0.0301   0.3346  -0.2376  -0.1968   0.1359
