 -0.3076   0.1540  -0.1028  -0.0066  -0.2384   0.1575
 -0.3562   0.2729  -0.1433  -0.0501  -0.2640   0.1485
 -0.3463   0.2423  -0.1329   0.0250  -0.2605   0.1054
 -0.3670   0.2686  -0.1543  -0.0004  -0.2448   0.1032
 -0.3506   0.2408  -0.1522   0.0348  -0.2349   0.0883
 -0.3351   0.2552  -0.1522   0.0276  -0.2197   0.0890
 -0.3084   0.1897  -0.1491   0.0791  -0.2384   0.0886
 -0.2987   0.2179  -0.1272   0.0489  -0.2431   0.0929
 -0.2847   0.2033  -0.1139   0.0727  -0.2170   0.0892
 -0.2802   0.1917  -0.1014   0.0791  -0.2306   0.0938
 -0.2973   0.1505  -0.1212   0.0661  -0.2230   0.0983
 -0.2638   0.1976  -0.0983   0.0828  -0.2375   0.0773
 -0.2594   0.1468  -0.1035   0.0700  -0.2271   0.0794
 -0.2157   0.1683  -0.0363   0.1264  -0.1605   0.0647
 -0.0892   0.2219   0.1017   0.1790  -0.0287  -0.0025
 -0.1674   0.1938   0.0483   0.1469  -0.0982   0.0445
 -0.1726   0.1961   0.0597   0.1763  -0.1189   0.0459
 -0.1870   0.2009   0.0415   0.1261  -0.1154   0.0607
 -0.1988   0.1856   0.0235   0.1071  -0.1344   0.0690
 -0.2264   0.1783   0.0132   0.1144  -0.1186   0.0548
 -0.2103   0.0943  -0.0327   0.0494  -0.1231   0.0853
 -0.1585   0.0916  -0.0677  -0.0501  -0.0997   0.1221
 -0.1825   0.1162  -0.0573  -0.0144  -0.1044   0.0986
 -0.2014   0.1474  -0.0597   0.0551  -0.1407   0.0723
 -0.1868  -0.0074  -0.0569  -0.1590  -0.1539   0.2019
 -0.1465  -0.0475  -0.0295  -0.1295  -0.1265   0.1715
 -0.1569   0.0012  -0.0798  -0.0803  -0.1170   0.1365
 -0.1845  -0.0788  -0.0750  -0.1933  -0.1799   0.2307
 -0.1357  -0.0655  -0.0554  -0.1832  -0.1862   0.2124
 -0.1590  -0.0740  -0.0922  -0.2583  -0.1810   0.2445
 -0.1363  -0.1168  -0.0705  -0.2821  -0.1483   0.2635
 -0.1205  -0.0884  -0.0621  -0.1507  -0.1573   0.1840
 -0.1441  -0.0583  -0.0562  -0.0911  -0.1676   0.1650
 -0.1370  -0.0671  -0.0504   0.0058  -0.1720   0.1117
 -0.1421  -0.0286  -0.0530   0.0417  -0.1732   0.0842
 -0.1534  -0.0562  -0.0884   0.0413  -0.1508   0.0753
 -0.1714  -0.1469  -0.0347   0.1242  -0.1690   0.0916
 -0.1515  -0.1408  -0.0420   0.1092  -0.1707   0.0741
 -0.1552  -0.1745  -0.0540   0.1026  -0.1513   0.0811
 -0.1797  -0.1557  -0.0623   0.1319  -0.1600   0.0728
 -0.1697  -0.1503  -0.0671   0.1383  -0.1499   0.0703
 -0.1843  -0.1352  -0.0711   0.1454  -0.1644   0.0599
 -0.1780  -0.1312  -0.0612   0.1570  -0.1857   0.0409
 -0.1119  -0.1419  -0.0370   0.0916  -0.0987   0.0477
 -0.1228  -0.1067  -0.0503   0.1286  -0.1275   0.0336
 -0.1597  -0.1129  -0.0462   0.1518  -0.1054   0.0156
 -0.2006  -0.1222  -0.0569   0.1094  -0.1299   0.0574
 -0.1976  -0.1251  -0.0705   0.0496  -0.1550   0.0892
 -0.1782  -0.1472  -0.0480   0.0563  -0.1246   0.0908
 -0.1756  -0.1466  -0.0511   0.0880  -0.1137   0.0781
 -0.1714  -0.1416  -0.0423   0.0857  -0.0952   0.0695
 -0.1834  -0.1507  -0.0460   0.0987  -0.1100   0.0662
 -0.1763  -0.1162  -0.0380   0.1136  -0.1174   0.0796
 -0.1820  -0.1237  -0.0405   0.1147  -0.1192   0.0774
 -0.1639  -0.1117  -0.0328   0.1413  -0.1080   0.0519
 -0.1782  -0.1225  -0.0402   0.1203  -0.1026   0.0727
 -0.1852  -0.1036  -0.0393   0.1449  -0.1096   0.0668
 -0.1704  -0.1016  -0.0420   0.1062  -0.1174   0.0592
 -0.1740  -0.1239  -0.0473   0.0694  -0.0905   0.0575
 -0.1602  -0.1166  -0.0330   0.0889  -0.0976   0.0741
 -0.1700  -0.1249  -0.0354   0.1045  -0.0895   0.0700
 -0.1534  -0.1092  -0.0347   0.1345  -0.0896   0.0436
 -0.1647  -0.1153  -0.0329   0.1058  -0.0977   0.0570
 -0.1651  -0.1139  -0.0304   0.1237  -0.0780   0.0545
 -0.1550  -0.1158  -0.0233   0.0854  -0.0944   0.0648
 -0.1382  -0.1103  -0.0077   0.0903  -0.0698   0.0367
 -0.1760  -0.1232  -0.0763  -0.0519  -0.1466   0.1268
 -0.2895  -0.2603  -0.1763  -0.3766  -0.2917   0.3413
 -0.1552  -0.1682  -0.0256   0.0267  -0.1912   0.0740
  0.0103  -0.0360  -0.0033  -0.0627  -0.0009   0.0392
  0.0194  -0.0241  -0.0235  -0.0392   0.0308   0.0045
  0.0393  -0.0004  -0.0395   0.0153   0.0143   0.0024
  0.1154  -0.2314   0.0651  -0.2394   0.0715   0.1473
  0.0376  -0.1651   0.0786  -0.1743   0.0253   0.1455
  0.1021   0.0430   0.0635  -0.1263   0.0923   0.0261
  0.1066   0.0359   0.0805  -0.1658   0.0382   0.0692
  0.0828   0.0364   0.0395  -0.0887   0.0162   0.0130
  0.0721  -0.0013   0.0734  -0.0497   0.0267   0.0047
  0.0751  -0.0132   0.0604  -0.0546   0.0162  -0.0073
  0.0621   0.0027   0.0478  -0.0062   0.0119  -0.0108
  0.0697   0.0515   0.0495   0.0483   0.0241  -0.0425
  0.0665   0.0289   0.0383  -0.0127   0.0139  -0.0083
  0.0828   0.0241   0.0440  -0.0047   0.0137  -0.0185
  0.0794   0.0363   0.0397   0.0128   0.0159  -0.0314
  0.1044   0.0343   0.0743   0.0240  -0.0099  -0.0562
  0.1063  -0.0169   0.0875   0.0614   0.0094  -0.0588
  0.0985  -0.0135   0.0972   0.1014  -0.0076  -0.0778
  0.0930  -0.0398   0.0988   0.1060   0.0169  -0.0744
  0.0715  -0.1270   0.0585   0.0864   0.0030  -0.0468
  0.0706  -0.1678   0.0807   0.0683   0.0259   0.0003
  0.1040  -0.1103   0.0869   0.0703   0.0197  -0.0143
  0.1092  -0.1345   0.0862   0.0898   0.0249  -0.0313
  0.1010  -0.1165   0.0888   0.1317   0.0312  -0.0489
  0.0998  -0.0985   0.0945   0.1151   0.0400  -0.0417
  0.1006  -0.0986   0.0901   0.1259   0.0416  -0.0635
  0.1120  -0.0856   0.0867   0.0584   0.0515  -0.0458
  0.1422  -0.0581   0.0626   0.0799   0.0356  -0.0867
  0.1486  -0.0906   0.0399  -0.1017   0.0405  -0.0159
  0.1562  -0.0806   0.0624  -0.1513   0.0576   0.0197
  0.1580  -0.0509   0.0613  -0.0246   0.0678  -0.0322
  0.1580  -0.0278   0.0777   0.0399   0.0378  -0.0734
  0.1602  -0.0045   0.0439  -0.0909   0.0580  -0.0324
  0.1562  -0.0089   0.0654  -0.0202   0.0623  -0.0514
  0.1171   0.0527  -0.0144  -0.0442   0.0689  -0.0535
  0.1109   0.1349  -0.0903  -0.1903   0.0794  -0.0028
  0.1203   0.0901  -0.0337  -0.0626   0.0924  -0.0124
  0.1576   0.1171  -0.0318  -0.0432   0.0685  -0.0496
  0.1228   0.0913  -0.0344   0.0390   0.0807  -0.0800
  0.1262   0.0706  -0.0437  -0.0062   0.0787  -0.0705
  0.1249   0.0697  -0.0474   0.0137   0.0785  -0.0824
  0.1410   0.0469  -0.0289  -0.0102   0.0837  -0.0731
  0.1255   0.0576  -0.0315   0.0055   0.0903  -0.0876
  0.1495   0.0176   0.0089  -0.0391   0.0552  -0.0668
  0.1377   0.0018   0.0241   0.1073   0.0509  -0.1258
  0.1072   0.0211  -0.0074   0.0076   0.0677  -0.0812
  0.1007   0.0319  -0.0004   0.0546   0.0740  -0.1062
  0.1044   0.0177  -0.0013   0.0437   0.0697  -0.0949
  0.0953   0.0208   0.0070   0.0663   0.0841  -0.1022
  0.1155   0.0220   0.0047   0.0321   0.0857  -0.1022
  0.1018   0.0195   0.0240   0.0695   0.0756  -0.0890
  0.1059   0.0264   0.0170   0.0244   0.0958  -0.0748
  0.0993   0.0270   0.0144   0.0414   0.0875  -0.0768
  0.0959   0.0258   0.0019   0.0446   0.0923  -0.0763
  0.0946   0.0327   0.0040   0.0240   0.0928  -0.0758
  0.0976   0.0707   0.0107  -0.0038   0.0860  -0.0668
  0.1348  -0.0803  -0.0031  -0.2511   0.1422   0.0554
  0.1322  -0.1012   0.0171  -0.2624   0.1159   0.0699
  0.1394  -0.0371   0.0501  -0.1521   0.1183   0.0196
  0.1242   0.0252   0.0381  -0.0624   0.1303  -0.0260
  0.1126   0.0287   0.0517  -0.0175   0.1311  -0.0481
  0.1108   0.0525   0.0412   0.0003   0.1405  -0.0693
  0.1123   0.0614   0.0494  -0.0090   0.1315  -0.0676
  0.1206   0.0607   0.0420  -0.0192   0.1103  -0.0747
  0.1147   0.0716   0.0418   0.0205   0.1391  -0.1045
  0.1069   0.0806   0.0340   0.0175   0.1361  -0.0889
  0.1100   0.0698   0.0285  -0.0025   0.1171  -0.0946
  0.1297   0.0319   0.0310  -0.0713   0.1167  -0.0766
  0.1305   0.0408   0.0321  -0.0491   0.1288  -0.0792
  0.1373   0.0591   0.0279  -0.0870   0.1308  -0.0791
  0.1048   0.0155   0.0221  -0.0421   0.0924  -0.0825
  0.1294  -0.1762   0.0157  -0.1707   0.0834   0.0198
  0.1943  -0.2692   0.0167  -0.4126   0.1158   0.1439
  0.1678  -0.2554   0.0336  -0.2878   0.1596   0.0820
  0.1928  -0.1937   0.0383  -0.1756   0.1802   0.0131
  0.1657  -0.1597   0.0180  -0.1736   0.1645   0.0024
  0.1871  -0.0967   0.0393  -0.1031   0.1589  -0.0516
  0.1511  -0.0368   0.0357  -0.1430   0.1651  -0.0582
  0.1608  -0.0485   0.0555  -0.0881   0.1533  -0.0635
  0.1669  -0.0626   0.0396  -0.1039   0.1711  -0.0646
  0.1989  -0.0350   0.0811  -0.0149   0.1688  -0.1071
  0.1686   0.0074   0.0562  -0.0282   0.1881  -0.1136
  0.1536   0.0163   0.0767   0.0309   0.1804  -0.1308
  0.1744  -0.0003   0.0682   0.0210   0.1544  -0.1466
  0.1575   0.0561   0.1139   0.0342   0.1572  -0.1421
  0.1104   0.0404   0.0639   0.0408   0.1338  -0.1362
  0.1094   0.1119   0.0569   0.0647   0.1580  -0.1702
  0.0400   0.1638  -0.0037   0.0601   0.1828  -0.1828
  0.0591   0.1246  -0.0244  -0.0265   0.1535  -0.1438
  0.0061   0.1860   0.0491   0.0861   0.1247  -0.1678
  0.0179   0.1189   0.0235   0.1183   0.1111  -0.1756
  0.1061   0.1397   0.0346   0.0636   0.0963  -0.1832
  0.1352   0.1209   0.0519   0.0044   0.1233  -0.1338
  0.1359   0.1441   0.0478   0.0578   0.1159  -0.1797
  0.1442   0.1645   0.0523   0.0835   0.1130  -0.2031
  0.1549   0.1942   0.0344   0.1105   0.1212  -0.2089
  0.1573   0.1440  -0.0377   0.0423   0.1951  -0.1700
  0.1833   0.0441  -0.0068  -0.1579   0.1719  -0.0733
  0.1989  -0.0183   0.0023  -0.1759   0.1747  -0.0476
  0.1648  -0.1021   0.0242  -0.2742   0.1082   0.0318
  0.1891  -0.0613   0.0313  -0.2544   0.1774   0.0070
  0.2840  -0.0206   0.0430  -0.2446   0.2687  -0.0194
  0.2152  -0.0111   0.0845  -0.1673   0.2126  -0.0569
  0.1885   0.0852   0.0796   0.0142   0.1996  -0.1596
  0.1697   0.1075   0.0938   0.0457   0.1939  -0.1742
  0.1941   0.1060   0.0869   0.0278   0.1755  -0.1746
  0.1760   0.0882   0.0920   0.0434   0.1859  -0.1843
