 -0.0707  -0.1560   0.0635   0.5276  -0.0826   0.5771
 -0.0908  -0.1613   0.0691   0.5722  -0.0499   0.6359
 -0.0839  -0.1717   0.0585   0.6122  -0.0401   0.5779
 -0.0869  -0.1554   0.0681   0.6414  -0.0398   0.5859
 -0.0834  -0.1419   0.0676   0.6281  -0.0525   0.5818
 -0.0793  -0.1308   0.0701   0.5865  -0.0428   0.6070
 -0.0760  -0.1249   0.0691   0.5808  -0.0398   0.5818
 -0.0747  -0.1341   0.0543   0.5837  -0.0392   0.5719
 -0.0692  -0.1352   0.0563   0.5780  -0.0463   0.5459
 -0.0785  -0.1296   0.0524   0.5534  -0.0403   0.5181
 -0.0756  -0.1357   0.0593   0.5343  -0.0376   0.5039
 -0.0754  -0.1329   0.0530   0.5275  -0.0358   0.5177
 -0.0727  -0.1238   0.0587   0.5118  -0.0371   0.5067
 -0.0654  -0.1145   0.0639   0.4773  -0.0397   0.4889
 -0.0627  -0.1212   0.0719   0.4379  -0.0561   0.4924
 -0.0638  -0.1213   0.0577   0.4445  -0.0655   0.4900
 -0.0573  -0.1393   0.0623   0.4846  -0.0689   0.4524
 -0.0550  -0.1309   0.0525   0.4566  -0.0945   0.4631
 -0.0403  -0.1364   0.0560   0.4552  -0.1042   0.4512
 -0.0427  -0.1380   0.0510   0.4551  -0.1033   0.4410
 -0.0395  -0.1513   0.0603   0.4416  -0.1068   0.4336
 -0.0536  -0.1522   0.0427   0.4259  -0.1023   0.4133
 -0.0538  -0.1481   0.0443   0.3923  -0.0951   0.4128
 -0.0597  -0.1296   0.0409   0.4022  -0.0923   0.4053
 -0.0574  -0.1259   0.0446   0.3729  -0.1024   0.4192
 -0.0551  -0.1459   0.0461   0.3809  -0.1224   0.4165
 -0.0537  -0.1520   0.0425   0.3899  -0.1259   0.4168
 -0.0462  -0.1553   0.0402   0.4095  -0.1102   0.3967
 -0.0397  -0.1507   0.0449   0.4172  -0.1062   0.3684
 -0.0370  -0.1595   0.0460   0.4228  -0.1166   0.3690
 -0.0423  -0.1473   0.0536   0.3988  -0.1289   0.3669
 -0.0401  -0.1340   0.0485   0.3822  -0.1330   0.3729
 -0.0337  -0.1550   0.0448   0.3917  -0.1302   0.3588
 -0.0276  -0.1472   0.0490   0.3849  -0.1316   0.3543
 -0.0260  -0.1493   0.0572   0.3650  -0.1262   0.3397
 -0.0283  -0.1184   0.0570   0.3506  -0.1460   0.3653
 -0.0249  -0.1059   0.0528   0.3612  -0.1351   0.3677
 -0.0265  -0.1418   0.0555   0.3791  -0.1247   0.3437
 -0.0227  -0.1422   0.0486   0.3799  -0.1274   0.3323
 -0.0302  -0.1473   0.0554   0.3716  -0.0995   0.3326
 -0.0187  -0.1637   0.0652   0.3503  -0.0896   0.3482
 -0.0194  -0.1327   0.0499   0.3428  -0.0579   0.3245
 -0.0158  -0.1347   0.0567   0.3143  -0.0493   0.3526
 -0.0131  -0.1338   0.0487   0.3087  -0.0671   0.3190
 -0.0186  -0.1405   0.0555   0.3249  -0.0597   0.3174
 -0.0116  -0.1433   0.0534   0.3168  -0.0609   0.3082
 -0.0126  -0.1409   0.0610   0.3103  -0.0475   0.2860
 -0.0101  -0.1272   0.0648   0.2980  -0.0518   0.2920
 -0.0100  -0.1108   0.0598   0.2711  -0.0478   0.3103
 -0.0116  -0.1110   0.0663   0.2538  -0.0442   0.3022
 -0.0186  -0.1277   0.0517   0.2654  -0.0242   0.2586
 -0.0225  -0.1346   0.0555   0.2689  -0.0085   0.2586
 -0.0201  -0.1060   0.0647   0.2215  -0.0187   0.2962
 -0.0225  -0.1109   0.0573   0.1994  -0.0268   0.2861
 -0.0157  -0.1454   0.0483   0.2473  -0.0066   0.2517
 -0.0091  -0.1573   0.0570   0.2586  -0.0079   0.2484
 -0.0108  -0.1647   0.0479   0.2922  -0.0022   0.2399
 -0.0110  -0.1630   0.0543   0.2697  -0.0038   0.2358
 -0.0128  -0.1315   0.0534   0.2419  -0.0140   0.2590
 -0.0114  -0.1374   0.0506   0.2352  -0.0127   0.2348
 -0.0099  -0.1558   0.0444   0.2500  -0.0091   0.2092
 -0.0084  -0.1463   0.0447   0.2514  -0.0093   0.2200
 -0.0022  -0.1436   0.0410   0.2700  -0.0108   0.2116
 -0.0038  -0.1579   0.0454   0.3097  -0.0114   0.2239
 -0.0048  -0.1423   0.0503   0.3183  -0.0127   0.2235
 -0.0080  -0.1309   0.0471   0.3162  -0.0050   0.2456
 -0.0011  -0.1375   0.0451   0.3101  -0.0160   0.2695
 -0.0069  -0.1429   0.0417   0.2996  -0.0074   0.2341
 -0.0060  -0.1270   0.0640   0.2900  -0.0133   0.1995
  0.0035  -0.1319   0.0651   0.2890  -0.0322   0.2409
  0.0097  -0.1434   0.0540   0.2991  -0.0079   0.2218
 -0.0098  -0.1233   0.0221   0.2998  -0.0199   0.2017
 -0.0230  -0.0764   0.0063   0.2394  -0.0347   0.1713
 -0.0071  -0.0274   0.0176   0.2060  -0.0479   0.1829
 -0.0146  -0.0270   0.0040   0.1754  -0.0545   0.1933
 -0.0115  -0.0686   0.0108   0.2112  -0.0536   0.1589
 -0.0161  -0.0296   0.0231   0.1815  -0.0695   0.1466
 -0.0063   0.0047   0.0229   0.1385  -0.0829   0.1716
 -0.0050  -0.0197   0.0205   0.1509  -0.0761   0.1597
 -0.0040  -0.0392   0.0226   0.1575  -0.0775   0.1412
 -0.0050  -0.0352   0.0235   0.1681  -0.0674   0.1427
 -0.0001  -0.0449   0.0253   0.1613  -0.0603   0.1313
 -0.0004  -0.0211   0.0274   0.1161  -0.0605   0.1431
  0.0102  -0.0240   0.0263   0.0927  -0.0721   0.1484
  0.0107  -0.0529   0.0187   0.1024  -0.0660   0.1297
 -0.0016  -0.0380   0.0156   0.0968  -0.0526   0.1053
  0.0039  -0.0319   0.0229   0.0967  -0.0505   0.0989
  0.0194  -0.0271   0.0242   0.0874  -0.0660   0.0915
  0.0304  -0.0381   0.0243   0.0766  -0.0620   0.0753
  0.0148  -0.0411   0.0173   0.0593  -0.0590   0.0949
  0.0096  -0.0545  -0.0055   0.0786  -0.0415   0.0781
  0.0027  -0.0532  -0.0029   0.0886  -0.0218   0.0582
  0.0013  -0.0148   0.0079   0.0633  -0.0155   0.0783
 -0.0053  -0.0291   0.0055   0.0339  -0.0304   0.0526
 -0.0055  -0.0382   0.0117   0.0466  -0.0301   0.0549
 -0.0018  -0.0301   0.0013   0.0250  -0.0448   0.0501
 -0.0052  -0.0371   0.0014   0.0220  -0.0460   0.0385
 -0.0073  -0.0449   0.0009   0.0443  -0.0401   0.0187
 -0.0106  -0.0307   0.0086   0.0222  -0.0362   0.0357
 -0.0087  -0.0231   0.0097   0.0149  -0.0335   0.0083
 -0.0075  -0.0219   0.0080   0.0167  -0.0411   0.0277
 -0.0071  -0.0387   0.0008   0.0178  -0.0440   0.0181
 -0.0084  -0.0454  -0.0003   0.0394  -0.0354  -0.0002
 -0.0116  -0.0366   0.0081   0.0405  -0.0368  -0.0159
 -0.0120  -0.0295   0.0093   0.0404  -0.0395  -0.0057
 -0.0109  -0.0295   0.0093   0.0416  -0.0456   0.0061
 -0.0145  -0.0366   0.0002   0.0510  -0.0369   0.0091
 -0.0138  -0.0504   0.0043   0.0744  -0.0353  -0.0065
 -0.0149  -0.0649   0.0070   0.0828  -0.0249  -0.0239
 -0.0183  -0.0392   0.0115   0.0703  -0.0300   0.0028
 -0.0113  -0.0397  -0.0000   0.0767  -0.0396   0.0104
 -0.0150  -0.0742  -0.0053   0.1085  -0.0359  -0.0228
 -0.0205  -0.0570   0.0107   0.0952  -0.0305  -0.0188
 -0.0155  -0.0114   0.0112   0.0602  -0.0430   0.0187
 -0.0168  -0.0090   0.0038   0.0471  -0.0365   0.0147
 -0.0185  -0.0277   0.0028   0.0414  -0.0240   0.0074
 -0.0249  -0.0424   0.0020   0.0311  -0.0189  -0.0180
 -0.0159  -0.0115  -0.0043   0.0128  -0.0167  -0.0312
 -0.0137  -0.0184  -0.0139   0.0142  -0.0108  -0.0194
 -0.0117  -0.0172   0.0086  -0.0125  -0.0249   0.0015
 -0.0101  -0.0349  -0.0270  -0.0149  -0.0309   0.0005
 -0.0100   0.0027  -0.0326  -0.0602  -0.0403  -0.0226
 -0.0050   0.0669  -0.0249  -0.1251  -0.0412   0.0048
  0.0014   0.0672  -0.0266  -0.1189  -0.0391   0.0118
  0.0020   0.0490  -0.0330  -0.0793  -0.0195  -0.0101
  0.0018   0.0570  -0.0131  -0.0742  -0.0260   0.0095
 -0.0006   0.0748  -0.0168  -0.0919  -0.0234   0.0128
  0.0032   0.0687  -0.0261  -0.0996  -0.0342   0.0062
  0.0129   0.0434  -0.0264  -0.0812  -0.0427  -0.0274
  0.0074   0.0400  -0.0211  -0.0634  -0.0262  -0.0373
  0.0063   0.0462  -0.0096  -0.0758  -0.0182  -0.0241
  0.0068   0.0484  -0.0158  -0.1225  -0.0344  -0.0136
  0.0101   0.0438  -0.0259  -0.1303  -0.0321  -0.0447
  0.0136   0.0471  -0.0200  -0.1222  -0.0191  -0.0769
  0.0117   0.0657  -0.0317  -0.1168  -0.0020  -0.0788
  0.0045   0.0529  -0.0312  -0.1111   0.0042  -0.0696
  0.0040   0.0694  -0.0245  -0.1199  -0.0075  -0.0637
  0.0018   0.0529  -0.0178  -0.1527  -0.0113  -0.0890
  0.0013   0.0443  -0.0220  -0.1583  -0.0285  -0.0815
  0.0025   0.0479  -0.0212  -0.1728  -0.0218  -0.0985
  0.0028   0.0709  -0.0153  -0.2264  -0.0215  -0.1004
  0.0130   0.0841  -0.0185  -0.2226  -0.0146  -0.1241
  0.0096   0.0691  -0.0242  -0.1993  -0.0035  -0.1459
  0.0054   0.0754  -0.0264  -0.2104  -0.0084  -0.1453
  0.0054   0.0724  -0.0255  -0.2163  -0.0093  -0.1463
  0.0039   0.0732  -0.0324  -0.2056   0.0004  -0.1514
  0.0025   0.0745  -0.0216  -0.2175  -0.0165  -0.1397
  0.0040   0.0579  -0.0213  -0.2237  -0.0172  -0.1267
 -0.0017   0.0593  -0.0248  -0.2144  -0.0067  -0.1458
  0.0042   0.0637  -0.0284  -0.2578  -0.0263  -0.1557
  0.0097   0.0573  -0.0219  -0.2617  -0.0239  -0.1725
  0.0171   0.0486  -0.0306  -0.2391  -0.0187  -0.1719
  0.0129   0.0360  -0.0293  -0.2189  -0.0105  -0.1826
  0.0129   0.0372  -0.0236  -0.2168  -0.0112  -0.1720
  0.0031   0.0325  -0.0208  -0.2173  -0.0019  -0.1841
  0.0228   0.0340  -0.0137  -0.2696  -0.0247  -0.1496
  0.0271   0.0318  -0.0231  -0.2483  -0.0067  -0.1820
  0.0244   0.0229  -0.0237  -0.2172   0.0037  -0.2030
  0.0177   0.0539  -0.0116  -0.2509   0.0135  -0.1715
  0.0167   0.0546  -0.0129  -0.2626  -0.0006  -0.1597
  0.0233   0.0194  -0.0146  -0.2128   0.0070  -0.1937
  0.0203   0.0350  -0.0191  -0.1979   0.0168  -0.2308
  0.0197   0.0749  -0.0238  -0.2061   0.0209  -0.2057
  0.0229   0.0950  -0.0237  -0.2356   0.0173  -0.1634
  0.0259   0.0763  -0.0253  -0.2334   0.0198  -0.1842
  0.0140   0.0514  -0.0298  -0.2034   0.0349  -0.1952
  0.0100   0.0500  -0.0316  -0.2184   0.0372  -0.2067
  0.0108   0.0845  -0.0202  -0.2266   0.0246  -0.1464
  0.0117   0.0629  -0.0321  -0.2197   0.0092  -0.1541
  0.0114   0.0510  -0.0359  -0.2012   0.0364  -0.2082
  0.0081   0.0648  -0.0193  -0.2331   0.0204  -0.1872
  0.0138   0.0692  -0.0262  -0.2304   0.0200  -0.1755
  0.0189   0.0512  -0.0363  -0.2082   0.0220  -0.1856
  0.0110   0.0563  -0.0389  -0.2186   0.0390  -0.2249
  0.0102   0.0677  -0.0306  -0.2175   0.0414  -0.2302
  0.0165   0.0492  -0.0420  -0.2205   0.0478  -0.2135
  0.0267   0.0469  -0.0561  -0.2305   0.0375  -0.2449
  0.0328   0.1147  -0.0590  -0.2613   0.0653  -0.2944
  0.0255   0.1119  -0.0510  -0.2852   0.0505  -0.2432
  0.0240   0.1120  -0.0469  -0.2722   0.0496  -0.2490
  0.0233   0.0799  -0.0605  -0.2424   0.0577  -0.2519
  0.0207   0.0949  -0.0739  -0.2261   0.0751  -0.2725
  0.0278   0.1558  -0.0715  -0.2416   0.0740  -0.2110
  0.0350   0.1627  -0.0579  -0.2744   0.0615  -0.2277
  0.0375   0.1756  -0.0720  -0.2517   0.0736  -0.2692
  0.0298   0.1803  -0.0522  -0.2559   0.0717  -0.2579
  0.0304   0.2046  -0.0592  -0.3074   0.0552  -0.2165
  0.0347   0.1779  -0.0634  -0.2852   0.0696  -0.2658
  0.0332   0.1751  -0.0716  -0.2735   0.0770  -0.2892
  0.0376   0.1764  -0.0672  -0.2855   0.0788  -0.2867
  0.0301   0.1945  -0.0612  -0.3240   0.0698  -0.2793
  0.0336   0.2074  -0.0615  -0.3407   0.0703  -0.2819
  0.0412   0.2039  -0.0555  -0.3203   0.0680  -0.2854
  0.0458   0.2014  -0.0517  -0.3215   0.0734  -0.2882
  0.0413   0.1946  -0.0565  -0.3211   0.0737  -0.2934
  0.0432   0.2025  -0.0458  -0.3196   0.0735  -0.3224
  0.0432   0.2112  -0.0487  -0.3370   0.0795  -0.3255
  0.0508   0.1957  -0.0535  -0.3546   0.0988  -0.3509
  0.0507   0.2109  -0.0519  -0.3749   0.1004  -0.2947
  0.0494   0.1931  -0.0534  -0.3790   0.1056  -0.3101
  0.0507   0.1731  -0.0629  -0.3490   0.1196  -0.3745
  0.0514   0.1586  -0.0548  -0.3323   0.1191  -0.3709
  0.0556   0.1510  -0.0506  -0.3416   0.1089  -0.3680
  0.0500   0.1560  -0.0407  -0.3540   0.1254  -0.3858
  0.0485   0.1227  -0.0483  -0.3340   0.1347  -0.4389
  0.0522   0.1197  -0.0395  -0.3382   0.1178  -0.4008
  0.0708   0.1269  -0.0273  -0.3291   0.0755  -0.3772
  0.0731   0.1086  -0.0307  -0.3427   0.0852  -0.3971
  0.0792   0.1082  -0.0293  -0.3227   0.1065  -0.4163
  0.0698   0.1183  -0.0339  -0.3261   0.1101  -0.4167
  0.0696   0.1312  -0.0336  -0.3338   0.1176  -0.4212
  0.0588   0.1309  -0.0288  -0.3574   0.1260  -0.4429
  0.0531   0.1337  -0.0271  -0.3785   0.1127  -0.4143
  0.0448   0.1132  -0.0273  -0.4026   0.1033  -0.4169
  0.0558   0.1215  -0.0405  -0.3628   0.1311  -0.4315
  0.0498   0.1227  -0.0514  -0.3752   0.1442  -0.4337
  0.0514   0.1122  -0.0327  -0.3500   0.1371  -0.4325
  0.0483   0.1225  -0.0265  -0.3550   0.1312  -0.4297
  0.0487   0.1211  -0.0286  -0.3521   0.1313  -0.4338
  0.0428   0.1390  -0.0222  -0.3901   0.1341  -0.4301
  0.0477   0.1346  -0.0409  -0.4198   0.1533  -0.4466
  0.0424   0.1330  -0.0294  -0.4171   0.1607  -0.4443
  0.0319   0.1378  -0.0297  -0.4463   0.1669  -0.4249
  0.0267   0.1608  -0.0485  -0.4481   0.1807  -0.4467
  0.0276   0.1468  -0.0516  -0.4197   0.1928  -0.4650
  0.0255   0.1294  -0.0362  -0.4128   0.1905  -0.4563
  0.0050   0.1358  -0.0326  -0.4604   0.1841  -0.4427
  0.0092   0.1201  -0.0337  -0.4491   0.1807  -0.4716
  0.0158   0.1172  -0.0409  -0.4488   0.1689  -0.4715
  0.0258   0.1110  -0.0355  -0.4541   0.1761  -0.4823
  0.0284   0.0954  -0.0374  -0.4420   0.1627  -0.5070
  0.0128   0.0907  -0.0451  -0.4450   0.1679  -0.5229
  0.0058   0.0961  -0.0467  -0.4372   0.1775  -0.5088
  0.0109   0.0874  -0.0456  -0.4338   0.1806  -0.5263
  0.0057   0.1344  -0.0430  -0.4602   0.1582  -0.4628
  0.0077   0.1132  -0.0549  -0.4349   0.1593  -0.4787
