 -0.0016  -0.1243  -0.0903   0.0115  -0.0361   0.0322
 -0.0197  -0.1801  -0.0940  -0.0170  -0.0166   0.0051
 -0.0184  -0.1514  -0.1159  -0.0273  -0.0123   0.0618
 -0.0139  -0.1665  -0.0781   0.0374  -0.0281  -0.0314
 -0.0208  -0.1382  -0.0816   0.0778  -0.0213   0.0077
 -0.0182  -0.1158  -0.0712   0.0714  -0.0259   0.0195
 -0.0169  -0.1170  -0.0791   0.0860  -0.0230   0.0967
  0.0044  -0.0966  -0.0709   0.0372  -0.0318   0.0159
  0.0222  -0.0142  -0.0913  -0.0900  -0.0298   0.0661
  0.0158  -0.0292  -0.0886  -0.0364  -0.0171  -0.0118
  0.0122  -0.0167  -0.0794  -0.0728  -0.0357  -0.0029
  0.0182   0.0011  -0.0809  -0.1350  -0.0427   0.0799
  0.0187   0.0211  -0.0909  -0.1054  -0.0273   0.0148
  0.0283   0.0085  -0.0902  -0.1133  -0.0199   0.0009
  0.0313   0.0261  -0.0972  -0.0745  -0.0153   0.0087
  0.0272   0.0378  -0.0955  -0.0279  -0.0150   0.0273
  0.0228   0.0359  -0.0766  -0.0104  -0.0251  -0.0195
  0.0279   0.0282  -0.0739  -0.0273  -0.0248   0.0387
  0.0243   0.0085  -0.0643  -0.0013  -0.0328  -0.0109
  0.0240   0.0075  -0.0702   0.0158  -0.0371  -0.0283
  0.0017   0.0240  -0.0513   0.0008  -0.0412   0.0030
 -0.0289   0.0639  -0.0419  -0.0259  -0.0478   0.0206
 -0.0076   0.0707  -0.0515  -0.0396  -0.0242  -0.0108
 -0.0134   0.0126  -0.0413   0.0010  -0.0229   0.0058
 -0.0052  -0.0118  -0.0482   0.0231  -0.0221  -0.0660
 -0.0069   0.0475  -0.0438   0.0046  -0.0263   0.0582
  0.0086   0.0332  -0.0254   0.0159  -0.0327  -0.0402
  0.0085   0.0057  -0.0345   0.0417  -0.0317   0.0884
  0.0011  -0.1247  -0.0086   0.1399  -0.0320  -0.0880
 -0.0094  -0.1359   0.0002   0.1462  -0.0219   0.0253
 -0.0145  -0.1353  -0.0054   0.1129  -0.0138   0.0425
 -0.0168  -0.1276   0.0049   0.1117  -0.0120  -0.0306
 -0.0089  -0.0999   0.0128   0.1147  -0.0111  -0.0068
 -0.0089  -0.1000   0.0239   0.1351  -0.0202  -0.0151
  0.0061  -0.0668   0.0236   0.1351  -0.0260   0.0209
  0.0112  -0.0898   0.0256   0.1139  -0.0187  -0.0016
  0.0027  -0.0848   0.0299   0.1017  -0.0078   0.0364
 -0.0098  -0.0716   0.0274   0.1132  -0.0122  -0.0051
  0.0020  -0.0326   0.0211   0.0945  -0.0133  -0.0020
 -0.0013  -0.0179   0.0157   0.0802  -0.0034   0.0183
  0.0021  -0.0452   0.0267   0.1236  -0.0016  -0.0053
 -0.0011  -0.0735   0.0289   0.1211  -0.0017  -0.0424
  0.0044  -0.0539   0.0315   0.0851   0.0037   0.0249
  0.0095  -0.0361   0.0220   0.0888   0.0005   0.0442
  0.0126  -0.0223   0.0277   0.1309  -0.0028   0.0198
  0.0080  -0.0453   0.0343   0.1277  -0.0086   0.0133
  0.0123  -0.0448   0.0445   0.1281  -0.0033  -0.0089
  0.0163  -0.0228   0.0369   0.0920  -0.0008   0.0225
  0.0211   0.0925   0.0419  -0.0155   0.0101   0.0029
  0.0282   0.1333   0.0349  -0.0733   0.0129  -0.0719
  0.0127   0.1071   0.0169  -0.0975   0.0231  -0.0380
 -0.0022   0.1289   0.0097  -0.1122   0.0246   0.0324
  0.0109   0.1078   0.0213  -0.0497   0.0202  -0.0338
  0.0030   0.0667   0.0235  -0.0232   0.0155   0.0264
 -0.0030   0.0000   0.0095  -0.0336   0.0307   0.0217
  0.0084   0.0505   0.0173  -0.0061   0.0273  -0.0053
 -0.0049   0.0265   0.0115  -0.0347   0.0316  -0.0257
 -0.0036   0.0232   0.0214  -0.0289   0.0336  -0.0268
 -0.0077   0.0137   0.0174  -0.0209   0.0337   0.0075
  0.0054   0.0171   0.0245   0.0041   0.0345  -0.0140
  0.0008  -0.0159   0.0118   0.0301   0.0473   0.0093
  0.0117  -0.0328   0.0164   0.0336   0.0459  -0.0123
  0.0101   0.0174   0.0283  -0.0151   0.0385  -0.0561
  0.0221   0.0422   0.0241  -0.0189   0.0435  -0.0032
  0.0154   0.0414   0.0299  -0.0669   0.0395  -0.0394
  0.0109   0.0810   0.0199  -0.0518   0.0431   0.0460
 -0.0180   0.0211   0.0792  -0.1917   0.0340  -0.0331
 -0.0501   0.0772   0.1348  -0.3303   0.0318   0.0265
 -0.0298   0.0633   0.1225  -0.2018   0.0421  -0.0021
 -0.0390   0.0714   0.1108  -0.1237   0.0519  -0.0511
 -0.0255   0.0925   0.0990  -0.0773   0.0410  -0.0142
 -0.0225   0.1020   0.0947  -0.0721   0.0471  -0.0422
 -0.0177   0.1032   0.0933  -0.0301   0.0230  -0.0475
 -0.0209   0.1292   0.0916  -0.0405   0.0133  -0.0307
 -0.0139   0.1267   0.0994  -0.0823   0.0359  -0.0227
 -0.0128   0.1401   0.1030  -0.0442   0.0349  -0.0575
 -0.0154   0.1434   0.0937  -0.0668   0.0323  -0.0127
 -0.0161   0.1741   0.0988  -0.0772   0.0312  -0.0232
