 -0.0695   0.2923  -0.1613  -0.3046  -0.1428   0.2208
 -0.0478   0.3195  -0.2505  -0.1925  -0.1684   0.2409
 -0.0551   0.2700  -0.2347  -0.2807  -0.1350   0.2620
 -0.1073   0.2717  -0.2385  -0.1909  -0.0819   0.2101
 -0.0631   0.1733  -0.1437  -0.2761  -0.0901   0.2452
 -0.1291   0.4796  -0.2880   0.0348  -0.0286   0.0480
 -0.3020   0.3771  -0.1740   0.3022   0.0297  -0.0974
 -0.1651   0.3122   0.0224   0.2341  -0.1796  -0.1041
 -0.0903   0.4657  -0.0733  -0.0760  -0.1840   0.0320
 -0.0743   0.7168  -0.1004  -0.2358  -0.1891   0.0174
 -0.0389   0.3368   0.0042  -0.0539  -0.0803   0.0842
 -0.0307   0.5571   0.0432   0.0176  -0.1327  -0.0307
 -0.0349   0.8936   0.0698  -0.1371  -0.1286  -0.0618
 -0.1029   0.6694   0.0617   0.0756  -0.1612  -0.0830
 -0.1289   0.5011  -0.0410  -0.0869  -0.1382   0.0330
 -0.1379   0.5361  -0.0267  -0.1483  -0.1402   0.0278
 -0.1293   0.4786  -0.0669  -0.2010  -0.1245   0.0869
 -0.1319   0.4390  -0.0408  -0.1355  -0.1344   0.0580
 -0.1362   0.5297  -0.0020  -0.1103  -0.1611   0.0025
 -0.0993   0.4634  -0.0863  -0.2012  -0.1208   0.0755
 -0.1091   0.3749  -0.0388  -0.0856  -0.1052   0.0502
 -0.1182   0.5155   0.0007  -0.1995  -0.0816   0.0723
 -0.1199   0.5013  -0.0832  -0.2177  -0.0512   0.0850
 -0.1128   0.6098  -0.0129  -0.0841  -0.1528  -0.0091
 -0.0685   0.6362   0.0621   0.0046  -0.2140   0.0018
 -0.0606   0.4270   0.0453  -0.1591  -0.1004   0.0754
 -0.0518   0.1735   0.0385  -0.2100  -0.0982   0.1998
 -0.0545  -0.0008  -0.0002  -0.3175  -0.0551   0.2805
 -0.0370   0.1880   0.0466  -0.1541  -0.0707   0.1697
 -0.0574   0.2616   0.0036  -0.3017  -0.0541   0.1946
 -0.0381   0.4689   0.0125  -0.1398  -0.0933   0.0993
 -0.0557   0.3715   0.0098  -0.2175  -0.0774   0.1348
 -0.0492   0.4312   0.0009  -0.0772  -0.1314   0.0491
 -0.0652   0.4311  -0.0206  -0.2607  -0.0891   0.1365
 -0.0369   0.3622   0.0196  -0.1674  -0.1040   0.1074
 -0.0368   0.3489   0.0100  -0.2248  -0.0801   0.1276
 -0.0333   0.3929   0.0411  -0.1991  -0.0838   0.0913
 -0.0467   0.3018   0.0092  -0.2477  -0.0744   0.1303
 -0.0276   0.2550   0.0455  -0.1882  -0.0766   0.1211
 -0.0269   0.1586   0.0222  -0.2765  -0.0632   0.1824
 -0.0228   0.1139   0.0366  -0.2664  -0.0552   0.1914
 -0.0081   0.1224   0.0358  -0.2943  -0.0484   0.2183
 -0.0022   0.1087   0.0457  -0.2804  -0.0568   0.2112
 -0.0191   0.0863   0.0263  -0.3148  -0.0557   0.2288
 -0.0182   0.0458   0.0307  -0.2865  -0.0585   0.2160
 -0.0092   0.0550   0.0175  -0.3205  -0.0552   0.2512
  0.0377   0.0324   0.0370  -0.2790  -0.0405   0.2260
  0.0040   0.0225   0.0243  -0.2356  -0.0489   0.2441
 -0.0048  -0.2045   0.0155  -0.4800  -0.0642   0.4051
 -0.0364  -0.1660  -0.0502  -0.3382   0.0631   0.3326
 -0.0457  -0.2530  -0.1285  -0.2715   0.0702   0.3019
 -0.0350  -0.2832  -0.1538  -0.3415   0.1080   0.3227
 -0.0030  -0.2217  -0.1034  -0.1561   0.0804   0.2359
 -0.0517  -0.2856  -0.1466  -0.2607   0.1393   0.2956
 -0.0157  -0.2289  -0.1181  -0.1284   0.0811   0.2225
 -0.0093  -0.0810  -0.0673  -0.1702  -0.0512   0.2317
  0.0390  -0.0866   0.0221  -0.0534  -0.1257   0.1583
  0.0102   0.1469  -0.0689   0.1095  -0.0323   0.0011
 -0.1258  -0.0069  -0.2199   0.0485  -0.1054   0.0782
 -0.1129  -0.0889  -0.2031  -0.0823  -0.1202   0.1375
 -0.1191  -0.0604  -0.2669  -0.1178  -0.1090   0.1632
 -0.0647  -0.0842  -0.2094  -0.2917  -0.1605   0.2611
  0.0074  -0.2812  -0.1705  -0.4911  -0.0844   0.3906
  0.0264  -0.2359  -0.1087  -0.3766  -0.1232   0.3202
  0.0160  -0.2666  -0.1859  -0.4429  -0.0771   0.3633
  0.0649  -0.1830  -0.1048  -0.3293  -0.0983   0.3032
  0.0395  -0.2565  -0.1434  -0.3857  -0.0710   0.3460
  0.0387  -0.2656  -0.1059  -0.2473  -0.0773   0.3003
  0.0533  -0.4363  -0.1374  -0.3848  -0.0509   0.3760
  0.0678  -0.3314  -0.0897  -0.2515  -0.0858   0.3016
  0.0273  -0.4287  -0.1443  -0.4028  -0.0385   0.4066
 -0.0046   0.6157   0.1149  -0.1213  -0.2343  -0.0521
  0.0273   0.5962   0.0856  -0.1254  -0.2184  -0.0177
 -0.0034   0.1014  -0.0961  -0.2835   0.0303   0.1271
  0.0216   0.0269  -0.2169   0.0978   0.1510   0.0300
  0.0234  -0.2891  -0.1708  -0.0755   0.2058   0.1203
  0.0244  -0.1503  -0.2145   0.0493   0.1699   0.0244
  0.1069  -0.1992  -0.1825   0.0177   0.1963   0.0491
  0.1700  -0.4488  -0.0613   0.2597   0.2345   0.0599
  0.1164  -0.4021   0.0280   0.1838   0.1890   0.0660
  0.1190  -0.3304   0.0324   0.0122   0.1609   0.1026
  0.1097  -0.3182   0.0108   0.0627   0.1049   0.0937
  0.0775  -0.0934  -0.0619   0.1354   0.1231  -0.0084
  0.1026  -0.1913  -0.0056   0.0236   0.1133   0.0470
  0.0591  -0.1784  -0.0369   0.0702   0.0933   0.0256
  0.0683  -0.1769  -0.0156   0.0831   0.0819   0.0264
  0.0384  -0.1632  -0.0395  -0.0394   0.0708   0.0642
  0.0067  -0.1027  -0.0496  -0.0112   0.0663   0.0456
  0.0388  -0.2579   0.0037   0.0388   0.1039   0.0774
  0.0477  -0.2419   0.0184  -0.0421   0.0542   0.1233
  0.0256  -0.2449   0.0117  -0.0277   0.0611   0.1079
 -0.0142   0.2544   0.0655  -0.0143  -0.0302  -0.0252
 -0.0033   0.5065   0.0702  -0.0990  -0.0498  -0.0860
 -0.0393   0.2757   0.0139  -0.1176   0.0606   0.0005
  0.0479   0.3319   0.0668  -0.1039   0.0423  -0.0365
 -0.2097   1.3298  -0.3212   0.8358  -0.1609  -0.7761
 -0.1886   0.3819  -0.1186   0.5211  -0.1238  -0.4952
 -0.0787   0.1518  -0.0989   0.5459  -0.0539  -0.4371
 -0.0887   0.1036  -0.1335   0.3159  -0.0085  -0.3161
 -0.0849   0.1027  -0.0476   0.2521  -0.0406  -0.2801
 -0.1004   0.0055  -0.0682   0.1731  -0.0171  -0.2393
 -0.0037   0.1973  -0.0026   0.0887  -0.1379  -0.2351
  0.1245   0.2329   0.0258   0.1393  -0.0196  -0.2193
  0.0438   0.0155   0.0053   0.1037   0.0325  -0.1948
  0.0914   0.1266  -0.0278   0.0999   0.0242  -0.2071
  0.0626  -0.0457  -0.0236   0.1634   0.0485  -0.1763
  0.0083   0.0380  -0.0037   0.0611   0.0290  -0.1836
 -0.0019   0.0125  -0.0558   0.0525   0.0765  -0.1578
  0.0476   0.0569  -0.0562   0.2586   0.0263  -0.2697
  0.0431   0.1680   0.0111   0.2573  -0.0897  -0.2983
  0.0213   0.0442   0.0228   0.0101  -0.0043  -0.1725
  0.0260   0.0144   0.0447   0.1391   0.0032  -0.2173
  0.0116   0.0579   0.0091   0.0820   0.0060  -0.1960
  0.0210  -0.0200   0.0078   0.0529   0.0323  -0.1871
  0.0336   0.0262  -0.0187   0.1153  -0.0119  -0.1971
  0.0399  -0.0029  -0.0346   0.1212   0.0184  -0.1881
  0.0315   0.0442  -0.0738   0.1486  -0.0240  -0.1963
 -0.0282  -0.0336   0.0179   0.1014   0.0385  -0.1948
  0.0408   0.1703   0.1268  -0.0608   0.0368  -0.1543
 -0.0005   0.1840   0.0224  -0.0579   0.0027  -0.1490
  0.0140   0.2089   0.0219   0.0447   0.0057  -0.2111
  0.0415   0.0557   0.0362   0.0343   0.0005  -0.1829
 -0.0029   0.1957   0.0667  -0.0251  -0.0159  -0.2117
 -0.0064   0.2207   0.0577  -0.0052   0.0015  -0.2124
 -0.0030   0.1489   0.0191   0.0840   0.0199  -0.2602
 -0.0016   0.1992  -0.0242   0.0628   0.0549  -0.2495
  0.0066   0.1182   0.0529   0.1633   0.0104  -0.2698
  0.0002   0.1144   0.0476   0.2820   0.0216  -0.3147
  0.0107   0.1603   0.0110   0.0772  -0.0051  -0.2260
  0.0046   0.1660   0.0130   0.0209  -0.0288  -0.2211
  0.0478   0.2064   0.0233   0.0174  -0.0208  -0.2237
  0.0346   0.2332   0.0533   0.1833  -0.0392  -0.3077
 -0.0067   0.1343   0.1490   0.2156  -0.0631  -0.3013
  0.0031  -0.0015   0.1639   0.0536  -0.0146  -0.2060
  0.0746  -0.0208   0.1409   0.1576  -0.0248  -0.2217
  0.1135   0.0517   0.0311   0.1337  -0.0157  -0.2185
  0.0687   0.0650   0.0241   0.0465  -0.0258  -0.2063
  0.1136  -0.0209   0.0669   0.2283  -0.0461  -0.2618
  0.0520   0.2827  -0.0332   0.3063  -0.1256  -0.3838
  0.0883   0.1664   0.0109   0.1344  -0.0659  -0.2481
  0.1226   0.1711  -0.0184   0.1219  -0.0826  -0.2511
  0.0942   0.1059   0.0142   0.1642  -0.0677  -0.2462
  0.1373   0.0652   0.0387   0.2576  -0.0456  -0.3117
  0.0544   0.0989   0.1270   0.1551  -0.0635  -0.2707
  0.0913   0.0080   0.1991   0.1180  -0.0311  -0.2260
  0.1596  -0.0246   0.1075   0.1727  -0.0451  -0.2254
  0.1473   0.0070   0.0627   0.0763  -0.0401  -0.1923
  0.1439   0.0566   0.0519   0.0001  -0.0609  -0.1641
  0.1027  -0.1889   0.0584   0.0312  -0.0574  -0.1507
  0.1374  -0.5845   0.0042   0.1571  -0.0623  -0.0626
  0.1692  -0.4975   0.0589   0.2369   0.0134  -0.1354
  0.1573  -0.4335   0.0053   0.2190  -0.0254  -0.1117
  0.1539  -0.2993   0.1263   0.3280   0.0349  -0.2080
  0.3013   0.2533   0.4036   0.6297   0.0851  -0.4781
  0.0965   0.1805   0.0953   0.2799   0.0186  -0.3155
  0.0636  -0.0193   0.1157   0.0758   0.0445  -0.2215
  0.0911  -0.0300   0.0677  -0.0128   0.0785  -0.1605
  0.0934  -0.1312   0.0990   0.0651   0.0774  -0.1657
  0.1498  -0.1544   0.0265   0.0356   0.0793  -0.1349
  0.1313  -0.2308   0.0557   0.0449   0.0994  -0.1105
  0.1962  -0.1910   0.0010   0.0352   0.1037  -0.1009
  0.1245  -0.2217   0.0895   0.0369   0.1164  -0.0951
  0.1750  -0.1899   0.0169   0.1608   0.1154  -0.1567
  0.1615  -0.3305   0.0245   0.1983   0.1689  -0.1458
  0.1299  -0.1609   0.0486   0.1098   0.1219  -0.1660
  0.1467  -0.5979   0.0888   0.1644   0.1692  -0.0568
 -0.0183  -1.6613   0.1784   1.3338   0.4129   0.4001
 -1.0000  -6.6583   1.1934   2.6779   1.2992   2.2547
 -0.4494  -2.1901   0.8263  -0.0539   0.4821   0.9528
 -0.2524  -2.7530   0.6767  -0.2251   0.5356   1.1846
 -0.1994  -3.2502   0.6526   0.0596   0.5217   1.1452
 -0.2482  -3.1533   0.5707  -0.0433   0.5801   1.1997
 -0.2604  -2.9742   0.6174  -0.0507   0.5325   1.0996
 -0.1858  -3.0405   0.6383  -0.0708   0.5847   1.1736
 -0.2843  -2.7959   0.3475  -0.0755   0.4164   1.0422
 -0.0958  -2.9797   0.5549  -0.2997   0.3895   1.1725
