  0.1918  -0.1749   0.2358  -0.1049   0.0498   0.1526
  0.2260  -0.1661   0.2316  -0.1051   0.0265   0.1488
  0.2290  -0.1918   0.2469  -0.0902  -0.0078   0.1338
  0.2118  -0.1653   0.2142  -0.1035   0.0487   0.1461
  0.2250  -0.2028   0.2445  -0.1585  -0.0008   0.1700
  0.2066  -0.1759   0.2383  -0.1963   0.0380   0.2024
  0.1878  -0.2197   0.2036  -0.1048   0.0321   0.1507
  0.2008  -0.2202   0.2223  -0.1137   0.0178   0.1545
  0.1777  -0.2044   0.2005  -0.1010   0.0475   0.1621
  0.1939  -0.2052   0.2154  -0.1136   0.0141   0.1536
  0.1867  -0.1817   0.2093  -0.1286   0.0368   0.1582
  0.1820  -0.2128   0.2002  -0.0992   0.0110   0.1335
  0.1664  -0.1795   0.1973  -0.1532   0.0289   0.1557
  0.1439  -0.1429   0.1721  -0.1395   0.0419   0.1498
  0.1740  -0.1974   0.2067  -0.1239  -0.0181   0.1452
  0.1588  -0.1429   0.1830  -0.1195   0.0317   0.1446
  0.1552  -0.1591   0.1805  -0.0822   0.0149   0.1156
  0.1605  -0.1460   0.1893  -0.1168   0.0098   0.1265
  0.1503  -0.1662   0.1931  -0.1189   0.0228   0.1393
  0.1635  -0.1658   0.1963  -0.1053   0.0101   0.1291
  0.1494  -0.1570   0.1966  -0.1170   0.0175   0.1372
  0.1563  -0.1671   0.2062  -0.1025  -0.0138   0.1268
  0.1462  -0.1495   0.1827  -0.1196   0.0261   0.1389
  0.1597  -0.1673   0.1777  -0.1413  -0.0107   0.1412
  0.1377  -0.1308   0.1763  -0.1199   0.0374   0.1303
  0.1533  -0.1665   0.1751  -0.1153  -0.0038   0.1259
  0.1228  -0.1106   0.1496  -0.1344   0.0401   0.1430
  0.1333  -0.1523   0.1554  -0.1407   0.0042   0.1347
  0.1218  -0.1341   0.1396  -0.1258   0.0319   0.1324
  0.1190  -0.1409   0.1451  -0.1400   0.0136   0.1474
  0.1180  -0.1311   0.1385  -0.1248   0.0151   0.1363
  0.1133  -0.1468   0.1442  -0.1272   0.0140   0.1450
  0.0948  -0.1306   0.1627  -0.1262   0.0078   0.1453
  0.1052  -0.1409   0.1698  -0.0998  -0.0193   0.1260
  0.0888  -0.0955   0.1340  -0.1124   0.0399   0.1215
  0.0963  -0.1473   0.1473  -0.0634  -0.0103   0.0962
  0.0850  -0.1183   0.1267  -0.0918   0.0156   0.1066
  0.0751  -0.1616   0.1327  -0.0546  -0.0115   0.1045
  0.0789  -0.1361   0.1258  -0.0769   0.0086   0.1089
  0.0663  -0.1807   0.1269  -0.0444   0.0004   0.0876
  0.0600  -0.1465   0.1160  -0.0569   0.0195   0.0931
  0.0478  -0.1927   0.1287  -0.0302   0.0032   0.0865
  0.0575  -0.1662   0.1271  -0.0511  -0.0044   0.0958
  0.0570  -0.1673   0.1359  -0.0425   0.0006   0.0855
  0.0503  -0.1632   0.1406  -0.0533  -0.0040   0.0922
  0.0470  -0.1648   0.1320  -0.0437   0.0056   0.0874
  0.0468  -0.1579   0.1349  -0.0536  -0.0008   0.0962
  0.0413  -0.1654   0.1378  -0.0641  -0.0142   0.0932
  0.0225  -0.1206   0.1432  -0.0752   0.0047   0.1001
  0.0199  -0.1416   0.1529  -0.0350  -0.0017   0.0881
  0.0188  -0.1383   0.1480  -0.0281  -0.0015   0.0666
  0.0004  -0.1466   0.1544   0.0160  -0.0058   0.0646
  0.0291  -0.1141   0.1323  -0.0604  -0.0292   0.0817
 -0.0063  -0.1320   0.1334  -0.0066   0.0061   0.0565
  0.0196  -0.1701   0.1465  -0.0122  -0.0250   0.0643
 -0.0006  -0.1439   0.1307   0.0030   0.0097   0.0571
  0.0081  -0.1614   0.1411   0.0114  -0.0154   0.0462
 -0.0115  -0.1290   0.1512   0.0109   0.0207   0.0409
  0.0297  -0.1844   0.1719  -0.0132  -0.0347   0.0405
 -0.0014  -0.1234   0.1705  -0.0131   0.0236   0.0447
  0.0056  -0.1491   0.1681   0.0405  -0.0124   0.0305
 -0.0013  -0.1171   0.1482   0.0183   0.0091   0.0381
 -0.0038  -0.1460   0.1415   0.0447   0.0089   0.0193
 -0.0263  -0.1029   0.1442   0.0484   0.0254   0.0311
 -0.0124  -0.0882   0.1000   0.0598   0.0371   0.0093
  0.0057  -0.0811   0.1169   0.0765   0.0539   0.0002
  0.0069  -0.0899   0.1150   0.0821   0.0298   0.0171
  0.0082  -0.0742   0.1184   0.0653   0.0471   0.0019
  0.0210  -0.0842   0.1074   0.0885   0.0301  -0.0013
  0.0226  -0.0571   0.0707   0.0585   0.0432  -0.0144
  0.0299  -0.0724   0.0857   0.0537   0.0248  -0.0143
  0.0439  -0.0565   0.1059  -0.0456   0.0211   0.0517
  0.0396  -0.0144   0.0968  -0.0632   0.0365   0.0327
  0.0966   0.1103   0.0464  -0.0922   0.0043   0.0247
  0.0689   0.1382   0.0271  -0.0916   0.0613   0.0207
  0.0893   0.0863   0.0574  -0.0844  -0.0008   0.0193
  0.0584   0.1624   0.0436  -0.0543   0.0395   0.0084
  0.0719   0.1042   0.0507  -0.0802   0.0190   0.0089
  0.0611   0.1219   0.0555  -0.0610   0.0256   0.0170
  0.0476   0.0977   0.0369  -0.0186   0.0240  -0.0007
  0.0493   0.1139   0.0455  -0.0402   0.0249   0.0030
  0.0445   0.1067   0.0351   0.0248   0.0182   0.0024
  0.0533   0.0951   0.0313   0.0245   0.0130  -0.0189
  0.0455   0.0903   0.0232   0.0397   0.0264  -0.0307
  0.0540   0.1161   0.0270   0.0320   0.0191  -0.0288
  0.0539   0.1082   0.0162   0.0279   0.0268  -0.0352
  0.0488   0.1108   0.0103   0.0211   0.0288  -0.0455
  0.0376   0.1102  -0.0067   0.0408   0.0274  -0.0435
  0.0431   0.1156  -0.0122   0.0396   0.0184  -0.0432
  0.0321   0.1061  -0.0203   0.0427   0.0216  -0.0394
  0.0355   0.1237  -0.0257   0.0361   0.0150  -0.0488
  0.0164   0.1288  -0.0504   0.0452   0.0334  -0.0479
  0.0352   0.1126  -0.0657   0.0921   0.0001  -0.0623
  0.0123   0.1295  -0.0736   0.0708   0.0168  -0.0649
  0.0177   0.1084  -0.1066   0.0709   0.0128  -0.0736
 -0.0034   0.1029  -0.0943   0.0621   0.0062  -0.0571
 -0.0470   0.0769  -0.0640   0.0551  -0.0114  -0.0249
 -0.0504   0.0598  -0.0511   0.0471  -0.0419  -0.0136
 -0.0427   0.0662  -0.0691   0.0434  -0.0166  -0.0197
 -0.0241   0.0665  -0.0741   0.0205  -0.0119  -0.0166
 -0.0352   0.1241  -0.0784  -0.0287   0.0100  -0.0111
 -0.0923   0.1249  -0.0947  -0.0009  -0.0416  -0.0123
 -0.0964   0.1188  -0.1015   0.0139  -0.0653  -0.0243
 -0.0790   0.1351  -0.1143   0.0361  -0.0320  -0.0516
 -0.0859   0.1268  -0.1064   0.0426  -0.0481  -0.0530
 -0.0798   0.1351  -0.1062   0.0547  -0.0159  -0.0665
 -0.0854   0.1211  -0.1020   0.0453  -0.0381  -0.0621
 -0.0713   0.1199  -0.0976   0.0515  -0.0307  -0.0706
 -0.0564   0.1215  -0.0986   0.0458  -0.0413  -0.0648
 -0.0614   0.1092  -0.1078   0.0278  -0.0293  -0.0630
 -0.0641   0.1109  -0.1182   0.0108  -0.0416  -0.0567
 -0.0651   0.1221  -0.1107   0.0307  -0.0191  -0.0605
 -0.0644   0.0978  -0.1047   0.0383  -0.0446  -0.0535
 -0.0541   0.1017  -0.1220   0.0356  -0.0185  -0.0578
 -0.0534   0.0885  -0.1159   0.0644  -0.0321  -0.0759
 -0.0555   0.1105  -0.1146   0.0386  -0.0025  -0.0583
 -0.0530   0.0874  -0.1158   0.0486  -0.0291  -0.0613
 -0.0521   0.0829  -0.1221   0.0584  -0.0037  -0.0813
 -0.0677   0.0972  -0.1301   0.0593  -0.0395  -0.0759
 -0.0591   0.0904  -0.1270   0.0620  -0.0046  -0.0753
 -0.0856   0.0863  -0.1136   0.0336  -0.0362  -0.0547
 -0.0504  -0.0101  -0.0950  -0.0112   0.0345  -0.0278
  0.0285   0.0181  -0.1104  -0.0021   0.0999  -0.0368
 -0.0569   0.0683  -0.1292   0.0182  -0.0029  -0.0580
 -0.0338   0.0369  -0.1066   0.0575   0.0114  -0.0643
 -0.0501   0.0430  -0.1238   0.0401  -0.0007  -0.0633
 -0.0454   0.0317  -0.1376   0.0816   0.0102  -0.0790
 -0.0617   0.0425  -0.1408   0.0521   0.0092  -0.0831
 -0.0579   0.0437  -0.1445   0.0587  -0.0064  -0.0860
 -0.0613   0.0503  -0.1246   0.0345  -0.0194  -0.0652
 -0.0446   0.0400  -0.1312   0.0332  -0.0216  -0.0597
 -0.0746  -0.0358  -0.0704   0.0126   0.0032  -0.0328
 -0.0759  -0.0628  -0.0752   0.0445  -0.0055  -0.0456
 -0.0850   0.0149  -0.1152   0.0204   0.0026  -0.0430
 -0.0736  -0.0001  -0.0751   0.0075   0.0161  -0.0490
 -0.0655   0.0509  -0.0825   0.0009   0.0178  -0.0470
 -0.0734   0.0331  -0.0936   0.0392   0.0073  -0.0511
 -0.0746   0.0276  -0.1128   0.0273   0.0029  -0.0576
 -0.0857   0.0286  -0.1180   0.0467   0.0092  -0.0711
 -0.0947   0.0322  -0.1209   0.0653   0.0081  -0.0752
 -0.0979   0.0288  -0.1360   0.0598   0.0135  -0.0765
 -0.0988   0.0529  -0.1424   0.0372   0.0114  -0.0838
 -0.1050   0.0362  -0.1361   0.0637   0.0073  -0.0750
 -0.1100   0.0433  -0.1412   0.0435  -0.0041  -0.0780
 -0.1059   0.0264  -0.1445   0.0673   0.0025  -0.0933
 -0.1019   0.0360  -0.1415   0.0581  -0.0173  -0.0801
 -0.1095   0.0692  -0.1667   0.0307   0.0014  -0.0803
 -0.1070   0.0863  -0.1762   0.0467  -0.0103  -0.0930
 -0.1085   0.1107  -0.1833   0.0479  -0.0089  -0.0882
 -0.1016   0.1289  -0.1920   0.0220  -0.0020  -0.0877
 -0.0991   0.1140  -0.1856   0.0508  -0.0086  -0.0992
 -0.1093   0.1494  -0.1992   0.0580  -0.0133  -0.0974
 -0.1097   0.1515  -0.2087   0.0596  -0.0148  -0.1147
 -0.1154   0.1411  -0.2105   0.0592  -0.0166  -0.1101
 -0.1215   0.1273  -0.2206   0.0783  -0.0321  -0.1077
 -0.1379   0.1454  -0.2553   0.1068  -0.0361  -0.1322
 -0.1498   0.1518  -0.2509   0.1290  -0.0313  -0.1495
 -0.1550   0.1681  -0.2475   0.1166  -0.0344  -0.1359
 -0.1496   0.1656  -0.2491   0.1031  -0.0425  -0.1411
 -0.1552   0.1786  -0.2348   0.0980  -0.0323  -0.1333
 -0.1290   0.1295  -0.1696   0.0258  -0.0428  -0.0883
 -0.1321   0.1732  -0.1593  -0.0131  -0.0545  -0.0761
 -0.1481   0.2261  -0.1847   0.0281  -0.0135  -0.1117
 -0.1447   0.2528  -0.1399   0.0283  -0.0259  -0.1115
 -0.1458   0.2208  -0.1555   0.0045  -0.0708  -0.0910
 -0.1561   0.2336  -0.1782  -0.0108  -0.0421  -0.0792
 -0.1706   0.2216  -0.2009   0.1043  -0.0393  -0.1411
 -0.1701   0.1753  -0.2065   0.1549  -0.0454  -0.1612
 -0.1808   0.2159  -0.2036   0.1525  -0.0454  -0.1653
 -0.1792   0.2088  -0.1991   0.1239  -0.0562  -0.1541
 -0.1670   0.1697  -0.1821   0.1355  -0.0593  -0.1585
 -0.1444   0.1424  -0.1922   0.1463  -0.0345  -0.1532
 -0.1560   0.1280  -0.1918   0.1386  -0.0487  -0.1563
 -0.1670   0.1225  -0.1819   0.1316  -0.0579  -0.1380
 -0.1709   0.1403  -0.1873   0.1208  -0.0510  -0.1385
 -0.1409   0.0231  -0.1863   0.1518  -0.0453  -0.1462
