 -0.0552   0.2772   0.0056  -0.1023  -0.1420  -0.0063
 -0.3046   0.9305   0.0980  -0.7493  -0.3591  -0.1991
 -0.3992   1.0731   0.0011  -0.7669  -0.3566  -0.0181
 -0.1788   0.7495  -0.1615  -0.3453  -0.1784  -0.1302
 -0.1511   0.9358  -0.0855  -0.1001  -0.1705   0.0421
 -0.1365   1.1581  -0.5487  -0.2442  -0.2645   0.0397
 -0.0090   0.6332  -0.2884  -0.7917  -0.1985  -0.1168
 -0.0526   0.3427  -0.1552  -0.7173  -0.2448   0.0434
 -0.0657   0.0367  -0.0950  -0.4630  -0.2165   0.0523
  0.0032  -0.1899   0.0446  -0.2548  -0.0420   0.1528
  0.0889  -0.2468   0.0755  -0.2738   0.0154   0.0991
  0.0697  -0.1706  -0.0443  -0.1368   0.0939   0.1055
  0.0058  -0.1513  -0.0283  -0.1127   0.0495   0.0622
  0.0819  -0.1177   0.0822  -0.2401   0.0229   0.0653
  0.0964   0.0925   0.0130  -0.2571   0.0032   0.0130
  0.0486   0.0451   0.0648  -0.2450   0.0133   0.0529
  0.0537  -0.0610   0.0118  -0.1996   0.0164  -0.0064
  0.0635  -0.0473   0.0656  -0.1842   0.0256   0.0610
  0.0445  -0.0069   0.0419  -0.2827  -0.0068   0.0204
  0.0047   0.0712   0.0376  -0.3903  -0.0095   0.0812
  0.0086  -0.0571   0.0754  -0.4168  -0.0079   0.0343
  0.0667  -0.3250   0.2390  -0.1219   0.0639   0.1626
  0.0681  -0.4778   0.1716   0.4494   0.1017   0.1459
  0.0168  -0.1510   0.1490   0.2737   0.0490   0.0726
  0.0185  -0.1797   0.0842   0.2452   0.0411   0.1131
  0.0067   0.1012   0.0466   0.2165   0.0213   0.0330
  0.0370  -0.0580   0.0127   0.1877   0.0611  -0.0116
 -0.0138   0.0699  -0.0664   0.1690   0.0028   0.0477
 -0.0197  -0.1027  -0.0785   0.3829   0.0398   0.0770
  0.0866  -0.3291  -0.0148   0.7327   0.1413   0.1414
  0.0753  -0.3008   0.0268   0.4930   0.0880   0.1492
  0.0717  -0.2671   0.0762   0.3382   0.0929   0.1262
  0.0388  -0.2186  -0.0301   0.5711   0.0333  -0.0129
 -0.0056   0.0269  -0.0704   0.4568  -0.0379  -0.0869
 -0.0121   0.0275   0.0010   0.1779  -0.0618  -0.0341
 -0.0247   0.4968  -0.1026   0.2091  -0.0877  -0.1169
 -0.0568   0.4586  -0.1018   0.2269  -0.0973  -0.1432
 -0.0119   0.1572  -0.0575   0.1477  -0.0422  -0.0658
  0.0143  -0.0098   0.0029   0.3783  -0.0246   0.0166
 -0.0239  -0.0357  -0.0675   0.8680  -0.0873   0.0754
 -0.0915  -0.0211  -0.0696   0.5807  -0.1452   0.0611
 -0.1376   0.2253  -0.0601   0.1361  -0.1911   0.0177
 -0.1270   0.1174  -0.0947   0.3884  -0.1925   0.0542
 -0.1828   0.7718  -0.1027  -0.1335  -0.2087  -0.0261
 -0.2152   1.1223  -0.0497  -0.5519  -0.2849  -0.2124
 -0.1579   0.7635  -0.1531  -0.7230  -0.2883  -0.1965
 -0.1523   0.7649  -0.1866  -0.7606  -0.2402  -0.1672
 -0.1812   0.5713  -0.1230  -0.2319  -0.2604  -0.0959
 -0.1696   0.7047  -0.0802  -0.4211  -0.2377  -0.1398
 -0.1149   0.7948  -0.0382  -0.4617  -0.1908  -0.2012
 -0.0627   0.5865  -0.0684  -0.3102  -0.1124  -0.1715
 -0.0570   0.5897  -0.0543  -0.5853  -0.1512  -0.1562
 -0.0617   0.5779  -0.0493  -0.3915  -0.1325  -0.1583
 -0.0267   0.4357  -0.0572  -0.2521  -0.1206  -0.1784
 -0.0353   0.4230  -0.0394  -0.1963  -0.1518  -0.1426
 -0.0898   0.4584   0.0103  -0.1917  -0.1875  -0.1274
 -0.0592   0.5323   0.0511  -0.3047  -0.1510  -0.2029
 -0.0609   0.4204   0.0429   0.0473  -0.1220  -0.1483
 -0.0848   0.5455   0.0788  -0.5305  -0.1201  -0.1283
 -0.1363   0.6034   0.0158  -0.3114  -0.1839  -0.0670
 -0.1724   0.6758  -0.0261  -0.1048  -0.2344  -0.0924
 -0.0642   0.4773   0.0162  -0.3866  -0.1436  -0.1561
  0.0443   0.1450   0.0388  -0.3596  -0.0166  -0.0117
  0.0630  -0.1693   0.0395  -0.6333  -0.0536   0.0143
  0.0838  -0.3598   0.1336  -0.8588  -0.0255   0.0529
  0.0579  -0.2199   0.1292  -0.5552  -0.0016   0.0927
  0.0852  -0.2325   0.0880   0.0217   0.0150   0.0962
 -0.0479   0.0187   0.0375  -0.1065  -0.1016   0.0250
 -0.0350   0.1357   0.0308   0.0423  -0.0935   0.0289
 -0.1242   0.3473   0.0728  -0.0317  -0.1278  -0.0606
 -0.0049   0.2882   0.0774  -0.3570  -0.0463  -0.0350
  0.0734  -0.0924   0.1058  -0.5575   0.0157   0.0351
  0.0999  -0.2822   0.1426  -0.3278   0.0532   0.0939
  0.0368  -0.1243   0.1918  -0.5241   0.0243   0.0644
  0.0714  -0.0457   0.2499  -0.4823   0.0693   0.0558
  0.0910  -0.2884   0.1802  -0.4355   0.0478   0.0449
  0.0728  -0.2243   0.1518   1.1004   0.1248   0.0727
  0.0935  -0.3977   0.2681   1.1659   0.2077   0.0442
  0.0794  -0.2499   0.2655   0.4969   0.1451   0.0054
  0.0104  -0.1028   0.2481   0.4254   0.1748  -0.0272
  0.0489   0.0001   0.2663   0.5913   0.2729  -0.0282
  0.0152   0.3880   0.4241   1.6276   0.3187  -0.1758
  0.0604   0.1903   0.3968   0.3874   0.1902  -0.1411
 -0.2262   0.0620   0.3511   0.6121   0.0438  -0.1615
 -0.2127  -0.1679   0.2426   0.4358   0.0466   0.0599
  0.0074  -0.2986   0.1306   0.1691   0.0966   0.1351
 -0.0635  -0.0778   0.2057   0.1440   0.0866  -0.0353
  0.0307  -0.2274   0.2129   0.3276   0.1634   0.0713
 -0.0317  -0.2378   0.1993   0.0273   0.0932   0.0173
  0.0016  -0.3004   0.2889   0.0444   0.1243   0.0816
 -0.0011  -0.2032   0.2156   0.0328   0.1325   0.0223
  0.0484  -0.0746   0.1965   0.1410   0.1068   0.0151
  0.0092   0.0440   0.2331   0.3012   0.0488  -0.0282
  0.0192   0.0429   0.1763  -0.0119  -0.0095  -0.0069
 -0.1030   0.1237   0.0631  -0.1812  -0.0215  -0.0786
 -0.1850   0.2642  -0.1453  -0.7132  -0.1103  -0.1152
 -0.2074   0.3349  -0.5980  -0.2801  -0.2804   0.0048
 -0.1025   0.1507  -0.4344  -0.2480  -0.1378  -0.0722
 -0.0770   0.2210  -0.3139  -0.4064  -0.1362   0.0114
 -0.0515   0.0421  -0.3637  -0.1569  -0.0912   0.0059
 -0.0129  -0.1114  -0.3029  -0.2141  -0.0142   0.0016
 -0.0934  -0.0938  -0.4145  -0.0354  -0.0893  -0.0004
 -0.1484   0.0557  -0.4090  -0.3444  -0.1442  -0.0412
 -0.0553   0.1422  -0.4571  -0.6076  -0.0739  -0.0729
 -0.1321   0.3367  -0.4064  -0.3422  -0.1708  -0.0975
 -0.2168   0.5944  -0.3624  -0.4628  -0.2803  -0.1449
 -0.0991   0.4547  -0.2702   0.0415  -0.1987  -0.0718
 -0.1026   0.3354  -0.2895  -0.3409  -0.2010  -0.0887
  0.0216  -0.0791  -0.1842  -0.0833  -0.0591   0.0233
  0.1546  -0.6416  -0.0371   0.4648   0.1242   0.1826
  0.1115  -0.5111  -0.0546   0.4540   0.0947   0.0740
  0.0816  -0.5143  -0.0394   0.4126   0.0828   0.0749
  0.0949  -0.3978  -0.0022   0.6423   0.0820   0.0673
  0.0921  -0.4882   0.0065   0.7162   0.1095   0.1067
  0.0807  -0.6070   0.0121   0.4764   0.0740   0.0801
 -0.0477  -0.1920  -0.0049   0.0972  -0.0559   0.0343
 -0.0859  -0.0917  -0.0271   0.0432  -0.0793   0.0403
 -0.0113  -0.0892  -0.0215   0.3580   0.0169   0.0461
  0.0918  -0.3451   0.1233   1.0749   0.0907   0.0949
  0.0988  -0.6695   0.2373   1.0325   0.0877   0.1014
  0.0387  -0.3633   0.1296   0.7047   0.0307   0.0893
  0.0814  -0.3210   0.1539   0.5416   0.0955   0.0529
  0.1557  -0.8437   0.0187   1.1024   0.1570   0.2322
  0.1317  -0.9055  -0.0043   1.2110   0.1311   0.2420
  0.1784  -1.1414   0.1872   1.3904   0.1803   0.2192
  0.1510  -1.1201   0.2358   1.5577   0.1382   0.2621
  0.1026  -0.8683   0.1299   1.4225   0.0619   0.1895
  0.0620  -0.6961   0.1897   1.2674   0.0506   0.1428
  0.1332  -0.6492   0.0951   1.1423   0.0643   0.1479
  0.1454  -0.6934  -0.0557   1.6094   0.0636   0.1928
  0.1208  -0.6389  -0.0064   1.4594   0.0355   0.1407
  0.1148  -0.4254  -0.0374   0.9853   0.0425   0.0609
  0.1841  -1.0732   0.1984   1.2406   0.1146   0.2582
  0.0753  -0.6208  -0.1577   0.4809   0.0750   0.0654
  0.0534  -0.7826  -0.3025   1.1127   0.0756   0.1710
  0.1184  -0.9011  -0.0585   0.7560   0.0699   0.1255
  0.0832  -0.6840  -0.0774   1.0367   0.0790   0.1633
  0.0793  -0.4908  -0.0112   0.8942   0.0838   0.0962
  0.1193  -0.6041  -0.1344   0.7767   0.1537   0.0560
  0.0834  -0.2972  -0.1533   0.6213   0.1399   0.0504
  0.1183  -0.5263  -0.1009   0.7135   0.2308   0.1189
  0.0297  -0.5057  -0.0439   0.5907   0.1697  -0.0060
 -0.0025  -0.2510  -0.0185   0.2640   0.1774  -0.0308
  0.0619  -0.1273   0.0117   0.6755   0.2583   0.0113
  0.0085  -0.2487  -0.1034   0.5585   0.1471   0.0193
  0.0600  -0.5227  -0.3372   0.4049   0.0942   0.0557
  0.0772  -0.5178  -0.3102   0.5454   0.0806   0.1237
 -0.0279  -0.3075  -0.2887   0.4573   0.0019   0.0368
 -0.0243  -0.2386  -0.1169   0.1136   0.0364   0.0132
  0.0077  -0.1658   0.0152  -0.1496   0.0485   0.0188
 -0.0350   0.1165  -0.0201  -1.2100  -0.0837  -0.0898
 -0.0273   0.2057  -0.0652  -1.3654  -0.0097   0.0167
 -0.0554   0.2910  -0.1133  -1.4155  -0.0270  -0.0453
 -0.0254   0.2263  -0.0729  -1.4657   0.0112  -0.0354
 -0.0324   0.1175   0.0083  -1.1903   0.0154   0.0506
  0.0039  -0.1273   0.0586  -0.7927   0.0685   0.1415
  0.0604  -0.0465   0.1308  -0.8618   0.0682   0.0246
  0.0731  -0.0435   0.1003  -0.8413   0.1028  -0.0224
  0.0184   0.0923   0.0505  -0.6673   0.1271  -0.0002
  0.0413   0.0792   0.0383  -0.6682   0.0881   0.0008
 -0.0076   0.0486   0.0169  -0.8933   0.0217  -0.0280
  0.0831  -0.0363  -0.0810  -0.2050   0.0790   0.1127
  0.1121  -0.3160  -0.0400   0.0191   0.0852   0.0968
 -0.0384   0.0436   0.0112  -0.5557  -0.0036  -0.0162
 -0.1425   0.2588  -0.0393   0.1634  -0.0550  -0.0116
 -0.1123  -0.2382   0.0975   0.1987  -0.0462   0.0910
 -0.0345  -0.1519   0.0651   0.0824   0.0125   0.0177
  0.0093   0.0433   0.0306   0.0048   0.0188  -0.0157
  0.0334   0.1362   0.0732  -0.0036   0.0385  -0.1189
  0.0626  -0.0407  -0.0092   0.0921   0.0570  -0.0316
  0.0327   0.0148   0.0784   0.1592   0.0436  -0.0517
  0.0108   0.1112   0.1462   0.1718   0.0404  -0.0541
  0.0016   0.3203   0.1412  -0.1734  -0.0000  -0.1445
  0.0200   0.4847   0.1763  -0.4683  -0.0367  -0.0927
 -0.0367   0.6072   0.0653  -0.8236  -0.0902  -0.1869
  0.0223   0.5647   0.0463  -0.6385  -0.0156  -0.1720
  0.0551   0.3409   0.0568  -0.1019   0.0032  -0.1583
  0.0746   0.2697   0.1469  -0.0815   0.0257  -0.1527
  0.0086   0.4570   0.1720  -0.3026  -0.0418  -0.1778
  0.0647   0.4040   0.1021  -0.5444   0.0301  -0.1622
  0.1070  -0.0356   0.0690  -0.4034   0.1031  -0.0696
  0.1318  -0.2469   0.0839  -0.3445   0.1283  -0.0032
  0.0973  -0.1193   0.0722  -0.4290   0.0939  -0.0303
  0.1012  -0.0886   0.0727  -0.2570   0.1091   0.0154
  0.0383  -0.0372   0.1328   0.0028   0.1130  -0.0392
 -0.0019   0.0357   0.0640  -0.1266   0.0657  -0.0406
  0.0663  -0.1841   0.0020  -0.0153   0.1234   0.1364
  0.0743  -0.2934   0.0031   0.0606   0.1604   0.0303
  0.0302  -0.1355   0.0614   0.1355   0.1455   0.0542
 -0.0563   0.1061  -0.0164  -0.0548   0.0685  -0.0545
 -0.0147   0.1203  -0.1128  -0.9310   0.0435  -0.1109
  0.0053   0.0404  -0.1747  -1.0314   0.0574  -0.0191
  0.0002   0.2317  -0.2879  -1.2526   0.0213  -0.0600
  0.0077   0.2779  -0.2621  -1.1375   0.0353  -0.0572
 -0.0065   0.3207  -0.2517  -1.2791   0.0208  -0.0873
  0.0035   0.1885  -0.1311  -0.8385   0.0599  -0.0221
