  0.0138   0.0005   0.0113  -0.1875  -0.0047   0.0337
  0.0180  -0.0092  -0.0133  -0.2825  -0.0167   0.0513
  0.0029  -0.0099  -0.0033  -0.1643   0.0006  -0.0203
  0.0024  -0.0008  -0.0121  -0.1981  -0.0008   0.0774
  0.0121  -0.0155  -0.0028  -0.1787  -0.0046   0.0279
  0.0200  -0.0268  -0.0120  -0.1978  -0.0080   0.0466
  0.0150  -0.0467   0.0041  -0.1544  -0.0176  -0.0038
  0.0072  -0.0117   0.0099  -0.1885  -0.0098   0.0621
 -0.0338   0.1993   0.1054   0.3232   0.0672  -0.1500
 -0.0129   0.0770   0.0480  -0.1368   0.0023   0.1351
  0.0047   0.0725   0.0241  -0.1678   0.0001   0.0432
  0.0093   0.0578   0.0145  -0.1872   0.0074   0.0259
  0.0129   0.0552   0.0361  -0.0780   0.0103  -0.0907
  0.0933   0.0461   0.0477  -0.3205   0.0541   0.0322
  0.0903   0.0927   0.1486  -0.2776   0.0701  -0.0307
  0.0276   0.0787   0.0448  -0.1753   0.0262  -0.0523
  0.0294   0.0479   0.0506  -0.0561   0.0099  -0.0426
  0.0210   0.0793   0.0377  -0.0838   0.0075   0.0109
  0.0149   0.0765   0.0231  -0.0680   0.0043  -0.0022
  0.0305   0.0997   0.0029   0.0978  -0.0235  -0.0865
  0.0054   0.0661   0.0108  -0.0749  -0.0285   0.0496
  0.0094   0.0959   0.0059  -0.0889  -0.0215   0.0617
  0.0360   0.1021  -0.0175  -0.1455   0.0095   0.0254
  0.0021   0.0666  -0.0156  -0.0270  -0.0083  -0.0476
 -0.0105   0.0324  -0.0181  -0.0316  -0.0278   0.0554
  0.0050   0.0368  -0.0018  -0.0053  -0.0220  -0.0308
  0.0063   0.0217  -0.0091   0.0309  -0.0317  -0.0418
  0.0069   0.0330  -0.0033  -0.0385  -0.0263   0.0621
  0.0082   0.0185  -0.0086  -0.0146  -0.0341  -0.0199
  0.0063   0.0177  -0.0170  -0.0336  -0.0332   0.0416
  0.0022   0.0122  -0.0113  -0.0564  -0.0186   0.0092
 -0.0054   0.0078   0.0137   0.0622  -0.0034  -0.0203
  0.0041  -0.0094  -0.0068  -0.0508  -0.0267   0.0326
  0.0218  -0.0430   0.0091  -0.0247  -0.0278  -0.0034
 -0.0019  -0.0459   0.0210  -0.0822  -0.0044   0.0374
 -0.0010  -0.0439   0.0155  -0.0245  -0.0007  -0.0390
 -0.0216  -0.0071   0.0039  -0.0395   0.0200  -0.0127
 -0.0135  -0.0161   0.0174   0.0595   0.0225  -0.0274
 -0.0357   0.0067   0.0014  -0.0351   0.0321   0.0372
 -0.0164   0.0079  -0.0143   0.0145   0.0155  -0.0324
  0.0045   0.0083  -0.0042  -0.0167   0.0004  -0.0086
  0.0022   0.0075  -0.0006   0.0469  -0.0004  -0.0604
  0.0039   0.0223   0.0051   0.0350  -0.0046   0.0140
  0.0145   0.0312   0.0021   0.0715  -0.0017   0.0004
  0.0182   0.0320   0.0124   0.0891  -0.0146  -0.0205
  0.0253   0.0324   0.0181   0.0245  -0.0251   0.0130
  0.0245   0.0277   0.0186   0.0226  -0.0252  -0.0067
  0.0277   0.0270   0.0175   0.0426  -0.0124   0.0066
  0.0227   0.0262   0.0192  -0.0006  -0.0131  -0.0023
  0.0153  -0.0108   0.0214   0.0368  -0.0105  -0.0371
  0.0127   0.0665   0.0175   0.0351  -0.0224  -0.0089
 -0.1408   0.2554  -0.0718   0.2885   0.2383  -0.0620
 -0.0702   0.1754  -0.1261  -0.0928   0.0654  -0.0119
 -0.0220   0.1604  -0.0496   0.1669   0.0372  -0.0755
 -0.0240   0.1629  -0.0220   0.0564   0.0292  -0.0051
 -0.0141   0.0795  -0.0187   0.0544   0.0200  -0.0113
  0.0143   0.0688  -0.0172  -0.0740   0.0148  -0.0479
  0.0194  -0.0665  -0.0168   0.0018   0.0039  -0.0593
  0.0279  -0.0754  -0.0205   0.0543  -0.0060   0.0123
  0.0184  -0.1025  -0.0145   0.0944  -0.0101  -0.0257
  0.0042  -0.1149  -0.0252   0.0779  -0.0088  -0.0087
 -0.0052  -0.1081  -0.0284   0.1072  -0.0037   0.0242
 -0.0229  -0.1140  -0.0287   0.2288  -0.0058  -0.0444
 -0.0257  -0.0797  -0.0271   0.2910  -0.0132   0.0127
 -0.0266  -0.0764  -0.0321   0.2680  -0.0027   0.0411
 -0.0369  -0.1018  -0.0320   0.1711  -0.0124   0.0068
 -0.0469  -0.1051  -0.0254   0.1727  -0.0153   0.0044
 -0.0513  -0.1109  -0.0153   0.1433  -0.0096   0.0492
 -0.0476  -0.1256  -0.0157   0.1939   0.0001   0.0238
 -0.0295  -0.1692  -0.0226   0.1249  -0.0273  -0.0207
 -0.0084  -0.1554  -0.0078   0.1011  -0.0276   0.0480
 -0.0113  -0.1523  -0.0106   0.0977  -0.0221   0.0329
 -0.0182  -0.1682  -0.0247   0.1377  -0.0212  -0.0109
 -0.0112  -0.1572  -0.0116   0.0801  -0.0159   0.0477
 -0.0084  -0.1274   0.0113   0.0658  -0.0090  -0.0018
 -0.0101  -0.1185   0.0040   0.0755  -0.0051  -0.0079
 -0.0124  -0.1230  -0.0042   0.0126  -0.0059   0.0069
