  0.2843   0.5030   0.0075  -0.4261   0.2124  -0.0318
  0.4661   0.7109  -0.0995  -0.4854   0.2391  -0.1530
  0.4039   0.7116  -0.0590  -0.4976   0.2234  -0.0850
  0.4258   0.7776  -0.0444  -0.4683   0.2320  -0.0543
  0.3561   0.8555  -0.1009  -0.3612   0.2218  -0.3129
  0.3843   0.6908  -0.0749  -0.1591   0.2415  -0.2132
  0.3666   0.5747  -0.0142  -0.5529   0.2632   0.0712
  0.3110   0.5768  -0.0632  -0.5484   0.2891  -0.0014
  0.3261   0.4393  -0.0273  -0.5019   0.2790  -0.0607
  0.2855   0.3518  -0.0434  -0.3997   0.2303  -0.0436
  0.3258   0.3484  -0.0318  -0.3769   0.2273  -0.0364
  0.3225   0.3330  -0.0317  -0.3488   0.2320   0.0115
  0.3113   0.2327  -0.0158  -0.3532   0.2117   0.0015
  0.3132   0.2721  -0.0085  -0.3348   0.2229   0.0168
  0.3159   0.2618  -0.0062  -0.3553   0.2110  -0.0401
  0.3081   0.2870  -0.0052  -0.3692   0.2237  -0.0318
  0.3062   0.2727   0.0008  -0.3847   0.2231   0.0204
  0.3089   0.2970  -0.0041  -0.4092   0.2311  -0.0131
  0.3022   0.2481  -0.0145  -0.2901   0.2112  -0.0448
  0.2820   0.2576  -0.0250  -0.2244   0.2133  -0.0591
  0.2939   0.3178  -0.0164  -0.3423   0.2052  -0.0139
  0.3147   0.5730  -0.0221  -0.4429   0.2278  -0.0675
  0.2834   0.1712  -0.0703  -0.4544   0.2154  -0.0912
  0.3182   0.3436  -0.0420  -0.5080   0.2413  -0.0211
  0.3212   0.3046   0.0185  -0.3951   0.2533  -0.2182
  0.3027   0.3823   0.0212  -0.4421   0.2341  -0.0987
  0.3281   0.5104  -0.0022  -0.4613   0.2454  -0.1388
  0.3097   0.4102   0.0249  -0.5046   0.2601  -0.0586
  0.3122   0.4329  -0.0020  -0.4813   0.2512  -0.1523
  0.2763   0.4261   0.0242  -0.4899   0.2463  -0.0026
  0.2526   0.2585   0.0998  -0.0872   0.2659  -0.2464
  0.2546   0.2812   0.0793  -0.3581   0.2435  -0.0249
  0.2623   0.3038   0.0914  -0.4518   0.2400  -0.0129
  0.2533   0.3900   0.1192  -0.3975   0.2409  -0.0327
  0.2532   0.6850   0.0997  -0.4899   0.2504  -0.0451
  0.2132   0.4471   0.0455  -0.5462   0.1907  -0.0935
  0.2311   0.3770   0.0535  -0.4710   0.2042   0.0098
  0.2223   0.3659   0.0572  -0.4573   0.1871  -0.0721
  0.2338   0.3511   0.0231  -0.4817   0.1910   0.0284
  0.2214   0.3784   0.0252  -0.4755   0.1807  -0.0613
  0.2478   0.3553  -0.0008  -0.4913   0.1840  -0.0097
  0.2389   0.4091  -0.0172  -0.4482   0.1475  -0.0463
  0.2222   0.2729  -0.0296  -0.4695   0.1195  -0.0299
 -0.2597   0.1821  -0.0077  -0.4080  -0.3123   0.0300
 -0.5052   0.3840   0.1627  -0.4458  -0.2711   0.0250
 -0.3271   0.3235   0.2485  -0.5137  -0.0020   0.0349
 -0.1348   0.2723   0.0707  -0.5173   0.0039   0.0467
 -0.0731   0.2546   0.0488  -0.4992   0.0097   0.0479
 -0.0817   0.3078   0.1024  -0.5062   0.0162   0.0384
 -0.0678   0.3631   0.0922  -0.5200   0.0259   0.0046
 -0.0685   0.3720   0.1138  -0.5372   0.0255   0.0326
 -0.0609   0.3343   0.0962  -0.5238   0.0215   0.0183
 -0.0653   0.3134   0.0960  -0.5124   0.0153   0.0361
 -0.0621   0.3160   0.0942  -0.5092   0.0191  -0.0030
 -0.0634   0.3644   0.0976  -0.5544   0.0059   0.0092
 -0.0581   0.3119   0.0977  -0.4971   0.0086   0.0085
 -0.0579   0.3391   0.0994  -0.5147   0.0094   0.0071
 -0.0558   0.3121   0.1070  -0.4925   0.0128   0.0342
 -0.0577   0.3051   0.1089  -0.5032   0.0103   0.0172
 -0.0599   0.2751   0.1113  -0.4964   0.0084   0.0221
 -0.0568   0.3154   0.1081  -0.5177   0.0014   0.0353
 -0.0575   0.2713   0.1057  -0.4965  -0.0005   0.0127
 -0.0549   0.3163   0.0977  -0.5225  -0.0007   0.0167
 -0.0487   0.2971   0.0956  -0.4699   0.0007   0.0459
 -0.0479   0.3200   0.1006  -0.5209  -0.0033   0.0356
 -0.0516   0.2783   0.1014  -0.4710   0.0003   0.0375
 -0.0504   0.4022   0.0939  -0.5382   0.0015   0.0575
 -0.0557   0.3750   0.0807  -0.4984   0.0003   0.0319
 -0.0611   0.3223   0.0955  -0.5538  -0.0063   0.0422
 -0.0656   0.2842   0.0868  -0.4543  -0.0116   0.0215
 -0.0754   0.2952   0.1079  -0.7167  -0.0065   0.0821
 -0.0797   0.2200   0.0939  -1.0430  -0.0143   0.1160
 -0.0804   0.0677   0.0995   0.1848   0.0026  -0.2091
 -0.1065  -0.0796   0.1443   0.1535   0.0405  -0.0576
 -0.1309  -0.1110   0.1159   0.1867   0.0300   0.0174
 -0.1192  -0.1142   0.1216   0.2358   0.0191  -0.0231
 -0.1184  -0.1579   0.1010   0.2502   0.0113   0.0673
 -0.1298  -0.1562   0.1299   0.2568   0.0270  -0.0031
 -0.1333  -0.1570   0.1244   0.2274   0.0217   0.0286
 -0.1344  -0.1620   0.1479   0.2786   0.0292  -0.0173
 -0.1341  -0.1138   0.1411   0.1813   0.0452   0.0740
 -0.1310  -0.0237   0.1374   0.3326   0.0526  -0.1637
 -0.0421  -0.0216   0.0138   0.4368  -0.0052  -0.1372
 -0.0404  -0.4203  -0.0282   0.1621  -0.0306   0.1844
 -0.0775  -0.3294   0.0389   0.3458  -0.0168  -0.0115
 -0.0888  -0.2185   0.0536   0.2685   0.0102   0.0273
 -0.0871  -0.2206   0.0553   0.3477   0.0192   0.0025
 -0.0787  -0.2257   0.0507   0.3269   0.0205   0.0524
 -0.0725  -0.2373   0.0473   0.3668   0.0169   0.0186
 -0.0770  -0.2320   0.0560   0.3455   0.0267   0.0601
 -0.0849  -0.2268   0.0616   0.3839   0.0310   0.0341
 -0.0873  -0.2443   0.0676   0.3469   0.0242   0.0478
 -0.0876  -0.2541   0.0651   0.3735   0.0219   0.0552
 -0.0854  -0.2525   0.0612   0.3277   0.0151  -0.0069
 -0.0872  -0.1892   0.0675   0.2686   0.0229   0.0031
 -0.0877  -0.1769   0.0667   0.2695   0.0237   0.0243
 -0.0902  -0.1296   0.0551   0.2689   0.0149  -0.0240
 -0.1008  -0.1851   0.0654   0.2740   0.0171   0.0448
 -0.0752  -0.0799   0.0451   0.2525   0.0291  -0.0368
 -0.0852  -0.1032   0.0533   0.2446   0.0266  -0.0355
 -0.0919  -0.1627   0.0656   0.2738   0.0260  -0.0150
 -0.0830  -0.1549   0.0569   0.2666   0.0210  -0.0016
 -0.0902  -0.1593   0.0628   0.2987   0.0226  -0.0079
 -0.0833  -0.1810   0.0601   0.2977   0.0107  -0.0024
 -0.0866  -0.1579   0.0672   0.3013   0.0234   0.0156
 -0.0910  -0.2635   0.0547   0.3144   0.0201   0.0169
 -0.0937  -0.1862   0.0558   0.2868   0.0264  -0.0276
 -0.0857  -0.0731   0.0651   0.2297   0.0255  -0.0507
 -0.0960  -0.1853   0.0605   0.2743   0.0172   0.0105
 -0.0942  -0.2236   0.0517   0.2731   0.0071   0.0025
 -0.1045  -0.2787   0.0571   0.2898   0.0111   0.0245
 -0.1027  -0.2358   0.0650   0.2843   0.0137  -0.0040
 -0.1010  -0.2563   0.0640   0.3024   0.0114   0.0361
 -0.0978  -0.2555   0.0701   0.2969   0.0088   0.0307
 -0.0937  -0.2540   0.0944   0.2851   0.0090   0.0355
 -0.0987  -0.3418   0.1150   0.2828   0.0064   0.0109
 -0.0941  -0.2987   0.1009   0.2896   0.0073   0.0438
 -0.0884  -0.2649   0.1095   0.2758   0.0052   0.0356
 -0.0938  -0.2855   0.1038   0.3028   0.0121   0.0521
 -0.0911  -0.2887   0.1208   0.3229   0.0072   0.0510
 -0.0913  -0.2812   0.1154   0.3218   0.0150   0.0484
 -0.0941  -0.3742   0.1243   0.3412   0.0036   0.0513
 -0.1005  -0.4158   0.1330   0.3510   0.0112   0.0561
 -0.1083  -0.4611   0.1427   0.3321  -0.0028   0.0579
 -0.1120  -0.5777   0.1520   0.3716   0.0035   0.0741
 -0.1045  -0.5100   0.1535   0.3640  -0.0049   0.0545
 -0.1143  -0.7275   0.1517   0.4043   0.0068   0.1237
 -0.1253  -0.7334   0.1942   0.3846   0.0052   0.0848
 -0.1229  -0.5719   0.1831   0.3744   0.0192   0.0615
 -0.1189  -0.5542   0.2081   0.2681   0.0153   0.1175
 -0.1488  -0.5461   0.1860   0.2239   0.0524   0.1095
 -0.1583  -0.6566   0.1990   0.2983   0.0379   0.0937
 -0.1486  -0.6334   0.1946   0.3085   0.0497   0.1348
 -0.1546  -0.7183   0.1989   0.3539   0.0271   0.1262
 -0.1420  -0.6885   0.1965   0.3549   0.0480   0.1251
 -0.1588  -0.7370   0.2044   0.3760   0.0329   0.1124
 -0.1495  -0.7936   0.1954   0.3690   0.0547   0.1405
 -0.1824  -0.9239   0.2102   0.3838   0.0153   0.1470
 -0.1521  -1.1184   0.2032   0.4065   0.0466   0.1958
 -0.1508  -1.0954   0.2837   0.4112   0.0025   0.1426
 -0.2481  -0.9826   0.2196   0.2695   0.0777   0.1792
 -0.8416  -0.7007   0.0004   0.4007  -0.6499   0.0299
 -0.7111  -0.3435   0.0900   0.5526  -0.9344  -0.0871
 -0.1703   0.1337   0.0669   0.1790  -0.1511  -0.0098
 -0.1733  -0.0433   0.0446   0.2498  -0.2156   0.0780
 -0.1448   0.0239   0.1950   0.4258  -0.0202  -0.2187
 -0.1746   0.8246   0.3321   2.4198   0.1679  -0.9438
 -0.0662  -0.1338   0.3725   0.9302   0.1301   0.1797
 -0.0412  -0.4858   0.1922  -0.3984   0.0453   0.3735
 -0.0711  -0.3440   0.1037   0.1510   0.0043  -0.0050
  0.0338   0.1052  -0.0601   0.0702  -0.0242  -0.0535
  0.0314   0.1933  -0.1164   0.1625  -0.0228  -0.0009
  0.0038   0.0050  -0.0478   0.1081  -0.0367   0.0532
 -0.0057   0.0616  -0.0537   0.1186  -0.0081   0.0558
 -0.0335  -0.0799  -0.0409   0.0565  -0.0503   0.0414
 -0.0299  -0.0109  -0.0352   0.0754  -0.0194   0.0003
 -0.0425  -0.0742  -0.0270   0.0125  -0.0400   0.0435
 -0.0386  -0.0698  -0.0064   0.1020  -0.0082   0.0461
 -0.0414  -0.1255  -0.0574  -0.0313  -0.0623   0.0347
 -0.0091  -0.1016   0.0727   0.3014   0.0681  -0.0190
  0.0436   0.1233  -0.1021   0.3000  -0.0129  -0.1643
  0.0636   0.1360  -0.2879  -0.0021  -0.1482   0.0379
  0.0361  -0.0025  -0.1693   0.1055  -0.1168  -0.0428
  0.0317   0.0072  -0.1983   0.0547  -0.1175   0.0250
  0.0234  -0.0291  -0.1611   0.1024  -0.1081  -0.0212
  0.0243  -0.0379  -0.1865   0.0778  -0.1142   0.0447
  0.0159  -0.1027  -0.1608   0.1046  -0.1113   0.0001
  0.0154  -0.0943  -0.1788   0.0666  -0.1146   0.0543
  0.0118  -0.1450  -0.1644   0.0806  -0.1131   0.0372
  0.0189  -0.1616  -0.1775   0.0917  -0.1217   0.0644
  0.0136  -0.1852  -0.1690   0.1160  -0.1295   0.0389
  0.0152  -0.1602  -0.1791   0.0896  -0.1232   0.0789
  0.0167  -0.2208  -0.1681   0.1128  -0.1188   0.0816
  0.0172  -0.2008  -0.1761   0.0919  -0.1147   0.0823
  0.0148  -0.2186  -0.1552   0.0911  -0.1163   0.0612
  0.0234  -0.2035  -0.1742   0.1016  -0.1188   0.0763
  0.0103  -0.2333  -0.1609   0.1046  -0.1154   0.0541
  0.0106  -0.2022  -0.1675   0.0673  -0.1126   0.0708
  0.0079  -0.2225  -0.1577   0.0455  -0.1204   0.0670
  0.0137  -0.2121  -0.1531  -0.0074  -0.1134   0.0965
  0.0068  -0.2625  -0.1471   0.0429  -0.1144   0.0709
 -0.0083  -0.3648  -0.1580   0.0482  -0.1317   0.0945
 -0.0194  -0.3923  -0.1244   0.0787  -0.1188   0.0614
 -0.0099  -0.3489  -0.1426   0.0549  -0.1225   0.1092
 -0.0093  -0.3332  -0.1294   0.0705  -0.1115   0.0652
  0.0022  -0.1665  -0.1329   0.0131  -0.1028   0.0954
 -0.0046  -0.2419  -0.1440   0.0779  -0.1112   0.0697
  0.0063  -0.2442  -0.1549   0.0374  -0.1207   0.0764
 -0.0115  -0.1023  -0.1268   0.0179  -0.1247   0.1069
 -0.0071  -0.0955  -0.1465  -0.0506  -0.1184   0.1081
  0.0094  -0.0918  -0.1557  -0.0027  -0.0946   0.0872
  0.0033  -0.1420  -0.1360  -0.0118  -0.1098   0.1014
  0.0105  -0.1358  -0.1424   0.0091  -0.0987   0.1246
  0.0140  -0.0896  -0.1465  -0.0014  -0.1001   0.1078
  0.0116  -0.0856  -0.1247   0.0225  -0.0885   0.0771
  0.0296  -0.0785  -0.1646   0.0083  -0.1010   0.0873
  0.0209  -0.1176  -0.1519   0.0363  -0.0981   0.0997
  0.0163  -0.0839  -0.1459  -0.0439  -0.0991   0.0926
  0.0089  -0.0451  -0.1338   0.0006  -0.0793   0.0407
  0.0145  -0.0821  -0.1435  -0.0632  -0.0925   0.1259
  0.0087  -0.0042  -0.1444   0.1345  -0.0902  -0.0266
  0.0155  -0.2885  -0.1107   0.3649  -0.0687  -0.0293
 -0.0518  -0.1875  -0.1170   0.5208   0.0331  -0.3126
  0.0607   0.2454  -0.1769   0.7769  -0.1618  -0.3255
 -0.0614   0.5464  -0.0350   1.5793  -0.2869  -0.9490
 -0.0231   0.9543   0.1226   1.4995  -0.0746  -1.1177
 -0.0056  -0.1638   0.0982   0.1214  -0.0401  -0.0217
 -0.0224  -0.0618   0.0592  -0.0701  -0.0212  -0.0347
  0.0151   0.1382  -0.0267  -0.0111  -0.0336  -0.0531
  0.0144   0.1121  -0.0264   0.0210  -0.0262  -0.0607
  0.0137   0.1120  -0.0380   0.0722  -0.0083   0.0168
 -0.0070   0.0965  -0.0522  -0.0091  -0.0486   0.0222
 -0.0465  -0.0940  -0.0770  -0.0040  -0.0661   0.0691
 -0.0181  -0.0693  -0.0297   0.0070  -0.0436   0.0283
 -0.0882   0.0384  -0.0590   0.0673  -0.0103   0.0055
 -0.1150   0.3855  -0.1666   0.3681  -0.0425  -0.2430
  0.0347   0.7181  -0.2393   0.3982  -0.0672  -0.3567
  0.0228   0.5172  -0.0610   0.0716  -0.1552  -0.1471
 -0.0099   0.7060  -0.0272  -0.1124  -0.0718  -0.1244
 -0.0509   0.4227  -0.0813  -0.1201  -0.0779  -0.0654
 -0.0593   0.3705  -0.0310  -0.1026  -0.0491  -0.0602
 -0.0693   0.3600  -0.0413  -0.1100  -0.0803  -0.0352
 -0.0080   0.4763  -0.0301  -0.0954  -0.0099  -0.0965
 -0.1183   0.3155  -0.0904   0.0184  -0.3013  -0.1658
 -0.7179   0.4323  -0.0406   0.2656  -0.7620  -0.1872
 -0.0547  -0.0527  -0.3066  -0.0240  -0.1888  -0.0104
  0.1299  -0.3077  -0.2859  -0.0597  -0.1810   0.1124
  0.0321  -0.1013  -0.2174  -0.0352  -0.1652  -0.0048
  0.0700   0.0624  -0.2594  -0.0392  -0.1693   0.0471
  0.0400   0.1471  -0.2197  -0.0281  -0.1532   0.0198
  0.0505   0.1222  -0.2333  -0.0312  -0.1571   0.0351
  0.0384   0.1648  -0.2150  -0.0558  -0.1445   0.0356
  0.0467   0.1101  -0.2436  -0.0403  -0.1616   0.0182
  0.0453   0.1854  -0.2282  -0.0554  -0.1419  -0.0010
  0.0518   0.2272  -0.2314  -0.0566  -0.1468   0.0212
  0.0503   0.2204  -0.2353  -0.0946  -0.1414   0.0279
