 -0.1400  -0.1309  -0.0629  -0.2279   0.0379   0.6055
 -0.2018  -0.1750  -0.0657  -0.3073  -0.0255   0.6259
 -0.1898  -0.1553  -0.0636  -0.3112  -0.0129   0.6334
 -0.2022  -0.1639  -0.0617  -0.3131  -0.0157   0.5717
 -0.2165  -0.1512  -0.0903  -0.3439   0.0079   0.6001
 -0.2165  -0.1927  -0.0882  -0.3152  -0.0015   0.5577
 -0.2013  -0.1561  -0.0674  -0.3205  -0.0071   0.5975
 -0.2065  -0.1818  -0.0740  -0.2816  -0.0086   0.5428
 -0.2024  -0.1052  -0.0678  -0.3307  -0.0047   0.6217
 -0.1960  -0.1936  -0.0600  -0.2746  -0.0075   0.5553
 -0.1954  -0.1011  -0.0619  -0.3014  -0.0100   0.5970
 -0.1928  -0.1598  -0.0601  -0.2931  -0.0103   0.5838
 -0.1830  -0.1292  -0.0590  -0.2639   0.0018   0.5571
 -0.1901  -0.1709  -0.0594  -0.2807  -0.0077   0.5623
 -0.1824  -0.1514  -0.0576  -0.2782  -0.0060   0.5575
 -0.1719  -0.0492  -0.0801  -0.3299   0.0013   0.5663
 -0.1526  -0.1246  -0.0491  -0.2960   0.0227   0.5527
 -0.1538  -0.1140  -0.0192  -0.3188   0.0273   0.6410
 -0.1623  -0.1227  -0.0439  -0.3884   0.0139   0.6482
 -0.1531   0.0040  -0.0675  -0.3962   0.0066   0.5655
 -0.1764  -0.0690  -0.0534  -0.2743  -0.0101   0.4569
 -0.1518  -0.0202  -0.0621  -0.3524   0.0217   0.5328
 -0.1501  -0.0839  -0.0483  -0.2685   0.0144   0.4630
 -0.1171   0.0010  -0.0490  -0.2976   0.0277   0.5147
 -0.1358  -0.0696  -0.0070  -0.2075   0.0308   0.4364
 -0.0671   0.1704  -0.0761  -0.3469   0.0821   0.4033
 -0.0048   0.3911  -0.1343  -0.6836   0.0818   0.4621
  0.0037   0.3886  -0.0643  -0.5808   0.1185   0.4383
  0.0210   0.3329  -0.0613  -0.5192   0.1200   0.4498
  0.0398   0.2172  -0.0153  -0.4177   0.1465   0.4511
  0.0430   0.2671  -0.0409  -0.4009   0.1389   0.4178
  0.0252   0.2078  -0.0435  -0.3477   0.1404   0.4099
  0.0331   0.2752  -0.0421  -0.3838   0.1360   0.3748
  0.0369   0.2426  -0.0404  -0.4134   0.1377   0.4019
  0.1058   0.2218  -0.0162  -0.3592   0.1762   0.4470
  0.0761  -0.1526   0.0316  -0.2596   0.1259   0.7050
 -0.0671  -0.1576   0.0052  -0.3433   0.1487   0.6797
 -0.0977   0.1658  -0.1004  -0.5607   0.4662   0.5625
 -0.0376   0.1613  -0.0659  -0.4035   0.4625   0.5575
  0.0451   0.5070  -0.1874  -0.5539   0.3361   0.5696
  0.0013   0.2857  -0.1904  -0.4899   0.2959   0.4692
 -0.0496   0.2462  -0.1679  -0.5164   0.1423   0.4414
  0.0268   0.2270  -0.1144  -0.7556   0.1230   0.4829
  0.0432   0.1208  -0.0197  -0.7490   0.0287   0.4305
  0.0715  -0.0854  -0.0242  -0.5278   0.0655   0.3943
  0.0792  -0.2156  -0.0579  -0.1051   0.0694   0.3043
  0.1157  -0.0925  -0.2504  -0.2268   0.1862   0.4552
  0.1100  -0.0900  -0.2473  -0.0721   0.2615   0.4426
  0.0593  -0.0688  -0.1761   0.0667   0.1312   0.4059
 -0.0447   0.0026  -0.2398   0.0188   0.1771   0.4585
 -0.0917  -0.0031  -0.1663  -0.0400   0.1388   0.4819
 -0.0685  -0.0719  -0.0773   0.0298   0.1190   0.3891
  0.0010  -0.0397  -0.0393   0.2015   0.0662   0.3012
 -0.0490  -0.1499  -0.1303   0.0714   0.0816   0.4361
 -0.0164  -0.1117  -0.1162   0.1709   0.0785   0.4681
  0.0005  -0.1156  -0.1129   0.1479   0.0566   0.4156
 -0.0046  -0.0438  -0.0995  -0.0345   0.1047   0.3516
  0.0613   0.0660  -0.1036  -0.1712   0.1421   0.4421
  0.0458  -0.0378  -0.0952  -0.0943   0.1463   0.3624
  0.0456  -0.0739  -0.0646  -0.0130   0.1464   0.3562
  0.0424  -0.0696  -0.0742   0.0207   0.1302   0.3595
  0.0372  -0.0618  -0.0748   0.0193   0.1228   0.3830
  0.0196  -0.0472  -0.0813   0.0408   0.1299   0.3151
  0.0182  -0.0732  -0.0501  -0.0157   0.1305   0.3022
 -0.0025  -0.1109  -0.0477   0.1243   0.1189   0.2744
  0.0352  -0.1675  -0.0178   0.1473   0.1218   0.3120
  0.0224  -0.1859  -0.0310   0.2207   0.1087   0.2845
  0.0194  -0.0439  -0.0388   0.0425   0.0807   0.3087
  0.0004  -0.1503  -0.0538   0.2642   0.0480   0.1776
  0.0020  -0.0815  -0.0587   0.2825   0.0393   0.1352
 -0.0096  -0.1086  -0.0742   0.2938   0.0232   0.1728
 -0.0241  -0.1263  -0.0758   0.3018   0.0314   0.0957
 -0.0153  -0.0803  -0.0729   0.2410   0.0223   0.1711
 -0.0400  -0.1479  -0.0804   0.2145   0.0434   0.1079
 -0.0588  -0.0955  -0.0738   0.2796   0.0497   0.1418
 -0.0584  -0.0968  -0.0947   0.2780   0.0314   0.0563
 -0.0307  -0.0704  -0.0680   0.2644   0.0431   0.0632
 -0.0135  -0.1496  -0.0378   0.2840   0.0522  -0.0068
 -0.0213  -0.0717  -0.0437   0.2632   0.0459   0.0340
 -0.0161  -0.1199  -0.0306   0.2500   0.0387   0.0268
 -0.0153  -0.0841  -0.0176   0.2273   0.0355   0.0450
  0.0005  -0.1321  -0.0276   0.1911   0.0371   0.0559
 -0.0038  -0.1030  -0.0011   0.1991   0.0476   0.0353
 -0.0157  -0.0550  -0.0124   0.1346   0.0275   0.0639
  0.0154  -0.0943  -0.0256   0.2579   0.0462   0.0686
  0.0321  -0.0072  -0.0815   0.3801   0.0313  -0.0549
  0.0372   0.0778  -0.1558   0.4292   0.1014   0.1277
  0.0310  -0.0006  -0.1331   0.3609   0.0690   0.2803
 -0.0614  -0.1960  -0.0861   0.4401  -0.1018   0.0984
 -0.0301  -0.0766  -0.1115   0.4293  -0.0380   0.0855
 -0.0443  -0.0814  -0.0943   0.3352  -0.0450   0.0507
 -0.0203  -0.0680  -0.0703   0.3337  -0.0528   0.0655
 -0.0210  -0.0598  -0.0472   0.3054  -0.0621   0.0361
  0.0068  -0.0225  -0.0305   0.3581  -0.0841   0.0489
 -0.0022  -0.0436  -0.0188   0.3562  -0.0882  -0.0012
  0.0160   0.0415   0.0131   0.3266  -0.1045   0.0582
 -0.0224   0.0227   0.0257   0.3926  -0.1219   0.0116
  0.0759   0.0341  -0.0285   0.3954  -0.0633   0.0196
  0.0230   0.0387  -0.0335   0.2853  -0.0595   0.0304
  0.1147   0.2320  -0.0685   0.1567   0.0158   0.1792
  0.0737   0.0180  -0.0625   0.1643  -0.0187   0.1322
 -0.0307  -0.1219  -0.0181   0.1672  -0.0768   0.1416
  0.0058  -0.1891   0.0060   0.2245  -0.0779   0.1037
 -0.0066  -0.0929  -0.0100   0.1903  -0.0581   0.0368
  0.0070  -0.0289  -0.0332   0.1604  -0.0556   0.1055
  0.0173  -0.0490  -0.0195   0.2026  -0.0394   0.0313
 -0.0134  -0.0628  -0.0226   0.2068  -0.0682   0.0766
  0.0299  -0.0783   0.0007   0.1972  -0.0288  -0.0060
  0.0429   0.0084   0.0153   0.1432  -0.0101   0.0180
  0.0142  -0.0078   0.0122   0.1112  -0.0382   0.0182
  0.0196   0.0050   0.0216   0.1497  -0.0343   0.0009
  0.0061  -0.0119   0.0229   0.1304  -0.0377   0.0121
  0.0195  -0.0191   0.0171   0.1913  -0.0337  -0.0425
  0.0138  -0.0043   0.0230   0.1774  -0.0421   0.0276
  0.0231  -0.0009   0.0198   0.1366  -0.0212   0.0282
  0.0065   0.0162   0.0071   0.1325  -0.0217  -0.0215
  0.0101   0.0022   0.0120   0.1614  -0.0187  -0.0527
  0.0106   0.0427   0.0296   0.1083  -0.0240  -0.0209
  0.0166   0.0129   0.0223   0.1880  -0.0101  -0.0534
  0.0222   0.0068   0.0299   0.1713  -0.0167  -0.0376
  0.0233  -0.0179   0.0353   0.2242  -0.0144  -0.0820
  0.0244  -0.0248   0.0467   0.1904  -0.0233  -0.0826
  0.0300  -0.0177   0.0441   0.1974  -0.0227  -0.1001
  0.0186  -0.0284   0.0412   0.1613  -0.0278  -0.0785
  0.0064  -0.0003   0.0559   0.1926  -0.0458  -0.0800
 -0.0007   0.0162   0.1066   0.1825  -0.0918  -0.0329
  0.0070   0.0107   0.1704   0.2697  -0.1212  -0.0555
  0.0140  -0.0271   0.1829   0.2541  -0.1420  -0.0331
  0.0178  -0.0338   0.1360   0.2843  -0.1015  -0.1231
  0.0398  -0.0106   0.0898   0.1507  -0.0585  -0.0464
  0.0434  -0.0566   0.0735   0.2758  -0.0415  -0.1598
  0.0331  -0.1642   0.1276  -0.2584  -0.0630   0.0541
  0.0282  -0.3031   0.1027  -0.2634  -0.0557   0.0307
  0.0213  -0.2260   0.1185  -0.2488  -0.0528  -0.0278
  0.0403  -0.2464   0.1199  -0.1527  -0.0443  -0.0698
  0.0629  -0.2226   0.0970  -0.0366  -0.0165  -0.1462
  0.0600  -0.1956   0.1097  -0.0527  -0.0101  -0.1187
  0.0619  -0.1870   0.1137  -0.0025   0.0056  -0.1901
  0.0690  -0.1949   0.1139  -0.0106   0.0101  -0.1307
  0.0700  -0.1376   0.1077   0.0197   0.0177  -0.1557
  0.0525  -0.1805   0.1264   0.0449   0.0084  -0.2063
  0.0634  -0.1040   0.1214   0.0700  -0.0058  -0.1612
  0.0873  -0.0295   0.1137   0.0337   0.0081  -0.1737
  0.0667  -0.1120   0.1302   0.0746  -0.0077  -0.1394
  0.0635  -0.1611   0.1254   0.0563   0.0014  -0.2093
  0.0661  -0.1009   0.1354   0.0566  -0.0014  -0.1652
  0.0668  -0.1371   0.1332   0.0803  -0.0009  -0.2106
  0.0751  -0.1040   0.1379   0.0673   0.0073  -0.1774
  0.0604  -0.1414   0.1429   0.0456   0.0010  -0.2154
  0.0532  -0.0793   0.1184   0.0351   0.0170  -0.1706
  0.0548  -0.0930   0.1040  -0.0041   0.0163  -0.1665
  0.0555  -0.0966   0.0993  -0.0036   0.0226  -0.1419
  0.0475  -0.1286   0.0989   0.0431   0.0165  -0.1804
  0.0502  -0.0597   0.0975   0.0356   0.0126  -0.1159
  0.0468  -0.1355   0.1070   0.0815   0.0087  -0.1973
  0.0560  -0.1012   0.0882   0.0854   0.0097  -0.1964
  0.0397  -0.1309   0.0970   0.0661   0.0109  -0.2226
  0.0313  -0.1092   0.0852   0.0819   0.0080  -0.2425
  0.0347  -0.1203   0.1211   0.0540   0.0072  -0.2259
  0.0159  -0.1208   0.0890   0.0811   0.0119  -0.2203
  0.0278  -0.1182   0.0938   0.0680   0.0242  -0.2157
  0.0317  -0.1404   0.0972   0.1311   0.0102  -0.2153
  0.0656   0.0159   0.0768  -0.1059   0.0147  -0.1735
  0.0790   0.2654   0.0061  -0.3494   0.0098  -0.1715
  0.0591   0.0666   0.0103  -0.3793  -0.0200  -0.1289
  0.0809   0.0281   0.0831  -0.2756   0.0010  -0.1053
  0.0561   0.0462   0.0493  -0.2033  -0.0067  -0.1668
  0.0845   0.0196   0.0633   0.0122  -0.0057  -0.1931
  0.0472  -0.0360   0.0356   0.0461  -0.0124  -0.2061
  0.0330  -0.0021   0.0325   0.0104   0.0021  -0.2273
  0.0528   0.0195   0.0581  -0.1662   0.0071  -0.1482
  0.0384  -0.0506   0.0487  -0.1189   0.0179  -0.2014
  0.0537  -0.0202   0.0801  -0.0987  -0.0045  -0.1960
  0.0094  -0.1415   0.0705  -0.0158  -0.0334  -0.2821
  0.0321   0.2475   0.0606  -0.1649  -0.0118  -0.2549
  0.0424   0.4440   0.0492  -0.2150  -0.0086  -0.3665
  0.0318   0.2375   0.0687  -0.1343  -0.0076  -0.3455
  0.0236   0.2429   0.0511  -0.0213  -0.0303  -0.2604
 -0.0093   0.2675   0.0857   0.5328  -0.0791  -0.2250
 -0.0675   0.3038   0.1112   0.3613  -0.1188  -0.1834
 -0.0461   0.3559   0.0819  -0.1750  -0.1067  -0.1135
 -0.0737   0.2833   0.0526   0.1322  -0.1043  -0.1948
 -0.0862   0.2720   0.0791  -0.1224  -0.0575  -0.2046
 -0.1071   0.2169   0.0085   0.0080  -0.0230  -0.2392
 -0.1166   0.2930   0.0848   0.0476   0.0168  -0.3401
 -0.0864   0.1656   0.0535   0.1742   0.0456  -0.3208
 -0.0575   0.0527   0.0410   0.1920   0.0372  -0.3445
  0.0392   0.0471   0.0836   0.1346  -0.0078  -0.3709
  0.0355   0.0700   0.0692   0.1190  -0.0263  -0.3493
  0.0558   0.0930   0.0820   0.3039  -0.0290  -0.3518
  0.0538   0.0866   0.0446   0.2912  -0.0181  -0.3578
  0.0636   0.0696   0.0174   0.3223   0.0186  -0.3963
 -0.0326   0.4930  -0.0232  -0.0088  -0.0097  -0.3936
 -0.0372   0.6006  -0.0013  -0.2149  -0.0772  -0.4951
  0.0050   0.5759  -0.0056  -0.2660  -0.0416  -0.3506
  0.0294   0.1846   0.0544  -0.0615  -0.0861  -0.3870
  0.0181   0.2669   0.0393  -0.0730  -0.0825  -0.3343
  0.0444   0.2136   0.0832  -0.0173  -0.1064  -0.3541
  0.0578   0.2203   0.0502  -0.0850  -0.0824  -0.3298
  0.0442   0.1118   0.0816   0.0309  -0.0911  -0.4263
  0.0867   0.4156   0.0261  -0.2958  -0.0734  -0.3271
  0.0937   0.4494  -0.0110  -0.3697  -0.0673  -0.4396
  0.0224   0.1416   0.0175  -0.1204  -0.1076  -0.4075
  0.0246   0.1943   0.0095  -0.1100  -0.1058  -0.3820
  0.0133   0.1200   0.0229  -0.0230  -0.1162  -0.4187
  0.0347   0.1533   0.0227  -0.0621  -0.1048  -0.4202
  0.0279   0.1272   0.0161  -0.0280  -0.1069  -0.4009
  0.0310   0.1490   0.0198  -0.0272  -0.1105  -0.4100
  0.0286   0.1238   0.0218  -0.0083  -0.1159  -0.3933
  0.0305   0.1097   0.0258  -0.0275  -0.1118  -0.4399
  0.0418   0.0956   0.0180  -0.0001  -0.1087  -0.4308
 -0.0026   0.1189   0.0216  -0.0786  -0.1288  -0.4327
  0.0209   0.0111  -0.0066  -0.0574  -0.0975  -0.4351
  0.0203   0.0474  -0.0402  -0.1592  -0.0864  -0.4326
  0.0016   0.0477  -0.0289  -0.1334  -0.0978  -0.4507
  0.0242  -0.0202  -0.0359   0.0566  -0.0750  -0.5404
  0.0160  -0.0110  -0.0155   0.1089  -0.0810  -0.5325
  0.0200  -0.0201  -0.0330   0.0752  -0.0672  -0.5392
 -0.0016  -0.0345  -0.0008   0.1372  -0.0857  -0.5434
  0.0087  -0.0284   0.0099   0.1520  -0.1093  -0.5428
  0.0182   0.0059   0.0338   0.1881  -0.0978  -0.5277
  0.0224   0.0001   0.0209   0.1327  -0.1021  -0.5688
  0.0279   0.0361   0.0287   0.1422  -0.0810  -0.5547
  0.0650   0.1139  -0.0068  -0.0517  -0.0797  -0.5043
  0.0594  -0.0689  -0.0510  -0.1273  -0.1104  -0.4757
  0.0369   0.0568  -0.0454   0.0210  -0.0753  -0.5321
  0.0305  -0.0189  -0.0423   0.0820  -0.0959  -0.5261
  0.0142  -0.0168  -0.0217   0.1226  -0.0957  -0.5651
  0.0135  -0.0455  -0.0183   0.1779  -0.1035  -0.5525
  0.0057  -0.0594  -0.0170   0.1810  -0.1084  -0.5739
  0.0192  -0.0449  -0.0568   0.1685  -0.0688  -0.5698
  0.0143  -0.0663  -0.0113   0.1601  -0.1080  -0.5370
 -0.0006  -0.0803   0.0009   0.1334  -0.1385  -0.5795
  0.0375  -0.0232   0.0237   0.1241  -0.1105  -0.5804
  0.0358  -0.0809   0.0375   0.1629  -0.1018  -0.6650
  0.0272  -0.0761   0.0214   0.2289  -0.1199  -0.6267
