 -0.3032  -0.0113  -0.3052   0.3870  -0.6057  -0.1883
 -0.8876   0.2445  -0.0478  -0.8279  -1.0390   0.4534
 -0.7400   0.0989  -0.0813  -0.5402  -0.9552   0.2465
 -0.8541   0.0468  -0.0759  -0.7729  -1.0085   0.3735
 -0.8818  -0.5694  -0.2093   0.2712  -0.9941  -0.3140
 -1.2202  -1.9771  -0.4737   2.7475  -1.1044  -1.0425
 -1.0591  -3.6087  -0.6803   5.9899  -0.8320  -1.8696
 -0.9414  -2.2939  -0.4489   4.9189  -1.0366  -1.2403
  0.1229  -1.2055  -0.5450   2.3481   0.0469  -0.4345
  0.5843  -1.2211  -0.7456   1.8037   0.6334  -0.5943
  0.3899  -0.9145  -0.1665   0.7953   0.4190  -0.2335
 -0.1309  -0.8352   0.1506   0.3308  -0.2071  -0.2421
 -0.0835  -0.7891   0.0653   0.3073  -0.1959  -0.1265
 -0.1419  -0.8225   0.0685   0.3762  -0.2911  -0.1867
 -0.1980  -0.7128  -0.0301   0.5127  -0.2933  -0.3673
 -0.2004  -0.5294   0.0168   0.3425  -0.3376  -0.2891
 -0.1581  -0.5594   0.1069   0.0445  -0.3632   0.0960
 -0.1156  -0.4951   0.0862   0.1237  -0.3566  -0.1082
 -0.1820  -0.6301   0.1220   0.0990  -0.4272  -0.0861
  0.4450  -0.1419   0.0474   0.0320  -0.1034  -0.1303
  1.2857   0.2519   0.0494   0.0139   0.4204  -0.2503
  1.5704   0.7182  -0.0124  -0.1663   0.4871  -0.2198
  0.6428   0.4264  -0.0149  -0.2731   0.0902  -0.0086
  0.1462  -0.0835  -0.0208   0.0474  -0.2107  -0.1020
  0.2048  -0.4785  -0.0272   0.8305  -0.1069  -0.3798
  0.6169  -0.3266  -0.0361   1.1642   0.2654  -0.4423
  1.6398   0.3267  -0.4507   0.6385   0.8497  -0.3482
  2.1850   0.5162  -0.5930   0.4217   1.2893  -0.4279
  1.7902   0.5330  -0.7167   0.6309   1.0379  -0.4215
  1.6210   0.5431  -0.4584   0.7795   0.9723  -0.4720
  2.1881   0.7819  -1.0674   0.8468   0.7400  -0.3682
  3.1439   0.6798  -1.6533   1.0717   0.9158  -0.4758
  1.7609   0.1272  -1.2693   0.9631   0.6021  -0.4426
  1.7425  -0.0849  -1.1937   0.9424   0.4743  -0.5830
  1.2397  -0.1796  -0.9447   0.6463   0.2517  -0.2894
  1.6987  -0.2412  -1.0338   0.8255   0.3995  -0.4738
  1.5932  -0.1116  -1.1168   0.6969   0.4224  -0.4855
  1.7326   0.1398  -1.1873   0.6523   0.4448  -0.5380
  1.1118   0.0524  -0.9149   0.3219   0.1094  -0.3700
  0.9080  -0.1132  -0.5515  -0.1635  -0.1219  -0.0277
  0.2442   0.0605  -0.2076  -0.4192  -0.3939  -0.0062
 -0.5446  -0.0990  -0.5738  -0.1054  -0.4609  -0.0833
 -0.2681   0.1288  -1.4105   0.0002  -0.7226  -0.3054
  0.0343   0.3602  -1.7601   0.5301  -0.7962  -0.4478
  0.1341   0.9192  -2.3763   0.8771  -0.7167  -0.6217
 -3.3654   2.8401   2.1452   1.6892   0.1626  -1.0969
 -3.0345   3.1614   1.1243   1.4367   0.4023  -0.7220
 -3.1463   2.4847   1.0181   0.9485   0.3924  -0.5003
 -2.7638   1.6615   1.1154   1.2109   0.4931  -0.7545
 -1.5087   2.4187   0.4230   0.4031   0.0661  -0.5056
 -1.8079   2.5748   1.6440  -0.6282   0.0764  -0.0339
 -1.6808   2.0163   1.4210  -0.2498   0.0794  -0.1849
 -1.8462   0.8295   1.4482  -0.0655   0.1894   0.0188
 -1.6398   0.7353   1.4028  -0.0390   0.1947  -0.1877
 -1.9270   0.7527   1.1907  -0.3413   0.1764   0.1435
 -2.1099   1.3913   0.8281  -0.1727   0.0843  -0.2191
 -1.9177   1.9514   1.4617  -2.0144   0.1894   0.9092
 -1.6183   0.0575   2.2418  -5.2022   0.5369   2.6856
 -1.5963  -0.5673   2.2931  -4.9575   0.6535   1.9146
 -1.5646  -0.2672   0.9709  -2.2163   0.2914   0.8764
  2.6661   0.5188  -4.1410  -0.0582  -1.0008  -0.3179
  3.0908   0.9372  -4.8787   0.3922  -1.3414  -0.7884
 -4.1148   2.7257   3.8656   1.8471   0.7012  -0.2661
 -2.6883   1.7002   3.4585   1.1856   1.1847   0.1708
 -0.1192  -0.1725   0.7021  -0.6074   0.4550   0.5884
  0.3650  -0.0464   1.3518  -1.2683   0.1591   0.6671
  0.1735  -0.7735   1.0974  -0.9513   0.2449   0.6558
  0.1184  -0.4078   1.2245  -1.4454   0.1102   0.8789
 -0.0575  -0.3776   1.2357  -1.5689   0.0687   0.8004
 -0.0877  -0.6448   0.9092  -1.6238  -0.0466   0.8114
 -0.1917  -0.8236   0.5597  -1.5700  -0.0936   0.8881
 -0.1622  -1.0514   0.6214  -1.5863  -0.0623   0.7193
 -0.1236  -0.5626   0.7169  -1.8832  -0.0722   0.9802
 -0.0113  -0.0151   0.7454  -2.2040  -0.0848   1.0016
 -0.2575  -0.9064   0.7349  -1.8373  -0.0764   1.1261
 -0.2904  -1.4683   0.8315  -1.7860  -0.0605   1.1454
 -0.2982  -1.9680   0.7795  -1.8693   0.0416   1.2518
 -0.1973  -1.5969   0.7014  -1.7997  -0.0306   1.0616
