 -0.0320   0.3440  -0.0801   0.1843   0.0122  -0.0103
  0.0160   0.2143   0.0182   0.2619   0.0800   0.0692
  0.0157   0.2263  -0.0227   0.1896   0.0376   0.0611
  0.0348   0.2872  -0.0128   0.1457   0.0678   0.0688
  0.0079   0.2621  -0.0301   0.1368   0.0599   0.0496
  0.0390   0.2665  -0.0338   0.1461   0.0547   0.0506
  0.0293   0.3331  -0.1237   0.1131   0.0125   0.0362
  0.0433   0.3457  -0.0897   0.1780   0.0238   0.0043
  0.0291   0.3505  -0.0918   0.1714   0.0167   0.0335
  0.0582   0.2710  -0.0491   0.1955   0.0413   0.0174
  0.0458   0.2697  -0.0769   0.1689   0.0356   0.0463
 -0.0032   0.3377  -0.0939   0.1300   0.0197  -0.0414
 -0.0292   0.3711  -0.0880  -0.0117   0.0373  -0.0224
 -0.0422   0.2760  -0.1081  -0.0051   0.0442   0.0521
 -0.0157   0.2326  -0.0556   0.0731   0.0702   0.0701
 -0.0478   0.2366  -0.0887   0.0730   0.0502  -0.0097
 -0.0497   0.2513  -0.0773   0.0560   0.0568   0.0551
 -0.0317   0.2195  -0.0888   0.0839   0.0613   0.0140
 -0.0359   0.2794  -0.0988   0.0558   0.0628   0.0255
 -0.0640   0.2843  -0.1406   0.0758   0.0497  -0.0236
 -0.0647   0.3858  -0.1522   0.0504   0.0473  -0.0146
 -0.0527   0.2390  -0.1092   0.0486   0.0769   0.0321
 -0.0486   0.1765  -0.1070   0.1295   0.0729   0.0326
 -0.0477   0.1439  -0.0757   0.1491   0.0813   0.0637
 -0.0621   0.1208  -0.0809   0.1386   0.0712   0.0778
 -0.0675   0.2046  -0.1097   0.1159   0.0562   0.0248
 -0.0616   0.2667  -0.0942   0.0615   0.0565   0.0587
  0.0442   0.1182  -0.0338   0.2466   0.1094   0.1073
  0.0086   0.2609  -0.0911   0.2337   0.0288   0.0534
 -0.0028   0.1874  -0.0947   0.2065   0.0410   0.0699
 -0.0442   0.1827  -0.1470   0.2099   0.0184   0.0808
 -0.0227   0.2127  -0.1305   0.1595  -0.0018   0.0522
 -0.0087   0.2138  -0.1407   0.2291  -0.0163   0.0431
 -0.0088   0.2280  -0.1432   0.2242  -0.0313   0.0595
 -0.0216   0.2333  -0.1322   0.1891  -0.0177   0.0637
 -0.0211   0.1965  -0.1002   0.1355  -0.0084   0.0939
 -0.0331   0.2309  -0.1101   0.1236  -0.0232   0.0299
 -0.0603   0.1755  -0.1007   0.1490  -0.0161   0.0541
 -0.0635   0.1959  -0.1274   0.1448  -0.0344   0.0909
 -0.0495   0.1641  -0.1046   0.1701  -0.0389   0.0579
 -0.0624   0.1526  -0.0994   0.1915  -0.0300   0.0366
 -0.0486   0.1088  -0.0772   0.2466  -0.0219   0.0685
 -0.0580   0.1277  -0.0959   0.2689  -0.0159   0.0914
 -0.0653   0.1603  -0.1125   0.2282  -0.0288   0.0545
 -0.0716   0.1738  -0.1233   0.1770  -0.0199   0.0409
 -0.0692   0.3719  -0.1366   0.0567  -0.0214  -0.0079
 -0.0834   0.3657  -0.1878   0.1032  -0.0717   0.0239
 -0.1105   0.2662  -0.1770   0.1517  -0.0808   0.0211
 -0.0724   0.2908  -0.1563   0.1114  -0.0686   0.0059
 -0.1323   0.3194  -0.1256   0.0445  -0.0518   0.0336
 -0.1234   0.2776  -0.1325   0.0829  -0.0595   0.0158
 -0.1093   0.3357  -0.1485   0.0861  -0.0600   0.0203
 -0.1044   0.2836  -0.1331   0.0960  -0.0585  -0.0069
 -0.0868   0.2858  -0.1086   0.0993  -0.0266   0.0044
 -0.0788   0.2633  -0.0966   0.0690  -0.0232   0.0345
 -0.0711   0.2677  -0.1210   0.0912  -0.0183  -0.0066
 -0.0633   0.3436  -0.1150   0.0341  -0.0135   0.0163
 -0.0396   0.3633  -0.1157   0.0156  -0.0580  -0.0022
 -0.0491   0.1944  -0.0987   0.0868  -0.0490   0.0139
 -0.0722   0.2358  -0.1097  -0.0015  -0.0449   0.0001
 -0.0606   0.1693  -0.1108   0.0586  -0.0349  -0.0231
 -0.0630   0.2258  -0.1037  -0.0496  -0.0414   0.0197
 -0.0574   0.2874  -0.1434  -0.0326  -0.0417   0.0051
 -0.0514   0.3132  -0.1299   0.0034  -0.0548   0.0625
 -0.0413   0.3584  -0.1177   0.0082  -0.0697  -0.0829
 -0.0487   0.3668  -0.1286  -0.0389  -0.0553  -0.0857
 -0.0820   0.3943  -0.0991  -0.0091  -0.1320   0.0318
 -0.0633   0.2918  -0.0944   0.0408  -0.1280  -0.0218
 -0.0475   0.2886  -0.0975   0.0916  -0.1075   0.0179
 -0.0465   0.2968  -0.1100   0.1183  -0.1165  -0.0007
 -0.0645   0.3706  -0.0779   0.0406  -0.1060   0.0146
 -0.1008   0.4682  -0.1082   0.0122  -0.1195  -0.1081
 -0.0823   0.3885  -0.0928   0.0268  -0.1249  -0.0761
 -0.0789   0.3472  -0.0597   0.0686  -0.1075  -0.0518
 -0.0641   0.2791  -0.0380   0.0400  -0.0524  -0.0016
 -0.0658   0.3596  -0.0627  -0.0364  -0.0473  -0.0684
 -0.0471   0.4469  -0.0855  -0.0412  -0.0781  -0.1166
 -0.0551   0.4182  -0.0706  -0.0520  -0.0850  -0.0216
 -0.0634   0.2754  -0.0527   0.0069  -0.0667  -0.0349
 -0.0776   0.3010  -0.0694  -0.0111  -0.0692  -0.0583
 -0.0817   0.3200  -0.0903   0.0016  -0.0941  -0.0697
 -0.0594   0.4270  -0.0680  -0.1652  -0.0642  -0.0422
 -0.0891   0.7826  -0.1071  -0.2942  -0.0887  -0.1019
 -0.0946   0.6454  -0.1501  -0.1635  -0.1142  -0.1548
 -0.0941   0.5109  -0.0997  -0.1904  -0.0882  -0.0946
 -0.0904   0.3669  -0.0488  -0.0807  -0.0677  -0.0794
 -0.0997   0.3334  -0.0681  -0.0317  -0.0686  -0.0549
 -0.1201   0.3090  -0.1053  -0.0347  -0.0829  -0.1049
 -0.1184   0.3447  -0.1135  -0.0393  -0.1076  -0.1062
 -0.1096   0.3826  -0.1107  -0.0173  -0.1162  -0.1268
 -0.1243   0.4198  -0.1562  -0.0576  -0.1126  -0.1063
 -0.1135   0.3310  -0.1364  -0.0382  -0.1118  -0.1055
 -0.0976   0.2570  -0.0829  -0.0076  -0.0854  -0.0482
 -0.1201   0.2997  -0.1232  -0.0350  -0.1012  -0.1217
 -0.1322   0.2746  -0.1283  -0.0322  -0.1115  -0.1128
 -0.1532   0.2923  -0.1383  -0.0283  -0.1361  -0.1068
 -0.1191   0.2724  -0.1136  -0.0232  -0.1241  -0.0769
 -0.1286   0.2726  -0.1022  -0.0288  -0.0990  -0.0940
 -0.1143   0.2649  -0.1079  -0.0273  -0.1083  -0.0999
 -0.1031   0.2353  -0.0928  -0.0200  -0.0990  -0.1019
 -0.0748   0.2606  -0.0887  -0.0122  -0.0840  -0.0902
 -0.0906   0.3004  -0.1002  -0.0253  -0.0983  -0.1253
 -0.0781   0.2208  -0.1112  -0.0472  -0.1004  -0.0460
 -0.0962   0.2232  -0.1473  -0.0629  -0.1238  -0.1254
 -0.0650   0.3326  -0.1065  -0.1245  -0.0945  -0.1333
 -0.0628   0.1286  -0.0901  -0.1003  -0.0902  -0.0777
 -0.0432   0.0598  -0.0185  -0.0751  -0.0511  -0.0113
 -0.0861  -0.1291  -0.0260  -0.0066  -0.0585   0.0496
 -0.1599   0.0785  -0.0555  -0.0448  -0.0625  -0.0452
 -0.1135   0.2576  -0.0604  -0.1120  -0.0493  -0.0939
 -0.1320   0.1437  -0.0801  -0.1246  -0.0789  -0.0673
 -0.1153   0.1534  -0.0467  -0.0977  -0.0678  -0.0281
 -0.0924   0.0619  -0.0194  -0.0757  -0.0559  -0.0411
 -0.0817   0.1454  -0.0628  -0.1185  -0.0845  -0.0344
 -0.1037   0.0985  -0.0666  -0.0712  -0.0726  -0.0502
 -0.0438   0.0163  -0.0012  -0.1529   0.0048  -0.0007
 -0.0195  -0.0201   0.0157  -0.1612   0.0314   0.0090
 -0.0427  -0.0445   0.0017  -0.1375   0.0004  -0.0123
 -0.0463  -0.0892   0.0130  -0.1247   0.0099  -0.0043
 -0.0588  -0.1688   0.0214  -0.0869   0.0016   0.0468
 -0.0507  -0.2114   0.0326  -0.0785   0.0197   0.0472
 -0.0580  -0.1411   0.0080  -0.1129  -0.0043   0.0229
 -0.0650  -0.2145   0.0264  -0.0921   0.0048   0.0348
 -0.0705  -0.0832  -0.0084  -0.1497  -0.0267   0.0211
 -0.0264   0.0308   0.0002  -0.1777   0.0003   0.0036
  0.0563   0.0154   0.0697  -0.1753   0.0136   0.0259
  0.0336   0.1066  -0.0193  -0.2241  -0.0219   0.0139
  0.0351   0.1924   0.0030  -0.2513   0.0263  -0.0383
  0.0046   0.0757   0.0194  -0.1830  -0.0143  -0.0119
  0.0055   0.0154   0.0195  -0.2012  -0.0144   0.0192
 -0.0120  -0.0359   0.0261  -0.1841  -0.0151  -0.0010
 -0.0090  -0.0655   0.0257  -0.1662  -0.0099   0.0031
 -0.0101  -0.0791   0.0261  -0.1289  -0.0107   0.0269
 -0.0121  -0.1181   0.0432  -0.1145  -0.0029   0.0271
 -0.0387  -0.1883   0.0190  -0.0524  -0.0238   0.0350
 -0.0195  -0.1490   0.0092  -0.0864  -0.0145   0.0111
 -0.0087  -0.1814   0.0085  -0.0784   0.0133   0.0269
 -0.0088  -0.1675  -0.0042  -0.0858  -0.0179   0.0281
 -0.0105  -0.1646   0.0096  -0.0866  -0.0045  -0.0283
  0.0007  -0.1191   0.0151  -0.0582  -0.0100   0.0462
  0.0073  -0.1112   0.0049  -0.0741  -0.0143  -0.0074
 -0.0034  -0.0839   0.0337  -0.1099  -0.0070  -0.0227
 -0.0117  -0.1065   0.0169  -0.0908  -0.0296  -0.0036
 -0.0190  -0.0185  -0.0005  -0.1703  -0.0407  -0.0402
 -0.0094  -0.0720   0.0281  -0.1090  -0.0103  -0.0633
  0.0188  -0.0550   0.0223  -0.1522  -0.0131   0.0053
 -0.0046  -0.1080  -0.0062  -0.1888  -0.0240  -0.0190
  0.0338   0.0110   0.0316  -0.2050  -0.0152   0.0110
  0.0023   0.0716  -0.0052  -0.2535  -0.0597  -0.0467
  0.0094  -0.0020  -0.0340  -0.1678  -0.0604  -0.0782
  0.0205   0.0104  -0.0268  -0.2189  -0.0496   0.0319
  0.0043   0.0102  -0.0334  -0.1984  -0.0667  -0.0158
  0.0039   0.0654  -0.0454  -0.2415  -0.0707  -0.0619
  0.0120   0.0343  -0.0144  -0.2575  -0.0547  -0.0110
  0.0257   0.0065  -0.0048  -0.1999  -0.0353  -0.0130
  0.0201  -0.0748   0.0098  -0.1665  -0.0358   0.0022
  0.0305  -0.1230   0.0374  -0.1131  -0.0203  -0.0040
  0.0395  -0.1682   0.0541  -0.0705  -0.0017  -0.0018
  0.0382  -0.2061   0.0360  -0.0477  -0.0085   0.0209
  0.0275  -0.0782  -0.0019  -0.0892  -0.0476  -0.0238
  0.0217  -0.0841  -0.0291  -0.1342  -0.0591  -0.0180
  0.0067  -0.1136  -0.0462  -0.1033  -0.0693  -0.0365
  0.0259  -0.1364   0.0063  -0.0685  -0.0548  -0.0122
  0.0674  -0.1359   0.0310  -0.0549  -0.0062   0.0012
  0.0560  -0.1507   0.0110  -0.0494  -0.0170  -0.0048
  0.0657  -0.1513   0.0367  -0.0669  -0.0066  -0.0193
  0.0923  -0.1763   0.0460  -0.0769   0.0112   0.0045
  0.0777   0.0305   0.0023  -0.1294  -0.0055  -0.0470
  0.0767   0.1446  -0.0035  -0.2028  -0.0192  -0.1292
  0.0765  -0.0365  -0.0031  -0.1356  -0.0183  -0.0440
  0.0558  -0.1102   0.0345  -0.0562   0.0164  -0.0201
  0.0418  -0.1569   0.0253  -0.0250   0.0159   0.0028
  0.0556  -0.1292   0.0240  -0.0598   0.0113  -0.0250
  0.0911  -0.1489  -0.0035  -0.0828   0.0336  -0.0236
  0.1166  -0.1827   0.0632  -0.0816   0.0437   0.0013
  0.1071  -0.2567   0.0864  -0.0014   0.0579   0.0102
  0.0894  -0.2619   0.1033   0.0090   0.0538  -0.0070
  0.0835  -0.2711   0.1011   0.0319   0.0457   0.0144
  0.0793  -0.3458   0.1286   0.0746   0.0603   0.0188
  0.0760  -0.4159   0.1417   0.1352   0.0788   0.0348
  0.0629  -0.4642   0.1452   0.1686   0.0715   0.0022
  0.0812  -0.4138   0.1335   0.1253   0.0695   0.0487
  0.0703  -0.3611   0.1222   0.0753   0.0899   0.0150
  0.0591  -0.4074   0.1492   0.0487   0.0785  -0.0184
  0.0680  -0.4565   0.1749   0.0347   0.0877   0.0526
  0.0656  -0.5079   0.1405   0.1035   0.0627   0.0399
  0.1152  -0.3797   0.1206   0.0576   0.0572   0.0416
  0.0986  -0.3682   0.1340  -0.0200   0.0719   0.0233
  0.1014  -0.3889   0.1244   0.0017   0.0647   0.0111
  0.0923  -0.3419   0.1286   0.0061   0.0564   0.0194
  0.0855  -0.3948   0.1123   0.0085   0.0594   0.0003
  0.0971  -0.5115   0.1718   0.0498   0.0847   0.0789
  0.1218  -0.4662   0.1736   0.0083   0.0861   0.0537
  0.1144  -0.4791   0.1627   0.0181   0.0866   0.0565
  0.1074  -0.5013   0.1884   0.0372   0.0927   0.0517
  0.0916  -0.5396   0.1659   0.0310   0.0804   0.0587
  0.0093  -0.2955   0.0661  -0.0668   0.0338   0.0113
  0.0657  -0.2785   0.1152  -0.1099   0.0546  -0.0289
  0.0698  -0.3420   0.1007  -0.0747   0.0518   0.0293
  0.0889  -0.3336   0.1305  -0.0274   0.0483  -0.0117
  0.0981  -0.4029   0.1495   0.0046   0.0586   0.0270
  0.1045  -0.4372   0.1900   0.0382   0.0981   0.0716
  0.1234  -0.4019   0.2382   0.0123   0.1084   0.0424
  0.1208  -0.5078   0.2340   0.0644   0.1232   0.0614
  0.1229  -0.6050   0.2528   0.1119   0.1247   0.0482
  0.1170  -0.6826   0.2702   0.2016   0.1383   0.0955
  0.1044  -0.6669   0.2154   0.2082   0.0970   0.0479
  0.0991  -0.5870   0.2017   0.1939   0.0874   0.0433
  0.1082  -0.6169   0.1901   0.1409   0.0771   0.0242
  0.0990  -0.5463   0.1821   0.0994   0.0611   0.0328
  0.0930  -0.5666   0.1616   0.1146   0.0797   0.0789
  0.1255  -0.3061   0.1329   0.0026   0.0636   0.0061
  0.1171  -0.3180   0.0997   0.0542   0.0270  -0.0633
  0.1137  -0.2652   0.1281   0.0428   0.0774   0.0172
  0.1014  -0.2750   0.1509  -0.0177   0.0620  -0.0161
  0.0941  -0.4056   0.1512   0.0268   0.0650  -0.0195
  0.1031  -0.4558   0.1649   0.0599   0.0796   0.0206
  0.1093  -0.4773   0.1550   0.0628   0.0766  -0.0097
  0.1057  -0.4354   0.1559   0.0442   0.0765   0.0110
  0.1014  -0.5195   0.1581   0.0759   0.0812   0.0402
  0.1264  -0.5312   0.2010   0.0447   0.0934   0.0227
  0.1319  -0.4584   0.2164  -0.0462   0.0914   0.0592
  0.1375  -0.5481   0.2043   0.0145   0.1101   0.0732
  0.1312  -0.6065   0.2274   0.0282   0.1106   0.0269
  0.1477  -0.5273   0.2024   0.0523   0.1127   0.0621
  0.1171  -0.5443   0.2042   0.0458   0.0795   0.0252
  0.1417  -0.5092   0.2219   0.0351   0.0924   0.0486
  0.1736  -0.5571   0.2530   0.0212   0.1341   0.0473
  0.1632  -0.4827   0.2399  -0.0305   0.1290   0.0860
  0.1189  -0.5206   0.2405   0.0170   0.0958   0.0218
  0.1360  -0.5173   0.2466  -0.0074   0.0994   0.0060
  0.1555  -0.5243   0.2704  -0.0373   0.1288   0.0772
  0.1325  -0.5177   0.2648   0.0013   0.1321   0.0469
  0.1347  -0.4448   0.2534  -0.0246   0.1299   0.0396
  0.1507  -0.4423   0.2407   0.0078   0.1224   0.0056
  0.1486  -0.4807   0.2606   0.0148   0.1374   0.0430
