  0.0576   0.6529  -0.0135   0.1062  -0.0188  -0.1441
  0.0659   0.5750  -0.0095   0.0489  -0.0218  -0.1181
  0.0614   0.5999  -0.0026   0.0780  -0.0272  -0.1240
  0.0616   0.6145  -0.0043   0.0846  -0.0182  -0.1305
  0.0595   0.6210  -0.0051   0.0889  -0.0060  -0.1355
  0.0632   0.6121  -0.0057   0.0823  -0.0145  -0.1275
  0.0560   0.6183  -0.0117   0.0958  -0.0134  -0.1262
  0.0578   0.6151  -0.0185   0.0981  -0.0235  -0.1391
  0.0561   0.6132  -0.0086   0.1164  -0.0238  -0.1501
  0.0523   0.5955  -0.0079   0.1259  -0.0259  -0.1350
  0.0555   0.6461  -0.0075   0.1255  -0.0177  -0.1525
  0.0504   0.6618  -0.0139   0.1207  -0.0182  -0.1677
  0.0442   0.6538  -0.0096   0.1208  -0.0284  -0.1660
  0.0470   0.6335  -0.0057   0.1173  -0.0244  -0.1607
  0.0446   0.6199  -0.0178   0.1203  -0.0303  -0.1715
  0.0470   0.6199  -0.0142   0.1160  -0.0263  -0.1571
  0.0461   0.6284  -0.0124   0.1241  -0.0408  -0.1496
  0.0441   0.6572  -0.0291   0.1309  -0.0459  -0.1704
  0.0491   0.6392  -0.0236   0.1442  -0.0313  -0.1837
  0.0502   0.6338  -0.0220   0.1136  -0.0288  -0.1650
  0.0538   0.6366  -0.0135   0.1214  -0.0312  -0.1745
  0.0548   0.6292  -0.0194   0.0930  -0.0225  -0.1595
  0.0485   0.5602  -0.0185   0.1106  -0.0126  -0.1547
  0.0481   0.5556  -0.0192   0.1232  -0.0266  -0.1533
  0.0461   0.5250  -0.0090   0.1408  -0.0183  -0.1500
  0.0465   0.4956  -0.0094   0.1331  -0.0246  -0.1456
  0.0438   0.4747  -0.0068   0.1505  -0.0262  -0.1483
  0.0385   0.4895  -0.0004   0.1717  -0.0385  -0.1542
  0.0464   0.4777  -0.0131   0.1453  -0.0322  -0.1517
  0.0422   0.3811   0.0003   0.1612  -0.0335  -0.1433
  0.0393   0.3396   0.0267   0.2145  -0.0543  -0.1504
  0.0423   0.3303   0.0088   0.1290  -0.0404  -0.1201
  0.0452   0.3396  -0.0041   0.1319  -0.0415  -0.1326
  0.0388   0.3267  -0.0157   0.1216  -0.0275  -0.1144
  0.0337   0.3234  -0.0325   0.0874  -0.0278  -0.1082
  0.0344   0.3070  -0.0277   0.1176  -0.0293  -0.1143
  0.0326   0.3248  -0.0319   0.1073  -0.0297  -0.0967
  0.0352   0.2881  -0.0261   0.1072  -0.0343  -0.0921
  0.0383   0.2918  -0.0330   0.1134  -0.0256  -0.1060
  0.0303   0.2736  -0.0116   0.1190  -0.0285  -0.0917
  0.0352   0.3120  -0.0319   0.0888  -0.0235  -0.1006
  0.0356   0.3342  -0.0381   0.0891  -0.0430  -0.1072
  0.0393   0.1870  -0.0064   0.0439  -0.0138  -0.0386
  0.0413   0.2186  -0.0053   0.0388  -0.0069  -0.0553
  0.0365   0.3026  -0.0364   0.0943  -0.0240  -0.1054
  0.0264   0.2067  -0.0143   0.0615  -0.0127  -0.0540
  0.0520   0.4533  -0.0101   0.0805  -0.0057  -0.1261
  0.0337   0.2633  -0.0137   0.0524  -0.0054  -0.0650
  0.0371   0.1840  -0.0108   0.0157  -0.0074  -0.0352
  0.0382   0.1915  -0.0077   0.0544  -0.0043  -0.0421
  0.0263   0.2056   0.0030   0.0532  -0.0101  -0.0343
  0.0341   0.1899  -0.0017   0.0509  -0.0125  -0.0448
  0.0437   0.4062  -0.0174   0.0378  -0.0077  -0.0972
  0.0229   0.2636   0.0127   0.0630  -0.0077  -0.0620
  0.0059   0.0939   0.0266   0.0655  -0.0011  -0.0396
  0.0287   0.1696   0.0003  -0.0353  -0.0064  -0.0143
  0.0262   0.1569   0.0093   0.0150  -0.0002  -0.0273
  0.0201   0.1840   0.0098   0.0349   0.0003  -0.0351
  0.0203   0.1504   0.0034   0.0349   0.0040  -0.0452
  0.0355   0.1840   0.0023   0.0489  -0.0059  -0.0549
  0.0294   0.1520   0.0032   0.0382  -0.0003  -0.0471
  0.0277   0.1701   0.0043   0.0328   0.0042  -0.0549
  0.0184   0.1553   0.0156   0.0362   0.0023  -0.0384
  0.0160   0.2178   0.0034  -0.0012   0.0195  -0.0528
  0.0333   0.1781  -0.0105  -0.0032   0.0077  -0.0556
  0.0245   0.2171  -0.0081   0.0010   0.0051  -0.0471
  0.0223   0.2100  -0.0052  -0.0348  -0.0277  -0.0351
  0.0100   0.2305  -0.0116   0.0041   0.0193  -0.0532
  0.0108   0.2193  -0.0077   0.0087   0.0033  -0.0518
  0.0131   0.2405  -0.0019  -0.0687  -0.0431  -0.0170
  0.0075   0.2258  -0.0149  -0.0256  -0.0008  -0.0366
  0.0067   0.2218  -0.0172  -0.0042   0.0027  -0.0476
  0.0055   0.2332  -0.0145  -0.0060   0.0127  -0.0394
 -0.0001   0.2382  -0.0180  -0.0007   0.0046  -0.0375
 -0.0019   0.2361  -0.0249   0.0074   0.0124  -0.0404
  0.0063   0.2252  -0.0267   0.0092   0.0043  -0.0470
 -0.0030   0.0993  -0.0353  -0.0213  -0.0147   0.0062
  0.0083   0.1405  -0.0212  -0.0134  -0.0394  -0.0190
 -0.0108   0.1817  -0.0099  -0.0421  -0.0332  -0.0068
 -0.0023   0.2220  -0.0170  -0.0110   0.0097  -0.0432
  0.0044   0.1681  -0.0081  -0.0562  -0.0401  -0.0249
 -0.0156   0.2209  -0.0161  -0.0421  -0.0012  -0.0388
 -0.0095   0.1733  -0.0029  -0.0408  -0.0016  -0.0335
  0.0026   0.1614  -0.0062  -0.0602   0.0193  -0.0247
 -0.0002   0.1701   0.0014  -0.0303   0.0120  -0.0212
 -0.0041   0.1829  -0.0053  -0.0222   0.0237  -0.0233
 -0.0098   0.0852  -0.0146  -0.0119   0.0116   0.0065
 -0.0165   0.0856  -0.0224  -0.0176   0.0051  -0.0077
 -0.0071   0.1061  -0.0112  -0.0044   0.0090  -0.0169
 -0.0210   0.1128  -0.0095   0.0005   0.0118  -0.0183
 -0.0085   0.1101  -0.0197  -0.0074   0.0164  -0.0179
 -0.0170   0.1004  -0.0113  -0.0162   0.0004  -0.0256
 -0.0104   0.1042  -0.0056  -0.0099   0.0096  -0.0161
 -0.0150   0.0893  -0.0137  -0.0303   0.0103  -0.0131
 -0.0082   0.0894  -0.0050  -0.0325   0.0132  -0.0247
 -0.0167   0.1110  -0.0177  -0.0265   0.0211  -0.0187
 -0.0258   0.1029  -0.0058  -0.0062   0.0186  -0.0524
 -0.0371   0.0904   0.0108  -0.0308   0.0183  -0.0350
 -0.0245   0.1074  -0.0020  -0.0312   0.0192  -0.0453
 -0.0136   0.0774  -0.0007  -0.0281   0.0285  -0.0420
 -0.0170   0.0508   0.0131  -0.0149   0.0126  -0.0372
 -0.0201   0.0079   0.0140  -0.0248   0.0408  -0.0274
 -0.0271  -0.0386   0.0058  -0.0432   0.0192  -0.0125
 -0.0195  -0.0415   0.0150  -0.0350   0.0239   0.0013
 -0.0210  -0.0238   0.0173  -0.0331   0.0327  -0.0032
 -0.0311  -0.0469   0.0184  -0.0365   0.0319  -0.0087
 -0.0226  -0.0762   0.0181  -0.0336   0.0246   0.0061
 -0.0267  -0.1470   0.0015  -0.0377   0.0258   0.0380
 -0.0326  -0.1929  -0.0071  -0.0303   0.0219   0.0469
 -0.0269  -0.2092   0.0011  -0.0202   0.0116   0.0541
 -0.0378  -0.2216   0.0099  -0.0166   0.0242   0.0569
 -0.0356  -0.2225  -0.0049  -0.0317   0.0215   0.0536
 -0.0244  -0.2443   0.0016  -0.0227   0.0202   0.0560
 -0.0399  -0.2531  -0.0078  -0.0235   0.0172   0.0646
 -0.0378  -0.2671   0.0012  -0.0143   0.0174   0.0643
 -0.0502  -0.3075   0.0039  -0.0153   0.0235   0.0638
 -0.0495  -0.3061   0.0143  -0.0170   0.0143   0.0775
 -0.0459  -0.3144   0.0006  -0.0333   0.0024   0.0830
 -0.0593  -0.3329   0.0060  -0.0396   0.0092   0.0836
 -0.0611  -0.3435  -0.0034  -0.0510   0.0021   0.0926
 -0.0548  -0.3289  -0.0002  -0.0393   0.0184   0.0789
 -0.0568  -0.3547  -0.0052  -0.0662  -0.0071   0.0925
 -0.0445  -0.3369   0.0048  -0.0549   0.0080   0.0865
 -0.0592  -0.3528  -0.0050  -0.0878   0.0058   0.1017
 -0.0446  -0.3505  -0.0027  -0.0502   0.0157   0.0814
 -0.0565  -0.3430  -0.0086  -0.0715  -0.0003   0.1062
  0.0030  -0.3502   0.0160   0.0091  -0.0172   0.0684
 -0.0471  -0.3787  -0.0170  -0.0601  -0.0163   0.1121
 -0.0149  -0.3835   0.0227  -0.0447   0.0060   0.1156
 -0.0780  -0.4154  -0.0934  -0.1087  -0.0041   0.1674
 -0.0859  -0.4266  -0.1392  -0.1955   0.0066   0.1983
  0.0265  -0.4542   0.0354  -0.0508   0.0479   0.1518
  0.0039  -0.5060   0.0018  -0.0878  -0.0022   0.1554
 -0.0119  -0.4871   0.0649  -0.0568  -0.0152   0.1429
  0.0152  -0.4686   0.0305  -0.0749   0.0112   0.1473
  0.0089  -0.4790   0.0321  -0.0594   0.0285   0.1524
 -0.0051  -0.4870   0.0338  -0.1119   0.0008   0.1645
  0.0048  -0.4622   0.0327  -0.1032   0.0205   0.1539
 -0.0176  -0.4783   0.0236  -0.0992   0.0296   0.1598
 -0.0014  -0.4629   0.0352  -0.1449  -0.0029   0.1751
  0.0033  -0.4393   0.0228  -0.1691   0.0123   0.1644
  0.0022  -0.4651   0.0356  -0.1393   0.0253   0.1552
 -0.0093  -0.4689   0.0211  -0.1594   0.0325   0.1676
  0.0092  -0.4657   0.0256  -0.1413   0.0387   0.1541
  0.0006  -0.4804   0.0216  -0.1204   0.0335   0.1431
 -0.0042  -0.4593   0.0580  -0.0397   0.0228   0.1134
 -0.0075  -0.5021   0.0301  -0.0992   0.0227   0.1462
 -0.0198  -0.5530   0.0273  -0.0896   0.0234   0.1369
 -0.0407  -0.5612   0.0194  -0.0851   0.0160   0.1462
 -0.0373  -0.5977   0.0183  -0.0826   0.0075   0.1570
 -0.0396  -0.5932   0.0190  -0.1010   0.0169   0.1510
 -0.0347  -0.5799   0.0322  -0.0977   0.0176   0.1525
 -0.0412  -0.5638   0.0326  -0.1056   0.0261   0.1383
 -0.0329  -0.5952   0.0323  -0.1126   0.0192   0.1473
 -0.0508  -0.5881   0.0363  -0.0862   0.0193   0.1466
 -0.0405  -0.5941   0.0207  -0.1060   0.0124   0.1550
 -0.0452  -0.5943   0.0207  -0.0972   0.0144   0.1383
 -0.0473  -0.5729   0.0150  -0.0413   0.0175   0.1222
 -0.0567  -0.5625  -0.0042  -0.0607   0.0157   0.1179
 -0.0511  -0.5668   0.0052  -0.0733   0.0147   0.1185
 -0.0420  -0.5679   0.0033  -0.0625   0.0080   0.1133
 -0.0439  -0.5611   0.0141  -0.0713   0.0136   0.1302
 -0.0420  -0.5640   0.0140  -0.0713   0.0129   0.1109
 -0.0375  -0.5671   0.0153  -0.0717   0.0164   0.1265
 -0.0441  -0.5632   0.0060  -0.0798   0.0124   0.1377
 -0.0334  -0.5550   0.0133  -0.1032   0.0262   0.1336
 -0.0522  -0.5753   0.0171  -0.0902   0.0086   0.1382
 -0.0584  -0.5684   0.0084  -0.0019  -0.0158   0.1046
 -0.0397  -0.5937   0.0157  -0.0745   0.0016   0.1245
 -0.0448  -0.5822   0.0135  -0.0268   0.0068   0.0959
 -0.0319  -0.5797   0.0165  -0.0640   0.0051   0.1186
 -0.0338  -0.5776   0.0199  -0.0402   0.0139   0.1031
 -0.0381  -0.5772   0.0074  -0.0237   0.0228   0.1090
 -0.0427  -0.5945   0.0084  -0.0108   0.0158   0.0989
 -0.0469  -0.5861   0.0051  -0.0203   0.0122   0.1088
 -0.0401  -0.5787   0.0130  -0.0073   0.0073   0.0971
