  0.0886   0.1924   0.2230  -0.5035   0.0618  -0.2946
  0.0249   0.1044   0.1621  -0.5371   0.0045  -0.2869
  0.0806   0.1533   0.1653  -0.5446   0.0230  -0.2932
  0.0090   0.2964   0.1596  -0.6577  -0.0186  -0.2807
  0.0374   0.3030   0.2758  -0.6109   0.0136  -0.2489
 -0.0161   0.2754   0.2737  -0.6056  -0.0083  -0.2341
  0.1090   0.1700   0.2045  -0.5797   0.0211  -0.2242
 -0.2442   0.4773   0.2348  -0.7756  -0.0922  -0.2601
 -0.7237   0.6662   0.1005  -0.8129  -0.3193  -0.3119
 -0.4327   0.4737   0.1526  -0.7024  -0.2269  -0.2765
 -0.2844   0.4929   0.2169  -0.7924  -0.1387  -0.2883
 -0.1974   0.3874   0.1860  -0.6847  -0.0831  -0.2710
 -0.2661   0.4782   0.2397  -0.7708  -0.1220  -0.2867
 -0.1932   0.4627   0.2070  -0.6348  -0.0853  -0.2323
 -0.0864   0.3214   0.1814  -0.5152  -0.0457  -0.2302
 -0.0474   0.2959   0.1772  -0.4920  -0.0228  -0.2226
 -0.0365   0.2576   0.2010  -0.4529  -0.0007  -0.2111
 -0.0063   0.2211   0.2186  -0.4297   0.0247  -0.2146
 -0.0108   0.2233   0.2504  -0.4406   0.0235  -0.2211
  0.0159   0.2325   0.2427  -0.4471   0.0410  -0.1806
  0.0059   0.2957   0.2590  -0.5239   0.0041  -0.2102
 -0.0238   0.3120   0.2468  -0.5465   0.0462  -0.1851
  0.0671   0.1592   0.2493  -0.4327   0.0818  -0.2104
  0.1095   0.1960   0.2083  -0.4384   0.0656  -0.1993
  0.1536   0.0395   0.1676  -0.2877   0.1116  -0.1969
  0.1616   0.3604   0.1524  -0.3521   0.0951  -0.1398
  0.1769   0.3007   0.0908  -0.3506   0.0953  -0.1359
  0.1679  -0.0177   0.1583  -0.2112   0.0856  -0.1896
  0.2251   0.0651   0.1743  -0.3226   0.1133  -0.1769
  0.1993  -0.0232   0.1903  -0.2447   0.0984  -0.1676
  0.2959  -0.0053   0.1293  -0.1615   0.1450  -0.1487
  0.3069  -0.0688   0.0848   0.1171   0.1412  -0.1200
  0.2642   0.1658   0.0937  -0.1816   0.1434  -0.1733
  0.1414   0.6414   0.1381  -0.5280   0.0976  -0.1639
  0.2361   0.4864   0.0722  -0.3938   0.1522  -0.1840
  0.2167   0.4962   0.1468  -0.3301   0.1642  -0.0266
  0.3337   0.3095   0.1719  -0.2265   0.2548  -0.0258
  0.0972   0.1238   0.0434  -0.1329   0.0436  -0.1996
 -0.2105   0.4487   0.0047  -0.2926  -0.0761  -0.1513
  0.0302   0.5169  -0.0072  -0.3023   0.0932  -0.1606
  0.0123   0.3883  -0.0066  -0.1997   0.0649  -0.1099
  0.0550   0.3990  -0.0188  -0.2181   0.0896  -0.1314
  0.0411   0.3576  -0.0110  -0.1829   0.0820  -0.1014
  0.0703   0.3357  -0.0124  -0.1845   0.1064  -0.1034
  0.0363   0.2642   0.0174  -0.1406   0.0860  -0.1055
  0.0456   0.2007   0.0203  -0.1132   0.1080  -0.0747
  0.0693   0.1583   0.0454  -0.1098   0.0925  -0.0983
  0.0924   0.1366   0.0430  -0.1015   0.1148  -0.0737
  0.1175   0.1121   0.0331  -0.0762   0.1201  -0.0578
  0.1783   0.0977   0.0290  -0.0502   0.1310  -0.0722
  0.2054   0.0423   0.0213   0.0397   0.1572  -0.0315
  0.2293  -0.0720   0.0612   0.1218   0.1566  -0.0586
  0.2450  -0.1080   0.0562   0.1708   0.1640  -0.0334
  0.2444  -0.1789   0.0526   0.2238   0.1577  -0.0244
  0.2457  -0.2333   0.0687   0.2497   0.1613  -0.0122
  0.2575  -0.2690   0.0593   0.2868   0.1601  -0.0210
  0.2629  -0.3171   0.0924   0.3351   0.1534   0.0070
  0.2455  -0.4690   0.1204   0.3953   0.1479   0.0310
  0.2301  -0.4355   0.1364   0.3572   0.1482   0.0496
  0.2448  -0.4191   0.1063   0.4022   0.1647   0.0435
  0.2616  -0.4532   0.1319   0.4085   0.1671   0.0572
  0.2449  -0.3886   0.1170   0.3698   0.1521   0.0026
  0.2429  -0.4413   0.1075   0.4324   0.1548   0.0116
  0.2514  -0.5241   0.1193   0.4671   0.1586  -0.0077
  0.2635  -0.4951   0.1166   0.4539   0.1581   0.0359
  0.2594  -0.5718   0.1150   0.4959   0.1638   0.0193
  0.2529  -0.3454   0.0896   0.3041   0.1243   0.0810
  0.2400  -0.1259  -0.0456   0.1406   0.0406   0.0801
  0.2664  -0.3412  -0.0407   0.3406   0.0658   0.0384
  0.2471  -0.3317  -0.0230   0.3447   0.0689   0.0417
  0.2634  -0.3352  -0.0256   0.3627   0.0686   0.0459
  0.2595  -0.3001  -0.0418   0.3402   0.0600   0.0661
  0.2599  -0.3868  -0.0292   0.4173   0.0686   0.0863
  0.2322  -0.3693  -0.0396   0.3642   0.0636   0.0769
  0.2682  -0.4259  -0.0016   0.4151   0.0836   0.0563
  0.2464  -0.3860  -0.0122   0.3566   0.0747   0.0799
  0.2501  -0.4596   0.0107   0.4615   0.0807   0.1038
  0.1427  -0.1080   0.0406   0.0179   0.0506   0.0252
  0.1868  -0.0307   0.1482  -0.0705   0.0859   0.0188
  0.2518  -0.3181   0.1190   0.2671   0.0895   0.0819
  0.2513  -0.2707   0.1231   0.2365   0.0913   0.0922
  0.1983  -0.0929   0.1024  -0.0383   0.0681   0.1224
  0.2418  -0.0733   0.2758  -0.1423   0.1327   0.1051
  0.3049  -0.2393   0.2001   0.1798   0.1771   0.0949
  0.2988  -0.2954   0.1099   0.1977   0.1107   0.1423
  0.2318  -0.2792   0.1340   0.0746   0.1146   0.1457
  0.3747  -0.1572   0.0961  -0.0094   0.1550   0.1350
 -0.3738   0.2889  -0.2656   0.0369  -0.1660   0.0303
 -0.9438   0.7096  -0.5043  -0.2271  -0.4067  -0.0509
 -0.5973   0.4595  -0.3692  -0.0587  -0.2739   0.0149
 -0.6802   0.5010  -0.3670  -0.1192  -0.3143   0.0106
 -0.5547   0.4618  -0.3143  -0.1214  -0.2554   0.0432
 -0.5429   0.4370  -0.3379  -0.1242  -0.2479   0.0362
 -0.4333   0.3193  -0.3142  -0.0390  -0.2113   0.0730
 -0.4792   0.2690  -0.2936  -0.0144  -0.2198   0.1032
 -0.4447   0.1867  -0.2398   0.0215  -0.2058   0.1141
 -0.4407   0.2134  -0.3039   0.0043  -0.2230   0.0918
 -0.4208   0.1568  -0.2715   0.0393  -0.2142   0.1217
 -0.4233   0.1294  -0.2718   0.0292  -0.2227   0.1177
 -0.4211   0.0986  -0.2641   0.0787  -0.2016   0.1351
 -0.4155   0.0741  -0.2564   0.1047  -0.2118   0.1317
 -0.3646  -0.0271  -0.1843   0.1655  -0.1935   0.1403
 -0.3404  -0.1016  -0.1840   0.2352  -0.1656   0.1465
 -0.3277  -0.0156  -0.2188   0.1449  -0.1975   0.1541
 -0.2563  -0.0558  -0.2627   0.0698  -0.1708   0.1687
 -0.1615  -0.1805  -0.2663   0.3248  -0.1234   0.2048
 -0.2131  -0.1042  -0.2789   0.3042  -0.1501   0.2210
 -0.1929  -0.1905  -0.2631   0.3592  -0.1598   0.2317
 -0.2074  -0.2082  -0.2748   0.3969  -0.1506   0.2536
 -0.1864  -0.2267  -0.2645   0.4033  -0.1451   0.2549
 -0.1974  -0.2124  -0.2577   0.3831  -0.1543   0.2499
 -0.1953  -0.2436  -0.2631   0.4191  -0.1614   0.2745
 -0.2175  -0.1837  -0.2633   0.3697  -0.1701   0.2717
 -0.1862  -0.2408  -0.2760   0.4320  -0.1584   0.3070
 -0.1884  -0.1574  -0.2237   0.3699  -0.1344   0.2856
 -0.1263  -0.2632  -0.2240   0.4415  -0.0964   0.3134
 -0.1189  -0.4016  -0.2332   0.5255  -0.1158   0.3266
 -0.1001  -0.3934  -0.2205   0.5263  -0.1059   0.3314
 -0.1153  -0.4879  -0.2438   0.6209  -0.1199   0.3797
 -0.1272  -0.5588  -0.1905   0.6470  -0.1225   0.3909
 -0.1212  -0.5689  -0.1788   0.6557  -0.1354   0.3683
 -0.1223  -0.5766  -0.1626   0.6468  -0.1321   0.4059
 -0.1208  -0.6342  -0.1577   0.6868  -0.1228   0.4310
 -0.1193  -0.6972  -0.1140   0.7103  -0.1209   0.4541
