  0.1524   0.2592   0.3421   0.1165   0.2475   0.1147
  0.1325   0.2493   0.3532   0.1377   0.2688   0.0777
  0.1433   0.3031   0.3612   0.1147   0.2653   0.1076
  0.1210   0.2665   0.3393   0.1118   0.2450   0.0719
  0.1353   0.2970   0.3446   0.0960   0.2389   0.1018
  0.1336   0.2636   0.3262   0.1085   0.2220   0.0570
  0.1506   0.2911   0.3462   0.0821   0.2264   0.0996
  0.1212   0.2635   0.3468   0.0945   0.2342   0.0362
  0.1565   0.3207   0.3677   0.0806   0.2381   0.1393
  0.1245   0.2518   0.3580   0.0874   0.2525   0.0114
  0.1499   0.2857   0.3650   0.0382   0.2478   0.1282
  0.1405   0.2514   0.3635   0.0719   0.2508   0.0671
  0.1553   0.2832   0.3641   0.0585   0.2371   0.1097
  0.1281   0.2676   0.3661   0.1219   0.2740   0.0691
  0.1234   0.2606   0.3602   0.0613   0.2692   0.0642
  0.1378   0.2879   0.3649   0.0367   0.2507   0.1404
  0.1239   0.2506   0.3482   0.0807   0.2441   0.0266
  0.1407   0.2619   0.3535   0.0731   0.2350   0.0991
  0.1283   0.2375   0.3484   0.0922   0.2361   0.0605
  0.1332   0.2419   0.3357   0.0669   0.2209   0.0749
  0.1357   0.2376   0.3455   0.0765   0.2311   0.0794
  0.1474   0.2220   0.3445   0.0551   0.2206   0.0557
  0.1544   0.2531   0.3562   0.0775   0.2258   0.1200
  0.1403   0.1911   0.3289   0.1005   0.2273   0.0018
  0.1631   0.2315   0.3523   0.0778   0.2366   0.1027
  0.1513   0.1950   0.3323   0.0719   0.2285   0.0147
  0.1549   0.2289   0.3357   0.0427   0.2290   0.0988
  0.1590   0.1907   0.3285   0.0308   0.2251   0.0166
  0.1777   0.2330   0.3456   0.0452   0.2381   0.1071
  0.1584   0.1815   0.3169   0.0739   0.2236  -0.0189
  0.1848   0.2606   0.3437   0.0462   0.2179   0.1474
  0.1456   0.1797   0.3099   0.0854   0.2234  -0.0488
  0.1642   0.2496   0.3330   0.0298   0.2333   0.1265
  0.1523   0.1736   0.3071   0.0916   0.2257  -0.0146
  0.1706   0.2346   0.3185   0.0332   0.2270   0.1253
  0.1460   0.1524   0.2855   0.0805   0.2153  -0.0187
  0.1678   0.2151   0.3048   0.0236   0.2145   0.0976
  0.1418   0.1628   0.2794   0.0789   0.2023  -0.0094
  0.1367   0.2039   0.2776   0.0410   0.2005   0.0737
  0.1253   0.1695   0.2726   0.0970   0.2130   0.0094
  0.1368   0.1609   0.2438   0.0650   0.1856   0.0670
  0.1315   0.1194   0.2230   0.0954   0.1889   0.0317
  0.1224   0.1208   0.2220   0.0353   0.1751  -0.0030
  0.1325   0.1371   0.2219   0.0947   0.1912   0.0884
  0.1384   0.0846   0.2290   0.0829   0.1716  -0.0115
  0.1483   0.1525   0.2438   0.0336   0.1851   0.0753
  0.1347   0.1304   0.2274   0.0348   0.1823  -0.0063
  0.1540   0.1855   0.2439  -0.0078   0.1812   0.0782
  0.1502   0.1564   0.2350   0.0520   0.1786   0.0191
  0.1352   0.1191   0.2263   0.0529   0.1742  -0.0355
  0.1423   0.1499   0.2190   0.0394   0.1717   0.0607
  0.1260   0.1119   0.2128   0.0583   0.1730  -0.0048
  0.1418   0.1349   0.2270   0.0335   0.1741   0.0422
  0.1298   0.0923   0.2171   0.0512   0.1697  -0.0088
  0.1216   0.1171   0.2058   0.0305   0.1610   0.0453
  0.1194   0.0906   0.1953   0.0384   0.1493  -0.0027
  0.1274   0.0956   0.1793   0.0241   0.1320   0.0254
  0.1039   0.0620   0.1592   0.0521   0.1390  -0.0175
  0.1163   0.1063   0.1618   0.0398   0.1320   0.0340
  0.0780   0.0657   0.1334   0.0722   0.1242  -0.0318
  0.0813   0.0948   0.1396   0.0329   0.1229   0.0529
  0.0661   0.0124   0.1118   0.0886   0.1145  -0.0472
  0.0627   0.0951   0.1175   0.0064   0.1178   0.0941
  0.0455   0.0039   0.0937   0.0851   0.1035  -0.0850
  0.0373   0.0878   0.0890  -0.0099   0.1125   0.0895
  0.0476  -0.0061   0.0721   0.0745   0.0962  -0.0635
  0.0379   0.0494   0.0658   0.0129   0.0980   0.0524
  0.0506  -0.0330   0.0639   0.0636   0.0807  -0.0724
  0.0495   0.0366   0.0775   0.0110   0.0830   0.0415
  0.0461  -0.0155   0.0583   0.0898   0.0765  -0.0387
  0.0412   0.0421   0.0643   0.0359   0.0735   0.0278
  0.0434  -0.0118   0.0530   0.0993   0.0673  -0.0309
  0.0425   0.0119   0.0535   0.0588   0.0732   0.0118
  0.0379  -0.0182   0.0427   0.0924   0.0735  -0.0391
  0.0390   0.0047   0.0461   0.0425   0.0573   0.0000
  0.0398  -0.0076   0.0383   0.0549   0.0569   0.0020
  0.0320  -0.0119   0.0356   0.0632   0.0448  -0.0125
  0.0284  -0.0114   0.0286   0.0585   0.0306  -0.0081
  0.0236  -0.0260   0.0256   0.0539   0.0264  -0.0246
  0.0196  -0.0297   0.0163   0.0656   0.0207  -0.0395
  0.0006  -0.0149   0.0088   0.0305   0.0128  -0.0154
  0.0084  -0.0276   0.0090   0.0902   0.0099  -0.0305
  0.0099  -0.0301   0.0069   0.0718   0.0095  -0.0163
  0.0111  -0.0483   0.0007   0.1085   0.0045  -0.0185
  0.0293  -0.0297   0.0124   0.0619  -0.0043  -0.0097
  0.0312  -0.0547   0.0041   0.0788  -0.0143  -0.0110
  0.0579  -0.0484   0.0180   0.0661  -0.0433  -0.0214
  0.0617  -0.0255   0.0130   0.0653  -0.0567   0.0056
  0.0394  -0.0893  -0.0002   0.0712  -0.0492  -0.1014
  0.0467  -0.0196   0.0106   0.0417  -0.0437   0.0402
  0.0365  -0.0827   0.0034   0.0612  -0.0441  -0.0881
  0.0485   0.0126   0.0247   0.0356  -0.0418   0.1073
  0.0422  -0.0391   0.0102   0.1007  -0.0315  -0.0521
  0.0399  -0.0202   0.0134   0.0617  -0.0423   0.0089
  0.0343  -0.0178   0.0095   0.0705  -0.0356   0.0055
  0.0331  -0.0169   0.0107   0.0386  -0.0374  -0.0124
  0.0289   0.0179   0.0123   0.0268  -0.0286   0.0546
  0.0260  -0.0257   0.0059   0.0672  -0.0430  -0.0474
  0.0169   0.0397   0.0133   0.0121  -0.0361   0.0898
  0.0261  -0.0421   0.0043   0.0586  -0.0460  -0.0451
  0.0170   0.0214   0.0047   0.0039  -0.0400   0.0468
  0.0216  -0.0307  -0.0004   0.0749  -0.0503  -0.0240
  0.0185   0.0257   0.0084   0.0196  -0.0487   0.0497
  0.0270  -0.0579   0.0031   0.0854  -0.0591  -0.0572
  0.0147   0.0090   0.0078  -0.0099  -0.0426   0.0268
  0.0262  -0.0540   0.0075   0.0347  -0.0489  -0.0474
  0.0151   0.0167   0.0067  -0.0256  -0.0487   0.0273
  0.0129  -0.0226  -0.0119   0.0650  -0.0309  -0.0023
 -0.0271   0.0015  -0.0257   0.0140  -0.0101   0.0168
 -0.0308  -0.0198  -0.0452   0.0429  -0.0111   0.0136
 -0.0532  -0.0400  -0.0529   0.0023  -0.0083  -0.0209
 -0.0694  -0.0200  -0.0661  -0.0079   0.0020   0.0359
 -0.0769  -0.0339  -0.0762  -0.0258  -0.0090  -0.0108
 -0.0531  -0.0428  -0.0657  -0.0281  -0.0161   0.0103
 -0.0517  -0.0517  -0.0613  -0.0314  -0.0259  -0.0366
 -0.0384  -0.0529  -0.0651  -0.0272  -0.0376  -0.0145
 -0.0521  -0.0809  -0.0734  -0.0190  -0.0398  -0.0573
 -0.0462  -0.0344  -0.0673  -0.0485  -0.0358   0.0212
 -0.0326  -0.0724  -0.0620  -0.0182  -0.0503  -0.0653
 -0.0260   0.0210  -0.0532  -0.0524  -0.0370   0.1196
 -0.0310  -0.0863  -0.0756   0.0291  -0.0492  -0.1012
 -0.0218   0.0262  -0.0543  -0.0617  -0.0465   0.1193
 -0.0229  -0.0545  -0.0684   0.0376  -0.0517  -0.0515
 -0.0156  -0.0396  -0.0618  -0.0329  -0.0559   0.0261
 -0.0213  -0.0157  -0.0659  -0.0119  -0.0452   0.0575
 -0.0147  -0.0444  -0.0650  -0.0049  -0.0539   0.0021
 -0.0179  -0.0194  -0.0632  -0.0034  -0.0489   0.0488
 -0.0227  -0.0504  -0.0753  -0.0114  -0.0477  -0.0054
 -0.0210   0.0068  -0.0596  -0.0661  -0.0406   0.0770
 -0.0431  -0.0629  -0.0834   0.0297  -0.0385  -0.0544
 -0.0502  -0.0049  -0.0681  -0.0354  -0.0400   0.0588
 -0.0429  -0.0647  -0.0819   0.0103  -0.0455   0.0025
 -0.0590  -0.0371  -0.0784  -0.0519  -0.0443   0.0190
 -0.0500  -0.0411  -0.0786  -0.0279  -0.0454   0.0257
 -0.0620  -0.0708  -0.0816  -0.0592  -0.0536  -0.0347
 -0.0472  -0.0405  -0.0759  -0.0412  -0.0492   0.0498
 -0.0436  -0.0814  -0.0880  -0.0337  -0.0531  -0.0599
 -0.0402  -0.0112  -0.0737  -0.0972  -0.0526   0.0781
 -0.0492  -0.0970  -0.0915  -0.0248  -0.0574  -0.0925
 -0.0536  -0.0270  -0.0890  -0.0871  -0.0508   0.0702
 -0.0450  -0.1375  -0.0998  -0.0050  -0.0642  -0.0637
 -0.0455  -0.0621  -0.0811  -0.0669  -0.0534   0.0463
 -0.0390  -0.1154  -0.0854  -0.0551  -0.0524  -0.0732
 -0.0256  -0.0325  -0.0777  -0.1072  -0.0556   0.0463
 -0.0238  -0.1085  -0.0912  -0.0064  -0.0750  -0.0662
 -0.0117  -0.0368  -0.0811  -0.0314  -0.0746   0.0630
 -0.0245  -0.1079  -0.0953   0.0151  -0.0639  -0.0444
 -0.0211  -0.0198  -0.0811  -0.0525  -0.0617   0.0607
 -0.0274  -0.0980  -0.0949   0.0141  -0.0671  -0.0774
 -0.0165  -0.0230  -0.0827  -0.0671  -0.0717   0.0586
 -0.0184  -0.1071  -0.0994   0.0382  -0.0727  -0.0500
 -0.0030  -0.0365  -0.0733  -0.0339  -0.0834   0.0485
 -0.0265  -0.1282  -0.0893   0.0084  -0.0808  -0.0834
 -0.0319  -0.0552  -0.0828  -0.1128  -0.0805   0.0516
 -0.0311  -0.1083  -0.0969  -0.0079  -0.0770  -0.0320
 -0.0232  -0.0411  -0.0787  -0.0580  -0.0919   0.0369
 -0.0434  -0.0964  -0.0888  -0.0150  -0.0933  -0.0245
 -0.0323  -0.0737  -0.0795  -0.0613  -0.0929   0.0068
 -0.0357  -0.1007  -0.0911  -0.0541  -0.0807  -0.0116
 -0.0308  -0.1266  -0.0839  -0.0364  -0.0942  -0.0294
 -0.0168  -0.1234  -0.0918  -0.0179  -0.0942  -0.0173
 -0.0240  -0.1621  -0.0922  -0.0314  -0.0988  -0.0204
 -0.0387  -0.1314  -0.0996  -0.0649  -0.0966  -0.0182
 -0.0434  -0.1252  -0.1005  -0.0198  -0.0853  -0.0322
 -0.0454  -0.1374  -0.0921   0.1255  -0.0856  -0.1074
 -0.0451  -0.1221  -0.0800  -0.0209  -0.0962  -0.0395
 -0.0556  -0.1247  -0.1016   0.0735  -0.0868  -0.0102
 -0.0399  -0.1216  -0.0938   0.0137  -0.1205  -0.0324
 -0.0402  -0.1229  -0.1092   0.1090  -0.1063  -0.0167
 -0.0180  -0.1391  -0.1096   0.1008  -0.1285  -0.0719
  0.0022  -0.1182  -0.0815   0.0852  -0.1529   0.0011
 -0.0212  -0.1755  -0.1043   0.1439  -0.1273  -0.1195
 -0.0242  -0.0877  -0.0954   0.0284  -0.1211   0.0365
 -0.0431  -0.1869  -0.1243   0.1171  -0.1012  -0.1339
 -0.0527  -0.1189  -0.1204   0.0635  -0.0977  -0.0319
 -0.0510  -0.1629  -0.1296   0.0665  -0.1038  -0.0727
 -0.0625  -0.1766  -0.1359   0.1313  -0.1018  -0.0993
 -0.0540  -0.1324  -0.1239   0.0270  -0.1151  -0.0074
 -0.0603  -0.2014  -0.1405   0.1184  -0.1040  -0.0976
 -0.1138  -0.1431  -0.1556   0.0753  -0.0808  -0.0439
 -0.1097  -0.1586  -0.1509   0.0712  -0.0894  -0.0920
 -0.1303  -0.0788  -0.1386   0.0262  -0.1002  -0.1997
 -0.1044  -0.0264  -0.0994  -0.1379  -0.1193   0.1012
 -0.0930  -0.0781  -0.1187  -0.0233  -0.0998  -0.0108
 -0.0769  -0.0671  -0.1257  -0.0540  -0.1163  -0.0223
 -0.0781  -0.0780  -0.1405  -0.0104  -0.1100  -0.0286
 -0.0812  -0.1011  -0.1476   0.0197  -0.1245  -0.0647
 -0.0732  -0.0783  -0.1425   0.0072  -0.1261   0.0098
 -0.0672  -0.1339  -0.1517   0.0635  -0.1391  -0.0869
 -0.0662  -0.1095  -0.1498  -0.0030  -0.1312   0.0020
 -0.0767  -0.1729  -0.1623   0.0439  -0.1352  -0.0666
 -0.0551  -0.1136  -0.1424  -0.0699  -0.1567   0.0432
 -0.0764  -0.1776  -0.1671   0.0228  -0.1547  -0.0690
 -0.0806  -0.1629  -0.1627  -0.0651  -0.1544  -0.0158
 -0.0832  -0.1884  -0.1728  -0.0131  -0.1493  -0.0696
 -0.0908  -0.1841  -0.1664  -0.0545  -0.1354  -0.0300
 -0.1081  -0.2065  -0.1840  -0.0346  -0.1315  -0.0714
 -0.1084  -0.2115  -0.1807  -0.1171  -0.1334  -0.0384
 -0.1025  -0.1948  -0.1791  -0.0633  -0.1380  -0.0367
 -0.1299  -0.2288  -0.1998  -0.1060  -0.1284  -0.0422
 -0.1363   0.0059  -0.1928  -0.2011  -0.1211   0.0780
 -0.1712   0.2019  -0.2363  -0.3103  -0.1111  -0.1248
 -0.1582   0.2114  -0.1315  -0.4851  -0.0827   0.0338
 -0.1947   0.3098  -0.1400  -0.3751  -0.0928  -0.0320
 -0.1886   0.2595  -0.1472  -0.3460  -0.1057  -0.0023
 -0.1848   0.2404  -0.1624  -0.2987  -0.1109  -0.0040
 -0.1818   0.2005  -0.1594  -0.2868  -0.1222  -0.0270
 -0.1692   0.1389  -0.2015  -0.2484  -0.1244   0.0298
 -0.1756  -0.0258  -0.2601  -0.2105  -0.1383  -0.0534
 -0.1436   0.0272  -0.2767  -0.2617  -0.1601   0.0937
 -0.1645  -0.1204  -0.3119  -0.1522  -0.1696  -0.0681
 -0.1708  -0.0473  -0.2767  -0.2356  -0.1554   0.0492
 -0.1623  -0.1168  -0.2883  -0.1883  -0.1626  -0.0389
 -0.1685  -0.1013  -0.2846  -0.2404  -0.1596   0.0101
 -0.1639  -0.1744  -0.2931  -0.1846  -0.1646  -0.0757
 -0.1535  -0.1163  -0.2845  -0.2481  -0.1728  -0.0161
 -0.1628  -0.2013  -0.3044  -0.1725  -0.1719  -0.0914
 -0.1859  -0.1234  -0.3111  -0.2510  -0.1542   0.0148
 -0.1680  -0.2221  -0.3140  -0.1995  -0.1728  -0.1090
 -0.1875  -0.1473  -0.3133  -0.2388  -0.1576  -0.0190
 -0.1632  -0.1664  -0.3036  -0.2531  -0.1779  -0.0437
 -0.1301  -0.1837  -0.2995  -0.2759  -0.1847  -0.0638
 -0.1230  -0.1978  -0.2843   0.0314  -0.1784  -0.0980
 -0.1247  -0.2176  -0.2821  -0.0008  -0.2002  -0.0803
 -0.1272  -0.1776  -0.2936   0.0034  -0.1860   0.0280
 -0.1265  -0.1969  -0.2937   0.0145  -0.1951  -0.1104
 -0.1259  -0.1723  -0.3015   0.0002  -0.1938  -0.0186
 -0.1225  -0.1958  -0.3006   0.0163  -0.1941  -0.0766
 -0.1276  -0.1580  -0.2868  -0.0110  -0.1866   0.0173
 -0.1224  -0.1532  -0.2898  -0.0014  -0.1854  -0.0204
 -0.1307  -0.1658  -0.3016   0.0173  -0.1849  -0.0536
 -0.1373  -0.2130  -0.2947   0.0211  -0.1884  -0.1107
 -0.1398  -0.1784  -0.2954  -0.0089  -0.1862  -0.0155
 -0.1461  -0.2184  -0.2924  -0.0003  -0.1945  -0.0849
 -0.1405  -0.1673  -0.2943  -0.0613  -0.1973  -0.0406
 -0.1423  -0.2030  -0.2996  -0.0336  -0.1942  -0.0880
