  0.0671   0.6068  -0.0669  -0.2234  -0.0069   0.0045
  0.0730   0.6115  -0.0255  -0.2883  -0.0146   0.0391
  0.0622   0.6016  -0.0351  -0.2813  -0.0051   0.0199
  0.0604   0.6268  -0.0193  -0.2520   0.0052   0.0230
  0.0663   0.6408  -0.0249  -0.3107  -0.0616   0.0297
  0.0421   0.5848  -0.0561  -0.2033   0.0323   0.0020
  0.0553   0.6058  -0.0354  -0.2374  -0.0587   0.0111
  0.0419   0.5407  -0.0534  -0.1980   0.0245   0.0030
  0.0838   0.5601  -0.0495  -0.2089  -0.0345   0.0046
  0.0750   0.5362  -0.0369  -0.1987  -0.0311   0.0104
  0.0504   0.5941  -0.0233  -0.3285  -0.0084   0.0351
  0.0841   0.5232  -0.0256  -0.2372  -0.0601   0.0325
 -0.0329   0.9050  -0.0107  -0.7544  -0.0713   0.1048
 -0.0242   0.9761  -0.1930  -0.0348  -0.2881  -0.1329
  0.0498   0.7639  -0.2416   0.0959  -0.1578  -0.1230
 -0.0009   0.7485  -0.2052  -0.1297  -0.0663  -0.0699
 -0.0024   0.6817  -0.2271  -0.0659  -0.0674  -0.0706
 -0.0082   0.7198  -0.2221  -0.1467  -0.0872  -0.0497
  0.0088   0.6025  -0.2203  -0.1294  -0.0345  -0.0429
  0.0074   0.5357  -0.1751  -0.0815  -0.0326  -0.0350
  0.0113   0.5106  -0.1985  -0.0597  -0.0169  -0.0400
  0.0064   0.5062  -0.1842  -0.0991  -0.0169  -0.0354
  0.0042   0.4748  -0.1878  -0.0923   0.0004  -0.0320
  0.0015   0.4550  -0.1652  -0.1074  -0.0216  -0.0330
  0.0279   0.4847  -0.1618  -0.1603  -0.0983  -0.0134
  0.0247   0.4838  -0.1571  -0.1883  -0.0685  -0.0035
  0.0109   0.4382  -0.1462  -0.1423  -0.0604  -0.0105
  0.0152   0.4278  -0.1400  -0.1556  -0.0329  -0.0161
  0.0057   0.4150  -0.1393  -0.0915  -0.0243  -0.0268
  0.0167   0.3817  -0.1356  -0.0944  -0.0224  -0.0299
  0.0115   0.3782  -0.1367  -0.0702  -0.0394  -0.0143
 -0.0104   0.3516  -0.1363  -0.0922  -0.0324  -0.0169
 -0.0361   0.3066  -0.1652  -0.0480  -0.0638  -0.0159
 -0.0308   0.3118  -0.1542  -0.0357  -0.0528  -0.0312
 -0.0331   0.2895  -0.1564  -0.0264  -0.0527  -0.0303
 -0.0114   0.3086  -0.1317  -0.0578  -0.0493  -0.0329
 -0.0188   0.2829  -0.1353  -0.0360  -0.0324  -0.0328
 -0.0112   0.3119  -0.1206  -0.0551  -0.0529  -0.0299
 -0.0136   0.2531  -0.1227  -0.0108  -0.0354  -0.0415
  0.0018   0.3183  -0.1157  -0.1327  -0.0236  -0.0087
  0.0047   0.2962  -0.1053  -0.1517  -0.0279   0.0035
  0.0602   0.2610  -0.1078  -0.0881   0.0158  -0.0035
  0.0475   0.2246  -0.1048  -0.0911   0.0079   0.0058
  0.0408   0.2097  -0.1083  -0.0654  -0.0257  -0.0024
  0.0388   0.2271  -0.1133  -0.1057  -0.0166   0.0117
  0.0361   0.1958  -0.1031  -0.0777  -0.0098   0.0014
  0.0368   0.1875  -0.1083  -0.0873  -0.0129   0.0120
  0.0361   0.1819  -0.0949  -0.0809  -0.0289   0.0004
  0.0218   0.1528  -0.1056  -0.0957  -0.0156   0.0077
  0.0292   0.1476  -0.0897  -0.0779  -0.0099   0.0049
  0.0205   0.1478  -0.1067  -0.0928  -0.0210   0.0169
  0.0435   0.1489  -0.0832  -0.0873  -0.0214   0.0242
 -0.0042   0.2056  -0.1199  -0.3470  -0.0672   0.0952
 -0.0021   0.1781  -0.0654  -0.0116  -0.2524  -0.0232
  0.0876   0.0635  -0.0483   0.0200  -0.0654  -0.0124
  0.0332   0.0497  -0.0536  -0.0885  -0.0306   0.0304
  0.0441   0.0272  -0.0341  -0.0917  -0.0293   0.0536
  0.0150   0.0357  -0.0533  -0.1478   0.0207   0.0510
  0.0437   0.0463  -0.0368  -0.1264  -0.0366   0.0426
  0.0247   0.0341  -0.0504  -0.1268  -0.0008   0.0483
  0.0270   0.0047  -0.0357  -0.0973  -0.0115   0.0411
  0.0209  -0.0112  -0.0661  -0.0691  -0.0213   0.0221
  0.0186  -0.0079  -0.0538  -0.1045   0.0153   0.0381
  0.0040  -0.0271  -0.0613  -0.0739   0.0150   0.0299
  0.0247  -0.0193  -0.0216  -0.2197  -0.0740   0.0840
  0.0318   0.0195  -0.0580  -0.2528  -0.0759   0.0928
 -0.0129  -0.0013  -0.0716  -0.1721   0.0129   0.0604
  0.0423  -0.0079  -0.0313  -0.1348  -0.0400   0.0369
  0.0377  -0.0477  -0.0172  -0.0823  -0.0073   0.0477
  0.0419  -0.0306  -0.0274  -0.1080   0.0288   0.0261
 -0.0667  -0.0337   0.0187  -0.1294  -0.0898   0.0783
 -0.0789   0.4817   0.2749   0.4117  -0.2288  -0.2168
  0.0222   0.2750   0.1614   0.2771  -0.0033  -0.1818
  0.0504   0.0736   0.0988   0.1639   0.0192  -0.0734
  0.0645   0.0671   0.1092   0.1229   0.0284  -0.0650
  0.0528   0.0133   0.0865   0.0996   0.0354  -0.0470
  0.0573  -0.0087   0.0944   0.0148   0.0208  -0.0310
  0.0560  -0.0579   0.0821   0.0195   0.0274  -0.0124
  0.0517  -0.0516   0.0904   0.0573   0.0693  -0.0267
  0.0515  -0.0660   0.0619   0.0106  -0.0072   0.0006
  0.0273  -0.1034   0.0467   0.0655   0.0347  -0.0263
  0.0344  -0.1083   0.0724   0.0344   0.0303  -0.0024
  0.0364  -0.1060   0.0776   0.0124   0.0385  -0.0124
  0.0347  -0.1311   0.0779   0.0518   0.0228  -0.0072
  0.0497  -0.1105   0.0858   0.0628   0.0370  -0.0221
  0.0467  -0.1218   0.0777   0.0509   0.0691  -0.0142
  0.0328  -0.1239   0.0467   0.1648   0.0610  -0.0383
  0.0040  -0.0804   0.0244   0.0890   0.0678  -0.0329
  0.0136  -0.0762   0.0291   0.0618   0.0275  -0.0191
  0.0079  -0.1085   0.0299   0.0960   0.0537  -0.0220
  0.0087  -0.1172   0.0281   0.1270   0.0273  -0.0320
  0.0135  -0.0926   0.0277   0.0848   0.0099  -0.0190
  0.0130  -0.0988   0.0374   0.0749   0.0328  -0.0204
  0.0058  -0.1377   0.0532   0.0910   0.0176  -0.0066
  0.0034  -0.1174   0.0378   0.0709   0.0330  -0.0174
  0.0121  -0.1306   0.0533   0.0834   0.0257  -0.0118
  0.0027  -0.1198   0.0430   0.0965   0.0540  -0.0260
 -0.0058  -0.1213   0.0415   0.0853   0.0507  -0.0232
 -0.0078  -0.1243   0.0385   0.1020   0.0500  -0.0241
  0.0038  -0.1283   0.0433   0.0684   0.0016  -0.0149
  0.0120  -0.1190   0.0490   0.0623  -0.0023  -0.0165
  0.0029  -0.1322   0.0554   0.0646   0.0262  -0.0104
 -0.0141  -0.1297   0.0361   0.1247   0.0166  -0.0156
 -0.0612  -0.1296   0.0020   0.1478   0.0180  -0.0470
 -0.0129  -0.0714   0.0397   0.0915   0.0129  -0.0164
 -0.0150  -0.1096   0.0342   0.0959   0.0616  -0.0251
 -0.0163  -0.1234   0.0322   0.0740   0.0275  -0.0118
 -0.0285  -0.1298   0.0219   0.0982   0.0538  -0.0213
 -0.0180  -0.1267   0.0385   0.1018  -0.0087  -0.0117
 -0.0177  -0.1316   0.0328   0.1040   0.0368  -0.0212
 -0.0228  -0.1420   0.0394   0.1032   0.0281  -0.0184
 -0.0302  -0.1397   0.0251   0.0970   0.0440  -0.0190
 -0.0191  -0.1262   0.0222   0.0836   0.0264  -0.0273
 -0.0272  -0.1207   0.0336   0.0854   0.0298  -0.0047
 -0.0275  -0.1581   0.0473   0.1176   0.0447  -0.0197
 -0.0257  -0.1515   0.0480   0.0906   0.0197  -0.0096
 -0.0177  -0.1735   0.0660   0.0943   0.0273  -0.0166
 -0.0187  -0.1615   0.0397   0.1053   0.0096  -0.0200
 -0.0097  -0.1867   0.0774   0.1182   0.0365  -0.0115
 -0.0519  -0.0957   0.0372  -0.0067  -0.0736   0.0184
 -0.0422   0.0560   0.1595   0.0250  -0.1644  -0.0217
  0.0443   0.0105   0.1740  -0.1914   0.0589   0.0371
  0.0405  -0.0603   0.0761  -0.1459   0.0241   0.0596
  0.0383  -0.1076   0.1094  -0.1271   0.0388   0.0589
  0.0166  -0.0999   0.0661  -0.1264   0.0352   0.0561
  0.0217  -0.1283   0.0975  -0.1198   0.0308   0.0549
 -0.0114  -0.1449   0.0899  -0.0794   0.0601   0.0506
  0.0026  -0.1612   0.1007  -0.1025   0.0346   0.0453
 -0.0030  -0.1597   0.0891  -0.0848   0.0298   0.0461
  0.0060  -0.1734   0.0973  -0.0850   0.0463   0.0554
  0.0040  -0.1674   0.0854  -0.0956   0.0288   0.0436
 -0.0036  -0.1794   0.0925  -0.0738   0.0688   0.0493
  0.0031  -0.1570   0.0895  -0.1076   0.0238   0.0561
  0.0023  -0.1696   0.0832  -0.1016   0.0699   0.0515
  0.0048  -0.1945   0.0879  -0.0956   0.0402   0.0456
 -0.0107  -0.2011   0.0962  -0.0256   0.0588   0.0344
 -0.0162  -0.2109   0.0712   0.0339   0.0349   0.0149
 -0.0146  -0.2031   0.0887  -0.0060   0.0680   0.0353
 -0.0256  -0.1822   0.0569  -0.0432   0.0295   0.0326
 -0.0146  -0.1792   0.0706  -0.0446   0.0635   0.0384
 -0.0163  -0.2095   0.0842  -0.0056   0.0148   0.0231
 -0.0041  -0.1955   0.0922  -0.0495   0.0501   0.0395
 -0.0177  -0.2159   0.0999  -0.0051   0.0277   0.0330
 -0.0083  -0.2434   0.0903   0.0049   0.0508   0.0276
 -0.0256  -0.2455   0.0917   0.0484   0.0239   0.0192
 -0.0078  -0.2361   0.0956  -0.0134   0.0714   0.0265
 -0.0638  -0.3247   0.0961   0.0842   0.0169   0.0135
 -0.0510  -0.3300   0.0734  -0.0099   0.0734   0.0514
 -0.0322  -0.3267   0.1288   0.2097   0.0139  -0.0129
 -0.0169  -0.3569   0.1264   0.1047   0.0602   0.0371
 -0.1439   0.0630   0.1617   0.0742  -0.2041  -0.0420
 -0.0381  -0.0337   0.0762   0.5296  -0.1157  -0.1836
 -0.0384  -0.2163   0.0631   0.1602   0.0175  -0.0344
 -0.0585  -0.3114   0.1015   0.1293  -0.0009  -0.0100
 -0.0279  -0.6877   0.0280   0.2613   0.0504   0.0382
 -0.0715  -0.6091   0.0260   0.2738   0.0082   0.0156
 -0.0299  -0.5750   0.0375   0.2285   0.0662  -0.0002
 -0.0421  -0.5796   0.0473   0.2481   0.0393  -0.0002
 -0.0452  -0.5523   0.0442   0.2033   0.0675   0.0158
 -0.0826  -0.5347   0.0198   0.2251   0.0433   0.0100
 -0.0895  -0.5416  -0.0054   0.2573   0.0371  -0.0075
 -0.0849  -0.5178  -0.0017   0.3054   0.0400  -0.0090
 -0.0623  -0.5330   0.0422   0.2528   0.0166  -0.0063
 -0.0090  -0.5760   0.0028   0.2734   0.0820   0.0082
 -0.0197  -0.5571   0.0171   0.2465   0.0598  -0.0041
 -0.0754  -0.5896   0.0836   0.2948   0.0252   0.0027
 -0.0623  -0.5451   0.0947   0.2251   0.0133   0.0093
 -0.0632  -0.5818   0.0765   0.2474   0.0358   0.0133
 -0.0509  -0.4158   0.0386   0.1487   0.0143   0.0285
 -0.0564  -0.4560   0.0313   0.1854  -0.0024   0.0148
 -0.0573  -0.5347   0.0344   0.2157   0.0170   0.0065
 -0.0617  -0.5478   0.0435   0.2112   0.0176   0.0172
 -0.0741  -0.5266   0.0321   0.1956   0.0166   0.0142
 -0.0759  -0.5284   0.0186   0.2151  -0.0020   0.0146
 -0.0699  -0.5083   0.0441   0.1531   0.0420   0.0281
 -0.0610  -0.5067   0.0310   0.2074   0.0087   0.0155
