  0.0944   0.3989   0.0006  -0.5678   0.0710   0.3945
  0.0867   0.3164  -0.0215  -0.4643   0.0592   0.4526
  0.1023   0.3284  -0.0171  -0.4705   0.0798   0.4168
  0.0993   0.3315  -0.0140  -0.4442   0.0793   0.4224
  0.1068   0.3324  -0.0168  -0.4694   0.0770   0.4343
  0.1000   0.2802  -0.0107  -0.4400   0.0870   0.3960
  0.1064   0.3229  -0.0057  -0.4646   0.0771   0.4161
  0.0998   0.2658  -0.0109  -0.4489   0.0864   0.3718
  0.1066   0.3112   0.0007  -0.4467   0.0925   0.3903
  0.0994   0.3150  -0.0104  -0.4752   0.0886   0.4114
  0.1008   0.2611  -0.0171  -0.4481   0.0935   0.3127
  0.1068   0.3384  -0.0088  -0.4938   0.0827   0.3599
  0.1061   0.3213  -0.0120  -0.4992   0.0851   0.3440
  0.0982   0.2868  -0.0062  -0.4722   0.0862   0.3040
  0.1132   0.3449   0.0082  -0.4947   0.0910   0.3622
  0.1028   0.3030  -0.0031  -0.4792   0.0951   0.3372
  0.0994   0.2854  -0.0054  -0.4472   0.1026   0.3171
  0.0990   0.2960  -0.0055  -0.4404   0.0879   0.2861
  0.0779   0.2305  -0.0260  -0.4185   0.0744   0.2355
  0.0597   0.2726  -0.0052  -0.4049   0.0541   0.2788
  0.0727   0.2616   0.0077  -0.3944   0.0503   0.3544
  0.0757   0.2642   0.0167  -0.3770   0.0603   0.3154
  0.0702   0.2823   0.0181  -0.4163   0.0506   0.3068
  0.0794   0.2546   0.0181  -0.3617   0.0655   0.2717
  0.0879   0.2653   0.0279  -0.3618   0.0568   0.3433
  0.0857   0.2413   0.0229  -0.3515   0.0675   0.3266
  0.0837   0.2535   0.0118  -0.3694   0.0548   0.3545
  0.0628   0.2099  -0.0004  -0.3637   0.0589   0.3246
  0.0807   0.2619   0.0331  -0.3681   0.0587   0.3136
  0.0904   0.2741   0.0324  -0.3866   0.0459   0.3216
  0.0993   0.2348   0.0395  -0.4033   0.0606   0.2643
  0.0919   0.3062   0.0361  -0.4065   0.0637   0.3092
  0.0876   0.2697   0.0185  -0.4294   0.0761   0.3005
  0.0845   0.2566   0.0278  -0.4117   0.0804   0.2609
  0.0854   0.2790   0.0332  -0.3851   0.0716   0.2763
  0.0894   0.2695   0.0392  -0.3948   0.0644   0.2956
  0.0948   0.2749   0.0267  -0.3925   0.0654   0.2615
  0.0887   0.2841   0.0293  -0.3657   0.0668   0.2465
  0.0913   0.2908   0.0453  -0.3983   0.0555   0.2871
  0.0947   0.2646   0.0299  -0.3716   0.0647   0.2816
  0.0843   0.2476   0.0403  -0.3897   0.0611   0.2531
  0.0841   0.2715   0.0395  -0.3784   0.0602   0.2405
  0.0968   0.3031   0.0343  -0.4227   0.0643   0.2886
  0.0893   0.2582   0.0395  -0.3800   0.0602   0.2418
  0.0991   0.3004   0.0480  -0.3399   0.0615   0.2633
  0.0761   0.1904   0.0391  -0.3598   0.0446   0.1713
  0.0630   0.2160   0.0202  -0.3582   0.0483   0.1402
  0.0717   0.2897   0.0464  -0.3909   0.0494   0.2780
  0.0717   0.2692   0.0397  -0.3740   0.0536   0.2122
  0.0791   0.2966   0.0562  -0.3719   0.0551   0.2608
  0.0755   0.2650   0.0445  -0.3516   0.0540   0.2361
  0.0828   0.2853   0.0496  -0.3320   0.0613   0.2378
  0.0885   0.2782   0.0426  -0.3613   0.0543   0.2639
  0.0905   0.2683   0.0445  -0.3450   0.0615   0.2473
  0.0825   0.2522   0.0466  -0.3509   0.0581   0.2329
  0.0822   0.2767   0.0531  -0.3916   0.0501   0.2826
  0.0770   0.2077   0.0444  -0.3424   0.0590   0.2171
  0.0835   0.2758   0.0547  -0.3640   0.0523   0.2584
  0.0727   0.2156   0.0442  -0.3727   0.0417   0.2430
  0.0642   0.2009   0.0563  -0.3370   0.0445   0.2014
  0.0652   0.2112   0.0549  -0.3549   0.0440   0.2261
  0.0700   0.2228   0.0522  -0.3974   0.0394   0.2289
  0.0680   0.2264   0.0468  -0.3779   0.0422   0.2170
  0.0623   0.1950   0.0425  -0.3655   0.0471   0.1590
  0.0631   0.2677   0.0476  -0.3888   0.0504   0.2254
  0.0630   0.1995   0.0410  -0.3948   0.0458   0.1993
  0.0737   0.2338   0.0481  -0.3894   0.0548   0.1805
  0.0657   0.2677   0.0507  -0.3665   0.0495   0.1788
  0.0651   0.2564   0.0557  -0.4151   0.0406   0.1880
  0.0692   0.2387   0.0506  -0.3833   0.0465   0.1717
  0.0724   0.2827   0.0578  -0.3854   0.0471   0.1886
  0.0735   0.2673   0.0543  -0.4101   0.0408   0.1984
  0.0718   0.2241   0.0460  -0.3884   0.0485   0.1435
  0.0696   0.2664   0.0534  -0.3980   0.0394   0.1661
  0.0581   0.2780   0.0533  -0.3881   0.0391   0.1560
  0.0604   0.2612   0.0519  -0.4197   0.0421   0.1832
  0.0550   0.2991   0.0461  -0.4478   0.0419   0.1491
  0.0554   0.3623   0.0379  -0.4860   0.0407   0.1675
  0.0651   0.3463   0.0342  -0.5135   0.0541   0.1474
  0.0669   0.3708   0.0265  -0.5104   0.0675   0.1259
  0.0688   0.3930   0.0243  -0.4973   0.0805   0.1405
  0.0739   0.4030   0.0368  -0.5035   0.0668   0.1877
  0.0690   0.3392   0.0231  -0.4638   0.0661   0.1221
  0.0714   0.4000   0.0376  -0.4712   0.0636   0.1489
  0.0769   0.3635   0.0363  -0.5215   0.0591   0.1354
  0.0697   0.3841   0.0347  -0.4925   0.0676   0.1215
  0.0696   0.3833   0.0345  -0.4924   0.0723   0.1441
  0.0613   0.3462   0.0369  -0.4868   0.0683   0.0783
  0.0557   0.3039   0.0173  -0.4225   0.0599  -0.0282
  0.0259   0.1907  -0.0011  -0.3728   0.0298  -0.0086
  0.0209   0.2066   0.0007  -0.4169  -0.0034   0.0895
  0.0200   0.2719  -0.0097  -0.4571   0.0135   0.0878
  0.0264   0.2889   0.0124  -0.4271   0.0305   0.0811
  0.0336   0.1783  -0.0030  -0.3435   0.0167   0.0682
  0.0416   0.1928  -0.0013  -0.3500   0.0164   0.0672
  0.0404   0.3068  -0.0010  -0.3853   0.0146   0.0937
  0.0387   0.2715   0.0090  -0.4144   0.0082   0.0960
  0.0412   0.3243   0.0130  -0.3744   0.0254   0.0758
  0.0437   0.2994   0.0131  -0.4340   0.0203   0.0941
  0.0484   0.3074   0.0046  -0.4389   0.0218   0.0641
  0.0445   0.3221   0.0202  -0.4066   0.0240   0.0358
  0.0524   0.3411   0.0164  -0.4526  -0.0017   0.1008
  0.0470   0.3051   0.0071  -0.4192   0.0051   0.0607
  0.0483   0.3587   0.0163  -0.3808   0.0025   0.0718
  0.0388   0.3143   0.0075  -0.4170  -0.0013   0.0465
  0.0440   0.3504   0.0228  -0.4169   0.0088   0.0325
  0.0252   0.3174   0.0046  -0.4558   0.0173  -0.0546
  0.0071   0.3194  -0.0147  -0.4556   0.0007  -0.0721
  0.0021   0.3502  -0.0032  -0.4957  -0.0314   0.0923
  0.0049   0.3260   0.0014  -0.4482  -0.0313   0.0576
  0.0051   0.3530   0.0041  -0.4465  -0.0348   0.0373
  0.0103   0.3964   0.0001  -0.4533  -0.0276   0.0497
  0.0109   0.3371  -0.0065  -0.4179  -0.0256   0.0398
  0.0225   0.3697  -0.0063  -0.3971  -0.0032   0.0264
  0.0223   0.3312   0.0019  -0.4241  -0.0182   0.0637
  0.0097   0.3482  -0.0001  -0.4467  -0.0104   0.0601
  0.0088   0.3521   0.0050  -0.4056  -0.0166   0.0475
  0.0030   0.2976  -0.0094  -0.2341  -0.0203   0.0208
 -0.0143   0.2210  -0.0143  -0.2657  -0.0467   0.0393
 -0.0246   0.2283  -0.0265  -0.3546  -0.0627   0.0468
 -0.0243   0.3492  -0.0224  -0.4281  -0.0711   0.0429
 -0.0185   0.3674  -0.0327  -0.3900  -0.0549  -0.0269
 -0.0169   0.3477  -0.0273  -0.3733  -0.0566   0.0357
 -0.0252   0.2796  -0.0375  -0.2984  -0.0504   0.0179
 -0.0232   0.2571  -0.0319  -0.2065  -0.0467   0.0007
 -0.0332   0.1616  -0.0315  -0.2147  -0.0617   0.0176
 -0.0264   0.1628  -0.0282  -0.1886  -0.0550  -0.0626
 -0.0211   0.2413  -0.0246  -0.2414  -0.0667   0.0062
 -0.0170   0.1361  -0.0559  -0.1482  -0.0738  -0.1308
 -0.0325   0.1180  -0.0577  -0.0800  -0.0567  -0.1017
 -0.0458   0.0567  -0.0554   0.0190  -0.0389  -0.0136
 -0.0457   0.0438  -0.0440   0.0024  -0.0541  -0.0071
 -0.0516   0.0144  -0.0360   0.0040  -0.0625  -0.0033
 -0.0471   0.0325  -0.0269   0.0535  -0.0612  -0.0158
 -0.0456  -0.0231  -0.0328   0.0307  -0.0587  -0.0291
 -0.0464  -0.0143  -0.0301   0.0525  -0.0532  -0.0510
 -0.0454  -0.0418  -0.0308   0.0555  -0.0558  -0.0009
 -0.0565  -0.0684  -0.0348   0.0898  -0.0492  -0.0233
 -0.0613  -0.0569  -0.0206   0.0941  -0.0514  -0.0038
 -0.0717  -0.1017  -0.0298   0.0889  -0.0513  -0.0202
 -0.0744  -0.1172  -0.0253   0.1162  -0.0497  -0.0638
 -0.0759  -0.0604  -0.0205   0.0740  -0.0531  -0.0186
 -0.0806  -0.1197  -0.0291   0.1110  -0.0432  -0.0500
 -0.0844  -0.0970  -0.0303   0.1031  -0.0324  -0.0780
 -0.0822  -0.1071  -0.0286   0.0879  -0.0395  -0.0360
 -0.0883  -0.1520  -0.0380   0.1235  -0.0303  -0.0964
 -0.0850  -0.0912  -0.0236   0.0895  -0.0402  -0.0343
 -0.0838  -0.1301  -0.0335   0.0804  -0.0462  -0.0773
 -0.0802  -0.1366  -0.0219   0.0950  -0.0330  -0.1030
 -0.0794  -0.1109  -0.0155   0.1041  -0.0421  -0.0713
 -0.0738  -0.1270  -0.0180   0.0883  -0.0513  -0.0627
 -0.0762  -0.1218  -0.0116   0.0929  -0.0557  -0.1055
 -0.0649  -0.1143  -0.0000   0.0758  -0.0519  -0.0627
 -0.0587  -0.1691  -0.0070   0.0961  -0.0352  -0.0823
 -0.0664  -0.1530  -0.0088   0.1327  -0.0367  -0.1059
 -0.0671  -0.1405  -0.0066   0.0986  -0.0457  -0.0714
 -0.0699  -0.2000  -0.0095   0.1696  -0.0422  -0.1216
 -0.0686  -0.1442  -0.0079   0.1310  -0.0440  -0.1001
 -0.0661  -0.1297  -0.0103   0.0827  -0.0537  -0.0807
 -0.0740  -0.1932  -0.0111   0.1270  -0.0484  -0.1406
 -0.0649  -0.1174   0.0035   0.0892  -0.0468  -0.0898
 -0.0769  -0.1614  -0.0142   0.0758  -0.0324  -0.1094
 -0.0826  -0.1728  -0.0171   0.1242  -0.0185  -0.1472
 -0.0716  -0.1277  -0.0078   0.0627  -0.0396  -0.0889
 -0.0724  -0.1771  -0.0153   0.0948  -0.0521  -0.1153
 -0.0675  -0.1406  -0.0019   0.0989  -0.0497  -0.1241
 -0.0690  -0.1755  -0.0031   0.0836  -0.0699  -0.1315
 -0.0624  -0.1278  -0.0047   0.0898  -0.0530  -0.1261
 -0.0650  -0.1593  -0.0006   0.0674  -0.0585  -0.1278
 -0.0667  -0.1663  -0.0182   0.0282  -0.0660  -0.1516
 -0.0619  -0.1416  -0.0163   0.0174  -0.0570  -0.1310
 -0.0625  -0.1662   0.0012   0.0374  -0.0526  -0.1405
 -0.0748  -0.2359  -0.0169   0.0897  -0.0383  -0.2010
 -0.0644  -0.1507  -0.0097   0.0854  -0.0381  -0.1308
 -0.0801  -0.2488  -0.0150   0.1206  -0.0447  -0.2012
 -0.0732  -0.2014  -0.0073   0.1249  -0.0430  -0.2026
 -0.0661  -0.1974  -0.0106   0.1035  -0.0548  -0.1339
 -0.0682  -0.2337  -0.0089   0.1534  -0.0478  -0.1979
 -0.0615  -0.1594   0.0008   0.1291  -0.0528  -0.1222
 -0.0533  -0.1746   0.0015   0.1368  -0.0397  -0.1497
 -0.0416  -0.1558   0.0072   0.1841  -0.0212  -0.1384
 -0.0432  -0.1091   0.0070   0.0831  -0.0478  -0.1231
 -0.0564  -0.3773  -0.0071   0.2754  -0.0321  -0.2236
 -0.0851  -0.4330  -0.0000   0.2512  -0.0575  -0.1813
 -0.1053  -0.2623   0.0049   0.1385  -0.0742  -0.1899
 -0.0951  -0.1467  -0.0043   0.1134  -0.0594  -0.2082
 -0.0917  -0.1865   0.0037   0.0845  -0.0557  -0.1628
 -0.0948  -0.2056   0.0047   0.1280  -0.0618  -0.2633
 -0.0946  -0.1528  -0.0020   0.0945  -0.0768  -0.1734
 -0.0890  -0.1783   0.0018   0.1363  -0.0718  -0.1765
 -0.1010  -0.2311   0.0048   0.1703  -0.0824  -0.2170
 -0.0885  -0.1732   0.0044   0.1079  -0.0714  -0.1976
 -0.0818  -0.1954   0.0064   0.1033  -0.0828  -0.1899
 -0.0949  -0.2493   0.0062   0.1486  -0.0753  -0.3109
 -0.0735  -0.2507   0.0231   0.1933  -0.1122  -0.2480
 -0.0636  -0.3187   0.0180   0.2813  -0.1215  -0.2716
 -0.0717  -0.2612   0.0376   0.1591  -0.1520  -0.2516
 -0.0596  -0.2339   0.0379   0.1660  -0.1469  -0.2296
 -0.0647  -0.2480   0.0372   0.1242  -0.1517  -0.2282
 -0.0689  -0.2373   0.0161   0.2219  -0.1113  -0.1956
 -0.0781  -0.2233  -0.0012   0.2630  -0.0598  -0.1600
 -0.0742  -0.2583   0.0049   0.2999  -0.0405  -0.1958
 -0.0904  -0.2635   0.0163   0.2784  -0.0766  -0.1889
 -0.0828  -0.1800  -0.0203   0.1610  -0.0637  -0.2863
 -0.1285  -0.4293  -0.0806   0.7111  -0.0327  -0.3434
 -0.1399  -0.8613  -0.0832   1.3277  -0.0279  -0.3799
 -0.1425  -0.8940  -0.1092   1.3389  -0.0407  -0.3841
 -0.1272  -0.9396  -0.1038   1.3903  -0.0458  -0.4887
 -0.0948  -0.8591  -0.0929   1.5055  -0.0393  -0.4671
 -0.1048  -1.0635  -0.0806   1.5912  -0.0375  -0.4802
 -0.1040  -1.0371  -0.0702   1.6349  -0.0188  -0.5327
 -0.1069  -1.0706  -0.0775   1.6262  -0.0172  -0.4792
 -0.1082  -1.0866  -0.0549   1.6126  -0.0158  -0.4682
 -0.1040  -1.0954  -0.0474   1.6413  -0.0266  -0.4540
 -0.1083  -1.0763  -0.0354   1.6070  -0.0313  -0.4454
 -0.1144  -1.1137  -0.0278   1.6029  -0.0386  -0.4548
 -0.1071  -1.1207  -0.0203   1.5850  -0.0521  -0.4658
 -0.1039  -1.2110  -0.0299   1.6210  -0.0493  -0.5105
 -0.1036  -1.1337  -0.0175   1.6215  -0.0494  -0.4778
 -0.1068  -1.2339  -0.0225   1.6375  -0.0523  -0.4926
 -0.1008  -1.2372  -0.0116   1.6409  -0.0377  -0.5395
 -0.1157  -1.1847  -0.0108   1.6411  -0.0432  -0.5012
 -0.1060  -1.1879  -0.0214   1.5895  -0.0369  -0.5099
 -0.1177  -1.2431  -0.0195   1.6357  -0.0286  -0.5318
 -0.1153  -1.1838  -0.0134   1.6202  -0.0299  -0.5264
 -0.1075  -1.2050  -0.0210   1.6224  -0.0406  -0.4976
 -0.1130  -1.2448  -0.0209   1.6254  -0.0281  -0.5348
 -0.1130  -1.2561  -0.0083   1.7106  -0.0358  -0.5011
 -0.1122  -1.2826  -0.0230   1.6678  -0.0349  -0.5283
 -0.1079  -1.3052  -0.0078   1.7175  -0.0403  -0.5625
 -0.1051  -1.1970  -0.0080   1.5330  -0.0586  -0.5214
 -0.1058  -1.2598  -0.0187   1.5568  -0.0395  -0.5322
 -0.1034  -1.2335  -0.0169   1.5914  -0.0297  -0.5098
 -0.1046  -1.3522  -0.0483   1.7250  -0.0336  -0.4915
 -0.1008  -1.3684  -0.0642   1.7862  -0.0316  -0.5523
 -0.1146  -1.4521  -0.0894   1.9520  -0.0313  -0.5002
