  0.5989   0.2174   0.0675  -0.4061   0.1036  -0.4863
  0.4694   0.3360   0.0347  -0.4584   0.0681  -0.4535
  0.5086   0.3416  -0.0005  -0.4533   0.0993  -0.4788
  0.4981   0.2056   0.0782  -0.3124   0.0904  -0.4679
  0.5129   0.0839   0.0806  -0.2410   0.0938  -0.4536
  0.5017   0.0364   0.0773  -0.2336   0.0917  -0.4560
  0.5295   0.0430   0.0619  -0.2083   0.0993  -0.4424
  0.5179   0.0068   0.0639  -0.1968   0.0806  -0.4467
  0.5358   0.0123   0.0646  -0.1925   0.0921  -0.4303
  0.5135  -0.0159   0.0670  -0.1831   0.0811  -0.4240
  0.5307   0.0096   0.0675  -0.2088   0.1038  -0.4219
  0.5159  -0.0358   0.0637  -0.2055   0.0964  -0.4102
  0.5491  -0.0481   0.0736  -0.2059   0.1102  -0.3992
  0.5598  -0.1915   0.0871  -0.1124   0.1153  -0.3809
  0.5446   0.0639   0.0860  -0.2619   0.1050  -0.3998
  0.5408   0.1316   0.1314  -0.3308   0.1143  -0.4139
  0.5187   0.0560   0.0849  -0.2805   0.1026  -0.4034
  0.5537  -0.1206   0.1368  -0.1866   0.1162  -0.3781
  0.4233   0.3291  -0.0233  -0.4661   0.0817  -0.3948
  0.3145   0.7020  -0.1117  -0.7111   0.0460  -0.4411
  0.4041   0.4454  -0.1188  -0.4906   0.0587  -0.4331
  0.3871   0.4987  -0.1450  -0.5333   0.0536  -0.4271
  0.4152   0.4165  -0.1250  -0.4879   0.0545  -0.4059
  0.4349   0.4328  -0.0890  -0.5027   0.0800  -0.4072
  0.4732   0.3376  -0.0368  -0.4408   0.0962  -0.3883
  0.4464   0.3151  -0.0496  -0.4651   0.0753  -0.3792
  0.4736   0.3080  -0.0240  -0.4621   0.0831  -0.3709
  0.4354   0.1488  -0.0345  -0.4939   0.0839  -0.3619
  0.4463  -0.0085  -0.0414  -0.4072   0.0940  -0.3467
  0.4469   0.0231  -0.0349  -0.3828   0.0967  -0.3252
  0.4470  -0.0664  -0.0232  -0.3338   0.0911  -0.2837
  0.4671  -0.0897  -0.0230  -0.3307   0.0904  -0.2678
  0.4735  -0.1461  -0.0126  -0.2884   0.0872  -0.2473
  0.4602  -0.1660   0.0078  -0.2447   0.0863  -0.2265
  0.4675  -0.2542   0.0214  -0.1746   0.0857  -0.2145
  0.4690  -0.2847   0.0420  -0.1652   0.0855  -0.1951
  0.4355  -0.2388   0.0086  -0.2211   0.0574  -0.2079
  0.4284  -0.2770  -0.0003  -0.1617   0.0588  -0.2051
  0.4424  -0.2729  -0.0053  -0.1849   0.0604  -0.2025
  0.4472  -0.3068   0.0260  -0.2206   0.0760  -0.1771
  0.4637  -0.2742   0.0225  -0.1927   0.0744  -0.1707
  0.4470  -0.4165   0.0409  -0.1293   0.0801  -0.1451
  0.4407   0.0336  -0.1048  -0.4662   0.0591  -0.2168
  0.4215   0.0801  -0.1430  -0.4299   0.0520  -0.2596
  0.4806  -0.3000  -0.1511  -0.1404   0.1168  -0.1674
  0.4782  -0.0708  -0.1694  -0.2972   0.1226  -0.1848
  0.4815  -0.1601  -0.0896  -0.0502   0.1014  -0.1713
  0.4487  -0.1152  -0.0883  -0.1465   0.0800  -0.1462
  0.4431  -0.1680  -0.1054  -0.1938   0.0665  -0.1448
  0.4146  -0.1176  -0.1181  -0.2729   0.0622  -0.1362
  0.4418  -0.1444  -0.1135  -0.2377   0.0536  -0.1148
  0.4029  -0.0863  -0.1026  -0.3192   0.0310  -0.1232
  0.3870  -0.1279  -0.0636  -0.2921   0.0167  -0.1342
  0.4454  -0.2125  -0.0491  -0.1963   0.0533  -0.0909
  0.4194  -0.1857  -0.0586  -0.2123   0.0150  -0.0988
  0.4568  -0.1521  -0.0276  -0.2270   0.0706  -0.0920
  0.5600   0.3497  -0.0116  -0.2034   0.0786  -0.1360
  0.6061   1.1423  -0.1386  -0.4809   0.0921  -0.2061
  0.5535   0.3874  -0.0807  -0.2040   0.1300  -0.0986
  0.5358   0.2576  -0.0486  -0.1622   0.1170  -0.1130
  0.5508   0.0958  -0.0407  -0.1061   0.1325  -0.0757
  0.6550   0.0263   0.0460  -0.0854   0.2101  -0.0543
  0.6111  -0.0683   0.0930  -0.0128   0.1640  -0.0443
  0.6469  -0.0609   0.0903  -0.1225   0.2154  -0.0041
  0.2811  -0.8159   0.1213   0.7624   0.0756   0.0838
 -2.3284   1.7577   0.4537   0.4205  -0.6214  -0.2422
 -1.7703   2.1421   0.3260   0.0758  -0.3108  -0.2485
 -1.5460   1.6739   0.1987   0.4328  -0.3442  -0.2088
 -1.2853   1.5530   0.2514   0.3099  -0.2330  -0.1409
 -1.1495   1.2538   0.3095   0.3211  -0.2452  -0.0889
 -1.0537   1.1514   0.3132   0.4342  -0.1861  -0.0586
 -0.9214   0.7515   0.2378   0.4692  -0.1659   0.0091
 -0.6899   0.5334   0.0608   0.5288  -0.0596   0.0524
 -0.6784   0.2543   0.1474   0.4097  -0.0952   0.0963
 -0.6858   0.5483   0.0737   0.1351  -0.1324   0.0882
 -0.6563   0.6624   0.0343   0.1185  -0.1483   0.0734
 -0.6419   0.2144   0.1267   0.3529  -0.1131   0.1217
 -0.6132   0.2447   0.1610   0.4759  -0.0879   0.1412
 -0.5672   0.0500   0.2221   0.5729  -0.0622   0.1659
 -0.4975   0.0550   0.2761   0.5272  -0.0411   0.1662
 -0.4815  -0.1829   0.2787   0.5512  -0.0263   0.2151
 -0.5012   0.1976   0.2602   0.3518  -0.0419   0.1831
 -0.4943   0.0352  -0.0000  -0.1241  -0.0527   0.1884
 -0.4446  -0.4570  -0.3144  -0.5727  -0.0188   0.1939
 -0.4765  -0.1008  -0.2110  -0.3707  -0.0238   0.1445
 -0.4791  -0.1054  -0.0868   0.0433  -0.0764   0.2194
 -0.4915  -0.0913   0.0526   0.2450  -0.0894   0.2088
 -0.4995  -0.1542  -0.0008   0.1197  -0.0771   0.2499
 -0.5213  -0.1467   0.0060   0.1027  -0.1023   0.2517
 -0.4901  -0.3011   0.0473   0.2890  -0.0885   0.2832
 -0.4989  -0.3087   0.0723   0.3346  -0.0776   0.2984
 -0.5131  -0.2394   0.0151   0.2603  -0.0941   0.2909
 -0.5655  -0.0795  -0.0429   0.1723  -0.1226   0.2698
 -0.5054  -0.2173  -0.0267   0.3097  -0.0817   0.3171
 -0.5269  -0.2270  -0.0575   0.3090  -0.0924   0.3124
 -0.4841  -0.2506  -0.0788   0.3239  -0.0813   0.3489
 -0.5230  -0.1757  -0.0976   0.1730  -0.0960   0.3336
 -0.4838  -0.4500  -0.0563   0.4409  -0.0801   0.3652
 -0.5391  -0.0974  -0.0916   0.2354  -0.1139   0.3437
 -0.5316  -0.1202  -0.1020   0.2423  -0.1073   0.3508
 -0.5114  -0.2190  -0.0750   0.3069  -0.0954   0.3574
 -0.4653  -0.3294  -0.0041   0.3325  -0.0649   0.4017
 -0.4583  -0.3390  -0.0169   0.3161  -0.0524   0.4232
 -0.4781  -0.2765  -0.0246   0.2392  -0.0856   0.4227
 -0.4789  -0.3490   0.0063   0.1922  -0.1222   0.4280
 -0.4759  -0.4867   0.0209   0.3727  -0.0885   0.4684
 -0.4835  -0.3621   0.0080   0.3293  -0.0792   0.4615
 -0.4680  -0.4756   0.0208   0.4229  -0.0799   0.4932
 -0.4948  -0.3471  -0.0060   0.2658  -0.1009   0.4761
 -0.4695  -0.5272   0.0415   0.4488  -0.0856   0.5159
 -0.4943  -0.2390  -0.0487   0.0558  -0.0796   0.4891
 -0.5026  -0.0711  -0.1042  -0.0770  -0.0746   0.4986
 -0.5166  -0.1967  -0.0517   0.0820  -0.1080   0.4938
 -0.4864  -0.3665  -0.0315   0.2502  -0.0841   0.5364
 -0.5081  -0.0809  -0.0772   0.0345  -0.1162   0.4990
 -0.4478  -0.2902  -0.0373   0.4574  -0.0659   0.6202
 -0.4920  -1.1064  -0.0772   0.3172  -0.1079   0.6105
 -0.3797  -0.3397  -0.4987   0.3468  -0.1496   0.5205
 -0.4733   0.6464  -0.2604   0.5501  -0.1185   0.4915
 -0.3508   0.2832  -0.0474   0.6819  -0.1222   0.5003
 -0.2418  -0.6226  -0.0117   1.2879  -0.0410   0.6768
 -0.2601  -0.0841  -0.0507   0.6633  -0.0263   0.6038
 -0.2464  -0.2784  -0.0069   0.5899   0.0247   0.6343
 -0.1482  -0.2471   0.0784   0.7209   0.0570   0.6807
