 -0.1580   0.1886  -0.0633  -0.0787  -0.3604   0.0824
 -0.1204   0.1911   0.0570  -0.3232  -0.3174   0.0425
 -0.1311   0.2812  -0.0106  -0.2624  -0.3226   0.0396
 -0.1202   0.3026  -0.0168  -0.2738  -0.2909   0.1017
 -0.1379   0.3112  -0.0499  -0.3495  -0.2992   0.0573
 -0.1351   0.3515  -0.0265  -0.4090  -0.3283   0.0068
 -0.1448   0.3435  -0.0445  -0.2993  -0.3288   0.0044
 -0.1398   0.3372  -0.0388  -0.2941  -0.3087   0.0701
 -0.1486   0.3085  -0.0477  -0.2834  -0.3072  -0.0110
 -0.1405   0.3397  -0.0320  -0.2896  -0.3126  -0.0282
 -0.1513   0.3213  -0.0312  -0.2485  -0.2939   0.0560
 -0.1543   0.3131  -0.0436  -0.2675  -0.2870   0.0027
 -0.1712   0.3128  -0.0440  -0.2113  -0.2971  -0.0302
 -0.1613   0.3125  -0.0511  -0.1821  -0.2973   0.0399
 -0.1609   0.2803  -0.0575  -0.1762  -0.2775   0.0637
 -0.1767   0.2503  -0.0646  -0.1756  -0.2945  -0.0055
 -0.1711   0.2729  -0.0693  -0.1273  -0.2995   0.0228
 -0.1633   0.2871  -0.0871  -0.1028  -0.2898   0.0376
 -0.1636   0.2667  -0.0831  -0.0617  -0.2827   0.0145
 -0.1681   0.2543  -0.0698  -0.0791  -0.2880   0.0693
 -0.1447   0.2362  -0.0495  -0.0971  -0.2492   0.0690
 -0.1430   0.2118  -0.0523  -0.0331  -0.2598   0.0195
 -0.1753   0.2005  -0.0977   0.0096  -0.3026   0.0716
 -0.1850   0.1662  -0.0930   0.0533  -0.2980   0.0225
 -0.1965   0.1687  -0.0997   0.0880  -0.3067   0.0367
 -0.1858   0.1600  -0.1003   0.0481  -0.2863   0.0820
 -0.1998   0.1499  -0.1122   0.0642  -0.2981  -0.0250
 -0.2071   0.1814  -0.1012   0.0738  -0.3013  -0.0099
 -0.2118   0.1756  -0.1210   0.1443  -0.3068  -0.0040
 -0.2141   0.1612  -0.1221   0.1879  -0.3118   0.0034
 -0.2197   0.1476  -0.1282   0.2112  -0.3099   0.0233
 -0.2193   0.1433  -0.1212   0.2414  -0.3126   0.0066
 -0.2046   0.1583  -0.1269   0.2282  -0.2988   0.0489
 -0.2142   0.1397  -0.1177   0.2268  -0.3050  -0.0096
 -0.2187   0.1640  -0.1357   0.2596  -0.2979   0.0031
 -0.2221   0.1458  -0.1196   0.2727  -0.3082   0.0142
 -0.2360   0.1413  -0.1367   0.3441  -0.3202   0.0310
 -0.2392   0.1528  -0.1433   0.3132  -0.3112   0.0183
 -0.2412   0.1651  -0.1361   0.3481  -0.3287  -0.0101
 -0.2355   0.1734  -0.1457   0.2972  -0.3333   0.0319
 -0.2345   0.1391  -0.1436   0.3436  -0.3143   0.0229
 -0.2199   0.1467  -0.1363   0.3409  -0.3117   0.0360
 -0.2326   0.1483  -0.1377   0.3570  -0.3071   0.0446
 -0.2384   0.1662  -0.1485   0.3508  -0.3187   0.0116
 -0.2419   0.1245  -0.1525   0.3979  -0.3076   0.0777
 -0.2142   0.1377  -0.1393   0.3325  -0.3113   0.0582
 -0.2096   0.1573  -0.1496   0.3474  -0.2996   0.0765
 -0.1965   0.1527  -0.1337   0.2535  -0.2987   0.0456
 -0.2007   0.1462  -0.1259   0.2921  -0.2906   0.0011
 -0.1925   0.1293  -0.1314   0.2046  -0.3134   0.0279
 -0.1958   0.1319  -0.1067   0.3088  -0.2859   0.0160
 -0.1464   0.1383  -0.1913   0.0909  -0.3688   0.0975
 -0.1110  -0.0058  -0.2638   0.0090  -0.3828   0.0373
 -0.1220  -0.0691  -0.1740   0.2506  -0.2368   0.1011
 -0.0826  -0.0038  -0.1660   0.0356  -0.2608   0.0496
 -0.0938  -0.0801  -0.1559   0.2322  -0.2573   0.0658
 -0.0754  -0.0235  -0.1814   0.1587  -0.2562   0.0718
 -0.0759  -0.0269  -0.1647   0.2129  -0.2531   0.0328
 -0.0734   0.0152  -0.1770   0.2166  -0.2587   0.0845
 -0.0793  -0.0350  -0.1785   0.2388  -0.2318   0.1244
 -0.0772   0.0076  -0.1572   0.1445  -0.2458   0.0270
 -0.0931  -0.0035  -0.1582   0.2389  -0.2526   0.0650
 -0.0892   0.0371  -0.1794   0.1778  -0.2569   0.0384
 -0.0847   0.0418  -0.1737   0.2214  -0.2491   0.0529
 -0.0820   0.0503  -0.1883   0.1792  -0.2485   0.0836
 -0.0861   0.0385  -0.1634   0.1831  -0.2536   0.0041
 -0.0776   0.0597  -0.1871   0.1967  -0.2546   0.0413
 -0.0877   0.0460  -0.1747   0.2134  -0.2577   0.0407
 -0.0890   0.0604  -0.1735   0.1953  -0.2680   0.0379
 -0.0960   0.0509  -0.1722   0.1856  -0.2564   0.0670
 -0.1059   0.0666  -0.1816   0.1846  -0.2671   0.0250
 -0.0986   0.0579  -0.1849   0.1988  -0.2440   0.0601
 -0.0852   0.0757  -0.1935   0.2077  -0.2526   0.0226
 -0.0434   0.0137  -0.1747   0.2544  -0.1998   0.0891
 -0.0346   0.0558  -0.1939   0.2109  -0.2092   0.0312
 -0.0722   0.0374  -0.1882   0.2092  -0.2177   0.0986
 -0.0728   0.0588  -0.2171   0.1139  -0.2474   0.0660
 -0.1123   0.0625  -0.2002   0.0453  -0.2751   0.0584
 -0.1076   0.0765  -0.1844   0.0877  -0.2888   0.0398
 -0.1009   0.0330  -0.1792   0.1066  -0.2496   0.0574
 -0.0753   0.0450  -0.1642   0.0266  -0.3029   0.0463
 -0.0746  -0.1397  -0.0936   0.1188  -0.3357   0.0583
 -0.0365  -0.1038  -0.1176   0.1573  -0.2395   0.0399
 -0.0702  -0.0978  -0.0560  -0.1734  -0.3304  -0.0037
 -0.0079   0.1400  -0.0165  -1.0007  -0.1285   0.0220
  0.0441  -0.0986  -0.0262  -0.8332  -0.1289   0.0793
 -0.0142  -0.2640  -0.0931  -0.4933  -0.2087   0.2465
  0.0423  -0.1318  -0.0011  -0.4431  -0.1072   0.0862
  0.0962  -0.1206  -0.0786  -0.3381   0.0295   0.1828
  0.0752  -0.3771  -0.1190  -0.3551  -0.0711   0.1633
  0.0587  -0.1309  -0.0943  -0.3018  -0.0893   0.1352
  0.0446  -0.0238  -0.1800  -0.4613  -0.0417   0.1015
  0.0406  -0.1147  -0.1341  -0.3955  -0.0472   0.0843
  0.0554  -0.1945  -0.1450  -0.2700  -0.0375   0.1356
  0.0446  -0.2418  -0.1368  -0.2637  -0.0404   0.0915
  0.0313  -0.1363  -0.1372  -0.2202  -0.0669   0.0719
 -0.0010  -0.0802  -0.1407  -0.1597  -0.0583   0.1054
  0.0156  -0.1203  -0.1335  -0.1627  -0.0571   0.0207
 -0.0371  -0.0392  -0.1463  -0.1629  -0.0304   0.0667
 -0.0822  -0.3298  -0.0711   0.3288   0.0404   0.2767
 -0.1284  -1.1153   0.0870   2.1917   0.1176   0.5236
 -0.1518  -1.2382   0.2250   2.4374   0.2322   0.2880
 -0.0205  -0.4241  -0.0240   0.6105   0.4531  -0.0590
  0.0411  -0.4401  -0.0471   0.2854   0.3961   0.0327
  0.0883  -0.3037   0.0480  -0.0036   0.3703   0.1347
  0.0880  -0.3860   0.0119   0.0745   0.3996   0.1460
  0.1022  -0.3419  -0.0194   0.0903   0.3068   0.1152
  0.0849  -0.4187  -0.0152   0.1574   0.2150   0.0357
  0.0826  -0.3067   0.0754   0.0785   0.2034   0.0252
  0.0988  -0.2522   0.0740  -0.0593   0.3102   0.0666
  0.1220  -0.2109   0.1071  -0.0978   0.3178   0.0019
  0.1258  -0.2047   0.0551  -0.0465   0.3045   0.0076
  0.1526  -0.1714   0.0597  -0.0205   0.3037  -0.0024
  0.1294  -0.3423   0.0752   0.0414   0.2662   0.0099
  0.1375  -0.1952   0.1228  -0.0473   0.2380  -0.0150
  0.1683   0.2023   0.0250  -0.2307   0.2700  -0.0262
  0.1944   0.1668  -0.0055  -0.0770   0.3485  -0.0144
  0.1590   0.1731   0.0205   0.0422   0.2884  -0.0314
  0.1195   0.0852   0.0423  -0.0522   0.2422  -0.0257
  0.1351   0.1246   0.0510  -0.1121   0.2952  -0.0500
  0.1310   0.1196   0.0454  -0.0703   0.2639  -0.0785
  0.1396   0.0984   0.0548  -0.0568   0.2936  -0.0570
  0.1253   0.0764   0.0583  -0.0340   0.2748  -0.0903
  0.1339   0.0852   0.0568  -0.0688   0.3093  -0.0419
  0.1268   0.0547   0.0590  -0.0004   0.2884  -0.0663
  0.1302   0.0613   0.0540  -0.0155   0.3178  -0.0149
  0.1269   0.0303   0.0360   0.0093   0.2992  -0.0641
  0.1429   0.0344  -0.0149  -0.0370   0.3253  -0.0266
  0.1366   0.0597   0.0238  -0.0244   0.3090  -0.0645
  0.1315  -0.0652  -0.0138  -0.0096   0.3156  -0.0325
  0.1442  -0.2950   0.0514   0.1468   0.2546   0.0203
  0.1526  -0.0943   0.0795   0.0505   0.2720  -0.0631
  0.1283  -0.1164   0.0633   0.0504   0.2830  -0.0459
  0.1382  -0.0796   0.0623   0.0320   0.3132  -0.0667
  0.1294  -0.0733   0.0676   0.0534   0.3080  -0.0477
  0.1476  -0.0595   0.0619   0.0130   0.3219  -0.0695
  0.1410  -0.0953   0.0609   0.0226   0.3119  -0.0872
  0.1577  -0.0204   0.0672  -0.0284   0.3268  -0.0763
  0.1499  -0.0420   0.0654   0.0036   0.3095  -0.0822
  0.1571  -0.0538   0.0764   0.0173   0.3474  -0.0173
  0.1504  -0.0694   0.0870   0.0196   0.3169  -0.0683
  0.1619  -0.0521   0.0783   0.0478   0.3251  -0.0638
  0.1348  -0.1070   0.1100   0.0378   0.2969  -0.0865
  0.1052  -0.1169   0.0947   0.0441   0.2798  -0.0504
  0.1208  -0.0307   0.1087  -0.1470   0.2526  -0.1164
  0.1421   0.0328   0.1411  -0.1830   0.2834  -0.0785
  0.1143  -0.0635   0.1337  -0.0762   0.2047  -0.0939
  0.1227  -0.1744   0.1555   0.1910   0.1295  -0.1222
  0.1416  -0.2384   0.1639   0.2267   0.2063  -0.0167
  0.1347  -0.1824   0.1546   0.1253   0.2216  -0.0686
  0.1316  -0.2507   0.1486   0.1714   0.1957  -0.1450
  0.1221  -0.1295   0.1738   0.1812   0.1506  -0.0937
  0.1462  -0.1135   0.1857  -0.0081   0.1874  -0.0810
  0.1636  -0.0499   0.1808   0.0135   0.1844  -0.1257
  0.1676  -0.0506   0.1759  -0.0323   0.2176  -0.0703
  0.1505  -0.0143   0.1516  -0.0169   0.2014  -0.1604
  0.1235  -0.0138   0.1693   0.0418   0.2359  -0.0887
  0.1353  -0.0902   0.1482   0.0462   0.2485  -0.0842
  0.1246  -0.0115   0.1583  -0.0364   0.2224  -0.1180
  0.1072   0.0667   0.1684  -0.0658   0.2219  -0.1019
  0.1086  -0.0669   0.1584   0.0470   0.2554  -0.0451
  0.1155  -0.0572   0.1553  -0.0506   0.2610  -0.1561
  0.1264  -0.0208   0.1565  -0.0247   0.2599  -0.1317
  0.1248  -0.0207   0.1533   0.0137   0.2482  -0.1433
  0.1322  -0.0060   0.1469   0.0592   0.2442  -0.1248
  0.1113  -0.0818   0.1507   0.0784   0.2442  -0.0616
  0.1176  -0.1535   0.1176   0.0555   0.2531  -0.0958
  0.1213  -0.1300   0.1275   0.1280   0.2364  -0.1236
  0.1287  -0.0970   0.1145   0.0975   0.2399  -0.0897
  0.1197  -0.0473   0.1411   0.0464   0.2396  -0.1263
  0.1178  -0.0510   0.1354  -0.0004   0.2318  -0.1050
  0.0961  -0.0453   0.1238  -0.0138   0.2004  -0.1282
  0.0954  -0.0289   0.1440  -0.0506   0.2388  -0.1331
  0.1119  -0.0156   0.1296  -0.0572   0.2416  -0.1719
  0.1113  -0.0566   0.1389  -0.0010   0.2587  -0.0826
  0.1096  -0.0075   0.1560  -0.0714   0.2761  -0.1617
  0.1064  -0.0465   0.1477   0.0602   0.2531  -0.1108
  0.1187  -0.0957   0.1439   0.0228   0.2612  -0.1289
  0.1193  -0.0753   0.1358   0.0523   0.2561  -0.1073
  0.1186  -0.1022   0.1492  -0.0269   0.2691  -0.1376
  0.1164  -0.0728   0.1257   0.0684   0.2681  -0.1472
  0.1329  -0.0751   0.1411  -0.0436   0.2917  -0.1127
  0.1113  -0.0884   0.1380   0.0673   0.2588  -0.1358
  0.1280  -0.0773   0.1404   0.0357   0.2235  -0.1587
  0.1271  -0.0907   0.1349   0.1694   0.2471  -0.0300
  0.1428   0.1063   0.2263  -0.6564   0.3481  -0.1242
  0.0559   0.1045   0.4091  -0.7607   0.3404   0.1183
  0.0761  -0.1961   0.2944  -0.1329   0.2414   0.2127
  0.1667  -0.2374   0.3910  -0.7219   0.3062   0.0513
  0.1573  -0.3627   0.3297  -0.3314   0.2384   0.0565
  0.1798  -0.2991   0.4269  -0.7297   0.2143   0.0345
  0.1751   0.0474   0.5671  -1.3479   0.2060  -0.0201
  0.2078   0.0158   0.4935  -0.9863   0.2148   0.0095
  0.2112  -0.2328   0.5027  -0.7769   0.1763   0.0447
  0.2202  -0.1134   0.4803  -0.7142   0.2078  -0.0370
  0.1764  -0.1634   0.5158  -0.6785   0.1722   0.0283
