  0.0763  -0.7009  -0.0520   0.6507  -0.0383  -0.0379
  0.0776  -0.7051  -0.0814   0.6149  -0.0665  -0.0252
  0.0712  -0.7160  -0.0730   0.6060  -0.0679  -0.0231
  0.1205  -0.7535  -0.0347   0.6576  -0.0658  -0.0426
  0.1209  -0.7123  -0.0471   0.6092  -0.0437  -0.0287
  0.1220  -0.7084  -0.0444   0.6238  -0.0703  -0.0260
  0.1054  -0.7726  -0.0289   0.6190  -0.0727  -0.0115
  0.0738  -0.7551  -0.0512   0.6393  -0.0841  -0.0193
  0.0739  -0.7631  -0.0447   0.6214  -0.0690  -0.0144
  0.0662  -0.7497  -0.0356   0.6203  -0.0766  -0.0183
  0.0654  -0.7589  -0.0415   0.6298  -0.0730  -0.0266
  0.0665  -0.7661  -0.0361   0.6376  -0.0705  -0.0267
  0.0612  -0.7759  -0.0373   0.6259  -0.0699  -0.0227
  0.0494  -0.8212  -0.0431   0.6667  -0.0748  -0.0209
  0.0438  -0.8552  -0.0480   0.6967  -0.0797  -0.0317
  0.0366  -0.8468  -0.0468   0.6898  -0.0767  -0.0309
  0.0308  -0.8520  -0.0464   0.6846  -0.0713  -0.0339
  0.0252  -0.8699  -0.0461   0.6933  -0.0855  -0.0379
  0.0234  -0.8580  -0.0453   0.6955  -0.0784  -0.0376
  0.0215  -0.8617  -0.0478   0.7118  -0.0926  -0.0403
  0.0163  -0.8546  -0.0577   0.6933  -0.0672  -0.0425
  0.0233  -0.8636  -0.0543   0.6696  -0.0568  -0.0358
  0.0220  -0.8448  -0.0278   0.6663  -0.0811  -0.0373
  0.0255  -0.8899  -0.0682   0.6883  -0.0830  -0.0378
  0.0313  -0.8735  -0.0608   0.6842  -0.0744  -0.0368
  0.0161  -0.8714  -0.0469   0.6462  -0.0764  -0.0168
  0.0290  -0.8708  -0.0735   0.6441  -0.0688  -0.0132
 -0.0027  -0.8927  -0.0609   0.5765  -0.0722   0.0105
 -0.0039  -0.9258  -0.0712   0.6780  -0.0867  -0.0200
 -0.0167  -0.9718  -0.0604   0.6737  -0.0870  -0.0145
 -0.0114  -0.9293  -0.0535   0.7009  -0.0991  -0.0292
 -0.0142  -0.9617  -0.0460   0.6337  -0.0931   0.0097
  0.0160  -0.8682  -0.0361   0.6513  -0.0899  -0.0375
 -0.0250  -1.0486  -0.0520   0.6951  -0.0953  -0.0034
  0.1792   0.4481   0.0999   0.1264   0.0590  -0.1437
  0.1916   0.3282   0.1937   0.3004   0.1014  -0.1033
  0.1355  -0.1528   0.1539   0.4235   0.0495  -0.0709
  0.0984  -0.3326   0.0778   0.4163   0.0165  -0.0617
  0.0397  -0.6092   0.0566   0.4863  -0.0226  -0.0274
  0.0641  -0.4994   0.0642   0.4165   0.0039  -0.0296
  0.0318  -0.5969   0.0433   0.4896  -0.0308  -0.0187
  0.0576  -0.5145   0.0567   0.3812   0.0045  -0.0093
  0.0301  -0.7761   0.0538   0.9323  -0.1547  -0.1657
  0.0307  -0.8905   0.0964   1.1895  -0.1049  -0.1923
 -0.0002  -0.8482   0.0028   0.7615   0.0029  -0.0749
  0.0231  -0.5037   0.0377   0.4275  -0.0118   0.0186
  0.0316  -0.5047   0.0324   0.3435   0.0264   0.0346
  0.0283  -0.5396   0.0490   0.5121  -0.0168  -0.0280
  0.0087  -0.5907   0.0415   0.4735  -0.0017   0.0032
  0.0185  -0.5500   0.0601   0.4841  -0.0196  -0.0056
  0.0068  -0.5677   0.0316   0.4318   0.0086   0.0207
  0.0181  -0.5462   0.0532   0.4831  -0.0293  -0.0118
  0.0070  -0.6075   0.0458   0.5068  -0.0111  -0.0163
  0.0083  -0.5487   0.0548   0.4910  -0.0073  -0.0025
  0.0045  -0.5975   0.0503   0.5021  -0.0151  -0.0135
  0.0163  -0.5558   0.0666   0.4881  -0.0042  -0.0107
 -0.0019  -0.6572   0.0545   0.5167  -0.0106  -0.0130
 -0.0331  -0.7426   0.0227   0.5642   0.0096  -0.0157
 -0.0181  -0.6985   0.0362   0.5376  -0.0121  -0.0043
 -0.0268  -0.6746   0.0266   0.5421  -0.0070  -0.0131
 -0.0255  -0.6863   0.0328   0.5265  -0.0109   0.0035
 -0.0232  -0.6528   0.0256   0.5224  -0.0025  -0.0023
 -0.0268  -0.6793   0.0290   0.5101   0.0005   0.0083
 -0.0336  -0.6264   0.0205   0.5125  -0.0014  -0.0083
  0.0036  -0.7678   0.0373   0.5470   0.0052  -0.0066
  0.0033  -0.8476   0.0745   0.6379  -0.0186  -0.0325
 -0.0236  -0.7959   0.0315   0.6194  -0.0079  -0.0197
 -0.0083  -0.7821  -0.0009   0.6447  -0.0177  -0.0375
 -0.0048  -0.7227  -0.0847   0.4792   0.0165   0.0175
  0.0073  -0.7052  -0.0275   0.5384   0.0072  -0.0191
 -0.0174  -0.7144  -0.0447   0.4822   0.0113   0.0097
 -0.0293  -0.6650  -0.0276   0.4843  -0.0039   0.0089
 -0.0486  -0.7307  -0.0072   0.4880   0.0125   0.0171
 -0.0450  -0.6925   0.0283   0.4267  -0.0247   0.0440
 -0.0574  -0.7181   0.0100   0.4539  -0.0164   0.0474
 -0.0540  -0.7779   0.0221   0.5429  -0.0413   0.0003
 -0.0317  -0.7303  -0.0459   0.4573  -0.0043   0.0272
  0.0192  -0.7601  -0.2264   0.4739  -0.0124  -0.0011
 -0.0454  -0.6863  -0.1310   0.3756   0.0064   0.0418
 -0.0559  -0.7667  -0.0721   0.6283  -0.0796  -0.0402
 -0.1216  -1.1060  -0.0202   1.4197  -0.2270  -0.1928
 -0.0842  -0.6904  -0.0263   0.4440   0.0112   0.0473
 -0.0802  -0.4043  -0.0050   0.2217  -0.0025   0.0939
 -0.0938  -0.2867   0.0051   0.1791   0.0010   0.0639
 -0.1336  -0.3097  -0.0264   0.2600  -0.0120   0.0418
  0.3455   2.8248  -0.1639  -0.5054   0.0909  -0.2595
  1.2655   7.0431  -0.2226  -2.8342   0.4510   0.3198
  0.2046   1.5248  -0.0477  -1.2603   0.1490   0.1876
  0.4469   3.7023   0.0138  -1.5380   0.2094  -0.0640
  0.4210   3.2889   0.0839  -1.4344   0.2047  -0.0014
  0.4099   3.5825   0.0908  -1.5331   0.2362  -0.0387
  0.2976   2.5833   0.0265  -1.3398   0.1883   0.0328
  0.1021   0.8078   0.0118  -0.6601   0.1089   0.0215
  0.1278   1.2410   0.0356  -0.7581   0.1406   0.0659
  0.1281   1.7110  -0.0251  -0.8888   0.1490  -0.0204
  0.1260   1.5669  -0.0116  -0.8784   0.1437   0.0287
  0.1139   1.5776   0.0045  -0.9258   0.1478   0.0075
  0.1239   1.1626   0.0042  -0.7841   0.1241   0.0829
  0.0781   0.5942  -0.0350  -0.6445   0.1001   0.1088
  0.0839   0.8517  -0.0238  -0.7325   0.1081   0.0916
  0.0773   0.8518  -0.0118  -0.7542   0.1160   0.0973
  0.0832   0.8850  -0.0124  -0.7256   0.0949   0.0848
  0.0711   0.8498  -0.0225  -0.7642   0.1073   0.0974
  0.0643   0.8750  -0.0134  -0.7463   0.0967   0.1067
  0.0484   0.8491  -0.0313  -0.7818   0.0958   0.0975
  0.0595   0.9123  -0.0251  -0.7674   0.1024   0.0974
  0.0663   0.8476  -0.0103  -0.7833   0.0995   0.0947
  0.0884   0.9661   0.0006  -0.7976   0.0985   0.0992
  0.0628   0.8455   0.0112  -0.8001   0.1053   0.0977
  0.0694   0.9102  -0.0160  -0.7657   0.0895   0.1147
  0.0649   0.5689   0.0246  -0.7401   0.1039   0.0915
  0.3986   3.1177  -0.0072  -0.9554   0.1521  -0.0686
  0.2895   3.5533   0.0036  -0.8561   0.1219  -0.2960
  0.0968   1.8640   0.0367  -0.8199   0.1104  -0.1442
  0.1081   1.9972   0.0210  -0.8299   0.1225  -0.1113
  0.0736   1.6976   0.0291  -0.7954   0.1129  -0.1024
  0.1285   2.0154   0.0292  -0.9401   0.1486  -0.0726
  0.1063   1.8531   0.0071  -0.8564   0.1582  -0.0843
  0.1140   1.9850   0.0086  -0.8532   0.1502  -0.1016
  0.1062   1.8601   0.0204  -0.9380   0.1479  -0.0541
  0.1118   1.9867   0.0177  -0.9819   0.1510  -0.0482
  0.0889   1.7056   0.0374  -0.8716   0.1216  -0.0625
  0.0937   1.7444   0.0384  -0.7997   0.1094  -0.0734
  0.0767   1.5581   0.0342  -0.7698   0.0983  -0.0685
  0.0878   1.7250   0.0391  -0.8871   0.1304  -0.0407
  0.0873   1.6568   0.0370  -0.8576   0.1129  -0.0505
  0.1062   1.7487   0.0463  -0.7707   0.1170  -0.1049
 -0.0423   0.2511  -0.0413  -0.0038   0.0075  -0.1307
 -0.0782   0.6018  -0.0788  -0.5392   0.0365   0.0446
  0.0074   0.7271   0.0101  -0.6424   0.0614   0.0493
 -0.0282   0.4681  -0.0242  -0.5851   0.0676   0.0888
 -0.0171   0.6394  -0.0403  -0.6039   0.0278   0.0700
 -0.0424   0.5842  -0.0181  -0.5449   0.0236   0.0822
 -0.0010   0.6253  -0.0376  -0.5085  -0.0171  -0.0049
 -0.0770  -0.0608   0.0037   0.2615  -0.1647  -0.2354
 -0.1100   0.3591  -0.0110  -0.3969   0.0339   0.0523
 -0.0706   0.5138   0.0008  -0.5069   0.0253   0.0307
 -0.0568   0.5904   0.0029  -0.5731   0.0323   0.0671
 -0.0638   0.6363   0.0070  -0.5827   0.0298   0.0326
 -0.0773   0.4073   0.0804  -0.2918  -0.0246  -0.0244
 -0.0319   0.3410  -0.0077  -0.2467  -0.0071  -0.0355
 -0.0693   0.4735  -0.0116  -0.5351   0.0184   0.0616
 -0.0678   0.5508   0.0108  -0.5673   0.0159   0.0680
 -0.0662   0.4348   0.0770  -0.3573  -0.0270   0.0047
 -0.1034   0.4006   0.3000  -0.0563  -0.0672  -0.0989
 -0.1818   0.3439   0.1395  -0.3244   0.0092   0.0054
 -0.1710   0.3885  -0.0513  -0.3868   0.0096   0.0179
 -0.1428   0.5120   0.0003  -0.5289  -0.0154   0.0588
 -0.1432   0.4839  -0.0274  -0.3886  -0.0089  -0.0020
 -0.1448   0.4855  -0.0156  -0.4543   0.0152   0.0459
 -0.1400   0.5061  -0.0247  -0.4423  -0.0097   0.0140
 -0.1067   0.4573   0.0116  -0.4344   0.0046   0.0273
 -0.1356   0.5376   0.0176  -0.4320  -0.0403  -0.0146
 -0.1738   0.6218  -0.0115  -0.5192  -0.0483  -0.0075
 -0.1143   0.4690   0.0088  -0.4956  -0.0116   0.0538
 -0.1259   0.5418   0.0112  -0.5735  -0.0166   0.0550
 -0.0773   0.4402   0.0289  -0.4963  -0.0275   0.0303
 -0.0189   0.3739  -0.0157  -0.5118  -0.0209   0.0337
 -0.0428   0.3938   0.0258  -0.4516  -0.0124   0.0274
 -0.1179   0.3458   0.0413  -0.3769  -0.0296   0.0263
 -0.1164   0.4766  -0.0729  -0.4254  -0.0061   0.0199
 -0.1302   0.4670  -0.0330  -0.4635  -0.0066   0.0406
 -0.1139   0.5185  -0.0476  -0.4363  -0.0043   0.0349
 -0.1243   0.4942  -0.0355  -0.4948  -0.0319   0.0390
 -0.1108   0.5222  -0.0423  -0.4567  -0.0249   0.0351
 -0.1428   0.4846   0.0113  -0.5375  -0.0493   0.0490
 -0.1197   0.5993  -0.0315  -0.5845  -0.0394   0.0931
 -0.1368   0.4852  -0.0007  -0.4982  -0.0748   0.0014
 -0.6059  -6.0047   0.1473   1.9494  -0.4272   0.6198
 -0.9904 -10.5809   0.5104   1.5973  -0.5909   2.3140
 -0.8313  -9.6364   0.5128   0.9064  -0.4509   1.6506
 -0.4989  -6.4257   0.2609   0.2632  -0.2277   1.2965
 -0.5174  -6.1103   0.2348   0.0650  -0.2318   1.2828
 -0.4697  -6.1027   0.1935   0.1549  -0.2571   1.2161
 -0.4810  -6.1385   0.2873   0.2708  -0.2158   1.2521
 -0.4964  -6.3996   0.1752   0.3485  -0.2676   1.2111
