 -0.0611   0.4203  -0.0623  -0.0994  -0.0346  -0.3923
 -0.0345   0.8122  -0.0013  -0.1284  -0.0044  -0.5002
 -0.0451   0.5326  -0.0511  -0.1046  -0.0196  -0.4390
 -0.0300   0.5345  -0.1242  -0.0744  -0.0534  -0.4263
 -0.0391   0.4228  -0.0731  -0.0212  -0.0472  -0.3380
 -0.0372   0.4466  -0.1362  -0.0652  -0.0642  -0.4240
 -0.0143   0.4836  -0.1632  -0.1286  -0.0626  -0.4671
 -0.0400   0.3778  -0.0881  -0.1335  -0.0481  -0.3591
 -0.0681   0.2082  -0.1192  -0.0715  -0.0710  -0.2556
 -0.0568   0.1666  -0.1037  -0.0289  -0.0477  -0.2739
 -0.0615   0.1662  -0.1274  -0.0212  -0.0624  -0.2702
 -0.0785   0.2579  -0.1049  -0.0369  -0.0539  -0.2885
 -0.0863   0.2863  -0.1121  -0.0433  -0.0617  -0.2705
 -0.0719   0.1752  -0.1157  -0.0333  -0.0485  -0.2385
 -0.0856   0.1389  -0.1044  -0.0058  -0.0567  -0.2177
 -0.0670   0.1256  -0.0804   0.0119  -0.0502  -0.2174
 -0.0669   0.0823  -0.0889  -0.0017  -0.0487  -0.2057
 -0.0712   0.0929  -0.1208  -0.0136  -0.0458  -0.2297
 -0.0672   0.1321  -0.1227  -0.0125  -0.0485  -0.2486
 -0.0568   0.1440  -0.1073  -0.0321  -0.0487  -0.2150
 -0.0533   0.1147  -0.0905  -0.0958  -0.0562  -0.1933
 -0.0542   0.0721  -0.0813  -0.0705  -0.0528  -0.1870
 -0.0510   0.0761  -0.0670  -0.0209  -0.0543  -0.1638
 -0.0491   0.0564  -0.0778  -0.0196  -0.0577  -0.1524
 -0.0484   0.0115  -0.0726  -0.0320  -0.0547  -0.1158
 -0.0442   0.0127  -0.0782  -0.0220  -0.0592  -0.1119
 -0.0378   0.0074  -0.0752  -0.0331  -0.0545  -0.1155
 -0.0491  -0.0138  -0.0929  -0.0272  -0.0620  -0.1323
 -0.0440  -0.0206  -0.1007  -0.0113  -0.0562  -0.1288
 -0.0837  -0.1180  -0.1007  -0.0448  -0.0591  -0.0707
 -0.0849  -0.1132  -0.0669  -0.0314  -0.0249  -0.0877
 -0.0491  -0.0368  -0.0535  -0.0071  -0.0192  -0.1012
 -0.0517  -0.0257  -0.0533  -0.0218  -0.0256  -0.1008
 -0.0344  -0.0562  -0.0669   0.0244  -0.0324  -0.0400
 -0.0259  -0.0958  -0.0729  -0.0002  -0.0297  -0.0729
 -0.0522  -0.1291  -0.0936  -0.0737  -0.0274  -0.1587
 -0.0480  -0.1959  -0.1252  -0.0779  -0.0313  -0.1265
 -0.0885  -0.1112  -0.0631  -0.0917  -0.0372  -0.0991
 -0.0904  -0.1420  -0.0687  -0.0920  -0.0548  -0.0583
 -0.0412  -0.1973  -0.0641  -0.0645  -0.0213  -0.0254
 -0.0538  -0.2183  -0.0628  -0.0970  -0.0238  -0.0010
 -0.0371  -0.2505  -0.0553  -0.0424  -0.0217   0.0261
 -0.0425  -0.2543  -0.0596  -0.0553  -0.0296   0.0320
 -0.0359  -0.2607  -0.0598  -0.0169  -0.0226   0.0450
 -0.0405  -0.2803  -0.0562  -0.0362  -0.0286   0.0618
 -0.0364  -0.2942  -0.0629  -0.0179  -0.0289   0.0754
 -0.0349  -0.3034  -0.0613  -0.0586  -0.0352   0.0821
 -0.0295  -0.3007  -0.0738  -0.0242  -0.0342   0.0835
 -0.0338  -0.3203  -0.0687  -0.0461  -0.0306   0.0852
 -0.0235  -0.3246  -0.0959  -0.0220  -0.0344   0.0759
 -0.0302  -0.2935  -0.0649  -0.1274  -0.0160   0.0130
 -0.0198  -0.1137  -0.0459  -0.3288   0.0134  -0.1973
 -0.0085   0.0795  -0.0619  -0.3480  -0.0022  -0.3521
 -0.0166   0.1416  -0.0406  -0.1356   0.0020  -0.2739
 -0.0178   0.2251  -0.0513  -0.0848  -0.0007  -0.3080
 -0.0152   0.1946  -0.0317   0.0449   0.0036  -0.1301
 -0.0093  -0.0308   0.0101   0.0548   0.0079   0.0334
 -0.0137  -0.0527  -0.0252  -0.0094  -0.0099  -0.0244
 -0.0179  -0.0764   0.0144   0.0803  -0.0060  -0.0026
 -0.0094  -0.1896   0.0730   0.0751   0.0243   0.0193
 -0.0240  -0.2287   0.0582   0.0846   0.0194   0.0459
 -0.0385  -0.2683   0.0156   0.1162   0.0167   0.0848
 -0.0272  -0.3211  -0.0043   0.1683   0.0155   0.1350
 -0.0282  -0.3477   0.0482   0.0790   0.0101   0.1296
 -0.0308  -0.3662   0.0777   0.0256   0.0356   0.1274
 -0.0295  -0.3536   0.0572  -0.0361   0.0280   0.1198
 -0.0285  -0.3361   0.0756  -0.0360   0.0413   0.1468
  0.0059  -0.2511   0.0401  -0.0195   0.0149   0.1591
  0.0126  -0.2766   0.0288   0.0252   0.0023   0.1758
 -0.0163  -0.3300   0.0422  -0.0046   0.0092   0.1832
 -0.0154  -0.3320   0.0315  -0.0071   0.0137   0.1633
 -0.0250  -0.3260   0.0248  -0.0143   0.0184   0.1572
 -0.0221  -0.3260   0.0285  -0.0123   0.0226   0.1445
 -0.0238  -0.3188   0.0218  -0.0007   0.0142   0.1573
 -0.0243  -0.3241   0.0429  -0.0183   0.0221   0.1670
 -0.0287  -0.3345  -0.0233  -0.0450  -0.0080   0.1694
 -0.0191  -0.1858   0.0848  -0.0451   0.0542   0.1115
 -0.0170   0.2226   0.1725  -0.0477   0.0757   0.0203
 -0.0218  -0.1711   0.0648  -0.0598   0.0094   0.0996
 -0.0309  -0.4530   0.0766   0.0380   0.0315   0.1983
 -0.0225  -0.3630   0.0435  -0.0056   0.0229   0.1698
 -0.0275  -0.4760   0.0533   0.0330   0.0203   0.2437
 -0.0329  -0.4151   0.0656  -0.0449   0.0172   0.2179
 -0.0324  -0.3411   0.0174  -0.0126   0.0164   0.2445
  0.0104   0.0392  -0.0699  -0.2168  -0.0250   0.0149
  0.0281   0.1583  -0.0368  -0.2194  -0.0107  -0.0254
  0.0019   0.1909   0.1055  -0.0236   0.0770  -0.0356
  0.0420   1.1952   0.1987  -0.0556   0.0928  -0.3746
  0.0584   1.0245   0.1495   0.0610   0.0645  -0.2565
  0.0500   0.8069   0.1117  -0.0890   0.0525  -0.2902
  0.1037   0.7287   0.1565  -0.0292   0.0961  -0.2050
  0.1209   0.5895   0.2118  -0.0015   0.1239  -0.1643
  0.0930   0.4107   0.1563   0.0009   0.0900  -0.1182
  0.0868   0.4138   0.1366   0.0043   0.0764  -0.1427
  0.0831   0.4188   0.1470  -0.0002   0.0750  -0.1439
  0.0690   0.7552   0.1695   0.0486   0.0694  -0.1635
  0.0452  -0.0525   0.0979   0.0121   0.0520   0.1542
  0.0346  -0.4690   0.1360  -0.0666   0.0632   0.2401
  0.0692  -0.2047   0.1062  -0.0323   0.0684   0.2295
  0.0874  -0.0110   0.1423  -0.0371   0.0751   0.1862
  0.0898   0.0222   0.1311  -0.0407   0.0694   0.1604
  0.0510   0.0036   0.1252  -0.0604   0.0665   0.0895
  0.1202   0.1406   0.1125  -0.0741   0.0618   0.1698
  0.1658   0.3989   0.0630  -0.0574   0.0505   0.1194
  0.1062   0.2173   0.0503   0.0624   0.0335   0.1659
  0.1107   0.1345   0.0545   0.0374   0.0189  -0.0097
  0.1437   0.1636   0.0531   0.2057   0.0378   0.1070
  0.1741   0.3847   0.1079   0.2817   0.0636   0.2218
  0.1226   0.2740   0.1488   0.2549   0.0594   0.1601
  0.1293   0.1237   0.0926   0.1714   0.0472   0.2513
  0.0970   0.0916   0.0571   0.1600   0.0196   0.2762
  0.0972   0.0142   0.0407   0.2404   0.0151   0.3261
  0.0897  -0.0529   0.0463   0.2364   0.0102   0.2874
  0.0953  -0.0708   0.0309   0.2187   0.0105   0.3356
  0.0852  -0.0545   0.0447   0.2163   0.0067   0.3230
  0.0796  -0.1333   0.0517   0.2275   0.0036   0.3704
  0.0922  -0.1683   0.0441   0.2236   0.0008   0.3889
  0.0814  -0.2234   0.0324   0.2267  -0.0004   0.4041
  0.0760  -0.2096   0.0287   0.2372   0.0050   0.3539
  0.0723  -0.1945   0.0265   0.2247   0.0026   0.3684
  0.0655  -0.1889   0.0356   0.1937   0.0025   0.3679
  0.0500  -0.1505   0.0528   0.1857  -0.0088   0.4032
  0.0763  -0.0943   0.0686   0.0580   0.0102   0.3747
  0.1189  -0.1506   0.0198   0.1144   0.0082   0.4062
