 -0.0008   0.1293  -0.0007   0.2869  -0.0554  -0.0586
 -0.0191  -0.0836  -0.0731   0.2157  -0.0662   0.0140
  0.0170  -0.1646  -0.0504   0.2712  -0.0536   0.0049
  0.0256  -0.0987  -0.0419   0.2428  -0.0569  -0.0064
  0.0297  -0.0983  -0.0478   0.2494  -0.0349  -0.0091
  0.0309  -0.0806  -0.0446   0.1892  -0.0593   0.0164
  0.0247  -0.0815  -0.0374   0.2447  -0.0578   0.0009
  0.0256  -0.0678  -0.0268   0.2628  -0.0651  -0.0127
  0.0440  -0.0563  -0.0215   0.2601  -0.0529  -0.0379
  0.0601  -0.0219  -0.0094   0.2875  -0.0659  -0.0534
  0.0506   0.0007  -0.0065   0.2992  -0.0322  -0.0574
  0.0534  -0.0042  -0.0073   0.2951  -0.0455  -0.0701
  0.0555   0.0014   0.0027   0.2627  -0.0391  -0.0402
  0.0392  -0.0078  -0.0049   0.2233  -0.0472  -0.0216
  0.0358   0.0122  -0.0158   0.2273  -0.0484  -0.0446
  0.0366   0.0060   0.0025   0.2410  -0.0487  -0.0547
  0.0456  -0.0045  -0.0011   0.2340  -0.0542  -0.0521
  0.0544  -0.0043   0.0066   0.2216  -0.0497  -0.0534
  0.0515   0.0188   0.0088   0.2235  -0.0381  -0.0448
  0.0528   0.0158   0.0194   0.2269  -0.0302  -0.0459
  0.0496   0.0346   0.0168   0.2143  -0.0381  -0.0381
  0.0497   0.0325   0.0241   0.1971  -0.0416  -0.0422
  0.0539   0.0513   0.0247   0.1981  -0.0472  -0.0329
  0.0417   0.0764   0.0205   0.2062  -0.0530  -0.0506
  0.0273   0.1058   0.0428   0.2107  -0.0400  -0.0469
  0.0129   0.1526   0.0450   0.1865  -0.0458  -0.0382
  0.0252   0.0890   0.0414   0.1923  -0.0316  -0.0359
  0.0210   0.0756   0.0346   0.1844  -0.0281  -0.0301
  0.0286   0.0713   0.0459   0.1366  -0.0390  -0.0174
  0.0231   0.0835   0.0400   0.1478  -0.0412  -0.0147
  0.0304   0.0731   0.0421   0.1573  -0.0194  -0.0149
  0.0324   0.0582   0.0340   0.1533  -0.0167  -0.0120
  0.0220   0.0687   0.0294   0.1267  -0.0232  -0.0080
  0.0302   0.0723   0.0361   0.1424  -0.0279  -0.0124
  0.0227   0.0715   0.0485   0.1517  -0.0323  -0.0140
  0.0082   0.0682   0.0388   0.1102  -0.0304  -0.0004
  0.0008   0.0816   0.0523   0.1003  -0.0267   0.0003
  0.0120   0.0556   0.0418   0.1087  -0.0275   0.0049
  0.0122   0.0302   0.0412   0.1224  -0.0257   0.0027
  0.0130   0.0412   0.0404   0.1522  -0.0198  -0.0034
  0.0239   0.0384   0.0365   0.1256  -0.0311   0.0082
  0.0176   0.0415   0.0339   0.1289  -0.0377   0.0157
  0.0033   0.0432   0.0365   0.0938  -0.0349   0.0157
  0.0104   0.0225   0.0331   0.1321  -0.0452  -0.0072
  0.0202  -0.1206   0.0146   0.1668  -0.0452  -0.0073
  0.0287  -0.0945   0.0128   0.1975  -0.0247  -0.0269
  0.0179  -0.0131   0.0133   0.2152  -0.0245  -0.0546
  0.0298  -0.0608   0.0184   0.2087  -0.0268  -0.0373
  0.0216  -0.1011  -0.0041   0.1850  -0.0204  -0.0162
  0.0254  -0.0813   0.0163   0.1711  -0.0187  -0.0191
  0.0122  -0.1196  -0.0054   0.1561  -0.0079  -0.0053
 -0.0134  -0.2257  -0.0276   0.1546  -0.0197   0.0194
  0.0187  -0.1325   0.0014   0.1767  -0.0207  -0.0154
 -0.0311   0.1460   0.0751   0.2009  -0.0699  -0.0886
 -0.0401   0.1968   0.0938   0.1834  -0.0658  -0.0942
 -0.0434   0.1597   0.0656   0.1884  -0.0368  -0.0818
 -0.0420   0.1750   0.0535   0.1814  -0.0374  -0.0821
 -0.0556   0.1754   0.0331   0.1563  -0.0398  -0.0716
 -0.0517   0.1957   0.0595   0.1567  -0.0310  -0.0777
 -0.0540   0.1875   0.0562   0.1571  -0.0293  -0.0796
 -0.0622   0.1954   0.0499   0.1754  -0.0315  -0.0934
 -0.0432   0.1624   0.0479   0.1604  -0.0255  -0.0776
 -0.0440   0.1552   0.0415   0.1222  -0.0251  -0.0689
 -0.0596   0.1583   0.0435   0.0959  -0.0187  -0.0573
 -0.0660   0.1718   0.0387   0.0963  -0.0242  -0.0634
 -0.0631   0.1679   0.0448   0.0911  -0.0003  -0.0492
 -0.0629   0.2346   0.0386   0.0901  -0.0042  -0.0660
 -0.0618   0.2427   0.0337   0.1030   0.0173  -0.0774
 -0.0389   0.2338   0.0269   0.1118   0.0146  -0.0766
 -0.0376   0.2278   0.0448   0.1014   0.0106  -0.0827
 -0.0261   0.2224   0.0400   0.0806   0.0038  -0.0670
 -0.0181   0.2111   0.0336   0.0531   0.0166  -0.0493
 -0.0301   0.2104   0.0407   0.0520   0.0235  -0.0467
 -0.0235   0.1846   0.0282   0.0717   0.0281  -0.0535
 -0.0285   0.1993   0.0156   0.0565   0.0185  -0.0583
 -0.0259   0.2576   0.0327   0.0847   0.0154  -0.0822
 -0.0177   0.3029   0.0506   0.1079   0.0112  -0.1185
 -0.0083   0.3541   0.0571   0.1578   0.0134  -0.1377
 -0.0019   0.3427   0.0698   0.1296   0.0098  -0.1359
 -0.0056   0.3355   0.0745   0.1296   0.0147  -0.1252
  0.0024   0.3413   0.0692   0.1171   0.0240  -0.1222
 -0.0082   0.3208   0.0782   0.1017   0.0185  -0.1188
 -0.0122   0.3574   0.0784   0.0828   0.0125  -0.1191
 -0.0045   0.2469   0.0592   0.1106   0.0157  -0.1114
  0.0109   0.1178   0.0342   0.1159   0.0236  -0.0924
  0.0130   0.1622   0.0389   0.1019   0.0318  -0.1032
  0.0047   0.1713   0.0389   0.0766   0.0294  -0.0949
 -0.0053   0.1864   0.0361   0.0823   0.0297  -0.0978
 -0.0011   0.1805   0.0354   0.0542   0.0224  -0.0797
 -0.0053   0.1916   0.0375   0.0657   0.0230  -0.0801
 -0.0064   0.2036   0.0401   0.0824   0.0110  -0.0909
 -0.0065   0.2157   0.0416   0.1036   0.0271  -0.1039
 -0.0110   0.2089   0.0325   0.1064   0.0120  -0.1046
 -0.0099   0.2202   0.0397   0.1143   0.0154  -0.1081
 -0.0196   0.2172   0.0315   0.1110   0.0066  -0.1066
 -0.0142   0.2030   0.0343   0.1185   0.0180  -0.1172
 -0.0185   0.1988   0.0370   0.0972  -0.0099  -0.1095
 -0.0148   0.1979   0.0430   0.0813  -0.0057  -0.0937
 -0.0216   0.1988   0.0417   0.0903   0.0159  -0.0880
 -0.0240   0.1968   0.0503   0.0658   0.0163  -0.0675
 -0.0251   0.1889   0.0325   0.0690   0.0136  -0.0721
 -0.0374   0.1996   0.0419   0.0788   0.0219  -0.0804
 -0.0415   0.2007   0.0259   0.0716   0.0184  -0.0769
 -0.0346   0.1736   0.0342   0.0780   0.0264  -0.0857
 -0.0323   0.1887   0.0337   0.0474   0.0164  -0.0683
 -0.0406   0.1553   0.0394   0.0432   0.0269  -0.0523
 -0.0372   0.2125   0.0427   0.0484   0.0257  -0.0538
 -0.0413   0.1566   0.0360   0.0725   0.0316  -0.0702
 -0.0525   0.1202  -0.0008   0.1211   0.0035  -0.0905
 -0.0292   0.1865   0.0264   0.1108   0.0143  -0.0907
 -0.0371   0.1807   0.0218   0.0755   0.0005  -0.0764
 -0.0241   0.1723   0.0421   0.1033   0.0305  -0.0836
 -0.0450   0.2114   0.0213   0.0708   0.0034  -0.0906
 -0.0332   0.1567   0.0470   0.1028   0.0284  -0.0904
 -0.0563   0.2242   0.0060   0.0495  -0.0021  -0.0848
  0.1212  -0.0140   0.1669   0.3108   0.1366  -0.1355
  0.1139  -0.5734   0.2468   0.4638   0.2476  -0.0533
 -0.0171  -0.1064   0.0047  -0.3169   0.0904   0.1608
 -0.0136  -0.1085   0.0099  -0.3080   0.1083   0.1388
 -0.0112  -0.1011  -0.0029  -0.2538   0.0791   0.1110
  0.0030  -0.1507   0.0119  -0.2569   0.0950   0.1309
 -0.0131  -0.1222  -0.0059  -0.2656   0.0722   0.1275
 -0.0109  -0.1590  -0.0047  -0.2644   0.0933   0.1329
 -0.0013  -0.0989  -0.0018  -0.2095   0.0820   0.1067
  0.0094  -0.0891   0.0188  -0.1818   0.0958   0.0882
 -0.0069  -0.0539  -0.0054  -0.2160   0.0759   0.0857
  0.0025  -0.0802   0.0016  -0.2196   0.0835   0.0888
 -0.0047  -0.0554   0.0043  -0.2093   0.0744   0.0788
 -0.0027  -0.0615   0.0058  -0.2042   0.0855   0.0795
 -0.0040  -0.0306   0.0081  -0.2158   0.0757   0.0808
 -0.0060  -0.0667   0.0016  -0.2243   0.0862   0.0817
 -0.0245  -0.1164  -0.0170  -0.2556   0.0567   0.0989
 -0.0099  -0.1100  -0.0060  -0.2624   0.0614   0.1033
 -0.0313  -0.0833  -0.0040  -0.2654   0.0850   0.1128
 -0.0271  -0.0999  -0.0135  -0.2781   0.0856   0.1242
 -0.0135  -0.0631  -0.0169  -0.2507   0.0796   0.0966
  0.0419  -0.0334   0.0047  -0.2274   0.0845   0.0413
  0.0195  -0.0440   0.0026  -0.2262   0.0672   0.0493
  0.0165  -0.0591  -0.0064  -0.2171   0.0635   0.0554
  0.0125  -0.0452  -0.0187  -0.2506   0.0587   0.0662
  0.0145  -0.1071  -0.0200  -0.2667   0.0731   0.0845
  0.0065  -0.0729  -0.0262  -0.2957   0.0579   0.0940
 -0.0126  -0.3042  -0.0798  -0.2715   0.0549   0.1099
 -0.0240  -0.5499  -0.1139  -0.2541  -0.0035   0.1678
 -0.0285  -0.3420  -0.1216  -0.3107  -0.0198   0.1570
 -0.0237  -0.3095  -0.1279  -0.2922  -0.0157   0.1311
  0.0046  -0.2739  -0.1066  -0.2704  -0.0075   0.1038
  0.0000  -0.3131  -0.1181  -0.2725  -0.0291   0.1148
 -0.0186  -0.2878  -0.1231  -0.2878  -0.0163   0.1092
 -0.0171  -0.3122  -0.1348  -0.3208  -0.0215   0.1331
 -0.0139  -0.2948  -0.1481  -0.2951  -0.0273   0.1298
 -0.0211  -0.2895  -0.1123  -0.2916  -0.0398   0.1264
 -0.0303  -0.2822  -0.0990  -0.2848  -0.0386   0.1235
 -0.0153  -0.2630  -0.1112  -0.2967  -0.0253   0.1201
 -0.0146  -0.2735  -0.1096  -0.2824  -0.0167   0.1115
 -0.0012  -0.2554  -0.1080  -0.2895  -0.0040   0.1137
 -0.0200  -0.2712  -0.1164  -0.3024  -0.0129   0.1212
 -0.0261  -0.2705  -0.1180  -0.3077  -0.0200   0.1248
 -0.0261  -0.2702  -0.1169  -0.3107  -0.0323   0.1301
 -0.0113  -0.2770  -0.1142  -0.3264  -0.0167   0.1242
 -0.0126  -0.2687  -0.1075  -0.3176  -0.0014   0.1280
 -0.0553  -0.3045  -0.1171  -0.4009  -0.0473   0.1735
  0.0309  -0.3337  -0.1286  -0.3825  -0.0285   0.1527
  0.0140  -0.2833  -0.1425  -0.3801  -0.0125   0.1421
  0.0339  -0.2440  -0.1094  -0.3619  -0.0271   0.1198
  0.0300  -0.2562  -0.1331  -0.3769  -0.0164   0.1311
  0.0346  -0.2537  -0.1179  -0.3481  -0.0205   0.1180
  0.0219  -0.2414  -0.1294  -0.3691  -0.0133   0.1308
  0.0245  -0.2541  -0.1196  -0.3218  -0.0207   0.0914
 -0.0020  -0.2046  -0.1479  -0.3985  -0.0121   0.1368
  0.0475  -0.3402  -0.0922  -0.2600  -0.0477   0.0772
  0.1088  -0.6011  -0.0361  -0.3687  -0.0513   0.1553
  0.0717  -0.5247  -0.0342  -0.5246  -0.0123   0.2095
  0.0560  -0.4300  -0.0400  -0.4115  -0.0372   0.1339
  0.0468  -0.3853  -0.0552  -0.4536  -0.0199   0.1456
  0.0397  -0.4045  -0.0431  -0.4348  -0.0345   0.1396
