  0.2505  -0.9253  -0.4652  -0.5197   0.0576   0.0977
  0.3430  -1.9462  -0.5336  -0.4590   0.0673   0.2473
  0.2744  -2.2051  -0.5832  -0.5183   0.0180   0.2539
  0.2591  -2.2799  -0.5795  -0.4233   0.0318   0.2832
  0.1693  -1.9594  -0.6816  -0.2484  -0.0181   0.2068
 -0.0435   0.0102  -1.0576  -0.1960  -0.0666  -0.0477
 -0.0292   0.1007  -0.9591  -0.1722  -0.0592  -0.0328
  0.0092  -0.4126  -0.8849  -0.1786  -0.0518   0.0303
  0.0017  -0.3462  -0.9118  -0.2104  -0.0554   0.0366
 -0.0121  -0.6032  -0.8316  -0.2463  -0.0667   0.0407
  0.0901  -0.7102  -0.7510  -0.3337  -0.0159   0.0582
  0.2628  -0.3850  -0.3103  -0.3293   0.0587   0.0532
  0.2228  -0.0098  -0.1013  -0.2108   0.0534   0.0998
  0.1388  -0.3772  -0.2455  -0.1695   0.0462   0.1161
  0.1677  -0.2791  -0.2182  -0.2758   0.0638   0.0783
  0.1480  -0.2078  -0.2472  -0.2600   0.0567   0.0719
  0.1529  -0.2340  -0.2173  -0.2905   0.0718   0.0893
  0.1261  -0.3065  -0.2626  -0.2520   0.0378   0.0778
  0.0950  -0.2226  -0.2363  -0.2315   0.0178   0.0681
  0.0645  -0.2896  -0.2356  -0.2818   0.0149   0.0195
  0.0950  -0.3278  -0.2567  -0.2974   0.0242  -0.0450
  0.1104  -0.3906  -0.2746  -0.2939   0.0223  -0.0045
  0.0969  -0.2684  -0.2310  -0.2490   0.0289   0.0151
  0.0462  -0.2284  -0.1526  -0.3270   0.0391   0.0688
  0.0614  -0.0108  -0.0723  -0.2897   0.0611   0.0330
  0.0497   0.0393  -0.0622  -0.2834   0.0684   0.0784
  0.0734   0.0825  -0.0849  -0.2764   0.0689  -0.0270
  0.0945  -0.0289  -0.1084  -0.2720   0.0672  -0.0752
  0.1254  -0.0081  -0.1055  -0.2576   0.0755  -0.0325
  0.0989   0.2750  -0.1386  -0.2686   0.0716  -0.0067
  0.1248   0.1381  -0.0989  -0.2712   0.0837  -0.0553
  0.1128   0.6341  -0.2079  -0.1063   0.0533  -0.1097
  0.0758   1.0837  -0.3754  -0.0522   0.0406  -0.1190
  0.1360   0.5807  -0.2590  -0.2805   0.0671  -0.1242
  0.1404   0.5688  -0.2745  -0.1067   0.0596  -0.1467
  0.1794   0.3695  -0.2486  -0.5162   0.0771  -0.1262
  0.2006   0.5747  -0.2786  -0.8711   0.0923  -0.1651
  0.2389   0.1564  -0.2283  -0.6889   0.0878  -0.1036
  0.1442   0.9191  -0.2083  -0.6091   0.0826  -0.2006
  0.0384   0.8552  -0.0150  -0.2345   0.0791  -0.1465
  0.1007   0.6379   0.1696  -0.5815   0.0676  -0.0599
  0.1186   0.6707   0.0868  -0.4098   0.0813  -0.1185
  0.1495   0.4127   0.0544  -0.5015   0.0844  -0.0970
  0.1560   0.5575   0.0530  -0.3632   0.0809  -0.0911
  0.1731   0.6172   0.0481  -0.4604   0.0742  -0.0899
  0.1630   0.4849   0.0469  -0.3521   0.0713  -0.0794
  0.1520   0.6000  -0.0021  -0.5563   0.0784  -0.1699
  0.1582   0.0968   0.1695  -0.0046   0.0123   0.0140
  0.1424   0.2481   0.3900  -0.1072   0.0057   0.0675
  0.1171   0.6330   0.2271  -0.4708   0.0680  -0.1218
  0.1502   0.0889   0.1667  -0.3567   0.0589  -0.0510
  0.1092   0.1322   0.1924  -0.3794   0.0650  -0.0764
  0.1356  -0.0944   0.1596  -0.3774   0.0671  -0.0096
  0.1124   0.0004   0.1482  -0.3150   0.0730  -0.0267
  0.1590  -0.5606   0.2392  -0.4046   0.0567   0.0336
  0.1288  -0.9630   0.4176  -0.6394   0.0968   0.0617
  0.1472  -1.0755   0.3312  -0.6062   0.0834   0.0966
  0.0861  -1.1360   0.3476  -0.6165   0.1149   0.0810
  0.4080  -0.6890   0.0288  -0.5462   0.1414   0.0769
  0.2150  -0.1081   0.0137  -0.5134   0.3033  -0.0282
  0.0103   0.0158  -0.0510  -0.4144   0.2548  -0.0876
 -0.2758   0.6592  -0.1700   1.2169  -0.0608  -0.0497
 -1.4016   0.6897  -0.3704   2.0375  -0.9615  -0.0934
 -1.1786   1.1863  -0.2664   1.1026  -1.1112  -0.1302
 -0.2718   1.2889   0.1351   0.3441  -0.2496  -0.0854
 -0.2157   1.0090  -0.0361  -0.1804  -0.1579  -0.1597
 -0.1439   1.1326   0.0529  -0.1047  -0.0954  -0.1500
 -0.1120   0.9670  -0.0418  -0.2244  -0.0892  -0.1404
 -0.0911   0.9952  -0.0355  -0.1347  -0.0640  -0.1373
 -0.0513   0.5676  -0.0898  -0.2858  -0.0818  -0.1028
 -0.0280   0.2674  -0.0692  -0.2925  -0.0673  -0.0321
 -0.0288   0.3926  -0.0758  -0.3676  -0.0803  -0.0909
 -0.0361   0.1340  -0.0540  -0.3160  -0.0709  -0.0476
 -0.0249   0.0699  -0.0757  -0.4071  -0.0806  -0.0589
 -0.0191   0.0013  -0.0545  -0.3251  -0.0703  -0.0208
 -0.0213   0.0373  -0.0617  -0.3274  -0.0762  -0.0395
 -0.0220  -0.0214  -0.0430  -0.3792  -0.0718  -0.0120
 -0.0280   0.0442  -0.0421  -0.3845  -0.0651   0.0029
 -0.0384  -0.1829  -0.0024  -0.3827  -0.0717   0.0145
 -0.0558  -0.1045  -0.0153  -0.0788  -0.0408   0.0161
 -0.1169  -0.1647   0.1360   1.4911  -0.1150   0.0953
 -0.1204   0.0578   0.2856   1.0363  -0.1213   0.0051
 -0.0672  -0.1146   0.1327  -0.1695  -0.0168  -0.0249
 -0.0833  -0.4720   0.1796   0.4502  -0.0535   0.0680
 -0.0460  -0.2041   0.2077   0.0515  -0.0436   0.0437
 -0.0669  -0.3556   0.2023   0.0974  -0.0294   0.0529
 -0.1001  -0.4785   0.2595   0.3458   0.0051   0.0538
 -0.0985  -0.7195   0.2542   0.4643  -0.0083   0.1164
 -0.0798  -0.7523   0.2182   0.1579  -0.0117   0.0807
 -0.0750  -0.7919   0.2234   0.2757  -0.0352   0.0959
 -0.1180  -0.6494   0.2938   0.8840  -0.0265   0.1081
 -0.0727  -0.6161   0.2713   0.6599  -0.0548   0.0992
 -0.0754  -0.5989   0.2398   0.3865  -0.0356   0.0811
 -0.0328  -0.6366   0.1821   0.3799   0.0217   0.0867
 -0.0816  -0.5264   0.1547   0.4345   0.0595   0.0862
 -0.0817  -0.2690   0.0656   0.2334  -0.0130   0.0462
 -0.0751  -0.1034  -0.0265   0.0437  -0.0557   0.0163
 -0.0818  -0.1815   0.0426   0.2033  -0.0221   0.0039
 -0.1119  -0.0254   0.0424   0.4398  -0.0090   0.0048
 -0.0869  -0.3509   0.0521   0.3342  -0.0313   0.0123
 -0.0546  -0.4888   0.1402   0.0306  -0.0188   0.0377
 -0.0617  -0.3183   0.1316   0.2351   0.0070   0.0252
 -0.0568  -0.1142   0.1520   0.3549   0.0099   0.0231
 -0.0795   0.0140   0.2388   0.4786  -0.0124   0.0182
 -0.1001  -0.0112   0.2469   0.5462  -0.0207   0.0010
 -0.1036   0.0826   0.2732   0.5752  -0.0172  -0.0188
 -0.0934  -0.0095   0.2371   0.4595  -0.0562  -0.0007
 -0.1132  -0.1235   0.2228   0.3294  -0.0479  -0.0005
 -0.0932  -0.3846   0.2829   0.2981   0.0285   0.0550
 -0.1774   0.1644   0.5948   0.3908   0.0664  -0.0220
 -0.1979   0.4438   0.5029   0.5937   0.0460  -0.0500
 -0.1482  -0.0801   0.4398   0.5377   0.0109  -0.0053
 -0.1696   0.0201   0.4373   0.6907   0.0113   0.0447
 -0.1750   0.2799   0.5912   0.7540   0.0129   0.0219
 -0.1354   0.6010   0.4130   0.8911   0.0114   0.0246
 -0.1067   0.6877   0.2286   0.7995   0.0200  -0.0208
 -0.1633   0.8293   0.3280   0.8184  -0.0011  -0.0488
 -0.1841   0.8227   0.2805   0.8763   0.0102   0.0840
 -0.2341   0.7404   0.3503   0.7474   0.0188   0.0149
 -0.2038   0.5097   0.3920   0.6265   0.0218   0.0459
 -0.2453   0.8665   0.4617   0.8749   0.0286   0.0076
 -0.2048   0.6689   0.3653   0.7762   0.0129   0.1033
 -0.2502   1.1648   0.3631   0.6823   0.0169   0.0053
 -0.0979   0.1682   0.4317   0.2316   0.0564   0.1346
